264.481689453125 1625213346.864438
264.6834411621094 1625213346.871641
264.481689453125 1625213346.878657
264.481689453125 1625213346.885269
263.7195129394531 1625213346.89222
263.7195129394531 1625213346.899328
263.7195129394531 1625213346.906253
263.5186462402344 1625213346.913297
263.5186462402344 1625213346.920312
263.5186462402344 1625213346.92721
263.5186462402344 1625213346.934616
263.5186462402344 1625213346.941621
263.7195129394531 1625213346.94897
263.5186462402344 1625213346.956658
264.481689453125 1625213346.96362
263.7195129394531 1625213346.97059
263.5186462402344 1625213346.977525
263.7195129394531 1625213346.984223
263.7195129394531 1625213346.991225
263.5186462402344 1625213346.99849
263.7195129394531 1625213347.00549
263.5186462402344 1625213347.012534
263.5186462402344 1625213347.019579
263.5186462402344 1625213347.026451
263.5186462402344 1625213347.033348
263.7195129394531 1625213347.040303
263.5186462402344 1625213347.047261
264.481689453125 1625213347.054277
263.7195129394531 1625213347.061305
263.5186462402344 1625213347.068329
263.5186462402344 1625213347.075269
263.7195129394531 1625213347.082324
264.481689453125 1625213347.089314
264.481689453125 1625213347.096306
263.7195129394531 1625213347.103374
264.481689453125 1625213347.110308
263.7195129394531 1625213347.117376
264.481689453125 1625213347.124346
264.481689453125 1625213347.131328
264.481689453125 1625213347.13861
264.481689453125 1625213347.145578
269.2601013183594 1625213347.15258
333.0677185058594 1625213347.159401
540.6612548828125 1625213347.166561
484.87628173828125 1625213347.173431
483.1260986328125 1625213347.180392
629.2453002929688 1625213347.187463
1009.3896484375 1625213347.194341
1393.602294921875 1625213347.201239
1560.7476806640625 1625213347.208101
1292.0228271484375 1625213347.215192
1661.85888671875 1625213347.222162
1791.31884765625 1625213347.229062
1690.280029296875 1625213347.23606
1607.255615234375 1625213347.243072
1737.623779296875 1625213347.250194
1897.306396484375 1625213347.257207
2014.26025390625 1625213347.264128
1934.7442626953125 1625213347.271215
1930.4813232421875 1625213347.278199
1856.6494140625 1625213347.285266
1959.0018310546875 1625213347.292202
1932.2637939453125 1625213347.299278
1827.46484375 1625213347.30622
1858.864013671875 1625213347.313183
1802.6981201171875 1625213347.320264
1863.557861328125 1625213347.327282
1822.827880859375 1625213347.334339
1828.1785888671875 1625213347.3413
1630.602783203125 1625213347.348065
1725.780029296875 1625213347.3551
1601.5872802734375 1625213347.362072
1577.6396484375 1625213347.369175
1732.34814453125 1625213347.376086
1691.5584716796875 1625213347.383161
1700.32568359375 1625213347.390013
1730.1324462890625 1625213347.397059
1745.0657958984375 1625213347.404196
1826.235107421875 1625213347.411138
1818.0272216796875 1625213347.418169
1788.830810546875 1625213347.425141
1642.172607421875 1625213347.432189
1725.521728515625 1625213347.43917
1852.233642578125 1625213347.446129
1857.142822265625 1625213347.453384
1853.4482421875 1625213347.460401
1838.16015625 1625213347.467531
1767.9466552734375 1625213347.475381
1839.5904541015625 1625213347.482534
1875.0 1625213347.490393
1831.632568359375 1625213347.497357
1825.4237060546875 1625213347.5042
2003.623291015625 1625213347.511188
1900.349609375 1625213347.518116
2001.821533203125 1625213347.52506
2023.6363525390625 1625213347.532112
1989.247314453125 1625213347.539375
2124.5283203125 1625213347.546418
2060.8857421875 1625213347.553344
1913.1204833984375 1625213347.56038
1698.6971435546875 1625213347.567341
1702.265380859375 1625213347.574466
1887.15283203125 1625213347.581426
1880.2083740234375 1625213347.5882
1878.2608642578125 1625213347.59513
1893.542724609375 1625213347.602192
1895.2879638671875 1625213347.609123
1905.4290771484375 1625213347.616176
1896.8531494140625 1625213347.62329
1885.2174072265625 1625213347.630218
2009.1240234375 1625213347.637252
1948.3985595703125 1625213347.644176
1967.9144287109375 1625213347.651233
1938.16259765625 1625213347.658161
1896.3092041015625 1625213347.66519
1839.0411376953125 1625213347.672245
1701.46826171875 1625213347.679052
1681.7447509765625 1625213347.686065
1675.806396484375 1625213347.693
1709.1502685546875 1625213347.700074
1689.93505859375 1625213347.707023
1673.10791015625 1625213347.714028
1760.0 1625213347.721078
1717.3553466796875 1625213347.728032
1751.634033203125 1625213347.735062
1845.36083984375 1625213347.742111
1816.3265380859375 1625213347.749087
1822.827880859375 1625213347.756149
1823.1292724609375 1625213347.763104
1786.440673828125 1625213347.770185
1703.403564453125 1625213347.777113
1685.5753173828125 1625213347.784113
1685.5753173828125 1625213347.791193
1726.093994140625 1625213347.798132
1780.0338134765625 1625213347.805185
1715.220947265625 1625213347.812176
1684.3800048828125 1625213347.819196
1703.0994873046875 1625213347.826138
1741.7763671875 1625213347.832998
1765.494140625 1625213347.840191
1774.24755859375 1625213347.847213
1844.1781005859375 1625213347.85434
1773.869384765625 1625213347.861273
1729.06396484375 1625213347.868285
1852.233642578125 1625213347.875105
1868.2841796875 1625213347.882005
1846.15380859375 1625213347.888977
1880.622802734375 1625213347.895982
2027.4725341796875 1625213347.902953
2064.814697265625 1625213347.909955
2086.142333984375 1625213347.91697
2094.97216796875 1625213347.924025
2083.643310546875 1625213347.931034
1945.035400390625 1625213347.938073
1987.341796875 1625213347.945016
1994.5946044921875 1625213347.952014
2040.4412841796875 1625213347.958998
2075.92578125 1625213347.966074
2055.248779296875 1625213347.972926
2034.8623046875 1625213347.980178
2014.54541015625 1625213347.986966
2016.3636474609375 1625213347.993889
1989.0511474609375 1625213348.000968
1885.2174072265625 1625213348.007954
1911.816650390625 1625213348.015086
1943.36279296875 1625213348.022204
1815.69970703125 1625213348.029188
1843.00341796875 1625213348.036266
1878.048828125 1625213348.043275
1876.306640625 1625213348.050379
1828.7672119140625 1625213348.057204
1761.6666259765625 1625213348.064237
1722.9508056640625 1625213348.071277
1762.063232421875 1625213348.078065
1765.0 1625213348.085147
1767.9466552734375 1625213348.092057
1772.5753173828125 1625213348.099077
1802.6981201171875 1625213348.106165
1824.027099609375 1625213348.113121
1847.8631591796875 1625213348.120174
1827.64501953125 1625213348.127089
1775.54443359375 1625213348.134144
1764.11962890625 1625213348.141198
1771.2855224609375 1625213348.147984
1780.569580078125 1625213348.154938
1778.5234375 1625213348.161969
1809.12158203125 1625213348.169048
1840.75341796875 1625213348.175976
1857.142822265625 1625213348.182998
1824.531494140625 1625213348.19011
1887.737548828125 1625213348.19695
1982.0467529296875 1625213348.203981
2018.2149658203125 1625213348.211017
1960.431640625 1625213348.218125
1924.1622314453125 1625213348.22502
1927.81689453125 1625213348.232053
1964.349365234375 1625213348.239128
2018.2149658203125 1625213348.246082
1973.1663818359375 1625213348.253075
1937.9432373046875 1625213348.260046
1953.81884765625 1625213348.267153
1924.1622314453125 1625213348.274207
1943.262451171875 1625213348.281134
1931.3380126953125 1625213348.28806
1936.056884765625 1625213348.295072
1912.1265869140625 1625213348.301923
1900.349609375 1625213348.308901
1891.4185791015625 1625213348.315991
1855.421630859375 1625213348.322951
1829.3515625 1625213348.330018
1821.7318115234375 1625213348.336929
1858.864013671875 1625213348.344016
1862.0689697265625 1625213348.351081
1867.2413330078125 1625213348.357976
1881.7391357421875 1625213348.364955
1895.2879638671875 1625213348.372037
1863.32177734375 1625213348.37905
1848.7972412109375 1625213348.386067
1834.470947265625 1625213348.392997
1834.7530517578125 1625213348.400103
1848.5369873046875 1625213348.407046
1843.9107666015625 1625213348.414006
1850.2581787109375 1625213348.421044
1876.7362060546875 1625213348.428075
1876.7362060546875 1625213348.435113
1867.0120849609375 1625213348.441859
1873.4835205078125 1625213348.448932
1907.180419921875 1625213348.455878
1913.884033203125 1625213348.462914
1920.774658203125 1625213348.469915
1912.1265869140625 1625213348.476887
1903.677734375 1625213348.483995
1920.774658203125 1625213348.490979
1934.5133056640625 1625213348.497883
1937.9432373046875 1625213348.505004
1950.2664794921875 1625213348.511955
1983.81298828125 1625213348.518957
1953.81884765625 1625213348.525935
1989.189208984375 1625213348.532944
1998.1851806640625 1625213348.539972
1953.7366943359375 1625213348.546918
1959.0018310546875 1625213348.553898
1953.5714111328125 1625213348.560936
1914.0350341796875 1625213348.567997
1903.5087890625 1625213348.574887
1878.682861328125 1625213348.58196
1883.478271484375 1625213348.588993
1895.2879638671875 1625213348.595955
1914.0350341796875 1625213348.602957
1912.1265869140625 1625213348.609991
1895.4703369140625 1625213348.61702
1934.62890625 1625213348.624095
1910.5262451171875 1625213348.631217
1927.81689453125 1625213348.639016
1941.5928955078125 1625213348.646172
1922.53515625 1625213348.653757
1945.1326904296875 1625213348.660826
1890.45947265625 1625213348.667787
1834.18798828125 1625213348.674753
1863.32177734375 1625213348.681801
1854.4520263671875 1625213348.688723
1858.62060546875 1625213348.69574
1867.0120849609375 1625213348.702837
1905.4290771484375 1625213348.709725
1897.2125244140625 1625213348.71675
1895.1048583984375 1625213348.723815
1927.5618896484375 1625213348.730826
1957.21923828125 1625213348.73781
1890.0523681640625 1625213348.744797
1873.4835205078125 1625213348.751846
1913.884033203125 1625213348.758803
1920.774658203125 1625213348.765854
1905.26318359375 1625213348.773107
1883.6805419921875 1625213348.780097
1876.7362060546875 1625213348.787099
1846.15380859375 1625213348.793922
1858.864013671875 1625213348.800928
1868.51220703125 1625213348.80794
1860.3448486328125 1625213348.815019
1847.0789794921875 1625213348.821939
1842.195556640625 1625213348.829046
1826.235107421875 1625213348.835792
1837.3287353515625 1625213348.842724
1840.75341796875 1625213348.849808
1825.9385986328125 1625213348.856735
1818.336181640625 1625213348.863763
1816.6383056640625 1625213348.870761
1812.9251708984375 1625213348.877743
1794.2664794921875 1625213348.884795
1805.41455078125 1625213348.891822
1820.033935546875 1625213348.89868
1821.4285888671875 1625213348.905758
1835.8974609375 1625213348.912677
1853.7005615234375 1625213348.919846
1862.0689697265625 1625213348.92672
1885.2174072265625 1625213348.93371
1905.26318359375 1625213348.94071
1890.243896484375 1625213348.947747
1885.2174072265625 1625213348.95456
1893.542724609375 1625213348.961553
1873.4835205078125 1625213348.968644
1785.4730224609375 1625213348.975616
1763.3333740234375 1625213348.982757
1786.5545654296875 1625213348.989686
1816.3265380859375 1625213348.99665
1806.7796630859375 1625213349.003741
1770.0 1625213349.010702
1768.7188720703125 1625213349.017755
1781.879150390625 1625213349.024697
1810.810791015625 1625213349.031786
1795.608154296875 1625213349.038667
1784.8740234375 1625213349.045748
1767.9466552734375 1625213349.052904
1784.8740234375 1625213349.059958
1731.4661865234375 1625213349.066892
1727.4219970703125 1625213349.07398
1734.7611083984375 1625213349.080976
1719.672119140625 1625213349.087969
1710.7843017578125 1625213349.094992
1709.1502685546875 1625213349.101902
1712.4183349609375 1625213349.108791
1722.4959716796875 1625213349.115744
1728.618408203125 1625213349.122593
1739.27392578125 1625213349.129583
1801.0118408203125 1625213349.136612
1804.0540771484375 1625213349.143533
1826.7581787109375 1625213349.150486
1845.36083984375 1625213349.157582
1799.663330078125 1625213349.164672
1849.3150634765625 1625213349.171612
1853.4482421875 1625213349.178612
1847.4576416015625 1625213349.185624
1881.7391357421875 1625213349.192622
1864.3477783203125 1625213349.199652
1844.7098388671875 1625213349.206669
1807.432373046875 1625213349.213698
1823.4295654296875 1625213349.221024
1828.2313232421875 1625213349.228957
1858.864013671875 1625213349.235939
1873.4835205078125 1625213349.24291
1861.5916748046875 1625213349.249919
1934.5133056640625 1625213349.256914
1932.8621826171875 1625213349.263804
1967.7996826171875 1625213349.27081
1868.51220703125 1625213349.277756
1885.2174072265625 1625213349.284799
1870.46630859375 1625213349.291766
1887.15283203125 1625213349.298695
1922.261474609375 1625213349.305656
1922.3985595703125 1625213349.312555
1919.0140380859375 1625213349.31969
1877.16259765625 1625213349.32657
1880.2083740234375 1625213349.333666
1863.557861328125 1625213349.340878
1868.7392578125 1625213349.347885
1853.7005615234375 1625213349.354816
1862.306396484375 1625213349.361805
1876.7362060546875 1625213349.368667
1886.7596435546875 1625213349.375643
1893.542724609375 1625213349.38266
1896.8531494140625 1625213349.389707
1900.0 1625213349.396608
1878.47216796875 1625213349.403749
1874.137939453125 1625213349.410859
1890.243896484375 1625213349.417708
1878.682861328125 1625213349.424735
1900.349609375 1625213349.431785
1900.175048828125 1625213349.438796
1895.2879638671875 1625213349.445736
1900.175048828125 1625213349.452785
1932.50439453125 1625213349.459751
1889.860107421875 1625213349.466762
1868.51220703125 1625213349.473646
1898.7783203125 1625213349.480581
1917.1075439453125 1625213349.487657
1907.017578125 1625213349.494606
1905.26318359375 1625213349.501585
1901.581787109375 1625213349.508664
1862.54296875 1625213349.515577
1917.2535400390625 1625213349.522739
1873.702392578125 1625213349.52976
1943.36279296875 1625213349.536764
2001.8050537109375 1625213349.543679
1980.2158203125 1625213349.550684
1969.5885009765625 1625213349.557685
1939.822998046875 1625213349.564615
1952.127685546875 1625213349.571635
1990.95849609375 1625213349.578668
1932.142822265625 1625213349.585751
1882.1490478515625 1625213349.59269
1881.9444580078125 1625213349.599664
1902.097900390625 1625213349.606635
1913.884033203125 1625213349.613716
1924.2957763671875 1625213349.620742
1939.9293212890625 1625213349.627704
1955.5159912109375 1625213349.634662
1927.81689453125 1625213349.641688
1925.926025390625 1625213349.64852
1915.6414794921875 1625213349.655555
1907.180419921875 1625213349.66253
1917.2535400390625 1625213349.669615
1848.5369873046875 1625213349.676554
1870.2421875 1625213349.683537
1865.284912109375 1625213349.690527
1852.233642578125 1625213349.697552
1855.421630859375 1625213349.704583
1858.864013671875 1625213349.711562
1822.033935546875 1625213349.718639
1867.2413330078125 1625213349.725565
1858.1314697265625 1625213349.732527
1839.3162841796875 1625213349.739621
1849.056640625 1625213349.746608
1878.47216796875 1625213349.753628
1778.8944091796875 1625213349.760563
1758.3333740234375 1625213349.76754
1745.84716796875 1625213349.774682
1729.06396484375 1625213349.781783
1745.033203125 1625213349.78871
1736.8421630859375 1625213349.795839
1721.58154296875 1625213349.803821
1713.5843505859375 1625213349.811571
1690.5538330078125 1625213349.81863
1675.806396484375 1625213349.825651
1695.93505859375 1625213349.832733
1796.2962646484375 1625213349.83962
1797.63916015625 1625213349.846489
1805.41455078125 1625213349.8534
1794.2664794921875 1625213349.860412
1725.780029296875 1625213349.86743
1726.9736328125 1625213349.874319
1719.672119140625 1625213349.881348
1733.1136474609375 1625213349.888349
1731.4661865234375 1625213349.895423
1732.786865234375 1625213349.902303
1758.7354736328125 1625213349.90936
1750.83056640625 1625213349.916395
1770.9029541015625 1625213349.923325
1745.45458984375 1625213349.930416
1706.3621826171875 1625213349.937317
1788.2353515625 1625213349.944367
1767.9466552734375 1625213349.951483
1752.902099609375 1625213349.958225
1765.0 1625213349.965231
1766.6666259765625 1625213349.972279
1785.2349853515625 1625213349.979249
1788.2353515625 1625213349.98619
1801.0118408203125 1625213349.993369
1829.059814453125 1625213350.0002
1832.7645263671875 1625213350.007258
1837.3287353515625 1625213350.014252
1793.5701904296875 1625213350.02126
1762.45849609375 1625213350.028255
1835.8974609375 1625213350.035284
1735.1973876953125 1625213350.042327
1752.902099609375 1625213350.049324
1738.843017578125 1625213350.05634
1731.0230712890625 1625213350.063294
1716.3934326171875 1625213350.070287
1701.46826171875 1625213350.0773
1697.0684814453125 1625213350.084285
1688.81689453125 1625213350.091332
1673.10791015625 1625213350.098462
1678.5137939453125 1625213350.105324
1671.49755859375 1625213350.112355
1677.4193115234375 1625213350.119318
1669.8873291015625 1625213350.126442
1666.131591796875 1625213350.13334
1671.49755859375 1625213350.14035
1659.711181640625 1625213350.147223
1660.25634765625 1625213350.154195
1664.5264892578125 1625213350.161202
1664.5264892578125 1625213350.168176
1658.10595703125 1625213350.175237
1649.5999755859375 1625213350.182252
1657.05126953125 1625213350.189189
1669.8873291015625 1625213350.196226
1669.354736328125 1625213350.203211
1650.64111328125 1625213350.210278
1675.806396484375 1625213350.21722
1681.7447509765625 1625213350.224281
1701.954345703125 1625213350.23125
1714.0523681640625 1625213350.23825
1703.5831298828125 1625213350.245318
1736.4085693359375 1625213350.252264
1755.81396484375 1625213350.25933
1794.61279296875 1625213350.266298
1790.6197509765625 1625213350.273319
1824.531494140625 1625213350.280312
1781.5125732421875 1625213350.287278
1778.5234375 1625213350.294258
1745.033203125 1625213350.30131
1722.4959716796875 1625213350.308314
1732.67333984375 1625213350.315335
1729.81884765625 1625213350.322151
1725.780029296875 1625213350.329195
1722.4959716796875 1625213350.33613
1722.4959716796875 1625213350.343266
1695.93505859375 1625213350.350193
1703.5831298828125 1625213350.357168
1717.3201904296875 1625213350.36423
1720.853759765625 1625213350.371177
1706.3621826171875 1625213350.378224
1705.6910400390625 1625213350.3852
1724.137939453125 1625213350.392226
1731.9078369140625 1625213350.399203
1731.4661865234375 1625213350.406142
1728.618408203125 1625213350.413221
1722.9508056640625 1625213350.420141
1727.8687744140625 1625213350.427252
1728.618408203125 1625213350.434233
1728.618408203125 1625213350.441237
1731.4661865234375 1625213350.448234
1722.0394287109375 1625213350.45524
1718.0328369140625 1625213350.462082
1730.2630615234375 1625213350.469048
1725.3289794921875 1625213350.476021
1736.4085693359375 1625213350.483163
1736.4085693359375 1625213350.490134
1751.2437744140625 1625213350.497162
1742.1488037109375 1625213350.50419
1746.2686767578125 1625213350.511264
1743.8016357421875 1625213350.518159
1731.4661865234375 1625213350.525152
1737.623779296875 1625213350.532222
1729.81884765625 1625213350.539196
1738.843017578125 1625213350.546215
1729.81884765625 1625213350.553152
1728.618408203125 1625213350.560162
1742.1488037109375 1625213350.567181
1747.9271240234375 1625213350.574182
1745.45458984375 1625213350.581198
1734.7611083984375 1625213350.588183
1740.4959716796875 1625213350.595201
1726.9736328125 1625213350.60219
1728.618408203125 1625213350.609249
1715.220947265625 1625213350.616013
1737.623779296875 1625213350.623101
1738.843017578125 1625213350.630063
1737.623779296875 1625213350.637009
1745.033203125 1625213350.644101
1725.780029296875 1625213350.651095
1734.3233642578125 1625213350.658035
1731.4661865234375 1625213350.665079
1728.618408203125 1625213350.672052
1733.1136474609375 1625213350.679033
1737.623779296875 1625213350.686102
1740.4959716796875 1625213350.693198
1742.1488037109375 1625213350.70013
1743.8016357421875 1625213350.707117
1744.6103515625 1625213350.71415
1737.623779296875 1625213350.721096
1743.8016357421875 1625213350.728127
1751.2437744140625 1625213350.73512
1737.623779296875 1625213350.74224
1743.8016357421875 1625213350.749136
1743.8016357421875 1625213350.756134
1754.15283203125 1625213350.763157
1754.15283203125 1625213350.770147
1755.81396484375 1625213350.777032
1750.0 1625213350.783987
1754.15283203125 1625213350.791013
1748.344482421875 1625213350.798001
1760.3992919921875 1625213350.805039
1765.0 1625213350.81207
1756.2188720703125 1625213350.819024
1772.5753173828125 1625213350.826024
1752.079833984375 1625213350.833015
1745.033203125 1625213350.84
1749.58544921875 1625213350.847022
1760.3992919921875 1625213350.854012
1765.0 1625213350.861197
1763.72705078125 1625213350.868051
1752.49169921875 1625213350.875081
1750.0 1625213350.882098
1760.79736328125 1625213350.889095
1767.9466552734375 1625213350.896124
1763.3333740234375 1625213350.903076
1745.033203125 1625213350.910235
1759.13623046875 1625213350.917157
1763.72705078125 1625213350.924135
1783.5570068359375 1625213350.931161
1787.8787841796875 1625213350.937954
1784.8740234375 1625213350.945011
1788.2353515625 1625213350.951984
1808.4744873046875 1625213350.959082
1801.0118408203125 1625213350.966032
1808.4744873046875 1625213350.972983
1783.5570068359375 1625213350.980018
1792.9293212890625 1625213350.987003
1797.9798583984375 1625213350.993988
1795.9527587890625 1625213351.00103
1802.3648681640625 1625213351.008
1802.3648681640625 1625213351.015034
1823.1292724609375 1625213351.022032
1824.531494140625 1625213351.029048
1791.245849609375 1625213351.036016
1800.6756591796875 1625213351.043237
1815.254150390625 1625213351.050078
1804.0540771484375 1625213351.057037
1824.531494140625 1625213351.064005
1816.9490966796875 1625213351.070978
1826.235107421875 1625213351.078055
1798.6463623046875 1625213351.085009
1814.9405517578125 1625213351.092155
1806.4515380859375 1625213351.099019
1794.2664794921875 1625213351.106059
1804.0540771484375 1625213351.112879
1816.3265380859375 1625213351.119868
1818.64404296875 1625213351.126883
1821.4285888671875 1625213351.133856
1814.9405517578125 1625213351.140926
1800.6756591796875 1625213351.147848
1802.3648681640625 1625213351.154883
1726.52392578125 1625213351.161885
1710.3109130859375 1625213351.168875
1727.8687744140625 1625213351.175932
1730.5784912109375 1625213351.182932
1714.9918212890625 1625213351.189919
1688.81689453125 1625213351.196929
1671.49755859375 1625213351.203897
1682.847900390625 1625213351.211018
1692.6829833984375 1625213351.217954
1709.41552734375 1625213351.224988
1705.6910400390625 1625213351.23204
1679.0924072265625 1625213351.239003
1675.2410888671875 1625213351.246035
1661.316162109375 1625213351.253024
1660.7999267578125 1625213351.260105
1662.9212646484375 1625213351.267003
1670.947021484375 1625213351.274042
1699.18701171875 1625213351.28083
1741.350830078125 1625213351.287858
1758.7354736328125 1625213351.294883
1749.58544921875 1625213351.301851
1702.6143798828125 1625213351.308861
1690.4375 1625213351.315801
1701.46826171875 1625213351.322857
1692.6829833984375 1625213351.329846
1680.1292724609375 1625213351.336815
1693.181884765625 1625213351.343888
1688.81689453125 1625213351.350881
1687.1961669921875 1625213351.35793
1747.9271240234375 1625213351.364839
1732.2313232421875 1625213351.371846
1715.220947265625 1625213351.378919
1728.17138671875 1625213351.385874
1735.9736328125 1625213351.39294
1732.67333984375 1625213351.399938
1718.4942626953125 1625213351.406939
1699.18701171875 1625213351.413988
1689.93505859375 1625213351.42095
1702.922119140625 1625213351.427965
1716.3934326171875 1625213351.434946
1707.516357421875 1625213351.441974
1705.6910400390625 1625213351.448925
1711.0015869140625 1625213351.45576
1694.3089599609375 1625213351.462785
1734.3233642578125 1625213351.469741
1698.20556640625 1625213351.476815
1700.32568359375 1625213351.48378
1673.10791015625 1625213351.49081
1692.6829833984375 1625213351.497786
1688.81689453125 1625213351.504747
1738.843017578125 1625213351.511844
1730.2630615234375 1625213351.51896
1740.4959716796875 1625213351.526045
1751.655517578125 1625213351.533103
1777.2193603515625 1625213351.540129
1781.879150390625 1625213351.547141
1787.8787841796875 1625213351.554169
1758.7354736328125 1625213351.561094
1751.2437744140625 1625213351.568223
1765.0 1625213351.575194
1765.0 1625213351.582278
1772.9549560546875 1625213351.59029
1769.615966796875 1625213351.598118
1762.063232421875 1625213351.605043
1762.063232421875 1625213351.612107
1747.9271240234375 1625213351.619137
1762.063232421875 1625213351.626119
1765.0 1625213351.632935
1760.0 1625213351.639985
1755.81396484375 1625213351.647043
1748.344482421875 1625213351.653939
1760.3992919921875 1625213351.66102
1762.063232421875 1625213351.668061
1763.3333740234375 1625213351.675167
1751.2437744140625 1625213351.682201
1756.2188720703125 1625213351.689186
1775.54443359375 1625213351.69619
1770.9029541015625 1625213351.70297
1765.0 1625213351.71014
1754.560546875 1625213351.716971
1755.81396484375 1625213351.724067
1754.560546875 1625213351.731143
1799.325439453125 1625213351.738145
1797.9798583984375 1625213351.745139
1802.3648681640625 1625213351.752119
1792.9293212890625 1625213351.758911
1791.5966796875 1625213351.765837
1802.0303955078125 1625213351.772759
1781.879150390625 1625213351.779841
1786.5545654296875 1625213351.78673
1784.8740234375 1625213351.793712
1769.230712890625 1625213351.800726
1752.49169921875 1625213351.807687
1749.58544921875 1625213351.814745
1745.45458984375 1625213351.821692
1727.4219970703125 1625213351.828771
1734.7611083984375 1625213351.835732
1742.1488037109375 1625213351.842742
1746.688720703125 1625213351.849793
1731.4661865234375 1625213351.856816
1739.703369140625 1625213351.863878
1752.902099609375 1625213351.870924
1745.033203125 1625213351.877933
1758.7354736328125 1625213351.884896
1751.2437744140625 1625213351.891925
1770.0 1625213351.898892
1773.869384765625 1625213351.905882
1752.902099609375 1625213351.912893
1754.15283203125 1625213351.91987
1771.2855224609375 1625213351.926782
1772.5753173828125 1625213351.933862
1772.5753173828125 1625213351.940794
1765.0 1625213351.947823
1761.6666259765625 1625213351.95482
1764.607666015625 1625213351.96185
1760.0 1625213351.968812
1769.615966796875 1625213351.97563
1752.902099609375 1625213351.982712
1761.6666259765625 1625213351.990098
1745.45458984375 1625213351.997011
1750.0 1625213352.004019
1755.81396484375 1625213352.011026
1755.81396484375 1625213352.017933
1747.9271240234375 1625213352.024893
1747.107421875 1625213352.031836
1739.27392578125 1625213352.039024
1747.9271240234375 1625213352.045995
1745.033203125 1625213352.053087
1749.58544921875 1625213352.06011
1752.902099609375 1625213352.066993
1734.3233642578125 1625213352.074037
1731.4661865234375 1625213352.080963
1742.1488037109375 1625213352.088082
1745.033203125 1625213352.09504
1735.9736328125 1625213352.102096
1729.81884765625 1625213352.109083
1725.780029296875 1625213352.116111
1734.3233642578125 1625213352.122996
1728.618408203125 1625213352.129856
1746.688720703125 1625213352.136935
1745.033203125 1625213352.14367
1743.8016357421875 1625213352.150689
1745.033203125 1625213352.157761
1738.843017578125 1625213352.164725
1739.27392578125 1625213352.171683
1751.2437744140625 1625213352.178762
1750.83056640625 1625213352.185738
1740.924072265625 1625213352.192767
1761.6666259765625 1625213352.199802
1738.843017578125 1625213352.206736
1722.9508056640625 1625213352.213807
1743.37744140625 1625213352.22084
1752.49169921875 1625213352.227773
1751.2437744140625 1625213352.234759
1747.50830078125 1625213352.241788
1752.49169921875 1625213352.248856
1733.1136474609375 1625213352.25583
1739.27392578125 1625213352.262822
1735.9736328125 1625213352.269873
1724.137939453125 1625213352.276803
1722.4959716796875 1625213352.283853
1730.2630615234375 1625213352.290865
1737.623779296875 1625213352.297708
1740.4959716796875 1625213352.304697
1747.9271240234375 1625213352.311705
1735.9736328125 1625213352.318758
1739.27392578125 1625213352.32568
1745.033203125 1625213352.33273
1742.1488037109375 1625213352.339755
1748.7603759765625 1625213352.346683
1754.15283203125 1625213352.353629
1754.15283203125 1625213352.360716
1762.063232421875 1625213352.367724
1775.54443359375 1625213352.374654
1777.2193603515625 1625213352.381703
1778.8944091796875 1625213352.388684
1772.5753173828125 1625213352.395713
1769.615966796875 1625213352.402698
1768.3333740234375 1625213352.409737
1757.071533203125 1625213352.416795
1762.063232421875 1625213352.423757
1757.877197265625 1625213352.430747
1786.5545654296875 1625213352.437806
1788.2353515625 1625213352.444905
1792.229736328125 1625213352.451933
1762.063232421875 1625213352.45902
1772.9549560546875 1625213352.466078
1787.2696533203125 1625213352.473839
1789.9158935546875 1625213352.480885
1805.41455078125 1625213352.488005
1800.6756591796875 1625213352.494884
1791.5966796875 1625213352.50172
1810.16943359375 1625213352.50868
1811.8643798828125 1625213352.515801
1824.8299560546875 1625213352.52281
1824.531494140625 1625213352.529753
1829.3515625 1625213352.536838
1832.7645263671875 1625213352.543773
1842.195556640625 1625213352.550792
1789.20751953125 1625213352.557759
1778.8944091796875 1625213352.564822
1755.81396484375 1625213352.571743
1751.2437744140625 1625213352.578748
1760.3992919921875 1625213352.585816
1761.6666259765625 1625213352.592764
1759.13623046875 1625213352.599878
1770.9029541015625 1625213352.606761
1780.2012939453125 1625213352.613812
1781.879150390625 1625213352.620701
1794.61279296875 1625213352.627641
1808.4744873046875 1625213352.634637
1808.7987060546875 1625213352.641685
1795.608154296875 1625213352.648657
1773.869384765625 1625213352.655679
1762.063232421875 1625213352.662594
1765.0 1625213352.669703
1757.071533203125 1625213352.676805
1757.47509765625 1625213352.683717
1760.3992919921875 1625213352.690702
1754.560546875 1625213352.697682
1778.8944091796875 1625213352.704689
1750.83056640625 1625213352.711716
1737.623779296875 1625213352.718679
1752.902099609375 1625213352.725677
1724.137939453125 1625213352.732708
1754.560546875 1625213352.739906
1751.2437744140625 1625213352.74691
1754.15283203125 1625213352.753957
1758.7354736328125 1625213352.761952
1762.063232421875 1625213352.768857
1765.0 1625213352.775842
1765.0 1625213352.782854
1774.24755859375 1625213352.789836
1765.0 1625213352.796835
1774.24755859375 1625213352.803647
1775.919677734375 1625213352.810556
1775.1678466796875 1625213352.817528
1766.277099609375 1625213352.824598
1769.615966796875 1625213352.83164
1774.6243896484375 1625213352.83859
1781.879150390625 1625213352.845515
1784.8740234375 1625213352.852833
1796.2962646484375 1625213352.859841
1788.2353515625 1625213352.866771
1801.0118408203125 1625213352.873834
1778.5234375 1625213352.8808
1763.3333740234375 1625213352.887754
1770.9029541015625 1625213352.894756
1752.49169921875 1625213352.901575
1746.2686767578125 1625213352.908462
1748.344482421875 1625213352.915521
1752.49169921875 1625213352.922579
1746.2686767578125 1625213352.929578
1746.688720703125 1625213352.936538
1740.4959716796875 1625213352.943511
1758.7354736328125 1625213352.950554
1768.3333740234375 1625213352.957517
1763.3333740234375 1625213352.964596
1767.9466552734375 1625213352.971582
1766.6666259765625 1625213352.978412
1770.9029541015625 1625213352.985495
1749.58544921875 1625213352.992408
1752.49169921875 1625213352.999712
1754.560546875 1625213353.00673
1765.0 1625213353.013723
1759.13623046875 1625213353.020635
1758.3333740234375 1625213353.027656
1743.8016357421875 1625213353.034757
1758.7354736328125 1625213353.041758
1765.0 1625213353.048664
1774.24755859375 1625213353.055581
1769.615966796875 1625213353.062496
1754.15283203125 1625213353.069502
1766.277099609375 1625213353.076527
1754.15283203125 1625213353.083554
1745.45458984375 1625213353.090574
1743.8016357421875 1625213353.097574
1746.2686767578125 1625213353.104546
1737.190185546875 1625213353.111623
1733.5526123046875 1625213353.118546
1718.0328369140625 1625213353.125595
1720.130859375 1625213353.132647
1703.5831298828125 1625213353.139768
1688.3116455078125 1625213353.146888
1669.9029541015625 1625213353.154668
1641.7197265625 1625213353.161621
1656.0 1625213353.168637
1654.8956298828125 1625213353.175677
1651.2000732421875 1625213353.18275
1656.0 1625213353.189757
1648.562255859375 1625213353.196717
1664.5264892578125 1625213353.204673
1674.7181396484375 1625213353.211839
1676.898193359375 1625213353.219853
1685.5753173828125 1625213353.227877
1669.8873291015625 1625213353.235634
1684.466064453125 1625213353.242629
1661.8358154296875 1625213353.249659
1640.12744140625 1625213353.256495
1648.562255859375 1625213353.263471
1662.9212646484375 1625213353.270492
1670.41796875 1625213353.277483
1631.74609375 1625213353.284479
1639.553466796875 1625213353.291572
1639.1097412109375 1625213353.298522
1628.16455078125 1625213353.305511
1629.1600341796875 1625213353.312578
1625.0 1625213353.319521
1623.417724609375 1625213353.326561
1666.6666259765625 1625213353.333505
1667.73681640625 1625213353.340508
1669.8873291015625 1625213353.34755
1635.9300537109375 1625213353.354623
1623.417724609375 1625213353.361554
1619.873779296875 1625213353.368531
1627.5753173828125 1625213353.375707
1616.71923828125 1625213353.382516
1615.1419677734375 1625213353.389518
1613.5645751953125 1625213353.396503
1594.67919921875 1625213353.403682
1601.255859375 1625213353.410557
1598.74609375 1625213353.417306
1628.751953125 1625213353.424392
1633.9144287109375 1625213353.431443
1631.74609375 1625213353.438495
1639.1097412109375 1625213353.445464
1634.920654296875 1625213353.452434
1641.7197265625 1625213353.459444
1646.9649658203125 1625213353.466439
1642.2894287109375 1625213353.473401
1648.089111328125 1625213353.480487
1662.9212646484375 1625213353.487476
1664.5264892578125 1625213353.494437
1675.806396484375 1625213353.501473
1693.81103515625 1625213353.508465
1691.5584716796875 1625213353.515456
1684.466064453125 1625213353.522486
1683.95458984375 1625213353.529454
1683.95458984375 1625213353.536616
1693.6790771484375 1625213353.543585
1697.56103515625 1625213353.550719
1703.5831298828125 1625213353.557643
1698.20556640625 1625213353.564764
1685.5753173828125 1625213353.572666
1678.5137939453125 1625213353.579819
1673.6334228515625 1625213353.587624
1668.2769775390625 1625213353.594429
1674.1934814453125 1625213353.601396
1671.49755859375 1625213353.608344
1677.9388427734375 1625213353.615383
1681.818115234375 1625213353.622363
1673.10791015625 1625213353.629426
1674.7181396484375 1625213353.636412
1681.2298583984375 1625213353.643329
1683.4415283203125 1625213353.65058
1674.7181396484375 1625213353.65776
1674.2301025390625 1625213353.665663
1671.49755859375 1625213353.672664
1680.1292724609375 1625213353.679701
1692.556640625 1625213353.68749
1663.446044921875 1625213353.694359
1660.25634765625 1625213353.701315
1658.65380859375 1625213353.708339
1654.4000244140625 1625213353.715311
1644.338134765625 1625213353.722335
1658.10595703125 1625213353.729304
1659.199951171875 1625213353.736538
1662.9212646484375 1625213353.743482
1667.20263671875 1625213353.750639
1665.056396484375 1625213353.757545
1671.49755859375 1625213353.764327
1648.0 1625213353.771325
1645.367431640625 1625213353.778246
1639.6824951171875 1625213353.785259
1645.9329833984375 1625213353.792242
1643.3121337890625 1625213353.79923
1637.95849609375 1625213353.806295
1642.7432861328125 1625213353.813321
1626.984130859375 1625213353.820224
1623.417724609375 1625213353.827238
1630.1588134765625 1625213353.834316
1629.1600341796875 1625213353.841272
1635.9300537109375 1625213353.848324
1619.873779296875 1625213353.85528
1613.5645751953125 1625213353.862247
1592.1875 1625213353.869225
1597.1787109375 1625213353.876195
1586.58349609375 1625213353.883149
1603.4482421875 1625213353.890207
1600.93896484375 1625213353.897224
1609.105224609375 1625213353.904236
1614.1732177734375 1625213353.911257
1622.432861328125 1625213353.918282
1632.32958984375 1625213353.92527
1609.44873046875 1625213353.932221
1607.535400390625 1625213353.93925
1613.20751953125 1625213353.946335
1625.0 1625213353.953332
1622.432861328125 1625213353.960335
1623.417724609375 1625213353.967365
1611.9873046875 1625213353.974321
1619.2733154296875 1625213353.981312
1601.255859375 1625213353.98832
1600.93896484375 1625213353.995389
1616.71923828125 1625213354.00234
1602.8258056640625 1625213354.009315
1599.68603515625 1625213354.01631
1601.880859375 1625213354.023304
1606.918212890625 1625213354.030352
1608.4906005859375 1625213354.037118
1606.918212890625 1625213354.04409
1605.9654541015625 1625213354.051188
1611.023681640625 1625213354.058221
1607.535400390625 1625213354.065212
1609.105224609375 1625213354.072256
1633.3333740234375 1625213354.079204
1641.7197265625 1625213354.086389
1660.25634765625 1625213354.093409
1648.562255859375 1625213354.100375
1640.12744140625 1625213354.107203
1641.7197265625 1625213354.114157
1647.5279541015625 1625213354.121168
1641.7197265625 1625213354.128202
1632.32958984375 1625213354.135144
1630.1588134765625 1625213354.14216
1634.3402099609375 1625213354.149433
1639.1097412109375 1625213354.156435
1638.5350341796875 1625213354.163597
1627.5753173828125 1625213354.171535
1622.432861328125 1625213354.178543
1631.74609375 1625213354.18548
1640.699462890625 1625213354.192532
1657.60009765625 1625213354.19917
1657.05126953125 1625213354.206107
1650.15966796875 1625213354.213
1645.9329833984375 1625213354.220104
1634.3402099609375 1625213354.22705
1625.0 1625213354.234104
1614.1732177734375 1625213354.241098
1630.1588134765625 1625213354.248164
1623.417724609375 1625213354.255076
1606.5831298828125 1625213354.262121
1594.9764404296875 1625213354.269173
1561.051025390625 1625213354.276117
1560.1851806640625 1625213354.283206
1555.5555419921875 1625213354.290151
1557.78125 1625213354.297194
1555.3846435546875 1625213354.304217
1558.64208984375 1625213354.311142
1561.051025390625 1625213354.318205
1573.6434326171875 1625213354.325194
1582.8125 1625213354.332232
1576.0870361328125 1625213354.339143
1572.9813232421875 1625213354.346155
1591.900390625 1625213354.353234
1601.880859375 1625213354.360163
1609.44873046875 1625213354.367174
1603.7735595703125 1625213354.374234
1608.4906005859375 1625213354.381271
1602.8258056640625 1625213354.388096
1603.4482421875 1625213354.395234
1616.11376953125 1625213354.402111
1609.44873046875 1625213354.40902
1600.93896484375 1625213354.416344
1605.9654541015625 1625213354.423304
1620.85302734375 1625213354.430375
1609.44873046875 1625213354.437358
1618.2965087890625 1625213354.444279
1621.83544921875 1625213354.451323
1614.1732177734375 1625213354.4583
1606.918212890625 1625213354.465171
1615.1419677734375 1625213354.47208
1616.71923828125 1625213354.479054
1598.74609375 1625213354.486169
1596.244140625 1625213354.493115
1590.625 1625213354.500118
1611.023681640625 1625213354.507159
1608.4906005859375 1625213354.514132
1606.918212890625 1625213354.521114
1581.6484375 1625213354.528102
1589.70361328125 1625213354.535122
1596.244140625 1625213354.542134
1595.3125 1625213354.549199
1600.3134765625 1625213354.556101
1613.5645751953125 1625213354.563181
1610.0628662109375 1625213354.570139
1635.499267578125 1625213354.576978
1639.1097412109375 1625213354.583969
1648.562255859375 1625213354.59101
1637.519775390625 1625213354.598007
1638.5350341796875 1625213354.605002
1628.5714111328125 1625213354.612035
1627.5753173828125 1625213354.619227
1630.744873046875 1625213354.626268
1630.744873046875 1625213354.63321
1629.1600341796875 1625213354.640354
1623.417724609375 1625213354.647301
1614.1732177734375 1625213354.654313
1625.990478515625 1625213354.661335
1621.83544921875 1625213354.668257
1612.598388671875 1625213354.675117
1625.0 1625213354.682085
1623.417724609375 1625213354.689109
1618.2965087890625 1625213354.696108
1611.023681640625 1625213354.703159
1606.918212890625 1625213354.710147
1576.0870361328125 1625213354.717038
1599.3740234375 1625213354.724109
1609.44873046875 1625213354.731162
1606.918212890625 1625213354.738162
1602.201171875 1625213354.744966
1593.75 1625213354.752028
1589.70361328125 1625213354.758922
1595.3125 1625213354.766212
1587.2274169921875 1625213354.773219
1585.6697998046875 1625213354.780272
1600.3134765625 1625213354.787256
1592.1875 1625213354.794232
1587.5 1625213354.801275
1583.4632568359375 1625213354.808205
1574.5341796875 1625213354.815107
1572.7554931640625 1625213354.822107
1580.09326171875 1625213354.829074
1595.3125 1625213354.835987
1597.1787109375 1625213354.843041
1593.1142578125 1625213354.850145
1594.67919921875 1625213354.857079
1593.75 1625213354.864167
1601.880859375 1625213354.871029
1600.3134765625 1625213354.87797
1614.5340576171875 1625213354.885086
1614.1732177734375 1625213354.891901
1615.1419677734375 1625213354.898969
1633.3333740234375 1625213354.905913
1639.553466796875 1625213354.912989
1636.5079345703125 1625213354.91989
1625.0 1625213354.92695
1623.417724609375 1625213354.934028
1615.1419677734375 1625213354.940901
1620.85302734375 1625213354.948005
1629.1600341796875 1625213354.955005
1622.432861328125 1625213354.961948
1633.3333740234375 1625213354.968982
1621.83544921875 1625213354.975932
1604.3956298828125 1625213354.983023
1600.3134765625 1625213354.989976
1591.263671875 1625213354.997036
1617.693603515625 1625213355.004051
1625.592529296875 1625213355.01098
1651.7572021484375 1625213355.018014
1639.1097412109375 1625213355.025151
1630.1588134765625 1625213355.031993
1625.990478515625 1625213355.03901
1628.16455078125 1625213355.04597
1639.1097412109375 1625213355.052969
1643.3121337890625 1625213355.05982
1634.920654296875 1625213355.066929
1625.0 1625213355.073844
1639.1097412109375 1625213355.080866
1624.0125732421875 1625213355.087898
1644.338134765625 1625213355.094888
1644.338134765625 1625213355.101941
1633.3333740234375 1625213355.108864
1634.920654296875 1625213355.115919
1636.5079345703125 1625213355.122889
1635.9300537109375 1625213355.129924
1631.74609375 1625213355.136954
1632.32958984375 1625213355.143888
1638.09521484375 1625213355.150907
1641.7197265625 1625213355.157866
1641.7197265625 1625213355.165008
1657.05126953125 1625213355.171897
1645.9329833984375 1625213355.179088
1644.338134765625 1625213355.186082
1654.4000244140625 1625213355.193199
1659.711181640625 1625213355.200186
1654.4000244140625 1625213355.207196
1665.5948486328125 1625213355.214307
1661.316162109375 1625213355.222092
1653.3546142578125 1625213355.22909
1660.25634765625 1625213355.236097
1655.44873046875 1625213355.243041
1650.15966796875 1625213355.250157
1649.6815185546875 1625213355.256966
1658.65380859375 1625213355.263947
1650.15966796875 1625213355.270966
1633.7579345703125 1625213355.277948
1630.744873046875 1625213355.284942
1615.748046875 1625213355.292026
1625.0 1625213355.299145
1625.592529296875 1625213355.306212
1631.74609375 1625213355.314042
1627.5753173828125 1625213355.320973
1623.417724609375 1625213355.327898
1626.582275390625 1625213355.335055
1621.83544921875 1625213355.341996
1614.1732177734375 1625213355.34905
1580.09326171875 1625213355.356048
1594.67919921875 1625213355.363313
1585.0234375 1625213355.371055
1606.918212890625 1625213355.378281
1605.015625 1625213355.386096
1614.1732177734375 1625213355.393061
1600.0 1625213355.400159
1582.554443359375 1625213355.40695
1587.5 1625213355.413923
1585.2894287109375 1625213355.420883
1572.9813232421875 1625213355.427959
1583.20361328125 1625213355.434765
1594.9764404296875 1625213355.441644
1625.0 1625213355.448958
1608.4906005859375 1625213355.455994
1629.746826171875 1625213355.463029
1588.7850341796875 1625213355.470041
1623.0284423828125 1625213355.477031
1641.7197265625 1625213355.483994
1640.12744140625 1625213355.490961
1633.7579345703125 1625213355.498118
1625.0 1625213355.504857
1585.6697998046875 1625213355.511931
1581.6484375 1625213355.518972
1585.6697998046875 1625213355.525931
1596.875 1625213355.532968
1602.18408203125 1625213355.539931
1637.519775390625 1625213355.546985
1630.744873046875 1625213355.553967
1635.9300537109375 1625213355.560983
1640.12744140625 1625213355.567971
1644.338134765625 1625213355.57494
1641.7197265625 1625213355.582009
1598.74609375 1625213355.588951
1605.345947265625 1625213355.595803
1617.32275390625 1625213355.602849
1596.244140625 1625213355.60978
1596.244140625 1625213355.616772
1597.80908203125 1625213355.623786
1600.3134765625 1625213355.630871
1601.880859375 1625213355.637808
1600.3134765625 1625213355.644813
1616.71923828125 1625213355.651781
1615.1419677734375 1625213355.658897
1612.598388671875 1625213355.665801
1605.9654541015625 1625213355.672788
1606.918212890625 1625213355.679836
1608.4906005859375 1625213355.686916
1604.3956298828125 1625213355.693809
1601.255859375 1625213355.70105
1598.74609375 1625213355.708044
1596.244140625 1625213355.715108
1612.598388671875 1625213355.723066
1632.7503662109375 1625213355.730154
1633.3333740234375 1625213355.737944
1630.744873046875 1625213355.744888
1633.3333740234375 1625213355.751926
1617.693603515625 1625213355.75888
1600.3134765625 1625213355.765871
1606.918212890625 1625213355.772809
1608.4906005859375 1625213355.779889
1611.023681640625 1625213355.786823
1605.9654541015625 1625213355.793784
1610.0628662109375 1625213355.800967
1614.1732177734375 1625213355.808012
1616.71923828125 1625213355.815085
1612.598388671875 1625213355.822996
1608.4906005859375 1625213355.829961
1608.4906005859375 1625213355.837022
1614.1732177734375 1625213355.843965
1614.1732177734375 1625213355.851073
1616.71923828125 1625213355.858937
1616.71923828125 1625213355.865847
1616.71923828125 1625213355.87287
1616.71923828125 1625213355.879837
1615.1419677734375 1625213355.886885
1615.1419677734375 1625213355.89387
1615.1419677734375 1625213355.900965
1611.023681640625 1625213355.907924
1615.1419677734375 1625213355.915007
1616.71923828125 1625213355.92298
1613.5645751953125 1625213355.929821
1615.1419677734375 1625213355.936759
1619.2733154296875 1625213355.943851
1622.432861328125 1625213355.950749
1629.1600341796875 1625213355.957772
1631.74609375 1625213355.964702
1629.1600341796875 1625213355.971631
1641.7197265625 1625213355.978502
1641.7197265625 1625213355.985432
1645.9329833984375 1625213355.992488
1640.12744140625 1625213355.999447
1642.7432861328125 1625213356.006499
1635.9300537109375 1625213356.013493
1634.920654296875 1625213356.020449
1643.3121337890625 1625213356.027552
1640.12744140625 1625213356.03447
1640.12744140625 1625213356.041527
1634.920654296875 1625213356.048566
1634.3402099609375 1625213356.055509
1630.1588134765625 1625213356.062542
1648.562255859375 1625213356.069529
1645.9329833984375 1625213356.076509
1656.0 1625213356.083518
1662.9212646484375 1625213356.090493
1656.0 1625213356.097582
1659.711181640625 1625213356.104546
1668.810302734375 1625213356.111602
1677.4193115234375 1625213356.11857
1675.806396484375 1625213356.12559
1684.466064453125 1625213356.132596
1682.847900390625 1625213356.13943
1686.6883544921875 1625213356.146447
1687.7022705078125 1625213356.153459
1701.954345703125 1625213356.160456
1711.9476318359375 1625213356.167354
1713.5843505859375 1625213356.174464
1715.220947265625 1625213356.18144
1703.5831298828125 1625213356.188441
1703.5831298828125 1625213356.195437
1704.7308349609375 1625213356.2024
1694.3089599609375 1625213356.209453
1691.5584716796875 1625213356.216471
1693.181884765625 1625213356.223527
1694.80517578125 1625213356.230478
1700.32568359375 1625213356.237515
1694.80517578125 1625213356.24449
1697.56103515625 1625213356.251451
1698.6971435546875 1625213356.258474
1700.32568359375 1625213356.265459
1690.4375 1625213356.272503
1693.181884765625 1625213356.279543
1695.93505859375 1625213356.28651
1691.5584716796875 1625213356.293528
1687.1961669921875 1625213356.300545
1683.95458984375 1625213356.307558
1678.5137939453125 1625213356.314516
1680.1292724609375 1625213356.321304
1680.1292724609375 1625213356.328382
1687.1961669921875 1625213356.33541
1694.3089599609375 1625213356.342455
1684.466064453125 1625213356.349432
1684.466064453125 1625213356.35644
1691.5584716796875 1625213356.363438
1688.81689453125 1625213356.370369
1688.81689453125 1625213356.377446
1681.7447509765625 1625213356.384435
1688.81689453125 1625213356.391524
1688.81689453125 1625213356.398435
1684.466064453125 1625213356.405434
1688.81689453125 1625213356.412439
1682.847900390625 1625213356.419458
1681.7447509765625 1625213356.426436
1693.181884765625 1625213356.4334
1681.2298583984375 1625213356.440546
1681.7447509765625 1625213356.447426
1690.4375 1625213356.454455
1697.56103515625 1625213356.461495
1694.3089599609375 1625213356.468438
1683.95458984375 1625213356.47546
1677.4193115234375 1625213356.482459
1677.4193115234375 1625213356.489335
1665.5948486328125 1625213356.496376
1667.20263671875 1625213356.50329
1665.5948486328125 1625213356.510371
1667.20263671875 1625213356.51733
1670.41796875 1625213356.524434
1658.65380859375 1625213356.53136
1664.5264892578125 1625213356.538447
1665.5948486328125 1625213356.545492
1663.4615478515625 1625213356.552447
1648.562255859375 1625213356.559456
1662.9212646484375 1625213356.566432
1649.5999755859375 1625213356.573458
1650.7177734375 1625213356.580438
1662.9212646484375 1625213356.587434
1665.5948486328125 1625213356.594501
1662.9212646484375 1625213356.601405
1658.65380859375 1625213356.608502
1660.771728515625 1625213356.615457
1664.5264892578125 1625213356.622478
1650.7177734375 1625213356.629267
1647.5279541015625 1625213356.636277
1646.496826171875 1625213356.643314
1662.9212646484375 1625213356.650316
1666.131591796875 1625213356.657443
1671.49755859375 1625213356.664338
1691.5584716796875 1625213356.671323
1681.7447509765625 1625213356.678311
1670.41796875 1625213356.685361
1657.05126953125 1625213356.692337
1656.0 1625213356.69937
1663.9871826171875 1625213356.706383
1654.4000244140625 1625213356.713371
1654.4000244140625 1625213356.720344
1657.60009765625 1625213356.727377
1665.5948486328125 1625213356.734366
1657.05126953125 1625213356.741329
1652.7999267578125 1625213356.748428
1654.4000244140625 1625213356.755468
1652.7999267578125 1625213356.762441
1648.562255859375 1625213356.769411
1637.519775390625 1625213356.776509
1651.7572021484375 1625213356.783448
1654.4000244140625 1625213356.790254
1647.5279541015625 1625213356.797181
1645.9329833984375 1625213356.804215
1645.9329833984375 1625213356.811239
1645.9329833984375 1625213356.818189
1656.0 1625213356.825299
1656.0 1625213356.832216
1652.7999267578125 1625213356.839349
1665.5948486328125 1625213356.846263
1660.25634765625 1625213356.853192
1659.711181640625 1625213356.860247
1673.10791015625 1625213356.867205
1678.5137939453125 1625213356.874307
1676.898193359375 1625213356.88127
1671.49755859375 1625213356.888256
1662.9212646484375 1625213356.895246
1658.65380859375 1625213356.90225
1657.05126953125 1625213356.909264
1651.7572021484375 1625213356.916268
1640.12744140625 1625213356.923298
1633.3333740234375 1625213356.93028
1640.699462890625 1625213356.937271
1643.3121337890625 1625213356.944328
1640.12744140625 1625213356.951125
1633.3333740234375 1625213356.958144
1643.3121337890625 1625213356.965133
1644.904541015625 1625213356.972162
1650.15966796875 1625213356.979239
1656.0 1625213356.986242
1656.5008544921875 1625213356.993257
1652.7999267578125 1625213357.000393
1645.367431640625 1625213357.007365
1647.5279541015625 1625213357.014247
1650.15966796875 1625213357.021294
1658.65380859375 1625213357.028316
1657.05126953125 1625213357.035284
1657.05126953125 1625213357.04232
1654.4000244140625 1625213357.049321
1650.15966796875 1625213357.056315
1656.0 1625213357.063413
1654.4000244140625 1625213357.070354
1656.0 1625213357.077359
1654.4000244140625 1625213357.084471
1662.9212646484375 1625213357.0914
1659.711181640625 1625213357.098431
1665.5948486328125 1625213357.105205
1661.316162109375 1625213357.112225
1658.65380859375 1625213357.119302
1660.25634765625 1625213357.126293
1663.9871826171875 1625213357.133341
1644.338134765625 1625213357.140249
1643.77001953125 1625213357.147287
1633.3333740234375 1625213357.154249
1637.519775390625 1625213357.161226
1665.5948486328125 1625213357.16827
1675.28271484375 1625213357.175315
1660.25634765625 1625213357.182334
1665.5948486328125 1625213357.189318
1657.05126953125 1625213357.196395
1667.20263671875 1625213357.20332
1667.20263671875 1625213357.210345
1675.806396484375 1625213357.217372
1674.1934814453125 1625213357.224312
1677.4193115234375 1625213357.231393
1681.2298583984375 1625213357.238353
1666.131591796875 1625213357.24536
1669.8873291015625 1625213357.252551
1658.10595703125 1625213357.259554
1652.7999267578125 1625213357.2664
1647.5279541015625 1625213357.273353
1645.9329833984375 1625213357.280292
1650.15966796875 1625213357.287332
1653.3546142578125 1625213357.294302
1647.5279541015625 1625213357.301371
1650.15966796875 1625213357.30836
1658.65380859375 1625213357.315305
1653.84619140625 1625213357.322338
1660.25634765625 1625213357.329268
1654.4000244140625 1625213357.336367
1651.2000732421875 1625213357.343301
1643.3121337890625 1625213357.350369
1659.711181640625 1625213357.357388
1644.338134765625 1625213357.364432
1642.2894287109375 1625213357.371383
1645.9329833984375 1625213357.378357
1641.7197265625 1625213357.385321
1652.7999267578125 1625213357.392351
1644.338134765625 1625213357.399356
1633.3333740234375 1625213357.406377
1646.9649658203125 1625213357.413411
1641.7197265625 1625213357.420455
1644.338134765625 1625213357.427405
1641.7197265625 1625213357.434429
1631.74609375 1625213357.441263
1623.417724609375 1625213357.448291
1623.6220703125 1625213357.455255
1645.367431640625 1625213357.462221
1631.74609375 1625213357.469298
1635.9300537109375 1625213357.47628
1625.0 1625213357.48331
1625.0 1625213357.490267
1607.535400390625 1625213357.49734
1619.873779296875 1625213357.50424
1634.920654296875 1625213357.511281
1636.5079345703125 1625213357.518301
1638.09521484375 1625213357.525363
1636.942626953125 1625213357.532312
1638.5350341796875 1625213357.539314
1633.3333740234375 1625213357.546315
1642.7432861328125 1625213357.553356
1640.12744140625 1625213357.560296
1638.5350341796875 1625213357.567514
1629.746826171875 1625213357.574516
1643.3121337890625 1625213357.581454
1630.744873046875 1625213357.588479
1634.920654296875 1625213357.595439
1630.744873046875 1625213357.60232
1633.3333740234375 1625213357.609149
1634.920654296875 1625213357.616393
1637.519775390625 1625213357.623344
1634.3402099609375 1625213357.630576
1631.16064453125 1625213357.638435
1627.5753173828125 1625213357.645366
1618.897705078125 1625213357.652418
1620.253173828125 1625213357.659336
1604.3956298828125 1625213357.666272
1616.71923828125 1625213357.673277
1619.2733154296875 1625213357.680228
1623.417724609375 1625213357.687208
1626.582275390625 1625213357.694124
1647.5279541015625 1625213357.701223
1645.9329833984375 1625213357.708173
1652.7999267578125 1625213357.715228
1658.65380859375 1625213357.722163
1660.25634765625 1625213357.729241
1657.05126953125 1625213357.736512
1645.9329833984375 1625213357.744353
1645.9329833984375 1625213357.751354
1646.9649658203125 1625213357.758355
1643.3121337890625 1625213357.765401
1641.7197265625 1625213357.772322
1644.338134765625 1625213357.779369
1643.3121337890625 1625213357.786376
1647.5279541015625 1625213357.793367
1643.3121337890625 1625213357.800561
1651.2000732421875 1625213357.808371
1642.7432861328125 1625213357.815272
1645.9329833984375 1625213357.822152
1633.3333740234375 1625213357.829083
1643.3121337890625 1625213357.836058
1648.562255859375 1625213357.843051
1645.9329833984375 1625213357.850457
1643.3121337890625 1625213357.857484
1643.3121337890625 1625213357.865239
1654.4000244140625 1625213357.872265
1660.25634765625 1625213357.879328
1662.9212646484375 1625213357.886291
1658.65380859375 1625213357.893365
1654.4000244140625 1625213357.900324
1654.4000244140625 1625213357.907101
1658.65380859375 1625213357.91403
1654.4000244140625 1625213357.920998
1652.7999267578125 1625213357.928128
1654.4000244140625 1625213357.935118
1657.05126953125 1625213357.942073
1661.316162109375 1625213357.949086
1653.3546142578125 1625213357.956041
1658.65380859375 1625213357.963116
1652.7999267578125 1625213357.970132
1648.562255859375 1625213357.97722
1648.562255859375 1625213357.98414
1643.3121337890625 1625213357.991099
1644.338134765625 1625213357.99814
1641.7197265625 1625213358.00509
1637.519775390625 1625213358.012356
1634.3402099609375 1625213358.019172
1637.519775390625 1625213358.02612
1634.3402099609375 1625213358.033137
1635.9300537109375 1625213358.040173
1635.9300537109375 1625213358.047121
1635.9300537109375 1625213358.053987
1635.9300537109375 1625213358.060917
1639.1097412109375 1625213358.067974
1633.3333740234375 1625213358.074939
1636.5079345703125 1625213358.08197
1635.9300537109375 1625213358.08901
1635.9300537109375 1625213358.095861
1635.9300537109375 1625213358.102913
1631.74609375 1625213358.109888
1634.920654296875 1625213358.117236
1633.3333740234375 1625213358.124208
1643.3121337890625 1625213358.131222
1652.7999267578125 1625213358.138268
1647.5279541015625 1625213358.145266
1651.2000732421875 1625213358.152166
1640.699462890625 1625213358.159073
1648.562255859375 1625213358.166031
1644.338134765625 1625213358.173078
1645.9329833984375 1625213358.18014
1645.9329833984375 1625213358.187349
1650.15966796875 1625213358.194421
1645.9329833984375 1625213358.202397
1646.9649658203125 1625213358.210219
1654.4000244140625 1625213358.217194
1650.15966796875 1625213358.224203
1664.5264892578125 1625213358.231288
1671.49755859375 1625213358.238072
1667.20263671875 1625213358.245037
1669.8873291015625 1625213358.251987
1673.10791015625 1625213358.259013
1665.5948486328125 1625213358.265968
1669.8873291015625 1625213358.272871
1668.2769775390625 1625213358.280026
1668.810302734375 1625213358.287291
1665.5948486328125 1625213358.294386
1673.10791015625 1625213358.302432
1669.8873291015625 1625213358.310174
1668.810302734375 1625213358.317113
1671.49755859375 1625213358.324399
1665.5948486328125 1625213358.330977
1662.9212646484375 1625213358.337949
1661.316162109375 1625213358.345167
1657.05126953125 1625213358.352216
1651.7572021484375 1625213358.35914
1660.25634765625 1625213358.365974
1662.9212646484375 1625213358.372955
1671.49755859375 1625213358.379867
1674.1934814453125 1625213358.386898
1667.20263671875 1625213358.393891
1671.49755859375 1625213358.400995
1668.2769775390625 1625213358.407912
1663.9871826171875 1625213358.414985
1664.5264892578125 1625213358.422263
1661.316162109375 1625213358.42926
1657.05126953125 1625213358.436246
1656.0 1625213358.443222
1661.316162109375 1625213358.450209
1654.4000244140625 1625213358.457279
1652.7999267578125 1625213358.464327
1648.562255859375 1625213358.472109
1647.5279541015625 1625213358.479193
1652.7999267578125 1625213358.486089
1652.24365234375 1625213358.493092
1633.3333740234375 1625213358.499937
1648.562255859375 1625213358.506966
1645.9329833984375 1625213358.513858
1651.7572021484375 1625213358.5209
1646.9649658203125 1625213358.527929
1642.7432861328125 1625213358.534933
1636.5079345703125 1625213358.541901
1639.1097412109375 1625213358.548968
1631.74609375 1625213358.555914
1633.3333740234375 1625213358.56296
1628.16455078125 1625213358.569868
1637.519775390625 1625213358.577003
1640.12744140625 1625213358.583974
1642.7432861328125 1625213358.590866
1654.4000244140625 1625213358.598242
1648.562255859375 1625213358.606038
1681.7447509765625 1625213358.612987
1681.2298583984375 1625213358.620097
1679.0322265625 1625213358.627156
1654.4000244140625 1625213358.634122
1656.0 1625213358.641215
1667.73681640625 1625213358.649114
1651.7572021484375 1625213358.655981
1641.7197265625 1625213358.662929
1657.05126953125 1625213358.66997
1654.4000244140625 1625213358.676946
1661.8358154296875 1625213358.684004
1660.25634765625 1625213358.690867
1665.5948486328125 1625213358.697977
1661.316162109375 1625213358.7049
1665.5948486328125 1625213358.711988
1669.8873291015625 1625213358.718916
1663.9871826171875 1625213358.725749
1667.20263671875 1625213358.732781
1678.5137939453125 1625213358.739758
1664.5264892578125 1625213358.746799
1655.44873046875 1625213358.75383
1651.2000732421875 1625213358.760796
1638.5350341796875 1625213358.76782
1639.1097412109375 1625213358.774808
1639.1097412109375 1625213358.781972
1635.9300537109375 1625213358.789008
1630.1588134765625 1625213358.795979
1626.582275390625 1625213358.802951
1629.1600341796875 1625213358.810022
1625.0 1625213358.816984
1625.0 1625213358.823999
1625.990478515625 1625213358.831108
1623.417724609375 1625213358.83808
1619.873779296875 1625213358.845089
1608.4906005859375 1625213358.852066
1607.535400390625 1625213358.858926
1621.451171875 1625213358.865901
1629.1600341796875 1625213358.87295
1637.519775390625 1625213358.879936
1631.74609375 1625213358.886973
1641.7197265625 1625213358.893964
1645.9329833984375 1625213358.900814
1646.496826171875 1625213358.907826
1652.7999267578125 1625213358.914817
1650.15966796875 1625213358.921826
1645.367431640625 1625213358.928844
1644.338134765625 1625213358.93586
1615.748046875 1625213358.942814
1611.023681640625 1625213358.949936
1611.023681640625 1625213358.956993
1598.74609375 1625213358.963945
1590.625 1625213358.970899
1592.1875 1625213358.977893
1588.1434326171875 1625213358.985098
1580.996826171875 1625213358.992086
1586.58349609375 1625213358.999042
1590.625 1625213359.005878
1578.5380859375 1625213359.012993
1576.0870361328125 1625213359.020015
1583.20361328125 1625213359.026807
1601.5625 1625213359.033782
1632.32958984375 1625213359.040796
1639.1097412109375 1625213359.047767
1650.7177734375 1625213359.054726
1645.367431640625 1625213359.061833
1641.7197265625 1625213359.068791
1649.122802734375 1625213359.075847
1659.711181640625 1625213359.082721
1644.338134765625 1625213359.089742
1668.810302734375 1625213359.096847
1678.5137939453125 1625213359.103745
1678.5137939453125 1625213359.110795
1674.1934814453125 1625213359.117877
1686.0841064453125 1625213359.124813
1685.06494140625 1625213359.131887
1670.9676513671875 1625213359.138796
1681.7447509765625 1625213359.145805
1667.73681640625 1625213359.152825
1687.1961669921875 1625213359.159661
1678.5137939453125 1625213359.166734
1676.898193359375 1625213359.173693
1675.28271484375 1625213359.180741
1651.7572021484375 1625213359.187679
1646.9649658203125 1625213359.194653
1666.131591796875 1625213359.201691
1654.4000244140625 1625213359.20866
1655.44873046875 1625213359.215633
1648.562255859375 1625213359.222689
1660.25634765625 1625213359.229767
1657.60009765625 1625213359.236791
1666.131591796875 1625213359.2437
1669.8873291015625 1625213359.250776
1668.810302734375 1625213359.25778
1671.49755859375 1625213359.264896
1681.7447509765625 1625213359.271981
1688.81689453125 1625213359.279194
1699.18701171875 1625213359.286969
1700.32568359375 1625213359.294042
1686.0841064453125 1625213359.301626
1688.81689453125 1625213359.308591
1692.058349609375 1625213359.315596
1674.1934814453125 1625213359.322863
1655.44873046875 1625213359.329847
1661.316162109375 1625213359.336913
1671.49755859375 1625213359.343906
1672.58056640625 1625213359.350767
1678.5137939453125 1625213359.357683
1672.58056640625 1625213359.364777
1672.58056640625 1625213359.371769
1662.37939453125 1625213359.378731
1651.2000732421875 1625213359.385799
1651.7572021484375 1625213359.392717
1656.5008544921875 1625213359.399771
1630.1588134765625 1625213359.406761
1632.32958984375 1625213359.413874
1647.5279541015625 1625213359.42077
1646.9649658203125 1625213359.427772
1648.562255859375 1625213359.43482
1638.5350341796875 1625213359.441783
1635.9300537109375 1625213359.448729
1634.3402099609375 1625213359.455648
1623.417724609375 1625213359.462658
1625.0 1625213359.469715
1626.582275390625 1625213359.476676
1625.990478515625 1625213359.483759
1634.3402099609375 1625213359.490751
1623.417724609375 1625213359.497649
1621.83544921875 1625213359.504682
1633.3333740234375 1625213359.511705
1637.519775390625 1625213359.518763
1637.519775390625 1625213359.52574
1629.1600341796875 1625213359.532699
1625.0 1625213359.539626
1633.3333740234375 1625213359.5466
1634.920654296875 1625213359.553605
1633.3333740234375 1625213359.5607
1626.984130859375 1625213359.567898
1616.71923828125 1625213359.574882
1619.2733154296875 1625213359.581917
1624.40576171875 1625213359.588874
1611.023681640625 1625213359.595936
1596.244140625 1625213359.60357
1599.3740234375 1625213359.610513
1616.71923828125 1625213359.617656
1615.1419677734375 1625213359.624615
1615.1419677734375 1625213359.631717
1623.417724609375 1625213359.638693
1624.0125732421875 1625213359.645682
1619.873779296875 1625213359.652721
1631.74609375 1625213359.659702
1643.879150390625 1625213359.666723
1651.7572021484375 1625213359.673706
1658.65380859375 1625213359.680761
1656.5008544921875 1625213359.687705
1648.562255859375 1625213359.694637
1650.15966796875 1625213359.701825
1634.920654296875 1625213359.708875
1642.7432861328125 1625213359.715914
1654.4000244140625 1625213359.723336
1651.2000732421875 1625213359.730855
1641.7197265625 1625213359.737868
1640.12744140625 1625213359.744519
1635.9300537109375 1625213359.751805
1637.519775390625 1625213359.758777
1620.85302734375 1625213359.765577
1627.5753173828125 1625213359.772519
1623.0284423828125 1625213359.779457
1629.1600341796875 1625213359.786535
1639.1097412109375 1625213359.793521
1638.5350341796875 1625213359.800484
1633.3333740234375 1625213359.807476
1631.74609375 1625213359.814557
1623.417724609375 1625213359.821531
1617.693603515625 1625213359.828574
1612.598388671875 1625213359.835555
1609.44873046875 1625213359.842537
1611.023681640625 1625213359.849598
1612.598388671875 1625213359.856609
1590.625 1625213359.863509
1586.58349609375 1625213359.870555
1585.6697998046875 1625213359.877743
1596.244140625 1625213359.884431
1588.1434326171875 1625213359.891396
1586.58349609375 1625213359.898506
1593.1142578125 1625213359.905451
1593.75 1625213359.912462
1604.3956298828125 1625213359.919568
1605.9654541015625 1625213359.926618
1605.9654541015625 1625213359.933481
1590.625 1625213359.940441
1586.58349609375 1625213359.947591
1590.625 1625213359.954515
1589.70361328125 1625213359.961589
1599.3740234375 1625213359.968586
1597.80908203125 1625213359.975484
1605.345947265625 1625213359.982512
1611.023681640625 1625213359.989551
1608.8328857421875 1625213359.99646
1616.71923828125 1625213360.003515
1601.255859375 1625213360.010538
1601.880859375 1625213360.017592
1606.918212890625 1625213360.024537
1601.880859375 1625213360.0316
1596.244140625 1625213360.038539
1605.9654541015625 1625213360.045472
1609.105224609375 1625213360.052435
1629.1600341796875 1625213360.059384
1631.74609375 1625213360.066352
1620.85302734375 1625213360.073412
1614.1732177734375 1625213360.080397
1617.693603515625 1625213360.087434
1609.44873046875 1625213360.094744
1605.345947265625 1625213360.101659
1588.1434326171875 1625213360.108662
1586.58349609375 1625213360.115738
1586.58349609375 1625213360.122632
1580.09326171875 1625213360.129572
1578.5380859375 1625213360.137543
1589.70361328125 1625213360.14444
1596.244140625 1625213360.151471
1590.625 1625213360.158472
1585.0234375 1625213360.165515
1580.09326171875 1625213360.172391
1584.1121826171875 1625213360.179529
1575.4276123046875 1625213360.186425
1566.5634765625 1625213360.193268
1570.542724609375 1625213360.200217
1564.1422119140625 1625213360.207347
1556.2403564453125 1625213360.214278
1572.093017578125 1625213360.221294
1576.0870361328125 1625213360.228386
1589.70361328125 1625213360.235397
1590.625 1625213360.242347
1587.5 1625213360.249375
1576.0870361328125 1625213360.256314
1568.1114501953125 1625213360.263577
1554.6995849609375 1625213360.270607
1548.3870849609375 1625213360.277718
1548.3870849609375 1625213360.284614
1553.8460693359375 1625213360.291748
1557.78125 1625213360.299721
1559.322021484375 1625213360.306824
1554.531494140625 1625213360.314575
1566.5634765625 1625213360.321538
1562.5965576171875 1625213360.328426
1544.478515625 1625213360.335433
1544.478515625 1625213360.342255
1546.85107421875 1625213360.349319
1544.478515625 1625213360.356505
1557.0987548828125 1625213360.363389
1551.617919921875 1625213360.370345
1554.0123291015625 1625213360.377363
1543.77880859375 1625213360.38441
1535.168212890625 1625213360.391336
1544.478515625 1625213360.398377
1540.5819091796875 1625213360.405393
1537.51904296875 1625213360.412809
1545.31494140625 1625213360.420743
1539.75537109375 1625213360.427846
1550.7691650390625 1625213360.435542
1548.3870849609375 1625213360.442548
1539.050537109375 1625213360.449446
1546.0123291015625 1625213360.45639
1546.0123291015625 1625213360.463462
1544.478515625 1625213360.470389
1547.6922607421875 1625213360.477426
1551.4593505859375 1625213360.484418
1557.9598388671875 1625213360.491474
1559.322021484375 1625213360.498445
1568.1114501953125 1625213360.505379
1570.542724609375 1625213360.512459
1561.051025390625 1625213360.519379
1566.5634765625 1625213360.526458
1567.2333984375 1625213360.533441
1570.542724609375 1625213360.540431
1572.093017578125 1625213360.547499
1561.5384521484375 1625213360.554447
1582.554443359375 1625213360.561446
1551.617919921875 1625213360.568493
1543.6446533203125 1625213360.57552
1558.64208984375 1625213360.582478
1556.9229736328125 1625213360.589395
1557.603759765625 1625213360.596395
1593.1142578125 1625213360.603401
1589.70361328125 1625213360.610568
1592.1875 1625213360.617459
1588.1434326171875 1625213360.624453
1590.625 1625213360.631492
1568.9923095703125 1625213360.638555
1557.78125 1625213360.645332
1557.78125 1625213360.652288
1561.051025390625 1625213360.659287
1557.78125 1625213360.666379
1548.3870849609375 1625213360.67328
1546.85107421875 1625213360.680345
1550.7691650390625 1625213360.68731
1556.2403564453125 1625213360.694299
1561.7283935546875 1625213360.701352
1564.1422119140625 1625213360.708327
1564.1422119140625 1625213360.715588
1572.093017578125 1625213360.722538
1570.542724609375 1625213360.729516
1568.9923095703125 1625213360.736536
1568.1114501953125 1625213360.743614
1557.9598388671875 1625213360.751479
1560.1851806640625 1625213360.758562
1553.8460693359375 1625213360.765468
1558.64208984375 1625213360.77247
1558.64208984375 1625213360.779238
1553.8460693359375 1625213360.786326
1553.8460693359375 1625213360.793219
1556.2403564453125 1625213360.800297
1554.6995849609375 1625213360.807229
1552.3077392578125 1625213360.814328
1546.85107421875 1625213360.821527
1550.7691650390625 1625213360.828562
1548.3870849609375 1625213360.835538
1552.3077392578125 1625213360.84251
1564.1422119140625 1625213360.849476
1561.7283935546875 1625213360.85662
1569.659423828125 1625213360.86336
1568.1114501953125 1625213360.870268
1569.659423828125 1625213360.877325
1570.542724609375 1625213360.884235
1578.5380859375 1625213360.891258
1570.542724609375 1625213360.898609
1565.015380859375 1625213360.906503
1550.7691650390625 1625213360.913501
1550.7691650390625 1625213360.920407
1546.85107421875 1625213360.927571
1550.7691650390625 1625213360.934506
1547.5460205078125 1625213360.94153
1556.2403564453125 1625213360.9482
1560.1851806640625 1625213360.955265
1560.1851806640625 1625213360.962352
1556.2403564453125 1625213360.969249
1556.2403564453125 1625213360.97632
1550.7691650390625 1625213360.983275
1550.7691650390625 1625213360.990282
1547.5460205078125 1625213360.997403
1552.3077392578125 1625213361.004284
1552.3077392578125 1625213361.011316
1552.3077392578125 1625213361.018315
1546.0123291015625 1625213361.025315
1548.3870849609375 1625213361.032364
1548.3870849609375 1625213361.039362
1552.3077392578125 1625213361.046382
1550.7691650390625 1625213361.053139
1548.3870849609375 1625213361.060219
1550.7691650390625 1625213361.067336
1541.4110107421875 1625213361.074453
1535.168212890625 1625213361.081381
1538.2261962890625 1625213361.088542
1526.63623046875 1625213361.096414
1528.9635009765625 1625213361.10339
1528.9635009765625 1625213361.110326
1531.2977294921875 1625213361.117159
1527.43896484375 1625213361.124259
1528.9635009765625 1625213361.13127
1530.48779296875 1625213361.138182
1531.2977294921875 1625213361.145294
1517.45068359375 1625213361.152251
1515.9332275390625 1625213361.159217
1513.6363525390625 1625213361.166286
1513.6363525390625 1625213361.17334
1511.346435546875 1625213361.180331
1513.6363525390625 1625213361.18739
1506.042236328125 1625213361.194359
1507.5528564453125 1625213361.201357
1504.53173828125 1625213361.208324
1508.3206787109375 1625213361.215381
1500.754150390625 1625213361.222516
1513.6363525390625 1625213361.229303
1517.45068359375 1625213361.236231
1526.63623046875 1625213361.243159
1526.63623046875 1625213361.250273
1525.9146728515625 1625213361.257219
1525.1141357421875 1625213361.264238
1525.1141357421875 1625213361.271188
1522.070068359375 1625213361.278209
1515.9332275390625 1625213361.285264
1515.9332275390625 1625213361.292253
1512.1212158203125 1625213361.299218
1509.8336181640625 1625213361.306264
1513.6363525390625 1625213361.3133
1510.6060791015625 1625213361.320213
1506.8079833984375 1625213361.327333
1504.53173828125 1625213361.334311
1513.6363525390625 1625213361.341284
1517.45068359375 1625213361.347989
1523.5921630859375 1625213361.355124
1523.5921630859375 1625213361.362091
1527.43896484375 1625213361.36915
1534.35107421875 1625213361.376133
1525.1141357421875 1625213361.383095
1517.45068359375 1625213361.390093
1522.070068359375 1625213361.397087
1517.45068359375 1625213361.404154
1522.070068359375 1625213361.411238
1495.48193359375 1625213361.418206
1490.990966796875 1625213361.425247
1490.990966796875 1625213361.432258
1503.770751953125 1625213361.439208
1510.6060791015625 1625213361.446244
1509.8336181640625 1625213361.45312
1511.346435546875 1625213361.460206
1503.770751953125 1625213361.467259
1517.45068359375 1625213361.474191
1521.276611328125 1625213361.481888
1515.9332275390625 1625213361.488976
1506.042236328125 1625213361.495907
1512.1212158203125 1625213361.502972
1512.1212158203125 1625213361.509932
1512.1212158203125 1625213361.516882
1511.346435546875 1625213361.523914
1512.859375 1625213361.530886
1513.6363525390625 1625213361.537947
1518.9681396484375 1625213361.545004
1517.45068359375 1625213361.552018
1517.45068359375 1625213361.558925
1520.485595703125 1625213361.565882
1528.9635009765625 1625213361.572939
1519.7568359375 1625213361.579895
1515.1514892578125 1625213361.58691
1513.6363525390625 1625213361.593935
1517.45068359375 1625213361.600958
1515.9332275390625 1625213361.608023
1517.45068359375 1625213361.614859
1518.237060546875 1625213361.621844
1508.3206787109375 1625213361.628826
1514.415771484375 1625213361.635793
1509.8336181640625 1625213361.642864
1512.8983154296875 1625213361.64982
1525.9146728515625 1625213361.656927
1523.5921630859375 1625213361.664156
1517.45068359375 1625213361.67125
1517.45068359375 1625213361.678236
1517.45068359375 1625213361.685231
1515.9332275390625 1625213361.692229
1521.276611328125 1625213361.699228
1525.1141357421875 1625213361.706311
1519.7568359375 1625213361.713349
1526.63623046875 1625213361.720347
1532.8243408203125 1625213361.72825
1539.050537109375 1625213361.735036
1539.050537109375 1625213361.742095
1540.5819091796875 1625213361.749002
1542.94482421875 1625213361.756092
1544.478515625 1625213361.76296
1544.478515625 1625213361.769859
1540.5819091796875 1625213361.77685
1540.5819091796875 1625213361.78412
1541.4110107421875 1625213361.791174
1536.697265625 1625213361.798106
1531.2977294921875 1625213361.805202
1528.9635009765625 1625213361.812235
1527.43896484375 1625213361.819192
1523.5921630859375 1625213361.826258
1522.79638671875 1625213361.833944
1531.2977294921875 1625213361.840919
1525.9146728515625 1625213361.848014
1521.276611328125 1625213361.854986
1513.6363525390625 1625213361.861894
1521.276611328125 1625213361.868955
