1389.0489501953125 1625213322.741402
1393.9393310546875 1625213322.748663
1389.0489501953125 1625213322.755665
1387.0504150390625 1625213322.762645
1385.0574951171875 1625213322.769502
1383.6207275390625 1625213322.776387
1390.489990234375 1625213322.783342
1397.3988037109375 1625213322.790319
1399.421142578125 1625213322.797299
1392.496337890625 1625213322.804303
1392.496337890625 1625213322.811333
1392.496337890625 1625213322.818388
1393.9393310546875 1625213322.825353
1393.9393310546875 1625213322.832328
1395.9537353515625 1625213322.839335
1397.3988037109375 1625213322.846299
1405.797119140625 1625213322.85335
1405.797119140625 1625213322.860386
1409.8837890625 1625213322.867349
1409.2889404296875 1625213322.874335
1409.2889404296875 1625213322.881327
1411.9359130859375 1625213322.888221
1409.8837890625 1625213322.895255
1414.84716796875 1625213322.902216
1404.3477783203125 1625213322.909323
1407.83740234375 1625213322.916203
1401.4493408203125 1625213322.923251
1397.3988037109375 1625213322.930386
1399.421142578125 1625213322.937332
1395.3824462890625 1625213322.944358
1397.3988037109375 1625213322.951326
1400.8682861328125 1625213322.958327
1407.83740234375 1625213322.965367
1405.797119140625 1625213322.972355
1413.3916015625 1625213322.979266
1411.3372802734375 1625213322.986383
1413.3916015625 1625213322.993233
1414.84716796875 1625213323.000306
1420.43798828125 1625213323.00726
1421.8978271484375 1625213323.014271
1418.367431640625 1625213323.021333
1418.9781494140625 1625213323.028286
1418.367431640625 1625213323.035131
1416.9095458984375 1625213323.042175
1426.900634765625 1625213323.049317
1430.453857421875 1625213323.056416
1432.55126953125 1625213323.063299
1428.98974609375 1625213323.070338
1430.453857421875 1625213323.077385
1431.0849609375 1625213323.084326
1434.017578125 1625213323.091379
1427.525634765625 1625213323.098338
1434.6549072265625 1625213323.105253
1434.017578125 1625213323.112316
1438.2352294921875 1625213323.119363
1431.0849609375 1625213323.126359
1432.55126953125 1625213323.133355
1428.1524658203125 1625213323.140357
1427.525634765625 1625213323.147411
1432.55126953125 1625213323.154337
1441.1763916015625 1625213323.161356
1441.826171875 1625213323.168287
1437.591796875 1625213323.175309
1431.0849609375 1625213323.18237
1424.8175048828125 1625213323.189419
1432.55126953125 1625213323.196409
1428.98974609375 1625213323.203242
1430.453857421875 1625213323.210277
1428.98974609375 1625213323.217231
1426.900634765625 1625213323.224191
1432.55126953125 1625213323.231335
1432.55126953125 1625213323.23832
1428.98974609375 1625213323.245207
1423.9766845703125 1625213323.252262
1425.4385986328125 1625213323.259283
1428.1524658203125 1625213323.266254
1433.1865234375 1625213323.273267
1438.2352294921875 1625213323.280352
1434.017578125 1625213323.287311
1431.0849609375 1625213323.294386
1427.525634765625 1625213323.301236
1446.902587890625 1625213323.308252
1443.2989501953125 1625213323.315366
1443.2989501953125 1625213323.322356
1441.1763916015625 1625213323.329283
1436.1234130859375 1625213323.336355
1443.2989501953125 1625213323.346272
1443.2989501953125 1625213323.353181
1445.427734375 1625213323.36007
1445.427734375 1625213323.367181
1449.0399169921875 1625213323.374106
1449.0399169921875 1625213323.38114
1444.771728515625 1625213323.388104
1443.2989501953125 1625213323.395143
1447.5628662109375 1625213323.402171
1446.902587890625 1625213323.409135
1447.5628662109375 1625213323.416169
1450.5169677734375 1625213323.423188
1454.1419677734375 1625213323.430121
1452.6627197265625 1625213323.437222
1454.1419677734375 1625213323.444226
1451.9940185546875 1625213323.451239
1450.5169677734375 1625213323.458165
1455.6212158203125 1625213323.465055
1454.1419677734375 1625213323.47207
1457.7777099609375 1625213323.479083
1457.7777099609375 1625213323.486071
1454.1419677734375 1625213323.493305
1454.1419677734375 1625213323.500216
1454.1419677734375 1625213323.507154
1457.7777099609375 1625213323.514165
1454.1419677734375 1625213323.521147
1457.7777099609375 1625213323.528055
1457.7777099609375 1625213323.535443
1457.7777099609375 1625213323.542488
1461.42431640625 1625213323.549422
1454.1419677734375 1625213323.556449
1452.6627197265625 1625213323.563641
1452.6627197265625 1625213323.570582
1452.6627197265625 1625213323.578513
1452.6627197265625 1625213323.58557
1428.98974609375 1625213323.593188
1427.525634765625 1625213323.600232
1432.55126953125 1625213323.607143
1430.453857421875 1625213323.614225
1432.55126953125 1625213323.621178
1423.9766845703125 1625213323.62819
1431.0849609375 1625213323.635225
1436.7647705078125 1625213323.64221
1434.6549072265625 1625213323.649204
1438.2352294921875 1625213323.656134
1440.5286865234375 1625213323.663097
1452.6627197265625 1625213323.670168
1452.6627197265625 1625213323.677142
1455.6212158203125 1625213323.684164
1458.45703125 1625213323.691215
1454.1419677734375 1625213323.698207
1444.771728515625 1625213323.705208
1441.0029296875 1625213323.712268
1425.4385986328125 1625213323.719189
1431.0849609375 1625213323.726201
1427.525634765625 1625213323.733034
1427.525634765625 1625213323.740016
1416.9095458984375 1625213323.74707
1407.83740234375 1625213323.754039
1404.3477783203125 1625213323.761016
1407.83740234375 1625213323.76804
1407.83740234375 1625213323.775204
1416.9095458984375 1625213323.782126
1413.3916015625 1625213323.789123
1407.83740234375 1625213323.796101
1409.8837890625 1625213323.803139
1414.84716796875 1625213323.810126
1414.84716796875 1625213323.817168
1418.367431640625 1625213323.824139
1416.9095458984375 1625213323.831187
1414.84716796875 1625213323.838083
1411.9359130859375 1625213323.845147
1416.3028564453125 1625213323.852177
1419.8250732421875 1625213323.859124
1422.5146484375 1625213323.866136
1414.84716796875 1625213323.873095
1416.3028564453125 1625213323.879979
1414.84716796875 1625213323.886991
1413.3916015625 1625213323.894282
1415.451904296875 1625213323.901238
1414.84716796875 1625213323.90825
1409.8837890625 1625213323.915286
1411.3372802734375 1625213323.922377
1411.3372802734375 1625213323.929342
1407.83740234375 1625213323.936339
1411.3372802734375 1625213323.943315
1411.9359130859375 1625213323.950329
1407.83740234375 1625213323.957337
1409.8837890625 1625213323.964565
1407.83740234375 1625213323.972338
1409.8837890625 1625213323.979191
1407.83740234375 1625213323.986178
1411.3372802734375 1625213323.99308
1412.7906494140625 1625213324.000318
1415.451904296875 1625213324.007392
1409.8837890625 1625213324.014232
1407.83740234375 1625213324.021232
1404.3477783203125 1625213324.028231
1405.797119140625 1625213324.035034
1406.385986328125 1625213324.042023
1400.8682861328125 1625213324.049194
1402.8985595703125 1625213324.056262
1404.3477783203125 1625213324.06324
1411.3372802734375 1625213324.070337
1413.3916015625 1625213324.0773
1404.9346923828125 1625213324.08508
1407.83740234375 1625213324.092142
1404.3477783203125 1625213324.09924
1393.9393310546875 1625213324.106191
1398.8438720703125 1625213324.113231
1393.9393310546875 1625213324.12013
1393.9393310546875 1625213324.127302
1386.1671142578125 1625213324.135048
1383.6207275390625 1625213324.1421
1383.6207275390625 1625213324.149127
1388.4892578125 1625213324.156045
1387.0504150390625 1625213324.163042
1385.0574951171875 1625213324.17004
1382.7337646484375 1625213324.177125
1380.2008056640625 1625213324.184109
1381.635498046875 1625213324.191172
1382.1839599609375 1625213324.198182
1383.6207275390625 1625213324.20506
1388.4892578125 1625213324.2122
1387.0504150390625 1625213324.219115
1382.1839599609375 1625213324.226165
1385.611572265625 1625213324.233191
1389.0489501953125 1625213324.240188
1387.0504150390625 1625213324.247121
1393.9393310546875 1625213324.25417
1389.0489501953125 1625213324.26129
1393.9393310546875 1625213324.269025
1390.489990234375 1625213324.276047
1389.0489501953125 1625213324.282989
1389.0489501953125 1625213324.290007
1389.0489501953125 1625213324.297086
1387.0504150390625 1625213324.30405
1383.6207275390625 1625213324.310997
1382.1839599609375 1625213324.318
1387.0504150390625 1625213324.325036
1383.6207275390625 1625213324.332098
1385.0574951171875 1625213324.33921
1390.489990234375 1625213324.346107
1388.4892578125 1625213324.353051
1382.1839599609375 1625213324.360133
1387.0504150390625 1625213324.367064
1389.0489501953125 1625213324.374098
1383.6207275390625 1625213324.381144
1374.4620361328125 1625213324.388112
1359.88623046875 1625213324.395092
1368.5714111328125 1625213324.402089
1361.3087158203125 1625213324.409083
1360.39892578125 1625213324.416175
1356.5341796875 1625213324.42296
1353.1915283203125 1625213324.429894
1358.4637451171875 1625213324.436913
1354.6099853515625 1625213324.443994
1361.8233642578125 1625213324.450959
1361.3087158203125 1625213324.458
1363.2479248046875 1625213324.465047
1366.619140625 1625213324.472001
1368.5714111328125 1625213324.479069
1373.3905029296875 1625213324.485922
1363.2479248046875 1625213324.492997
1364.67236328125 1625213324.500033
1364.67236328125 1625213324.507059
1366.619140625 1625213324.514119
1366.619140625 1625213324.521016
1368.5714111328125 1625213324.528103
1370.529296875 1625213324.535064
1370.0 1625213324.542045
1381.635498046875 1625213324.549029
1385.0574951171875 1625213324.556105
1395.3824462890625 1625213324.563153
1389.6103515625 1625213324.570114
1390.489990234375 1625213324.577134
1398.8438720703125 1625213324.583935
1397.3988037109375 1625213324.590915
1385.611572265625 1625213324.597875
1390.489990234375 1625213324.604884
1391.053466796875 1625213324.611842
1393.3717041015625 1625213324.618859
1392.496337890625 1625213324.6259
1393.9393310546875 1625213324.632901
1386.4942626953125 1625213324.639914
1385.0574951171875 1625213324.646934
1383.6207275390625 1625213324.653989
1387.0504150390625 1625213324.66091
1393.3717041015625 1625213324.668073
1407.83740234375 1625213324.674974
1406.385986328125 1625213324.68198
1403.7626953125 1625213324.688998
1405.797119140625 1625213324.696
1402.8985595703125 1625213324.70302
1402.3155517578125 1625213324.709942
1406.385986328125 1625213324.717046
1404.3477783203125 1625213324.723931
1406.385986328125 1625213324.731012
1407.83740234375 1625213324.737954
1402.3155517578125 1625213324.744919
1397.3988037109375 1625213324.751965
1405.797119140625 1625213324.758984
1409.8837890625 1625213324.76603
1408.43017578125 1625213324.773026
1402.8985595703125 1625213324.780115
1409.2889404296875 1625213324.78706
1409.2889404296875 1625213324.793919
1407.83740234375 1625213324.800824
1407.83740234375 1625213324.8079
1407.83740234375 1625213324.815016
1407.83740234375 1625213324.822026
1411.3372802734375 1625213324.829237
1409.2889404296875 1625213324.835992
1409.8837890625 1625213324.843073
1404.3477783203125 1625213324.849969
1407.83740234375 1625213324.857019
1402.8985595703125 1625213324.864059
1406.385986328125 1625213324.871049
1397.3988037109375 1625213324.877909
1404.3477783203125 1625213324.88491
1406.385986328125 1625213324.891843
1404.3477783203125 1625213324.898872
1404.9346923828125 1625213324.905847
1404.3477783203125 1625213324.912772
1402.8985595703125 1625213324.91986
1393.6324462890625 1625213324.926928
1387.0504150390625 1625213324.933849
1399.421142578125 1625213324.940848
1397.3988037109375 1625213324.948054
1399.421142578125 1625213324.955066
1393.3717041015625 1625213324.96216
1395.9537353515625 1625213324.969099
1400.0 1625213324.976834
1392.496337890625 1625213324.983743
1393.3717041015625 1625213324.99073
1399.421142578125 1625213324.997713
1402.8985595703125 1625213325.004686
1397.3988037109375 1625213325.011704
1397.3988037109375 1625213325.018681
1397.3988037109375 1625213325.025748
1397.3988037109375 1625213325.032784
1397.3988037109375 1625213325.039692
1400.8682861328125 1625213325.046825
1397.973876953125 1625213325.053755
1399.421142578125 1625213325.060758
1400.8682861328125 1625213325.067763
1400.8682861328125 1625213325.074776
1399.421142578125 1625213325.081768
1397.3988037109375 1625213325.088792
1400.8682861328125 1625213325.095856
1393.9393310546875 1625213325.102848
1399.421142578125 1625213325.109874
1400.8682861328125 1625213325.116859
1402.8985595703125 1625213325.123791
1400.8682861328125 1625213325.130789
1402.3155517578125 1625213325.137636
1399.421142578125 1625213325.144728
1398.8438720703125 1625213325.151689
1404.3477783203125 1625213325.158687
1399.421142578125 1625213325.165762
1400.8682861328125 1625213325.172699
1399.421142578125 1625213325.179924
1397.3988037109375 1625213325.186928
1398.8438720703125 1625213325.193967
1397.973876953125 1625213325.200954
1397.3988037109375 1625213325.20808
1399.421142578125 1625213325.215945
1397.3988037109375 1625213325.222961
1399.421142578125 1625213325.230135
1400.8682861328125 1625213325.237989
1401.4493408203125 1625213325.244884
1395.9537353515625 1625213325.25185
1390.489990234375 1625213325.258969
1393.9393310546875 1625213325.265911
1389.0489501953125 1625213325.272982
1389.0489501953125 1625213325.279785
1388.4892578125 1625213325.286701
1390.489990234375 1625213325.293745
1385.611572265625 1625213325.300676
1380.7470703125 1625213325.307744
1383.6207275390625 1625213325.314619
1390.489990234375 1625213325.321684
1387.0504150390625 1625213325.32874
1393.9393310546875 1625213325.335602
1385.0574951171875 1625213325.342712
1383.6207275390625 1625213325.349678
1390.489990234375 1625213325.356687
1389.0489501953125 1625213325.363679
1382.7337646484375 1625213325.370697
1398.8438720703125 1625213325.377676
1399.421142578125 1625213325.384667
1394.5086669921875 1625213325.391639
1392.496337890625 1625213325.398416
1389.0489501953125 1625213325.405416
1392.496337890625 1625213325.41256
1395.9537353515625 1625213325.419504
1397.3988037109375 1625213325.426434
1395.9537353515625 1625213325.433518
1397.3988037109375 1625213325.440583
1393.9393310546875 1625213325.447525
1390.489990234375 1625213325.454697
1391.9307861328125 1625213325.461522
1385.611572265625 1625213325.468541
1383.6207275390625 1625213325.475568
1394.5086669921875 1625213325.482712
1395.3824462890625 1625213325.489758
1395.3824462890625 1625213325.496755
1397.3988037109375 1625213325.503712
1397.3988037109375 1625213325.510748
1399.421142578125 1625213325.517693
1399.421142578125 1625213325.524744
1405.797119140625 1625213325.531737
1411.9359130859375 1625213325.538707
1411.3372802734375 1625213325.545459
1409.8837890625 1625213325.552551
1402.8985595703125 1625213325.559584
1404.3477783203125 1625213325.566565
1407.83740234375 1625213325.573469
1404.3477783203125 1625213325.580481
1400.8682861328125 1625213325.587567
1404.3477783203125 1625213325.59465
1395.9537353515625 1625213325.601579
1397.3988037109375 1625213325.608569
1395.3824462890625 1625213325.615499
1391.9307861328125 1625213325.62254
1392.496337890625 1625213325.629487
1397.3988037109375 1625213325.636772
1393.9393310546875 1625213325.643882
1400.8682861328125 1625213325.650837
1397.3988037109375 1625213325.657883
1400.8682861328125 1625213325.664888
1399.421142578125 1625213325.671873
1397.3988037109375 1625213325.679759
1397.3988037109375 1625213325.686463
1397.3988037109375 1625213325.693417
1398.8438720703125 1625213325.700735
1398.8438720703125 1625213325.707647
1399.421142578125 1625213325.714478
1399.421142578125 1625213325.721446
1393.9393310546875 1625213325.728527
1393.9393310546875 1625213325.735571
1395.9537353515625 1625213325.742581
1391.053466796875 1625213325.749452
1389.0489501953125 1625213325.756506
1389.0489501953125 1625213325.763524
1391.9307861328125 1625213325.77051
1391.9307861328125 1625213325.777819
1392.496337890625 1625213325.784762
1395.9537353515625 1625213325.791908
1393.9393310546875 1625213325.799914
1397.973876953125 1625213325.807907
1399.421142578125 1625213325.81563
1395.9537353515625 1625213325.822593
1393.9393310546875 1625213325.829716
1395.9537353515625 1625213325.836825
1397.3988037109375 1625213325.844043
1397.3988037109375 1625213325.850763
1390.489990234375 1625213325.857582
1387.0504150390625 1625213325.864474
1393.9393310546875 1625213325.871525
1395.3824462890625 1625213325.878503
1395.9537353515625 1625213325.885461
1392.496337890625 1625213325.892554
1387.0504150390625 1625213325.899559
1389.0489501953125 1625213325.906494
1389.0489501953125 1625213325.913505
1385.611572265625 1625213325.9205
1383.6207275390625 1625213325.927446
1385.611572265625 1625213325.934629
1383.6207275390625 1625213325.941483
1387.0504150390625 1625213325.948538
1388.4892578125 1625213325.955365
1385.611572265625 1625213325.96238
1383.6207275390625 1625213325.969314
1376.7908935546875 1625213325.97632
1383.6207275390625 1625213325.98332
1383.6207275390625 1625213325.990422
1387.0504150390625 1625213325.997355
1387.0504150390625 1625213326.004405
1389.0489501953125 1625213326.011701
1381.635498046875 1625213326.018627
1385.0574951171875 1625213326.025722
1386.1671142578125 1625213326.032723
1383.6207275390625 1625213326.039655
1385.611572265625 1625213326.046843
1383.6207275390625 1625213326.054769
1385.611572265625 1625213326.061747
1389.0489501953125 1625213326.068674
1385.611572265625 1625213326.075533
1380.2008056640625 1625213326.082496
1380.2008056640625 1625213326.089451
1383.6207275390625 1625213326.096479
1383.6207275390625 1625213326.103465
1387.0504150390625 1625213326.110538
1385.0574951171875 1625213326.117492
1380.7470703125 1625213326.124353
1375.3582763671875 1625213326.13138
1374.8211669921875 1625213326.138359
1375.3582763671875 1625213326.145356
1371.9599609375 1625213326.152317
1372.8570556640625 1625213326.159391
1375.3582763671875 1625213326.166281
1374.8211669921875 1625213326.173437
1373.3905029296875 1625213326.180625
1371.9599609375 1625213326.187716
1371.9599609375 1625213326.194684
1368.5714111328125 1625213326.201616
1366.619140625 1625213326.208642
1346.0452880859375 1625213326.21563
1336.146240234375 1625213326.222535
1345.55712890625 1625213326.229364
1358.4637451171875 1625213326.2364
1357.9544677734375 1625213326.243393
1359.88623046875 1625213326.250462
1359.88623046875 1625213326.257487
1363.76611328125 1625213326.264495
1364.67236328125 1625213326.271424
1368.5714111328125 1625213326.278509
1350.3544921875 1625213326.285461
1330.05615234375 1625213326.2925
1328.651611328125 1625213326.29948
1330.5322265625 1625213326.306556
1343.2203369140625 1625213326.313511
1341.8079833984375 1625213326.320526
1341.8079833984375 1625213326.327554
1334.73974609375 1625213326.334551
1333.8028564453125 1625213326.341426
1333.3333740234375 1625213326.348392
1331.9268798828125 1625213326.355341
1337.0787353515625 1625213326.362361
1330.5203857421875 1625213326.369304
1317.0391845703125 1625213326.376602
1300.970947265625 1625213326.383597
1307.371337890625 1625213326.390586
1304.1666259765625 1625213326.397573
1305.9805908203125 1625213326.404568
1309.192138671875 1625213326.41164
1300.970947265625 1625213326.418653
1304.1666259765625 1625213326.425643
1299.5838623046875 1625213326.432665
1299.5838623046875 1625213326.439617
1300.970947265625 1625213326.446622
1296.39892578125 1625213326.453699
1297.783935546875 1625213326.4615
1305.5555419921875 1625213326.468551
1312.412841796875 1625213326.475376
1310.5849609375 1625213326.482249
1312.412841796875 1625213326.489147
1305.9805908203125 1625213326.496157
1305.9805908203125 1625213326.503163
1306.9444580078125 1625213326.510196
1313.3704833984375 1625213326.517184
1326.7882080078125 1625213326.52423
1324.438232421875 1625213326.531175
1317.482421875 1625213326.538243
1325.3857421875 1625213326.545155
1320.2796630859375 1625213326.552267
1322.12890625 1625213326.559205
1313.3704833984375 1625213326.56621
1310.5849609375 1625213326.57319
1311.111083984375 1625213326.580183
1323.5294189453125 1625213326.587222
1333.3333740234375 1625213326.59422
1329.577392578125 1625213326.601378
1317.482421875 1625213326.608222
1305.9805908203125 1625213326.615242
1295.013916015625 1625213326.622237
1305.5555419921875 1625213326.629187
1302.3577880859375 1625213326.636087
1300.970947265625 1625213326.643043
1298.1968994140625 1625213326.65011
1303.3240966796875 1625213326.657124
1302.7777099609375 1625213326.664096
1296.39892578125 1625213326.671119
1294.6058349609375 1625213326.678119
1294.6058349609375 1625213326.685088
1295.013916015625 1625213326.69212
1293.22265625 1625213326.699112
1295.9888916015625 1625213326.706109
1299.5838623046875 1625213326.713127
1299.5838623046875 1625213326.72017
1303.198974609375 1625213326.727155
1295.013916015625 1625213326.734149
1300.970947265625 1625213326.74118
1308.76220703125 1625213326.748133
1311.977783203125 1625213326.755172
1315.6424560546875 1625213326.762152
1302.7777099609375 1625213326.769204
1299.5838623046875 1625213326.776173
1304.1666259765625 1625213326.783239
1304.1666259765625 1625213326.790204
1297.783935546875 1625213326.797181
1305.9805908203125 1625213326.804229
1304.1666259765625 1625213326.811064
1299.1689453125 1625213326.818122
1290.0552978515625 1625213326.825058
1286.50146484375 1625213326.832054
1288.27587890625 1625213326.839091
1288.6739501953125 1625213326.846123
1288.27587890625 1625213326.853107
1281.980712890625 1625213326.860084
1278.84619140625 1625213326.867165
1281.980712890625 1625213326.874032
1282.369140625 1625213326.881093
1281.5933837890625 1625213326.888102
1285.1239013671875 1625213326.895125
1281.980712890625 1625213326.902169
1285.1239013671875 1625213326.909173
1281.980712890625 1625213326.916134
1286.50146484375 1625213326.923167
1289.6551513671875 1625213326.930161
1291.4364013671875 1625213326.93708
1290.0552978515625 1625213326.944069
1286.8966064453125 1625213326.951112
1285.1239013671875 1625213326.958107
1291.034423828125 1625213326.965102
1294.6058349609375 1625213326.972156
1297.783935546875 1625213326.979128
1292.2437744140625 1625213326.985991
1291.4364013671875 1625213326.992964
1294.6058349609375 1625213326.999946
1286.8966064453125 1625213327.006995
1288.27587890625 1625213327.013971
1290.0552978515625 1625213327.021009
1288.27587890625 1625213327.028012
1285.1239013671875 1625213327.035113
1289.6551513671875 1625213327.041971
1291.4364013671875 1625213327.048959
1294.6058349609375 1625213327.056017
1286.8966064453125 1625213327.063042
1288.27587890625 1625213327.070083
1290.0552978515625 1625213327.077046
1290.0552978515625 1625213327.084035
1289.6551513671875 1625213327.091043
1292.413818359375 1625213327.098003
1301.388916015625 1625213327.105039
1297.783935546875 1625213327.112028
1299.1689453125 1625213327.119114
1296.39892578125 1625213327.126126
1299.5838623046875 1625213327.133072
1297.783935546875 1625213327.139923
1299.5838623046875 1625213327.14693
1299.5838623046875 1625213327.153993
1297.783935546875 1625213327.16093
1307.371337890625 1625213327.16804
1304.1666259765625 1625213327.174978
1290.0552978515625 1625213327.181968
1288.27587890625 1625213327.188953
1296.39892578125 1625213327.196054
1291.839599609375 1625213327.20303
1286.8966064453125 1625213327.209987
1286.8966064453125 1625213327.217015
1288.27587890625 1625213327.224005
1275.7200927734375 1625213327.230987
1278.84619140625 1625213327.238062
1291.839599609375 1625213327.244981
1295.9888916015625 1625213327.252069
1293.22265625 1625213327.259043
1295.013916015625 1625213327.26601
1291.4364013671875 1625213327.273
1290.0552978515625 1625213327.280011
1291.4364013671875 1625213327.287124
1291.4364013671875 1625213327.293995
1294.6058349609375 1625213327.301073
1294.6058349609375 1625213327.307899
1293.22265625 1625213327.314884
1292.8177490234375 1625213327.321889
1294.6058349609375 1625213327.328889
1295.9888916015625 1625213327.335956
1297.783935546875 1625213327.342895
1290.4564208984375 1625213327.349989
1288.27587890625 1625213327.356976
1290.0552978515625 1625213327.363956
1291.4364013671875 1625213327.371003
1286.8966064453125 1625213327.377966
1286.8966064453125 1625213327.385068
1283.74658203125 1625213327.391986
1280.605224609375 1625213327.398976
1272.602783203125 1625213327.405956
1269.4937744140625 1625213327.412935
1269.4937744140625 1625213327.420016
1272.602783203125 1625213327.426947
1275.7200927734375 1625213327.434029
1275.7200927734375 1625213327.441003
1275.7200927734375 1625213327.447966
1274.348388671875 1625213327.454991
1274.348388671875 1625213327.461986
1272.602783203125 1625213327.469035
1274.348388671875 1625213327.475901
1275.7200927734375 1625213327.482916
1277.4725341796875 1625213327.489941
1278.84619140625 1625213327.496945
1278.84619140625 1625213327.503809
1275.7200927734375 1625213327.510802
1277.4725341796875 1625213327.517902
1285.1239013671875 1625213327.524848
1281.980712890625 1625213327.531865
1282.369140625 1625213327.538862
1274.348388671875 1625213327.545788
1272.602783203125 1625213327.552903
1274.348388671875 1625213327.559806
1272.602783203125 1625213327.566837
1264.665771484375 1625213327.573879
1265.02734375 1625213327.580899
1261.937255859375 1625213327.587812
1261.937255859375 1625213327.594812
1263.301513671875 1625213327.601907
1258.8555908203125 1625213327.608951
1258.50341796875 1625213327.615898
1269.4937744140625 1625213327.622862
1268.1258544921875 1625213327.629869
1266.3934326171875 1625213327.636926
1261.580322265625 1625213327.643938
1272.602783203125 1625213327.65097
1263.301513671875 1625213327.657984
1261.937255859375 1625213327.664918
1263.301513671875 1625213327.671959
1263.301513671875 1625213327.678962
1264.665771484375 1625213327.68596
1265.02734375 1625213327.692912
1263.301513671875 1625213327.700006
1270.86181640625 1625213327.706782
1268.1258544921875 1625213327.713779
1266.3934326171875 1625213327.720817
1261.937255859375 1625213327.727768
1261.937255859375 1625213327.735087
1263.301513671875 1625213327.741811
1266.3934326171875 1625213327.748748
1265.02734375 1625213327.755815
1266.3934326171875 1625213327.762753
1263.301513671875 1625213327.769811
1263.6611328125 1625213327.776794
1261.580322265625 1625213327.783854
1263.301513671875 1625213327.790854
1266.3934326171875 1625213327.797835
1268.1258544921875 1625213327.804837
1268.1258544921875 1625213327.811824
1266.3934326171875 1625213327.818952
1265.02734375 1625213327.825834
1266.7578125 1625213327.83289
1267.759521484375 1625213327.839901
1269.4937744140625 1625213327.846897
1269.4937744140625 1625213327.85391
1266.7578125 1625213327.860867
1263.6611328125 1625213327.868085
1261.937255859375 1625213327.87483
1268.1258544921875 1625213327.881886
1265.02734375 1625213327.888832
1264.665771484375 1625213327.895974
1265.02734375 1625213327.902719
1269.4937744140625 1625213327.909729
1263.301513671875 1625213327.916839
1260.218017578125 1625213327.923714
1260.218017578125 1625213327.930675
1260.218017578125 1625213327.937702
1260.218017578125 1625213327.944642
1261.937255859375 1625213327.951797
1260.218017578125 1625213327.958783
1261.937255859375 1625213327.965725
1258.8555908203125 1625213327.972753
1255.7823486328125 1625213327.979716
1251.0177001953125 1625213327.986747
1255.7823486328125 1625213327.993745
1255.7823486328125 1625213328.000919
1249.6607666015625 1625213328.007726
1249.6607666015625 1625213328.014865
1251.0177001953125 1625213328.021728
1252.7174072265625 1625213328.028725
1252.7174072265625 1625213328.035782
1249.6607666015625 1625213328.042762
1249.6607666015625 1625213328.049844
1247.967529296875 1625213328.056777
1246.6124267578125 1625213328.063787
1243.5723876953125 1625213328.07074
1244.9256591796875 1625213328.077718
1246.6124267578125 1625213328.084814
1243.2431640625 1625213328.091837
1243.5723876953125 1625213328.098607
1240.54052734375 1625213328.105658
1240.54052734375 1625213328.11264
1243.5723876953125 1625213328.119751
1240.54052734375 1625213328.126738
1241.891845703125 1625213328.133696
1238.866455078125 1625213328.141047
1237.516845703125 1625213328.14797
1240.54052734375 1625213328.155062
1240.54052734375 1625213328.162038
1238.866455078125 1625213328.169018
1243.5723876953125 1625213328.176087
1240.54052734375 1625213328.183037
1241.891845703125 1625213328.190041
1238.866455078125 1625213328.196992
1241.891845703125 1625213328.20406
1241.891845703125 1625213328.211068
1243.9024658203125 1625213328.217899
1232.83984375 1625213328.22489
1232.83984375 1625213328.231822
1235.8489990234375 1625213328.238819
1240.54052734375 1625213328.245847
1240.54052734375 1625213328.252801
1240.54052734375 1625213328.260067
1231.493896484375 1625213328.267087
1233.153564453125 1625213328.273973
1235.8489990234375 1625213328.280994
1232.83984375 1625213328.287949
1232.83984375 1625213328.294952
1229.8387451171875 1625213328.301936
1226.8455810546875 1625213328.30905
1229.8387451171875 1625213328.31592
1231.493896484375 1625213328.322965
1231.493896484375 1625213328.330021
1231.493896484375 1625213328.336942
1232.83984375 1625213328.343846
1232.83984375 1625213328.350886
1237.516845703125 1625213328.35783
1234.5013427734375 1625213328.364794
1229.8387451171875 1625213328.371755
1229.8387451171875 1625213328.378813
1235.8489990234375 1625213328.385851
1237.516845703125 1625213328.392803
1237.516845703125 1625213328.399817
1235.8489990234375 1625213328.406893
1237.516845703125 1625213328.41394
1235.8489990234375 1625213328.420829
1237.516845703125 1625213328.427954
1235.8489990234375 1625213328.434899
1237.19677734375 1625213328.441901
1238.866455078125 1625213328.448914
1235.8489990234375 1625213328.456013
1237.516845703125 1625213328.462909
1234.5013427734375 1625213328.469856
1232.83984375 1625213328.476835
1232.83984375 1625213328.48395
1232.83984375 1625213328.490909
1234.5013427734375 1625213328.497997
1235.8489990234375 1625213328.504926
1237.516845703125 1625213328.511928
1235.8489990234375 1625213328.518935
1232.83984375 1625213328.525815
1234.5013427734375 1625213328.532675
1234.5013427734375 1625213328.539755
1234.1856689453125 1625213328.546677
1234.1856689453125 1625213328.553723
1234.5013427734375 1625213328.560782
1234.5013427734375 1625213328.567757
1235.8489990234375 1625213328.575007
1234.5013427734375 1625213328.582016
1238.866455078125 1625213328.589006
1233.153564453125 1625213328.596972
1234.5013427734375 1625213328.603917
1232.83984375 1625213328.610931
1235.8489990234375 1625213328.617899
1235.8489990234375 1625213328.624887
1237.19677734375 1625213328.631932
1238.866455078125 1625213328.638955
1237.516845703125 1625213328.645948
1238.866455078125 1625213328.652933
1238.866455078125 1625213328.659925
1237.516845703125 1625213328.666905
1237.19677734375 1625213328.673942
1237.516845703125 1625213328.680912
1237.516845703125 1625213328.68791
1235.8489990234375 1625213328.6949
1235.8489990234375 1625213328.701904
1238.866455078125 1625213328.708923
1237.516845703125 1625213328.715999
1241.891845703125 1625213328.722778
1238.866455078125 1625213328.729874
1238.866455078125 1625213328.736797
1238.866455078125 1625213328.743883
1238.866455078125 1625213328.750806
1238.866455078125 1625213328.757663
1235.8489990234375 1625213328.764742
1237.19677734375 1625213328.771642
1240.54052734375 1625213328.778671
1238.866455078125 1625213328.78565
1238.866455078125 1625213328.792727
1241.891845703125 1625213328.799874
1243.5723876953125 1625213328.807002
1238.866455078125 1625213328.813822
1237.516845703125 1625213328.820787
1238.866455078125 1625213328.82791
1238.866455078125 1625213328.834997
1236.1673583984375 1625213328.842685
1237.516845703125 1625213328.849666
1237.516845703125 1625213328.856632
1235.8489990234375 1625213328.86358
1240.54052734375 1625213328.870624
1240.54052734375 1625213328.877611
1238.866455078125 1625213328.884622
1240.54052734375 1625213328.891683
1240.54052734375 1625213328.898536
1240.54052734375 1625213328.90546
1240.54052734375 1625213328.912559
1240.2159423828125 1625213328.919503
1241.891845703125 1625213328.926514
1243.5723876953125 1625213328.93351
1241.891845703125 1625213328.940602
1240.54052734375 1625213328.94776
1238.866455078125 1625213328.954763
1241.891845703125 1625213328.961825
1241.891845703125 1625213328.968821
1241.891845703125 1625213328.97583
1238.866455078125 1625213328.982814
1234.1856689453125 1625213328.989849
1235.8489990234375 1625213328.996807
1238.866455078125 1625213329.003779
1238.866455078125 1625213329.010625
1239.189208984375 1625213329.017713
1238.866455078125 1625213329.024628
1235.8489990234375 1625213329.031553
1237.516845703125 1625213329.038716
1235.8489990234375 1625213329.045697
1234.5013427734375 1625213329.052599
1235.8489990234375 1625213329.059679
1237.516845703125 1625213329.066658
1234.5013427734375 1625213329.073531
1237.19677734375 1625213329.080476
1240.54052734375 1625213329.087491
1238.866455078125 1625213329.094535
1237.516845703125 1625213329.101505
1235.8489990234375 1625213329.108588
1232.83984375 1625213329.115507
1234.1856689453125 1625213329.122529
1236.1673583984375 1625213329.12953
1236.1673583984375 1625213329.136532
1235.8489990234375 1625213329.143664
1235.8489990234375 1625213329.150558
1234.1856689453125 1625213329.157613
1237.516845703125 1625213329.164593
1235.8489990234375 1625213329.171559
1240.54052734375 1625213329.178599
1240.54052734375 1625213329.185521
1240.54052734375 1625213329.192595
1240.54052734375 1625213329.199506
1241.891845703125 1625213329.20659
1240.54052734375 1625213329.213606
1240.54052734375 1625213329.220633
1243.5723876953125 1625213329.227637
1243.2431640625 1625213329.234578
1248.3038330078125 1625213329.241656
1246.6124267578125 1625213329.248629
1244.9256591796875 1625213329.255638
1247.967529296875 1625213329.262367
1247.967529296875 1625213329.269432
1247.967529296875 1625213329.276726
1244.9256591796875 1625213329.283657
1244.9256591796875 1625213329.29072
1243.5723876953125 1625213329.297689
1243.5723876953125 1625213329.304703
1238.866455078125 1625213329.311647
1238.866455078125 1625213329.318649
1238.866455078125 1625213329.325507
1243.5723876953125 1625213329.332516
1240.54052734375 1625213329.339558
1240.54052734375 1625213329.346544
1241.891845703125 1625213329.353615
1240.54052734375 1625213329.360643
1241.891845703125 1625213329.367569
1241.891845703125 1625213329.37455
1238.866455078125 1625213329.381632
1237.19677734375 1625213329.38863
1238.866455078125 1625213329.395545
1238.866455078125 1625213329.402683
1238.866455078125 1625213329.409609
1237.516845703125 1625213329.416592
1237.516845703125 1625213329.423607
1237.19677734375 1625213329.430626
1234.5013427734375 1625213329.437464
1235.8489990234375 1625213329.44451
1237.516845703125 1625213329.451485
1231.493896484375 1625213329.458464
1231.493896484375 1625213329.465506
1234.5013427734375 1625213329.472397
1237.516845703125 1625213329.479284
1238.866455078125 1625213329.486281
1240.54052734375 1625213329.493504
1240.54052734375 1625213329.500719
1240.54052734375 1625213329.50754
1237.516845703125 1625213329.514527
1237.19677734375 1625213329.521493
1237.516845703125 1625213329.528509
1234.5013427734375 1625213329.53561
1233.153564453125 1625213329.542542
1228.49462890625 1625213329.549665
1228.49462890625 1625213329.556768
1229.8387451171875 1625213329.563775
1231.493896484375 1625213329.570767
1229.8387451171875 1625213329.57746
1229.8387451171875 1625213329.5845
1231.182861328125 1625213329.591546
1232.83984375 1625213329.598502
1229.8387451171875 1625213329.605488
1234.5013427734375 1625213329.612406
1238.866455078125 1625213329.619374
1238.866455078125 1625213329.626388
1240.54052734375 1625213329.633359
1237.19677734375 1625213329.64033
1238.866455078125 1625213329.647421
1237.516845703125 1625213329.654317
1234.1856689453125 1625213329.661349
1234.1856689453125 1625213329.66836
1237.516845703125 1625213329.67531
1235.8489990234375 1625213329.682326
1240.54052734375 1625213329.689398
1234.5013427734375 1625213329.696387
1237.19677734375 1625213329.703321
1238.866455078125 1625213329.710428
1235.8489990234375 1625213329.71743
1238.866455078125 1625213329.724359
1237.516845703125 1625213329.731471
1238.866455078125 1625213329.738384
1237.516845703125 1625213329.745506
1240.54052734375 1625213329.752437
1240.54052734375 1625213329.759721
1243.2431640625 1625213329.76668
1243.5723876953125 1625213329.773696
1246.6124267578125 1625213329.780669
1243.2431640625 1625213329.787652
1241.891845703125 1625213329.794592
1240.2159423828125 1625213329.801561
1244.9256591796875 1625213329.808349
1246.6124267578125 1625213329.815529
1244.9256591796875 1625213329.822431
1244.9256591796875 1625213329.829461
1247.967529296875 1625213329.836351
1249.6607666015625 1625213329.843514
1246.6124267578125 1625213329.850317
1241.891845703125 1625213329.857365
1244.9256591796875 1625213329.864442
1242.21923828125 1625213329.871538
1238.866455078125 1625213329.878577
1241.891845703125 1625213329.885575
1243.5723876953125 1625213329.892511
1244.9256591796875 1625213329.899513
1247.967529296875 1625213329.906591
1249.322509765625 1625213329.913546
1244.9256591796875 1625213329.920557
1247.967529296875 1625213329.927595
1248.3038330078125 1625213329.934602
1251.0177001953125 1625213329.94163
1254.076171875 1625213329.948474
1255.7823486328125 1625213329.955376
1249.6607666015625 1625213329.962393
1258.8555908203125 1625213329.969185
1252.7174072265625 1625213329.976491
1254.076171875 1625213329.98351
1254.076171875 1625213329.990634
1252.37451171875 1625213329.997508
1251.0177001953125 1625213330.004492
1252.37451171875 1625213330.011563
1254.076171875 1625213330.018533
1251.0177001953125 1625213330.025536
1256.79345703125 1625213330.032307
1261.937255859375 1625213330.039319
1257.1429443359375 1625213330.046326
1257.1429443359375 1625213330.053371
1260.218017578125 1625213330.060467
1258.8555908203125 1625213330.067391
1254.4217529296875 1625213330.074485
1255.7823486328125 1625213330.081429
1249.6607666015625 1625213330.08841
1255.7823486328125 1625213330.095462
1258.50341796875 1625213330.102356
1252.7174072265625 1625213330.109391
1249.322509765625 1625213330.116439
1252.37451171875 1625213330.123413
1257.1429443359375 1625213330.130472
1260.218017578125 1625213330.137406
1255.7823486328125 1625213330.144494
1251.0177001953125 1625213330.15144
1252.7174072265625 1625213330.158276
1254.076171875 1625213330.165236
1260.218017578125 1625213330.172253
1261.937255859375 1625213330.17929
1262.295166015625 1625213330.1863
1258.8555908203125 1625213330.19324
1255.7823486328125 1625213330.200232
1261.937255859375 1625213330.207354
1261.937255859375 1625213330.21439
1265.02734375 1625213330.221302
1265.02734375 1625213330.228311
1265.02734375 1625213330.235301
1263.301513671875 1625213330.242304
1266.3934326171875 1625213330.249276
1265.02734375 1625213330.256275
1264.665771484375 1625213330.26327
1265.02734375 1625213330.270346
1263.301513671875 1625213330.277365
1258.8555908203125 1625213330.284378
1260.218017578125 1625213330.291534
1258.8555908203125 1625213330.298363
1258.8555908203125 1625213330.305368
1258.8555908203125 1625213330.312408
1254.076171875 1625213330.319338
1251.0177001953125 1625213330.326423
1252.7174072265625 1625213330.333316
1247.967529296875 1625213330.340589
1247.967529296875 1625213330.348264
1251.0177001953125 1625213330.355218
1251.0177001953125 1625213330.362305
1244.9256591796875 1625213330.369243
1247.967529296875 1625213330.37632
1246.6124267578125 1625213330.383253
1246.27880859375 1625213330.390276
1246.6124267578125 1625213330.397218
1249.322509765625 1625213330.404309
1251.0177001953125 1625213330.411259
1247.967529296875 1625213330.418336
1249.6607666015625 1625213330.425307
1246.6124267578125 1625213330.432259
1247.967529296875 1625213330.439348
1246.6124267578125 1625213330.446308
1254.4217529296875 1625213330.453268
1252.37451171875 1625213330.460365
1247.967529296875 1625213330.46735
1249.322509765625 1625213330.474284
1251.0177001953125 1625213330.481291
1251.3587646484375 1625213330.488281
1248.3038330078125 1625213330.495375
1249.6607666015625 1625213330.502116
1247.967529296875 1625213330.509156
1244.9256591796875 1625213330.516103
1246.6124267578125 1625213330.523164
1246.6124267578125 1625213330.530167
1247.967529296875 1625213330.53719
1247.967529296875 1625213330.544254
1247.967529296875 1625213330.551188
1249.6607666015625 1625213330.558281
1251.0177001953125 1625213330.565172
1249.6607666015625 1625213330.572296
1250.677490234375 1625213330.579261
1252.7174072265625 1625213330.586195
1246.6124267578125 1625213330.593257
1246.6124267578125 1625213330.600432
1247.967529296875 1625213330.607433
1244.9256591796875 1625213330.614434
1247.967529296875 1625213330.621353
1251.0177001953125 1625213330.628306
1252.7174072265625 1625213330.635409
1249.322509765625 1625213330.642275
1246.6124267578125 1625213330.649425
1245.2574462890625 1625213330.656271
1246.27880859375 1625213330.663189
1251.0177001953125 1625213330.670138
1248.3038330078125 1625213330.677168
1247.967529296875 1625213330.68414
1244.9256591796875 1625213330.691046
1243.5723876953125 1625213330.697955
1241.891845703125 1625213330.704924
1243.5723876953125 1625213330.712056
1244.9256591796875 1625213330.71897
1246.27880859375 1625213330.725954
1246.6124267578125 1625213330.732882
1244.9256591796875 1625213330.739992
1246.6124267578125 1625213330.746939
1243.5723876953125 1625213330.753965
1243.5723876953125 1625213330.760873
1244.9256591796875 1625213330.768008
1246.6124267578125 1625213330.774948
1243.5723876953125 1625213330.781965
1240.54052734375 1625213330.789003
1238.866455078125 1625213330.795948
1246.6124267578125 1625213330.803023
1244.9256591796875 1625213330.809982
1244.9256591796875 1625213330.816984
1243.5723876953125 1625213330.823999
1241.891845703125 1625213330.831063
1246.6124267578125 1625213330.838041
1240.54052734375 1625213330.845099
1244.9256591796875 1625213330.852041
1243.5723876953125 1625213330.859104
1240.8660888671875 1625213330.866031
1231.493896484375 1625213330.873099
1237.516845703125 1625213330.879897
1234.5013427734375 1625213330.886846
1234.5013427734375 1625213330.89416
1238.866455078125 1625213330.901182
1237.516845703125 1625213330.908141
1237.516845703125 1625213330.915214
1237.516845703125 1625213330.92232
1234.5013427734375 1625213330.929229
1234.5013427734375 1625213330.936288
1237.516845703125 1625213330.943212
1238.866455078125 1625213330.950359
1239.189208984375 1625213330.958319
1237.516845703125 1625213330.966339
1240.2159423828125 1625213330.973095
1237.19677734375 1625213330.980011
1238.866455078125 1625213330.986977
1241.891845703125 1625213330.994311
1243.5723876953125 1625213331.002184
1241.891845703125 1625213331.009207
1241.891845703125 1625213331.016191
1247.967529296875 1625213331.023258
1245.2574462890625 1625213331.030181
1247.967529296875 1625213331.037189
1251.0177001953125 1625213331.044213
1251.0177001953125 1625213331.051207
1251.0177001953125 1625213331.058082
1254.4217529296875 1625213331.064989
1254.076171875 1625213331.071981
1252.37451171875 1625213331.078974
1255.7823486328125 1625213331.085908
1252.7174072265625 1625213331.092996
1252.37451171875 1625213331.099926
1249.6607666015625 1625213331.106927
1247.967529296875 1625213331.11401
1247.967529296875 1625213331.121028
1251.0177001953125 1625213331.128032
1249.322509765625 1625213331.135014
1251.0177001953125 1625213331.141935
1254.076171875 1625213331.149
1251.0177001953125 1625213331.156051
1257.1429443359375 1625213331.162888
1258.8555908203125 1625213331.169881
1258.8555908203125 1625213331.176803
1255.7823486328125 1625213331.183864
1257.1429443359375 1625213331.190866
1258.50341796875 1625213331.197931
1261.937255859375 1625213331.204835
1263.301513671875 1625213331.211848
1265.02734375 1625213331.218813
1263.301513671875 1625213331.226152
1264.665771484375 1625213331.233246
1260.218017578125 1625213331.240258
1261.937255859375 1625213331.247201
1265.02734375 1625213331.254244
1263.6611328125 1625213331.262264
1258.50341796875 1625213331.27027
1258.50341796875 1625213331.277128
1257.4931640625 1625213331.284123
1264.665771484375 1625213331.290945
1265.02734375 1625213331.297867
1266.3934326171875 1625213331.304832
1263.301513671875 1625213331.311934
1263.301513671875 1625213331.31879
1263.301513671875 1625213331.325909
1263.301513671875 1625213331.332857
1266.3934326171875 1625213331.339853
1266.3934326171875 1625213331.346959
1271.2327880859375 1625213331.353904
1266.3934326171875 1625213331.360899
1266.3934326171875 1625213331.367924
1265.02734375 1625213331.374927
1257.1429443359375 1625213331.381871
1257.1429443359375 1625213331.388867
1258.50341796875 1625213331.395801
1266.3934326171875 1625213331.402921
1261.937255859375 1625213331.409767
1265.02734375 1625213331.416847
1268.1258544921875 1625213331.423793
1265.02734375 1625213331.430744
1260.218017578125 1625213331.437794
1260.218017578125 1625213331.4449
1260.218017578125 1625213331.451945
1265.02734375 1625213331.458915
1266.3934326171875 1625213331.465845
1261.937255859375 1625213331.473041
1260.218017578125 1625213331.480077
1261.580322265625 1625213331.487054
1261.937255859375 1625213331.494096
1263.301513671875 1625213331.501091
1265.02734375 1625213331.508151
1261.937255859375 1625213331.515219
1266.3934326171875 1625213331.523153
1263.301513671875 1625213331.530021
1263.301513671875 1625213331.537132
1265.02734375 1625213331.544276
1265.02734375 1625213331.551159
1264.665771484375 1625213331.559139
1266.7578125 1625213331.565143
1260.572998046875 1625213331.572212
1260.218017578125 1625213331.580154
1260.218017578125 1625213331.588018
1260.218017578125 1625213331.595012
1254.076171875 1625213331.601969
1257.1429443359375 1625213331.608975
1254.076171875 1625213331.615943
1254.076171875 1625213331.62306
1252.7174072265625 1625213331.629977
1252.7174072265625 1625213331.637029
1255.7823486328125 1625213331.644025
1254.076171875 1625213331.651074
1254.076171875 1625213331.658113
1258.50341796875 1625213331.66506
1261.937255859375 1625213331.672045
1266.3934326171875 1625213331.679085
1265.02734375 1625213331.686093
1261.937255859375 1625213331.693145
1258.8555908203125 1625213331.700053
1260.218017578125 1625213331.707113
1258.8555908203125 1625213331.714167
1260.572998046875 1625213331.721164
1257.1429443359375 1625213331.728983
1258.50341796875 1625213331.73599
1261.580322265625 1625213331.742964
1263.301513671875 1625213331.750015
1260.218017578125 1625213331.757016
1263.301513671875 1625213331.763957
1263.301513671875 1625213331.770953
1266.3934326171875 1625213331.777949
1265.02734375 1625213331.7849
1265.02734375 1625213331.792066
1263.301513671875 1625213331.799073
1268.1258544921875 1625213331.806034
1261.937255859375 1625213331.812951
1263.301513671875 1625213331.819957
1263.301513671875 1625213331.826986
1261.937255859375 1625213331.834017
1263.301513671875 1625213331.841007
1263.301513671875 1625213331.847984
1255.7823486328125 1625213331.855004
1269.4937744140625 1625213331.862028
1269.4937744140625 1625213331.869059
1268.1258544921875 1625213331.876122
1267.759521484375 1625213331.883913
1271.2327880859375 1625213331.89091
1265.02734375 1625213331.897928
1266.3934326171875 1625213331.905164
1260.572998046875 1625213331.912743
1261.937255859375 1625213331.919839
1266.3934326171875 1625213331.92678
1266.3934326171875 1625213331.933844
1272.602783203125 1625213331.940823
1272.9766845703125 1625213331.947813
1272.602783203125 1625213331.954786
1269.4937744140625 1625213331.961761
1271.2327880859375 1625213331.968736
1271.2327880859375 1625213331.97564
1269.4937744140625 1625213331.982742
1271.2327880859375 1625213331.989661
1272.602783203125 1625213331.996654
1271.2327880859375 1625213332.003667
1272.602783203125 1625213332.010655
1271.2327880859375 1625213332.017615
1272.602783203125 1625213332.02464
1272.602783203125 1625213332.031565
1272.602783203125 1625213332.038577
1269.4937744140625 1625213332.045521
1269.863037109375 1625213332.052559
1271.2327880859375 1625213332.05944
1269.863037109375 1625213332.066658
1268.1258544921875 1625213332.073569
1266.3934326171875 1625213332.080595
1261.580322265625 1625213332.087559
1261.937255859375 1625213332.094622
1260.218017578125 1625213332.101556
1263.301513671875 1625213332.108537
1261.937255859375 1625213332.115601
1261.580322265625 1625213332.122559
1263.301513671875 1625213332.12956
1263.301513671875 1625213332.136576
1260.572998046875 1625213332.143525
1260.218017578125 1625213332.150612
1266.3934326171875 1625213332.157597
1265.02734375 1625213332.164626
1263.301513671875 1625213332.17154
1263.301513671875 1625213332.178582
1265.02734375 1625213332.185475
1263.301513671875 1625213332.192394
1263.301513671875 1625213332.199498
1266.3934326171875 1625213332.206465
1263.301513671875 1625213332.213422
1265.02734375 1625213332.220458
1266.7578125 1625213332.227408
1268.1258544921875 1625213332.234475
1261.937255859375 1625213332.24145
1264.665771484375 1625213332.248576
1265.02734375 1625213332.255551
1264.665771484375 1625213332.262491
1265.02734375 1625213332.269556
1266.7578125 1625213332.276516
1263.6611328125 1625213332.283663
1263.301513671875 1625213332.290588
1260.218017578125 1625213332.297537
1265.02734375 1625213332.30456
1266.7578125 1625213332.311572
1266.3934326171875 1625213332.318607
1266.3934326171875 1625213332.325548
1268.1258544921875 1625213332.332619
1265.02734375 1625213332.339587
1260.218017578125 1625213332.346583
1258.8555908203125 1625213332.353604
1260.218017578125 1625213332.360675
1255.7823486328125 1625213332.367416
1252.37451171875 1625213332.374319
1249.322509765625 1625213332.381358
1252.37451171875 1625213332.388375
1254.4217529296875 1625213332.395349
1258.50341796875 1625213332.402399
1257.1429443359375 1625213332.409349
1263.301513671875 1625213332.416453
1266.3934326171875 1625213332.423442
1261.937255859375 1625213332.430404
1263.301513671875 1625213332.437412
1266.3934326171875 1625213332.444463
1267.759521484375 1625213332.451444
1270.86181640625 1625213332.458388
1269.863037109375 1625213332.465489
1266.3934326171875 1625213332.472439
1270.86181640625 1625213332.479481
1269.4937744140625 1625213332.486464
1266.3934326171875 1625213332.493457
1264.665771484375 1625213332.500533
1268.1258544921875 1625213332.507451
1268.1258544921875 1625213332.514496
1269.4937744140625 1625213332.521543
1268.1258544921875 1625213332.52856
1269.4937744140625 1625213332.535547
1269.4937744140625 1625213332.542529
1269.4937744140625 1625213332.549591
1265.02734375 1625213332.556343
1271.2327880859375 1625213332.563285
1268.1258544921875 1625213332.570379
1269.4937744140625 1625213332.577285
1266.3934326171875 1625213332.584304
1267.759521484375 1625213332.59129
1268.1258544921875 1625213332.598347
1269.4937744140625 1625213332.6054
1268.1258544921875 1625213332.612376
1268.1258544921875 1625213332.619411
1268.1258544921875 1625213332.626357
1272.602783203125 1625213332.633474
1271.2327880859375 1625213332.640381
1271.2327880859375 1625213332.647389
1271.2327880859375 1625213332.654455
1269.4937744140625 1625213332.661367
1268.1258544921875 1625213332.668457
1271.2327880859375 1625213332.675411
1269.4937744140625 1625213332.682557
1273.97265625 1625213332.689402
1275.7200927734375 1625213332.696456
1275.7200927734375 1625213332.703382
1274.348388671875 1625213332.710395
1275.7200927734375 1625213332.717451
1277.0919189453125 1625213332.724434
