1610.68701171875 1637769797.668071
1610.68701171875 1637769797.829963
1610.68701171875 1637769797.991828
1610.68701171875 1637769798.153869
1610.68701171875 1637769798.315921
1610.68701171875 1637769798.477864
1610.68701171875 1637769798.639856
1610.68701171875 1637769798.801713
1610.68701171875 1637769798.963649
1610.68701171875 1637769799.125726
1610.68701171875 1637769799.287511
1610.68701171875 1637769799.449624
1610.68701171875 1637769799.61148
1610.68701171875 1637769799.773533
1610.68701171875 1637769799.935435
1610.68701171875 1637769800.097353
1610.68701171875 1637769800.260345
1610.68701171875 1637769800.4222
1610.68701171875 1637769800.584254
1610.68701171875 1637769800.746152
1610.68701171875 1637769800.90821
1610.68701171875 1637769801.070138
1610.68701171875 1637769801.232018
1610.68701171875 1637769801.39408
1610.68701171875 1637769801.555925
1610.68701171875 1637769801.717888
1610.68701171875 1637769801.879953
1610.68701171875 1637769802.041823
1610.68701171875 1637769802.203806
1610.68701171875 1637769802.365699
1610.68701171875 1637769802.527719
1610.68701171875 1637769802.689645
1610.68701171875 1637769802.851604
1610.68701171875 1637769803.013608
1610.68701171875 1637769803.175504
1610.68701171875 1637769803.337397
1610.68701171875 1637769803.499437
1610.68701171875 1637769803.661318
1610.68701171875 1637769803.82333
1610.68701171875 1637769803.985231
1610.68701171875 1637769804.147207
1610.68701171875 1637769804.309135
1610.68701171875 1637769804.471063
1610.68701171875 1637769804.633248
1610.68701171875 1637769804.795049
1610.68701171875 1637769804.956946
1610.68701171875 1637769805.118982
1610.68701171875 1637769805.28093
1610.68701171875 1637769805.442782
1610.68701171875 1637769805.604935
1610.68701171875 1637769805.766754
1610.68701171875 1637769805.928629
1610.68701171875 1637769806.090713
1610.68701171875 1637769806.252629
1610.68701171875 1637769806.414544
1610.68701171875 1637769806.576595
1610.68701171875 1637769806.73847
1610.68701171875 1637769806.900329
1610.68701171875 1637769807.062436
1610.68701171875 1637769807.22428
1610.68701171875 1637769807.386353
1610.68701171875 1637769807.54822
1610.68701171875 1637769807.710333
1610.68701171875 1637769807.872247
1610.68701171875 1637769808.033994
1610.68701171875 1637769808.19607
1610.68701171875 1637769808.358155
1610.68701171875 1637769808.519994
1610.68701171875 1637769808.681985
1610.68701171875 1637769808.843891
1610.68701171875 1637769809.005812
1610.68701171875 1637769809.167787
1610.68701171875 1637769809.329766
1610.68701171875 1637769809.491668
1610.68701171875 1637769809.653627
1610.68701171875 1637769809.815593
1610.68701171875 1637769809.97754
1610.68701171875 1637769810.139411
1610.68701171875 1637769810.301447
1610.68701171875 1637769810.463471
1610.68701171875 1637769810.625243
1610.68701171875 1637769810.787311
1610.68701171875 1637769810.949331
1610.68701171875 1637769811.111222
1610.68701171875 1637769811.273202
1610.68701171875 1637769811.435128
1610.68701171875 1637769811.596978
1610.68701171875 1637769811.759035
1610.68701171875 1637769811.921051
1610.68701171875 1637769812.08298
1610.68701171875 1637769812.244883
1610.68701171875 1637769812.406764
1610.68701171875 1637769812.568777
1610.68701171875 1637769812.730803
1610.68701171875 1637769812.892703
1610.68701171875 1637769813.054797
1610.68701171875 1637769813.216749
1610.68701171875 1637769813.378513
1610.68701171875 1637769813.540545
1610.68701171875 1637769813.702467
1610.68701171875 1637769813.864435
1610.68701171875 1637769814.026325
1610.68701171875 1637769814.188385
1610.68701171875 1637769814.350254
1610.68701171875 1637769814.512226
1610.68701171875 1637769814.674119
1610.68701171875 1637769814.836154
1610.68701171875 1637769814.998065
1610.68701171875 1637769815.160159
1610.68701171875 1637769815.322049
1610.68701171875 1637769815.484052
1610.68701171875 1637769815.645891
1610.68701171875 1637769815.807926
1610.68701171875 1637769815.969789
1610.68701171875 1637769816.131802
1610.68701171875 1637769816.293691
1610.68701171875 1637769816.455715
1610.68701171875 1637769816.617554
1610.68701171875 1637769816.779573
1610.68701171875 1637769816.941466
1610.68701171875 1637769817.103496
1610.68701171875 1637769817.265375
1610.68701171875 1637769817.427419
1610.68701171875 1637769817.58929
1610.68701171875 1637769817.751394
1610.68701171875 1637769817.913332
1610.68701171875 1637769818.07519
1610.68701171875 1637769818.237373
1610.68701171875 1637769818.399113
1610.68701171875 1637769818.56112
1610.68701171875 1637769818.723038
1610.68701171875 1637769818.885047
1610.68701171875 1637769819.046996
1610.68701171875 1637769819.208889
1610.68701171875 1637769819.370754
1610.68701171875 1637769819.532855
1610.68701171875 1637769819.694711
1610.68701171875 1637769819.856699
1610.68701171875 1637769820.01858
1610.68701171875 1637769820.180653
1610.68701171875 1637769820.342495
1610.68701171875 1637769820.504572
1610.68701171875 1637769820.666469
1610.68701171875 1637769820.828509
1610.68701171875 1637769820.990349
1610.68701171875 1637769821.152308
1610.68701171875 1637769821.314335
1610.68701171875 1637769821.47619
1610.68701171875 1637769821.638132
1610.68701171875 1637769821.800144
1610.68701171875 1637769821.96214
1610.68701171875 1637769822.124151
1610.68701171875 1637769822.28594
1610.68701171875 1637769822.447957
1610.68701171875 1637769822.609999
1610.68701171875 1637769822.771805
1610.68701171875 1637769822.933863
1610.68701171875 1637769823.095759
1610.68701171875 1637769823.257738
1610.68701171875 1637769823.419587
1610.68701171875 1637769823.581623
1610.68701171875 1637769823.743678
1610.68701171875 1637769823.905487
1610.68701171875 1637769824.067593
1610.68701171875 1637769824.229404
1610.68701171875 1637769824.391473
1610.68701171875 1637769824.55331
1610.68701171875 1637769824.71527
1610.68701171875 1637769824.877245
1610.68701171875 1637769825.039251
1610.68701171875 1637769825.201128
1610.68701171875 1637769825.363186
1610.68701171875 1637769825.525025
1610.68701171875 1637769825.687163
1610.68701171875 1637769825.84895
1610.68701171875 1637769826.010985
1610.68701171875 1637769826.172853
1610.68701171875 1637769826.334922
1610.68701171875 1637769826.49682
1610.68701171875 1637769826.658751
1610.68701171875 1637769826.820814
1610.68701171875 1637769826.982672
1610.68701171875 1637769827.144536
1610.68701171875 1637769827.306557
1610.68701171875 1637769827.468488
1610.68701171875 1637769827.630547
1610.68701171875 1637769827.792434
1610.68701171875 1637769827.954331
1610.68701171875 1637769828.116476
1610.68701171875 1637769828.278287
1610.68701171875 1637769828.440189
1610.68701171875 1637769828.602238
1610.68701171875 1637769828.764208
1610.68701171875 1637769828.926196
1610.68701171875 1637769829.088033
1610.68701171875 1637769829.250098
1610.68701171875 1637769829.41189
1610.68701171875 1637769829.573987
1610.68701171875 1637769829.736031
1610.68701171875 1637769829.897836
1610.68701171875 1637769830.059751
1610.68701171875 1637769830.221743
1610.68701171875 1637769830.383614
1610.68701171875 1637769830.545678
1610.68701171875 1637769830.707634
1610.68701171875 1637769830.869594
1610.68701171875 1637769831.031454
1610.68701171875 1637769831.19352
1610.68701171875 1637769831.355414
1610.68701171875 1637769831.517464
1610.68701171875 1637769831.679339
1610.68701171875 1637769831.841341
1610.68701171875 1637769832.0032
1610.68701171875 1637769832.165226
1610.68701171875 1637769832.327058
1610.68701171875 1637769832.489197
1610.68701171875 1637769832.651015
1610.68701171875 1637769832.813103
1610.68701171875 1637769832.974975
1610.68701171875 1637769833.136877
1610.68701171875 1637769833.298941
1610.68701171875 1637769833.460849
1610.68701171875 1637769833.622825
1610.68701171875 1637769833.784915
1610.68701171875 1637769833.946698
1610.68701171875 1637769834.108727
1610.68701171875 1637769834.270624
1610.68701171875 1637769834.432651
1610.68701171875 1637769834.594434
1610.68701171875 1637769834.756451
1610.68701171875 1637769834.91847
1610.68701171875 1637769835.080269
1610.68701171875 1637769835.242288
1610.68701171875 1637769835.404303
1610.68701171875 1637769835.566232
1610.68701171875 1637769835.728132
1610.68701171875 1637769835.890144
1610.68701171875 1637769836.0521
1610.68701171875 1637769836.214113
1610.68701171875 1637769836.375955
1610.68701171875 1637769836.537921
1610.68701171875 1637769836.699945
1610.68701171875 1637769836.861905
1610.68701171875 1637769837.023784
1610.68701171875 1637769837.185792
1610.68701171875 1637769837.347655
1610.68701171875 1637769837.50968
1610.68701171875 1637769837.671533
1610.68701171875 1637769837.833517
1610.68701171875 1637769837.995541
1610.68701171875 1637769838.157459
1610.68701171875 1637769838.319409
1610.68701171875 1637769838.481515
1610.68701171875 1637769838.643323
1610.68701171875 1637769838.805335
1610.68701171875 1637769838.967274
1610.68701171875 1637769839.129353
1610.68701171875 1637769839.291099
1610.68701171875 1637769839.453141
1610.68701171875 1637769839.615005
1610.68701171875 1637769839.777071
1610.68701171875 1637769839.938937
1610.68701171875 1637769840.100983
1610.68701171875 1637769840.262848
1610.68701171875 1637769840.424842
1610.68701171875 1637769840.586849
1610.68701171875 1637769840.748721
1610.68701171875 1637769840.910753
1610.68701171875 1637769841.07262
1610.68701171875 1637769841.234621
1610.68701171875 1637769841.396614
1610.68701171875 1637769841.55845
1610.68701171875 1637769841.720441
1610.68701171875 1637769841.882436
1610.68701171875 1637769842.044282
1610.68701171875 1637769842.206311
1610.68701171875 1637769842.368321
1610.68701171875 1637769842.530305
1610.68701171875 1637769842.692118
1610.68701171875 1637769842.854084
1610.68701171875 1637769843.016133
1610.68701171875 1637769843.178129
1610.68701171875 1637769843.339971
1610.68701171875 1637769843.501954
1610.68701171875 1637769843.663858
1610.68701171875 1637769843.825828
1610.68701171875 1637769843.987819
1610.68701171875 1637769844.149933
1610.68701171875 1637769844.31166
1610.68701171875 1637769844.473629
1610.68701171875 1637769844.635684
1610.68701171875 1637769844.797628
1610.68701171875 1637769844.959475
1610.68701171875 1637769845.121525
1610.68701171875 1637769845.283376
1610.68701171875 1637769845.445443
1610.68701171875 1637769845.607347
1610.68701171875 1637769845.769355
1610.68701171875 1637769845.93134
1610.68701171875 1637769846.093193
1610.68701171875 1637769846.255215
1610.68701171875 1637769846.417063
1610.68701171875 1637769846.579029
1610.68701171875 1637769846.741078
1610.68701171875 1637769846.903018
1610.68701171875 1637769847.064887
1610.68701171875 1637769847.2269
1610.68701171875 1637769847.38887
1610.68701171875 1637769847.550731
1610.68701171875 1637769847.712768
1610.68701171875 1637769847.874649
1610.68701171875 1637769848.036617
1610.68701171875 1637769848.198654
1610.68701171875 1637769848.360542
1610.68701171875 1637769848.522447
1610.68701171875 1637769848.684514
1610.68701171875 1637769848.846386
1610.68701171875 1637769849.008399
1610.68701171875 1637769849.170376
1610.68701171875 1637769849.33237
1610.68701171875 1637769849.494141
1610.68701171875 1637769849.656216
1610.68701171875 1637769849.818106
1610.68701171875 1637769849.980083
1610.68701171875 1637769850.142086
1610.68701171875 1637769850.303979
1610.68701171875 1637769850.466019
1610.68701171875 1637769850.627857
1610.68701171875 1637769850.789847
1610.68701171875 1637769850.951759
1610.68701171875 1637769851.11374
1610.68701171875 1637769851.275822
1610.68701171875 1637769851.437627
1610.68701171875 1637769851.599673
1610.68701171875 1637769851.761545
1610.68701171875 1637769851.923607
1610.68701171875 1637769852.085445
1610.68701171875 1637769852.24746
1610.68701171875 1637769852.409496
1610.68701171875 1637769852.571405
1610.68701171875 1637769852.733405
1610.68701171875 1637769852.895206
1610.68701171875 1637769853.057215
1610.68701171875 1637769853.219223
1610.68701171875 1637769853.381184
1610.68701171875 1637769853.543113
1610.68701171875 1637769853.705151
1610.68701171875 1637769853.867012
1610.68701171875 1637769854.028885
1610.68701171875 1637769854.19094
1610.68701171875 1637769854.352858
1610.68701171875 1637769854.514876
1610.68701171875 1637769854.676678
1610.68701171875 1637769854.838669
1610.68701171875 1637769855.000675
1610.68701171875 1637769855.162657
1610.68701171875 1637769855.324524
1610.68701171875 1637769855.48652
1610.68701171875 1637769855.648543
1610.68701171875 1637769855.810492
1610.68701171875 1637769855.972334
1610.68701171875 1637769856.13435
1610.68701171875 1637769856.29645
1610.68701171875 1637769856.458182
1610.68701171875 1637769856.620173
1610.68701171875 1637769856.782238
1610.68701171875 1637769856.944187
1610.68701171875 1637769857.105998
1610.68701171875 1637769857.267943
1610.68701171875 1637769857.429888
1610.68701171875 1637769857.591857
1610.68701171875 1637769857.753808
1610.68701171875 1637769857.915827
1610.68701171875 1637769858.077875
1610.68701171875 1637769858.23969
1610.68701171875 1637769858.401687
1610.68701171875 1637769858.563644
1610.68701171875 1637769858.725625
1610.68701171875 1637769858.887499
1610.68701171875 1637769859.049476
1610.68701171875 1637769859.211487
1610.68701171875 1637769859.373339
1610.68701171875 1637769859.53537
1610.68701171875 1637769859.697262
1610.68701171875 1637769859.859262
1610.68701171875 1637769860.021139
1610.68701171875 1637769860.183231
1610.68701171875 1637769860.345099
1610.68701171875 1637769860.50717
1610.68701171875 1637769860.669019
1610.68701171875 1637769860.831054
1610.68701171875 1637769860.992916
1610.68701171875 1637769861.154819
1610.68701171875 1637769861.316837
1610.68701171875 1637769861.478889
1610.68701171875 1637769861.640725
1610.68701171875 1637769861.802747
1610.68701171875 1637769861.964585
1610.68701171875 1637769862.126631
1610.68701171875 1637769862.288636
1610.68701171875 1637769862.450558
1610.68701171875 1637769862.612535
1610.68701171875 1637769862.774495
1610.68701171875 1637769862.936308
1610.68701171875 1637769863.098365
1610.68701171875 1637769863.260197
1610.68701171875 1637769863.422213
1610.68701171875 1637769863.584226
1610.68701171875 1637769863.746219
1610.68701171875 1637769863.90815
1610.68701171875 1637769864.070035
1610.68701171875 1637769864.232041
1610.68701171875 1637769864.393923
1610.68701171875 1637769864.555987
1610.68701171875 1637769864.717863
1610.68701171875 1637769864.879871
1610.68701171875 1637769865.041754
1610.68701171875 1637769865.20376
1610.68701171875 1637769865.36575
1610.68701171875 1637769865.527598
1610.68701171875 1637769865.68962
1610.68701171875 1637769865.85163
1610.68701171875 1637769866.013573
1610.68701171875 1637769866.175534
1610.68701171875 1637769866.337389
1610.68701171875 1637769866.499435
1610.68701171875 1637769866.661274
1610.68701171875 1637769866.823263
1610.68701171875 1637769866.98514
1610.68701171875 1637769867.147174
1610.68701171875 1637769867.309191
1610.68701171875 1637769867.471081
1610.68701171875 1637769867.633266
1610.68701171875 1637769867.794952
1610.68701171875 1637769867.957034
1610.68701171875 1637769868.11889
1610.68701171875 1637769868.280751
1610.68701171875 1637769868.44283
1610.68701171875 1637769868.604694
1610.68701171875 1637769868.766744
1610.68701171875 1637769868.928535
1610.68701171875 1637769869.090541
1610.68701171875 1637769869.252593
1610.68701171875 1637769869.414564
1610.68701171875 1637769869.576432
1610.68701171875 1637769869.738455
1610.68701171875 1637769869.900349
1610.68701171875 1637769870.062391
1610.68701171875 1637769870.224265
1610.68701171875 1637769870.386322
1610.68701171875 1637769870.548211
1610.68701171875 1637769870.710112
1610.68701171875 1637769870.872244
1610.68701171875 1637769871.034094
1610.68701171875 1637769871.195935
1610.68701171875 1637769871.35793
1610.68701171875 1637769871.519925
1610.68701171875 1637769871.681769
1610.68701171875 1637769871.843848
1610.68701171875 1637769872.005885
1610.68701171875 1637769872.167766
1610.68701171875 1637769872.329798
1610.68701171875 1637769872.491621
1610.68701171875 1637769872.653512
1610.68701171875 1637769872.815621
1610.68701171875 1637769872.977593
1610.68701171875 1637769873.139363
1610.68701171875 1637769873.301383
