-1.94 1624947724.698938 start_exp
-1.94 1624947724.984673 start_0_iteration
-1.94 1624947725.785839
-1.94 1624947725.789574
-1.94 1624947725.79321
-1.94 1624947725.796755
-1.94 1624947725.800324
-1.94 1624947725.803905
-1.94 1624947725.807573
-1.94 1624947725.811179
-1.94 1624947725.814681
-1.94 1624947725.81824
-1.94 1624947725.82197
-1.94 1624947725.825795
-1.94 1624947725.829649
-1.94 1624947725.833593
-1.94 1624947725.837304
-1.94 1624947725.841078
-1.94 1624947725.844799
-1.94 1624947725.848707
-1.94 1624947725.85241
-1.94 1624947725.856244
-1.94 1624947725.860095
-1.94 1624947725.863987
-1.94 1624947725.867723
-1.94 1624947725.871497
-1.94 1624947725.875254
-1.94 1624947725.878986
-1.94 1624947725.886975
-1.94 1624947725.890776
-1.94 1624947725.894541
-1.94 1624947725.898297
-1.94 1624947725.902022
-1.94 1624947725.905846
-1.94 1624947725.909612
-1.94 1624947725.913487
-1.94 1624947725.917281
-1.94 1624947725.921012
-1.94 1624947725.924798
-1.94 1624947725.92855
-1.94 1624947725.93237
-1.94 1624947725.936229
-1.94 1624947725.940076
-1.94 1624947725.943858
-1.94 1624947725.951552
-1.94 1624947725.955363
-1.94 1624947725.959224
-1.94 1624947725.96303
-1.94 1624947725.967008
-1.94 1624947725.970926
-1.94 1624947725.974739
-1.94 1624947725.978589
-1.94 1624947725.987887
-1.94 1624947725.991703
-1.94 1624947725.995644
-1.94 1624947726.003091
-1.94 1624947726.006898
-1.94 1624947726.01083
-1.94 1624947726.01471
-1.94 1624947726.018521
-1.94 1624947726.02224
-1.94 1624947726.025953
-1.94 1624947726.029757
-1.94 1624947726.033653
-1.94 1624947726.03733
-1.94 1624947726.041134
-1.94 1624947726.04499
-1.94 1624947726.048854
-1.94 1624947726.052664
-1.94 1624947726.05629
-1.94 1624947726.060221
-1.94 1624947726.06401
-1.94 1624947726.06772
-1.94 1624947726.071529
-1.94 1624947726.075381
-1.94 1624947726.079303
-1.94 1624947726.088112
-1.94 1624947726.091834
-1.94 1624947726.095666
-1.94 1624947726.099475
-1.94 1624947726.10331
-1.94 1624947726.107059
-1.94 1624947726.11071
-1.94 1624947726.114691
-1.94 1624947726.118409
-1.94 1624947726.122277
-1.94 1624947726.12612
-1.94 1624947726.130009
-1.94 1624947726.13381
-1.94 1624947726.137687
-1.94 1624947726.141531
-1.94 1624947726.145288
-1.94 1624947726.149077
-1.94 1624947726.152786
7.29 1624947726.156937
21.23 1624947726.191747 touch_grd
6.67 1624947727.29629 go_up_roll
-1.94 1624947728.415521 start_1_iteration
-1.94 1624947729.102903
-1.94 1624947729.106585
-1.94 1624947729.110165
-1.94 1624947729.113712
-1.94 1624947729.117295
-1.94 1624947729.120875
-1.94 1624947729.124475
-1.94 1624947729.128018
-1.94 1624947729.131548
-1.94 1624947729.135145
-1.94 1624947729.138696
-1.94 1624947729.142288
-1.94 1624947729.145802
-1.94 1624947729.149656
-1.94 1624947729.153215
-1.94 1624947729.156726
-1.94 1624947729.1603
-1.94 1624947729.163957
-1.94 1624947729.16755
-1.94 1624947729.171159
-1.94 1624947729.174822
-1.94 1624947729.17839
-1.94 1624947729.181881
-1.94 1624947729.185483
-1.94 1624947729.189003
-1.94 1624947729.192613
-1.94 1624947729.197436
-1.94 1624947729.200966
-1.94 1624947729.204642
-1.94 1624947729.208232
-1.94 1624947729.211785
-1.94 1624947729.215369
-1.94 1624947729.218935
-1.94 1624947729.222555
-1.94 1624947729.22617
-1.94 1624947729.229686
-1.94 1624947729.233247
-1.94 1624947729.236775
-1.94 1624947729.240407
-1.94 1624947729.24403
-1.94 1624947729.24763
-1.94 1624947729.251162
-1.94 1624947729.254722
-1.94 1624947729.258326
-1.94 1624947729.262034
-1.94 1624947729.265576
-1.94 1624947729.269267
-1.94 1624947729.272771
-1.94 1624947729.276358
-1.94 1624947729.279929
-1.94 1624947729.283625
-1.94 1624947729.287165
-1.94 1624947729.290734
-1.94 1624947729.294476
-1.94 1624947729.299138
-1.94 1624947729.302764
-1.94 1624947729.306327
-1.94 1624947729.309912
-1.94 1624947729.313583
-1.94 1624947729.317217
-1.94 1624947729.320771
-1.94 1624947729.324448
-1.94 1624947729.328119
-1.94 1624947729.331754
-1.94 1624947729.335363
-1.94 1624947729.338948
-1.94 1624947729.342582
-1.94 1624947729.34625
-1.94 1624947729.34983
-1.94 1624947729.353596
-1.94 1624947729.357307
-1.94 1624947729.360904
-1.94 1624947729.364484
-1.94 1624947729.368025
-1.94 1624947729.371623
-1.94 1624947729.375289
-1.94 1624947729.378978
-1.94 1624947729.38263
-1.94 1624947729.386178
-1.94 1624947729.38975
-1.94 1624947729.393397
-1.94 1624947729.399983
-1.94 1624947729.403624
-1.94 1624947729.407225
-1.94 1624947729.410863
-1.94 1624947729.41459
-1.94 1624947729.418173
-1.94 1624947729.421747
-1.94 1624947729.425298
-1.94 1624947729.428946
-1.94 1624947729.432696
-1.94 1624947729.436347
-1.94 1624947729.43991
-1.94 1624947729.443627
8.9 1624947729.447597
40.74 1624947729.503916 touch_grd
31.2 1624947730.618881 go_up_roll
-1.94 1624947731.822132 start_2_iteration
-1.94 1624947732.618864
-1.94 1624947732.622528
-1.94 1624947732.62613
-1.94 1624947732.629662
-1.94 1624947732.6332
-1.94 1624947732.636673
-1.94 1624947732.640237
-1.94 1624947732.643823
-1.94 1624947732.647462
-1.94 1624947732.651068
-1.94 1624947732.654596
-1.94 1624947732.658193
-1.94 1624947732.661724
-1.94 1624947732.665302
-1.94 1624947732.668804
-1.94 1624947732.672421
-1.94 1624947732.675969
-1.94 1624947732.679573
-1.94 1624947732.683211
-1.94 1624947732.686757
-1.94 1624947732.690388
-1.94 1624947732.693856
-1.94 1624947732.697568
-1.94 1624947732.701333
-1.94 1624947732.705073
-1.94 1624947732.708861
-1.94 1624947732.719347
-1.94 1624947732.723117
-1.94 1624947732.726964
-1.94 1624947732.730746
-1.94 1624947732.734663
-1.94 1624947732.738429
-1.94 1624947732.742164
-1.94 1624947732.745972
-1.94 1624947732.749748
-1.94 1624947732.753517
-1.94 1624947732.757326
-1.94 1624947732.76129
-1.94 1624947732.765152
-1.94 1624947732.768865
-1.94 1624947732.772943
-1.94 1624947732.776729
-1.94 1624947732.780726
-1.94 1624947732.784672
-1.94 1624947732.788436
-1.94 1624947732.792281
-1.94 1624947732.796148
-1.94 1624947732.80004
-1.94 1624947732.803895
-1.94 1624947732.807653
-1.94 1624947732.811474
-1.94 1624947732.819233
-1.94 1624947732.823063
-1.94 1624947732.826902
-1.94 1624947732.830633
-1.94 1624947732.834411
-1.94 1624947732.83828
-1.94 1624947732.84587
-1.94 1624947732.849694
-1.94 1624947732.853422
-1.94 1624947732.857328
-1.94 1624947732.861135
-1.94 1624947732.865005
-1.94 1624947732.868772
-1.94 1624947732.872665
-1.94 1624947732.87645
-1.94 1624947732.880209
-1.94 1624947732.884008
-1.94 1624947732.887854
-1.94 1624947732.891681
-1.94 1624947732.895335
-1.94 1624947732.899016
-1.94 1624947732.902789
-1.94 1624947732.906699
-1.94 1624947732.910543
-1.94 1624947732.919704
-1.94 1624947732.923551
-1.94 1624947732.927386
-1.94 1624947732.930968
-1.94 1624947732.934582
-1.94 1624947732.93827
-1.94 1624947732.942119
-1.94 1624947732.94583
-1.94 1624947732.949739
-1.94 1624947732.953394
-1.94 1624947732.957062
-1.94 1624947732.960763
-1.94 1624947732.964422
-1.94 1624947732.968097
-1.94 1624947732.971767
-1.94 1624947732.975609
-1.94 1624947732.979668
-1.94 1624947732.987032
5.93 1624947732.991115
18.69 1624947733.023165 touch_grd
10.45 1624947734.135342 go_up_roll
-1.94 1624947735.338317 start_3_iteration
-1.94 1624947736.135854
-1.94 1624947736.139558
-1.94 1624947736.143131
-1.94 1624947736.146689
-1.94 1624947736.15021
-1.94 1624947736.153776
-1.94 1624947736.157323
-1.94 1624947736.160908
-1.94 1624947736.164564
-1.94 1624947736.168112
-1.94 1624947736.171686
-1.94 1624947736.175238
-1.94 1624947736.178948
-1.94 1624947736.18255
-1.94 1624947736.18614
-1.94 1624947736.189603
-1.94 1624947736.193218
-1.94 1624947736.196763
-1.94 1624947736.200325
-1.94 1624947736.203851
-1.94 1624947736.207486
-1.94 1624947736.211046
-1.94 1624947736.214575
-1.94 1624947736.218087
-1.94 1624947736.221627
-1.94 1624947736.225246
-1.94 1624947736.2312
-1.94 1624947736.234705
-1.94 1624947736.238261
-1.94 1624947736.241895
-1.94 1624947736.245517
-1.94 1624947736.249021
-1.94 1624947736.252723
-1.94 1624947736.256557
-1.94 1624947736.260525
-1.94 1624947736.26438
-1.94 1624947736.268295
-1.94 1624947736.272033
-1.94 1624947736.275766
-1.94 1624947736.279614
-1.94 1624947736.283343
-1.94 1624947736.287175
-1.94 1624947736.291104
-1.94 1624947736.29497
-1.94 1624947736.298675
-1.94 1624947736.302722
-1.94 1624947736.306727
-1.94 1624947736.310715
-1.94 1624947736.31468
-1.94 1624947736.318566
-1.94 1624947736.32236
-1.94 1624947736.326108
-1.94 1624947736.33585
-1.94 1624947736.339732
-1.94 1624947736.343677
-1.94 1624947736.347664
-1.94 1624947736.351485
-1.94 1624947736.355373
-1.94 1624947736.359152
-1.94 1624947736.362969
-1.94 1624947736.366626
-1.94 1624947736.370294
-1.94 1624947736.373986
-1.94 1624947736.377899
-1.94 1624947736.381707
-1.94 1624947736.385673
-1.94 1624947736.389419
-1.94 1624947736.393221
-1.94 1624947736.396986
-1.94 1624947736.400711
-1.94 1624947736.404431
-1.94 1624947736.408044
-1.94 1624947736.411714
-1.94 1624947736.415421
-1.94 1624947736.419056
-1.94 1624947736.422681
-1.94 1624947736.426275
-1.94 1624947736.43017
-1.94 1624947736.435963
-1.94 1624947736.439557
-1.94 1624947736.443156
-1.94 1624947736.446768
-1.94 1624947736.45035
-1.94 1624947736.45384
-1.94 1624947736.457466
-1.94 1624947736.461048
-1.94 1624947736.464599
-1.94 1624947736.468269
-1.94 1624947736.47187
-1.94 1624947736.475741
-1.94 1624947736.479303
-1.94 1624947736.482845
-1.94 1624947736.486538
-1.94 1624947736.49009
-1.94 1624947736.493697
-1.94 1624947736.497286
-1.94 1624947736.500894
-1.94 1624947736.504477
18.44 1624947736.508377
12.0 1624947736.536729 touch_grd
8.84 1624947737.66175 go_up_roll
-1.94 1624947738.857837 start_4_iteration
-1.94 1624947739.653215
-1.94 1624947739.656803
-1.94 1624947739.660471
-1.94 1624947739.664061
-1.94 1624947739.667711
-1.94 1624947739.671237
-1.94 1624947739.674827
-1.94 1624947739.678536
-1.94 1624947739.682112
-1.94 1624947739.685653
-1.94 1624947739.689313
-1.94 1624947739.692902
-1.94 1624947739.696421
-1.94 1624947739.700047
-1.94 1624947739.703623
-1.94 1624947739.707241
-1.94 1624947739.710794
-1.94 1624947739.714329
-1.94 1624947739.717888
-1.94 1624947739.72157
-1.94 1624947739.72516
-1.94 1624947739.728682
-1.94 1624947739.732282
-1.94 1624947739.735789
-1.94 1624947739.739291
-1.94 1624947739.742855
-1.94 1624947739.746442
-1.94 1624947739.750035
-1.94 1624947739.75356
-1.94 1624947739.757147
-1.94 1624947739.760642
-1.94 1624947739.764105
-1.94 1624947739.767584
-1.94 1624947739.771192
-1.94 1624947739.774708
-1.94 1624947739.778265
-1.94 1624947739.781814
-1.94 1624947739.785409
-1.94 1624947739.788955
-1.94 1624947739.792546
-1.94 1624947739.796122
-1.94 1624947739.799632
-1.94 1624947739.803254
-1.94 1624947739.806904
-1.94 1624947739.810456
-1.94 1624947739.814016
-1.94 1624947739.817587
-1.94 1624947739.821125
-1.94 1624947739.824708
-1.94 1624947739.828279
-1.94 1624947739.831807
-1.94 1624947739.835394
-1.94 1624947739.839059
-1.94 1624947739.842632
-1.94 1624947739.846177
-1.94 1624947739.849743
-1.94 1624947739.853324
-1.94 1624947739.856937
-1.94 1624947739.860507
-1.94 1624947739.864143
-1.94 1624947739.867674
-1.94 1624947739.871277
-1.94 1624947739.874842
-1.94 1624947739.87854
-1.94 1624947739.882118
-1.94 1624947739.885601
-1.94 1624947739.889203
-1.94 1624947739.892765
-1.94 1624947739.896273
-1.94 1624947739.899775
-1.94 1624947739.903329
-1.94 1624947739.906852
-1.94 1624947739.910428
-1.94 1624947739.914022
-1.94 1624947739.917672
-1.94 1624947739.924811
-1.94 1624947739.928552
-1.94 1624947739.932243
-1.94 1624947739.935868
-1.94 1624947739.939545
-1.94 1624947739.94316
-1.94 1624947739.946774
-1.94 1624947739.954647
-1.94 1624947739.958275
-1.94 1624947739.962014
-1.94 1624947739.965659
-1.94 1624947739.969412
-1.94 1624947739.973182
-1.94 1624947739.976953
-1.94 1624947739.980741
-1.94 1624947739.984501
-1.94 1624947739.988402
-1.94 1624947739.992094
-1.94 1624947739.995724
-1.94 1624947739.99943
-1.94 1624947740.003093
-1.94 1624947740.006784
-1.94 1624947740.010639
-1.94 1624947740.014361
-1.94 1624947740.018196
-1.94 1624947740.021963
-0.39 1624947740.025838
24.39 1624947740.030016
20.73 1624947740.059042 touch_grd
6.86 1624947741.165181 go_up_roll
-1.94 1624947742.373056 start_5_iteration
-1.94 1624947743.169914
-1.94 1624947743.173493
-1.94 1624947743.177178
-1.94 1624947743.180752
-1.94 1624947743.184312
-1.94 1624947743.187953
-1.94 1624947743.191552
-1.94 1624947743.195129
-1.94 1624947743.198663
-1.94 1624947743.202217
-1.94 1624947743.205824
-1.94 1624947743.209528
-1.94 1624947743.213129
-1.94 1624947743.216718
-1.94 1624947743.220275
-1.94 1624947743.223871
-1.94 1624947743.227429
-1.94 1624947743.230995
-1.94 1624947743.234558
-1.94 1624947743.238147
-1.94 1624947743.241738
-1.94 1624947743.24552
-1.94 1624947743.249176
-1.94 1624947743.25275
-1.94 1624947743.256281
-1.94 1624947743.259861
-1.94 1624947743.263373
-1.94 1624947743.266853
-1.94 1624947743.270496
-1.94 1624947743.274126
-1.94 1624947743.277662
-1.94 1624947743.281238
-1.94 1624947743.284779
-1.94 1624947743.288327
-1.94 1624947743.291934
-1.94 1624947743.295547
-1.94 1624947743.299217
-1.94 1624947743.302898
-1.94 1624947743.306528
-1.94 1624947743.310126
-1.94 1624947743.313766
-1.94 1624947743.317387
-1.94 1624947743.320888
-1.94 1624947743.324516
-1.94 1624947743.328076
-1.94 1624947743.331637
-1.94 1624947743.335265
-1.94 1624947743.338909
-1.94 1624947743.342513
-1.94 1624947743.346105
-1.94 1624947743.349756
-1.94 1624947743.353289
-1.94 1624947743.356823
-1.94 1624947743.360385
-1.94 1624947743.363986
-1.94 1624947743.367535
-1.94 1624947743.371088
-1.94 1624947743.374634
-1.94 1624947743.378162
-1.94 1624947743.381687
-1.94 1624947743.385264
-1.94 1624947743.388825
-1.94 1624947743.392499
-1.94 1624947743.396198
-1.94 1624947743.399725
-1.94 1624947743.403304
-1.94 1624947743.406822
-1.94 1624947743.410433
-1.94 1624947743.413935
-1.94 1624947743.421107
-1.94 1624947743.424645
-1.94 1624947743.428196
-1.94 1624947743.431774
-1.94 1624947743.435357
-1.94 1624947743.438897
-1.94 1624947743.442565
-1.94 1624947743.446246
-1.94 1624947743.449782
-1.94 1624947743.453267
-1.94 1624947743.456836
-1.94 1624947743.460561
-1.94 1624947743.464218
-1.94 1624947743.467727
-1.94 1624947743.47133
-1.94 1624947743.474859
-1.94 1624947743.478408
-1.94 1624947743.481996
-1.94 1624947743.485526
-1.94 1624947743.489101
-1.94 1624947743.492656
-1.94 1624947743.49623
-1.94 1624947743.499894
-1.94 1624947743.503531
-1.94 1624947743.507243
-1.94 1624947743.510809
-1.94 1624947743.514522
-1.94 1624947743.518114
-1.94 1624947743.521673
-1.94 1624947743.52521
-1.94 1624947743.52875
-1.94 1624947743.532318
-1.94 1624947743.535951
-1.94 1624947743.539554
-0.2 1624947743.543246
25.57 1624947743.547106
10.2 1624947743.57209 touch_grd
10.2 1624947744.682735 go_up_roll
-1.94 1624947745.786609 start_6_iteration
-1.94 1624947746.487078
-1.94 1624947746.490527
-1.94 1624947746.494001
-1.94 1624947746.497568
-1.94 1624947746.501131
-1.94 1624947746.504712
-1.94 1624947746.508242
-1.94 1624947746.511779
-1.94 1624947746.515288
-1.94 1624947746.518981
-1.94 1624947746.522603
-1.94 1624947746.526186
-1.94 1624947746.529744
-1.94 1624947746.533291
-1.94 1624947746.536929
-1.94 1624947746.540587
-1.94 1624947746.544089
-1.94 1624947746.547699
-1.94 1624947746.551322
-1.94 1624947746.554969
-1.94 1624947746.558478
-1.94 1624947746.562069
-1.94 1624947746.565625
-1.94 1624947746.569162
-1.94 1624947746.572885
-1.94 1624947746.576478
-1.94 1624947746.580036
-1.94 1624947746.583631
-1.94 1624947746.587285
-1.94 1624947746.590938
-1.94 1624947746.594739
-1.94 1624947746.598632
-1.94 1624947746.602378
-1.94 1624947746.606275
-1.94 1624947746.609973
-1.94 1624947746.61379
-1.94 1624947746.617721
-1.94 1624947746.621577
-1.94 1624947746.625331
-1.94 1624947746.629014
-1.94 1624947746.632867
-1.94 1624947746.636933
-1.94 1624947746.640784
-1.94 1624947746.644613
-1.94 1624947746.648457
-1.94 1624947746.652425
-1.94 1624947746.656264
-1.94 1624947746.660263
-1.94 1624947746.664126
-1.94 1624947746.671709
-1.94 1624947746.675499
-1.94 1624947746.679293
-1.94 1624947746.689809
-1.94 1624947746.693653
-1.94 1624947746.697448
-1.94 1624947746.701242
-1.94 1624947746.705135
-1.94 1624947746.708962
-1.94 1624947746.712712
-1.94 1624947746.716439
-1.94 1624947746.720332
-1.94 1624947746.724246
-1.94 1624947746.727994
-1.94 1624947746.731744
-1.94 1624947746.739617
-1.94 1624947746.743393
-1.94 1624947746.747257
-1.94 1624947746.751295
-1.94 1624947746.755105
-1.94 1624947746.758902
-1.94 1624947746.762584
-1.94 1624947746.766331
-1.94 1624947746.770099
-1.94 1624947746.773879
-1.94 1624947746.77796
-1.94 1624947746.78184
-1.94 1624947746.787915
-1.94 1624947746.793074
-1.94 1624947746.796818
-1.94 1624947746.800572
-1.94 1624947746.804475
-1.94 1624947746.808347
-1.94 1624947746.812084
-1.94 1624947746.815904
-1.94 1624947746.819837
-1.94 1624947746.823831
-1.94 1624947746.827582
15.28 1624947746.83168
3.14 1624947746.894037 touch_grd
35.11 1624947747.99946 go_up_roll
-1.94 1624947749.109661 start_7_iteration
-1.94 1624947749.806908
-1.94 1624947749.810412
-1.94 1624947749.813981
-1.94 1624947749.817555
-1.94 1624947749.821194
-1.94 1624947749.824685
-1.94 1624947749.828249
-1.94 1624947749.83184
-1.94 1624947749.83548
-1.94 1624947749.839079
-1.94 1624947749.842634
-1.94 1624947749.846188
-1.94 1624947749.849768
-1.94 1624947749.853466
-1.94 1624947749.857112
-1.94 1624947749.860641
-1.94 1624947749.864221
-1.94 1624947749.867773
-1.94 1624947749.871349
-1.94 1624947749.874927
-1.94 1624947749.87848
-1.94 1624947749.88208
-1.94 1624947749.885631
-1.94 1624947749.889147
-1.94 1624947749.892738
-1.94 1624947749.896298
-1.94 1624947749.900587
-1.94 1624947749.904106
-1.94 1624947749.907611
-1.94 1624947749.911232
-1.94 1624947749.91477
-1.94 1624947749.918336
-1.94 1624947749.921892
-1.94 1624947749.925459
-1.94 1624947749.929068
-1.94 1624947749.932718
-1.94 1624947749.936258
-1.94 1624947749.93988
-1.94 1624947749.943524
-1.94 1624947749.947083
-1.94 1624947749.950629
-1.94 1624947749.95418
-1.94 1624947749.957735
-1.94 1624947749.961315
-1.94 1624947749.964826
-1.94 1624947749.968481
-1.94 1624947749.972087
-1.94 1624947749.975649
-1.94 1624947749.979209
-1.94 1624947749.982817
-1.94 1624947749.986537
-1.94 1624947749.990141
-1.94 1624947749.993661
-1.94 1624947749.997264
-1.94 1624947750.001392
-1.94 1624947750.004971
-1.94 1624947750.008458
-1.94 1624947750.011933
-1.94 1624947750.015506
-1.94 1624947750.019044
-1.94 1624947750.022729
-1.94 1624947750.02624
-1.94 1624947750.029785
-1.94 1624947750.03341
-1.94 1624947750.037142
-1.94 1624947750.040709
-1.94 1624947750.044324
-1.94 1624947750.047972
-1.94 1624947750.051556
-1.94 1624947750.055269
-1.94 1624947750.059047
-1.94 1624947750.062664
-1.94 1624947750.066396
-1.94 1624947750.070003
-1.94 1624947750.073712
-1.94 1624947750.07739
-1.94 1624947750.081123
-1.94 1624947750.084759
-1.94 1624947750.088471
-1.94 1624947750.092191
-1.94 1624947750.095887
-1.94 1624947750.099573
-1.94 1624947750.103599
-1.94 1624947750.107227
-1.94 1624947750.110961
-1.94 1624947750.114615
-1.94 1624947750.118303
-1.94 1624947750.121964
-1.94 1624947750.125589
-1.94 1624947750.129194
-1.94 1624947750.132848
-1.94 1624947750.136549
-1.94 1624947750.140205
-1.94 1624947750.14387
-1.94 1624947750.147574
25.07 1624947750.151495
43.28 1624947750.207668 touch_grd
32.88 1624947751.319648 go_up_roll
-1.94 1624947752.425234 start_8_iteration
-1.94 1624947753.12063
-1.94 1624947753.124198
-1.94 1624947753.127777
-1.94 1624947753.131483
-1.94 1624947753.135166
-1.94 1624947753.13868
-1.94 1624947753.142241
-1.94 1624947753.145835
-1.94 1624947753.149547
-1.94 1624947753.153167
-1.94 1624947753.15674
-1.94 1624947753.160281
-1.94 1624947753.163892
-1.94 1624947753.167589
-1.94 1624947753.171195
-1.94 1624947753.174623
-1.94 1624947753.178193
-1.94 1624947753.181782
-1.94 1624947753.185491
-1.94 1624947753.189069
-1.94 1624947753.192585
-1.94 1624947753.196112
-1.94 1624947753.199724
-1.94 1624947753.203259
-1.94 1624947753.206815
-1.94 1624947753.210363
-1.94 1624947753.213877
-1.94 1624947753.21751
-1.94 1624947753.22113
-1.94 1624947753.224683
-1.94 1624947753.228214
-1.94 1624947753.231812
-1.94 1624947753.235422
-1.94 1624947753.23906
-1.94 1624947753.242738
-1.94 1624947753.24641
-1.94 1624947753.250074
-1.94 1624947753.253603
-1.94 1624947753.257174
-1.94 1624947753.260762
-1.94 1624947753.264374
-1.94 1624947753.268023
-1.94 1624947753.271679
-1.94 1624947753.275264
-1.94 1624947753.278889
-1.94 1624947753.282533
-1.94 1624947753.286114
-1.94 1624947753.2897
-1.94 1624947753.293267
-1.94 1624947753.296857
-1.94 1624947753.300536
-1.94 1624947753.30424
-1.94 1624947753.307857
-1.94 1624947753.311486
-1.94 1624947753.315115
-1.94 1624947753.318728
-1.94 1624947753.322323
-1.94 1624947753.325987
-1.94 1624947753.329549
-1.94 1624947753.333122
-1.94 1624947753.336685
-1.94 1624947753.340208
-1.94 1624947753.343789
-1.94 1624947753.347472
-1.94 1624947753.351072
-1.94 1624947753.354592
-1.94 1624947753.358174
-1.94 1624947753.361769
-1.94 1624947753.365484
-1.94 1624947753.369144
-1.94 1624947753.372712
-1.94 1624947753.376315
-1.94 1624947753.379901
-1.94 1624947753.383487
-1.94 1624947753.387162
-1.94 1624947753.390875
-1.94 1624947753.39452
-1.94 1624947753.398152
-1.94 1624947753.401855
-1.94 1624947753.405549
-1.94 1624947753.409166
-1.94 1624947753.41273
-1.94 1624947753.416724
-1.94 1624947753.421503
-1.94 1624947753.425191
-1.94 1624947753.428832
-1.94 1624947753.432507
-1.94 1624947753.43615
-1.94 1624947753.439755
-1.94 1624947753.443453
-1.94 1624947753.44698
-1.94 1624947753.450545
-1.94 1624947753.454127
-1.94 1624947753.457712
-1.94 1624947753.461351
-1.94 1624947753.464878
23.77 1624947753.468689
41.86 1624947753.523122 touch_grd
29.65 1624947754.632538 go_up_roll
-1.94 1624947755.839291 start_9_iteration
-1.94 1624947756.637508
-1.94 1624947756.641061
-1.94 1624947756.644563
-1.94 1624947756.648199
-1.94 1624947756.651736
-1.94 1624947756.655314
-1.94 1624947756.658875
-1.94 1624947756.662432
-1.94 1624947756.665979
-1.94 1624947756.669515
-1.94 1624947756.673099
-1.94 1624947756.676729
-1.94 1624947756.680379
-1.94 1624947756.684089
-1.94 1624947756.687738
-1.94 1624947756.691299
-1.94 1624947756.694778
-1.94 1624947756.698329
-1.94 1624947756.701963
-1.94 1624947756.70546
-1.94 1624947756.708968
-1.94 1624947756.712531
-1.94 1624947756.716105
-1.94 1624947756.719706
-1.94 1624947756.723293
-1.94 1624947756.726868
-1.94 1624947756.730441
-1.94 1624947756.734375
-1.94 1624947756.737901
-1.94 1624947756.741495
-1.94 1624947756.745048
-1.94 1624947756.74859
-1.94 1624947756.752282
-1.94 1624947756.755836
-1.94 1624947756.759424
-1.94 1624947756.762994
-1.94 1624947756.766566
-1.94 1624947756.770176
-1.94 1624947756.773646
-1.94 1624947756.777233
-1.94 1624947756.780786
-1.94 1624947756.784474
-1.94 1624947756.788072
-1.94 1624947756.791617
-1.94 1624947756.795145
-1.94 1624947756.798709
-1.94 1624947756.80225
-1.94 1624947756.805802
-1.94 1624947756.809375
-1.94 1624947756.812952
-1.94 1624947756.816523
-1.94 1624947756.820077
-1.94 1624947756.823782
-1.94 1624947756.827373
-1.94 1624947756.831075
-1.94 1624947756.835515
-1.94 1624947756.839134
-1.94 1624947756.842772
-1.94 1624947756.846624
-1.94 1624947756.850381
-1.94 1624947756.854217
-1.94 1624947756.858019
-1.94 1624947756.861796
-1.94 1624947756.865553
-1.94 1624947756.869307
-1.94 1624947756.873202
-1.94 1624947756.876927
-1.94 1624947756.88078
-1.94 1624947756.88468
-1.94 1624947756.88848
-1.94 1624947756.892289
-1.94 1624947756.896097
-1.94 1624947756.900475
-1.94 1624947756.904345
-1.94 1624947756.908117
-1.94 1624947756.911983
-1.94 1624947756.91578
-1.94 1624947756.91957
-1.94 1624947756.923337
-1.94 1624947756.927299
-1.94 1624947756.931188
-1.94 1624947756.940804
-1.94 1624947756.944595
-1.94 1624947756.948449
-1.94 1624947756.952293
-1.94 1624947756.956254
-1.94 1624947756.960034
-1.94 1624947756.963831
-1.94 1624947756.967914
-1.94 1624947756.97206
-1.94 1624947756.975901
-1.94 1624947756.979758
-1.94 1624947756.983643
-1.94 1624947756.987465
-1.94 1624947756.991211
-1.94 1624947756.995009
-1.94 1624947756.998892
-1.94 1624947757.002599
-1.94 1624947757.00644
12.99 1624947757.010456
28.91 1624947757.04546 touch_grd
8.78 1624947758.150212 go_up_roll
