-1.94 1624949709.35211 start_exp
-1.94 1624949709.648255 start_0_iteration
-1.94 1624949710.449001
-1.94 1624949710.452607
-1.94 1624949710.45625
-1.94 1624949710.459901
-1.94 1624949710.463495
-1.94 1624949710.467101
-1.94 1624949710.470728
-1.94 1624949710.474277
-1.94 1624949710.477791
-1.94 1624949710.481401
-1.94 1624949710.484973
-1.94 1624949710.488562
-1.94 1624949710.492071
-1.94 1624949710.495609
-1.94 1624949710.499099
-1.94 1624949710.502654
-1.94 1624949710.506217
-1.94 1624949710.509729
-1.94 1624949710.513194
-1.94 1624949710.516801
-1.94 1624949710.520384
-1.94 1624949710.523944
-1.94 1624949710.527458
-1.94 1624949710.530916
-1.94 1624949710.534532
-1.94 1624949710.538016
-1.94 1624949710.541604
-1.94 1624949710.545213
-1.94 1624949710.548733
-1.94 1624949710.552316
-1.94 1624949710.555884
-1.94 1624949710.559459
-1.94 1624949710.563056
-1.94 1624949710.56657
-1.94 1624949710.570142
-1.94 1624949710.573687
-1.94 1624949710.57727
-1.94 1624949710.580866
-1.94 1624949710.584406
-1.94 1624949710.587937
-1.94 1624949710.591546
-1.94 1624949710.595095
-1.94 1624949710.598652
-1.94 1624949710.602176
-1.94 1624949710.60568
-1.94 1624949710.60922
-1.94 1624949710.612781
-1.94 1624949710.616368
-1.94 1624949710.62
-1.94 1624949710.623707
-1.94 1624949710.627303
-1.94 1624949710.634565
-1.94 1624949710.638067
-1.94 1624949710.641713
-1.94 1624949710.645278
-1.94 1624949710.648974
-1.94 1624949710.652533
-1.94 1624949710.656046
-1.94 1624949710.659572
-1.94 1624949710.663082
-1.94 1624949710.666542
-1.94 1624949710.670013
-1.94 1624949710.673552
-1.94 1624949710.677143
-1.94 1624949710.680717
-1.94 1624949710.684303
-1.94 1624949710.687945
-1.94 1624949710.691488
-1.94 1624949710.695027
-1.94 1624949710.698642
-1.94 1624949710.702193
-1.94 1624949710.705922
-1.94 1624949710.709546
-1.94 1624949710.713102
-1.94 1624949710.716648
-1.94 1624949710.72024
-1.94 1624949710.723804
-1.94 1624949710.727335
-1.94 1624949710.730919
-1.94 1624949710.734471
-1.94 1624949710.738078
-1.94 1624949710.741609
-1.94 1624949710.745079
-1.94 1624949710.748605
-1.94 1624949710.752181
-1.94 1624949710.755748
-1.94 1624949710.759334
-1.94 1624949710.7629
-1.94 1624949710.766481
-1.94 1624949710.770014
-1.94 1624949710.773579
-1.94 1624949710.777122
-1.94 1624949710.780707
-1.94 1624949710.784264
-1.94 1624949710.787838
-1.94 1624949710.791473
-1.94 1624949710.795076
-1.94 1624949710.798622
-1.94 1624949710.802204
-1.94 1624949710.80574
-1.94 1624949710.809322
-1.94 1624949710.812893
-1.94 1624949710.816505
-1.94 1624949710.820012
-1.94 1624949710.823556
-1.94 1624949710.827146
-1.94 1624949710.830683
-1.94 1624949710.834259
-1.94 1624949710.837995
16.21 1624949710.841764
54.93 1624949710.850355 touch_grd
-1.94 1624949711.95831 go_up_roll
-1.94 1624949713.163103 start_1_iteration
-1.94 1624949713.95951
-1.94 1624949713.963003
-1.94 1624949713.96659
-1.94 1624949713.970129
-1.94 1624949713.973667
-1.94 1624949713.977112
-1.94 1624949713.980723
-1.94 1624949713.984288
-1.94 1624949713.987834
-1.94 1624949713.991374
-1.94 1624949713.995057
-1.94 1624949713.998622
-1.94 1624949714.002174
-1.94 1624949714.005756
-1.94 1624949714.009316
-1.94 1624949714.012898
-1.94 1624949714.016498
-1.94 1624949714.020125
-1.94 1624949714.023708
-1.94 1624949714.027246
-1.94 1624949714.030897
-1.94 1624949714.034436
-1.94 1624949714.037954
-1.94 1624949714.041464
-1.94 1624949714.045078
-1.94 1624949714.04864
-1.94 1624949714.052196
-1.94 1624949714.055882
-1.94 1624949714.059481
-1.94 1624949714.063114
-1.94 1624949714.066659
-1.94 1624949714.070227
-1.94 1624949714.07389
-1.94 1624949714.07748
-1.94 1624949714.080993
-1.94 1624949714.084662
-1.94 1624949714.088274
-1.94 1624949714.091858
-1.94 1624949714.095361
-1.94 1624949714.099139
-1.94 1624949714.103027
-1.94 1624949714.110437
-1.94 1624949714.11413
-1.94 1624949714.11785
-1.94 1624949714.121605
-1.94 1624949714.125364
-1.94 1624949714.129166
-1.94 1624949714.133095
-1.94 1624949714.137065
-1.94 1624949714.140995
-1.94 1624949714.144707
-1.94 1624949714.148614
-1.94 1624949714.152453
-1.94 1624949714.156242
-1.94 1624949714.161096
-1.94 1624949714.164866
-1.94 1624949714.168695
-1.94 1624949714.172468
-1.94 1624949714.17613
-1.94 1624949714.179956
-1.94 1624949714.183786
-1.94 1624949714.18762
-1.94 1624949714.191437
-1.94 1624949714.195194
-1.94 1624949714.199076
-1.94 1624949714.20278
-1.94 1624949714.206587
-1.94 1624949714.210335
-1.94 1624949714.214103
-1.94 1624949714.217988
-1.94 1624949714.221737
-1.94 1624949714.225671
-1.94 1624949714.22948
-1.94 1624949714.233207
-1.94 1624949714.237028
-1.94 1624949714.240815
-1.94 1624949714.244579
-1.94 1624949714.248385
-1.94 1624949714.252142
-1.94 1624949714.255967
-1.94 1624949714.259695
-1.94 1624949714.263356
-1.94 1624949714.267163
-1.94 1624949714.271049
-1.94 1624949714.274868
-1.94 1624949714.278636
-1.94 1624949714.282291
-1.94 1624949714.286023
-1.94 1624949714.28979
-1.94 1624949714.293461
-1.94 1624949714.297283
-1.94 1624949714.301075
-1.94 1624949714.304813
-1.94 1624949714.308597
-1.94 1624949714.31242
-1.94 1624949714.316224
-1.94 1624949714.320002
-1.94 1624949714.323813
-1.94 1624949714.327581
-1.94 1624949714.331385
-1.94 1624949714.335155
-1.94 1624949714.339058
-1.94 1624949714.342769
-1.94 1624949714.346524
3.33 1624949714.350667
53.32 1624949714.361822 touch_grd
-1.88 1624949715.472208 go_up_roll
-1.94 1624949716.675327 start_2_iteration
-1.94 1624949717.469953
-1.94 1624949717.473525
-1.94 1624949717.477112
-1.94 1624949717.480689
-1.94 1624949717.484216
-1.94 1624949717.487899
-1.94 1624949717.491527
-1.94 1624949717.495142
-1.94 1624949717.498705
-1.94 1624949717.502257
-1.94 1624949717.505907
-1.94 1624949717.50956
-1.94 1624949717.513109
-1.94 1624949717.51663
-1.94 1624949717.52022
-1.94 1624949717.523777
-1.94 1624949717.527314
-1.94 1624949717.530876
-1.94 1624949717.534493
-1.94 1624949717.538027
-1.94 1624949717.541561
-1.94 1624949717.545156
-1.94 1624949717.548902
-1.94 1624949717.552564
-1.94 1624949717.556166
-1.94 1624949717.559764
-1.94 1624949717.563364
-1.94 1624949717.566986
-1.94 1624949717.570567
-1.94 1624949717.574063
-1.94 1624949717.577701
-1.94 1624949717.581227
-1.94 1624949717.584907
-1.94 1624949717.588487
-1.94 1624949717.592035
-1.94 1624949717.595618
-1.94 1624949717.599238
-1.94 1624949717.602808
-1.94 1624949717.606492
-1.94 1624949717.6102
-1.94 1624949717.613841
-1.94 1624949717.617561
-1.94 1624949717.621112
-1.94 1624949717.624644
-1.94 1624949717.628242
-1.94 1624949717.631881
-1.94 1624949717.635486
-1.94 1624949717.639039
-1.94 1624949717.646263
-1.94 1624949717.649814
-1.94 1624949717.653456
-1.94 1624949717.656988
-1.94 1624949717.660575
-1.94 1624949717.664238
-1.94 1624949717.667909
-1.94 1624949717.67152
-1.94 1624949717.675111
-1.94 1624949717.678683
-1.94 1624949717.682239
-1.94 1624949717.685906
-1.94 1624949717.689452
-1.94 1624949717.693015
-1.94 1624949717.696469
-1.94 1624949717.700027
-1.94 1624949717.703657
-1.94 1624949717.707183
-1.94 1624949717.710846
-1.94 1624949717.714485
-1.94 1624949717.718061
-1.94 1624949717.721627
-1.94 1624949717.725228
-1.94 1624949717.728792
-1.94 1624949717.732339
-1.94 1624949717.735901
-1.94 1624949717.739449
-1.94 1624949717.74301
-1.94 1624949717.746477
-1.94 1624949717.750077
-1.94 1624949717.753571
-1.94 1624949717.757154
-1.94 1624949717.760723
-1.94 1624949717.764318
-1.94 1624949717.767915
-1.94 1624949717.771524
-1.94 1624949717.77511
-1.94 1624949717.778675
-1.94 1624949717.782265
-1.94 1624949717.785864
-1.94 1624949717.789463
-1.94 1624949717.793055
-1.94 1624949717.796606
-1.94 1624949717.800192
-1.94 1624949717.803879
-1.94 1624949717.807546
-1.94 1624949717.811085
-1.94 1624949717.814676
-1.94 1624949717.818494
-1.94 1624949717.821993
-1.94 1624949717.825697
-1.94 1624949717.829514
-1.94 1624949717.833213
-1.94 1624949717.83693
-1.94 1624949717.840756
-1.94 1624949717.844441
-1.94 1624949717.848118
-1.94 1624949717.852018
-1.94 1624949717.855746
8.53 1624949717.859701
38.08 1624949717.872338 touch_grd
-1.94 1624949718.978753 go_up_roll
-1.94 1624949720.18646 start_3_iteration
-1.94 1624949720.980973
-1.94 1624949720.984627
-1.94 1624949720.98826
-1.88 1624949720.991815
-1.94 1624949720.995494
-1.94 1624949720.999079
-1.94 1624949721.002624
-1.94 1624949721.006184
-1.94 1624949721.009707
-1.94 1624949721.013313
-1.94 1624949721.016855
-1.94 1624949721.020456
-1.94 1624949721.023981
-1.94 1624949721.027558
-1.94 1624949721.031154
-1.94 1624949721.034891
-1.94 1624949721.038532
-1.94 1624949721.04202
-1.94 1624949721.045591
-1.94 1624949721.049184
-1.94 1624949721.052876
-1.94 1624949721.056473
-1.94 1624949721.05999
-1.94 1624949721.063651
-1.94 1624949721.067241
-1.94 1624949721.070787
-1.94 1624949721.074333
-1.94 1624949721.077923
-1.94 1624949721.081472
-1.94 1624949721.085007
-1.94 1624949721.088556
-1.94 1624949721.092093
-1.94 1624949721.095668
-1.94 1624949721.09928
-1.94 1624949721.10291
-1.94 1624949721.106519
-1.94 1624949721.110044
-1.88 1624949721.11366
-1.94 1624949721.120745
-1.94 1624949721.124367
-1.94 1624949721.127978
-1.94 1624949721.131555
-1.94 1624949721.13511
-1.94 1624949721.138687
-1.94 1624949721.14226
-1.94 1624949721.145835
-1.94 1624949721.149371
-1.94 1624949721.15298
-1.94 1624949721.156528
-1.94 1624949721.160035
-1.94 1624949721.163655
-1.94 1624949721.167212
-1.94 1624949721.17087
-1.94 1624949721.174461
-1.94 1624949721.177958
-1.94 1624949721.181452
-1.94 1624949721.184981
-1.94 1624949721.188432
-1.94 1624949721.191919
-1.94 1624949721.195437
-1.94 1624949721.198952
-1.94 1624949721.202541
-1.94 1624949721.206065
-1.94 1624949721.209636
-1.94 1624949721.213201
-1.94 1624949721.216887
-1.94 1624949721.220493
-1.94 1624949721.224019
-1.94 1624949721.22753
-1.94 1624949721.231131
-1.94 1624949721.234873
-1.94 1624949721.238442
-1.94 1624949721.242034
-1.94 1624949721.245606
-1.94 1624949721.249148
-1.94 1624949721.25291
-1.94 1624949721.256446
-1.94 1624949721.259942
-1.94 1624949721.263553
-1.94 1624949721.267093
-1.94 1624949721.270627
-1.94 1624949721.274081
-1.94 1624949721.277867
-1.94 1624949721.281507
-1.94 1624949721.28502
-1.88 1624949721.288583
-1.88 1624949721.292104
-1.94 1624949721.295631
-1.94 1624949721.299178
-1.94 1624949721.302761
-1.94 1624949721.306329
-1.94 1624949721.309956
-1.94 1624949721.3136
-1.94 1624949721.317274
-1.94 1624949721.321071
-1.94 1624949721.324907
-1.88 1624949721.328635
-1.94 1624949721.332376
-1.94 1624949721.336112
-1.94 1624949721.339873
-1.94 1624949721.343646
-1.94 1624949721.347326
-1.94 1624949721.351001
-1.94 1624949721.354834
-1.94 1624949721.35862
-1.94 1624949721.362469
-1.94 1624949721.366098
-1.94 1624949721.369894
17.51 1624949721.373849
51.4 1624949721.382625 touch_grd
-1.94 1624949722.493885 go_up_roll
-1.94 1624949723.693697 start_4_iteration
-1.94 1624949724.491201
-1.94 1624949724.494883
-1.94 1624949724.498442
-1.94 1624949724.502046
-1.94 1624949724.505634
-1.94 1624949724.509168
-1.94 1624949724.512821
-1.94 1624949724.516467
-1.94 1624949724.520018
-1.94 1624949724.523605
-1.94 1624949724.527145
-1.94 1624949724.530707
-1.94 1624949724.534268
-1.94 1624949724.537864
-1.94 1624949724.541561
-1.94 1624949724.545094
-1.94 1624949724.54865
-1.94 1624949724.552211
-1.94 1624949724.555793
-1.94 1624949724.559322
-1.94 1624949724.562911
-1.94 1624949724.566438
-1.94 1624949724.570005
-1.94 1624949724.573423
-1.94 1624949724.577001
-1.94 1624949724.58062
-1.94 1624949724.584225
-1.94 1624949724.587877
-1.94 1624949724.591431
-1.94 1624949724.594964
-1.94 1624949724.598504
-1.94 1624949724.602088
-1.94 1624949724.605618
-1.94 1624949724.609266
-1.94 1624949724.612781
-1.94 1624949724.616349
-1.94 1624949724.619906
-1.94 1624949724.623454
-1.94 1624949724.627061
-1.94 1624949724.630564
-1.94 1624949724.634173
-1.94 1624949724.637788
-1.94 1624949724.641474
-1.94 1624949724.645167
-1.94 1624949724.648797
-1.94 1624949724.652461
-1.94 1624949724.655981
-1.94 1624949724.659532
-1.94 1624949724.663107
-1.94 1624949724.666679
-1.94 1624949724.67024
-1.94 1624949724.673808
-1.94 1624949724.677514
-1.94 1624949724.681154
-1.94 1624949724.684737
-1.94 1624949724.688372
-1.94 1624949724.691953
-1.94 1624949724.69556
-1.94 1624949724.699197
-1.94 1624949724.70285
-1.94 1624949724.706462
-1.94 1624949724.710032
-1.94 1624949724.713589
-1.94 1624949724.717131
-1.94 1624949724.720787
-1.94 1624949724.724419
-1.94 1624949724.727986
-1.94 1624949724.731637
-1.94 1624949724.735307
-1.94 1624949724.742467
-1.94 1624949724.746001
-1.94 1624949724.749616
-1.94 1624949724.753228
-1.94 1624949724.756865
-1.94 1624949724.760467
-1.94 1624949724.763995
-1.94 1624949724.767528
-1.94 1624949724.771028
-1.94 1624949724.774606
-1.94 1624949724.778188
-1.94 1624949724.781916
-1.94 1624949724.785514
-1.88 1624949724.789224
-1.94 1624949724.793004
-1.94 1624949724.796851
-1.94 1624949724.800604
-1.94 1624949724.804342
-1.94 1624949724.808127
-1.94 1624949724.811899
-1.94 1624949724.815766
-1.94 1624949724.819521
-1.94 1624949724.823235
-1.94 1624949724.826992
-1.94 1624949724.830744
-1.94 1624949724.834587
-1.94 1624949724.838341
-1.94 1624949724.842078
-1.94 1624949724.845853
-1.94 1624949724.8497
-1.94 1624949724.853451
-1.94 1624949724.857189
-1.94 1624949724.86102
-1.94 1624949724.864807
-1.94 1624949724.868651
-1.94 1624949724.872544
-1.94 1624949724.876372
-1.94 1624949724.880187
17.26 1624949724.884287
49.91 1624949724.893667 touch_grd
-1.94 1624949727.205536 start_5_iteration
-1.94 1624949728.001554
-1.94 1624949728.005177
-1.94 1624949728.008791
-1.94 1624949728.012431
-1.94 1624949728.015981
-1.94 1624949728.019553
-1.94 1624949728.023157
-1.94 1624949728.026701
-1.94 1624949728.030316
-1.94 1624949728.033854
-1.94 1624949728.037426
-1.94 1624949728.040936
-1.94 1624949728.044649
-1.94 1624949728.048223
-1.94 1624949728.051776
-1.94 1624949728.055346
-1.94 1624949728.058925
-1.94 1624949728.062497
-1.94 1624949728.06605
-1.94 1624949728.069556
-1.94 1624949728.073242
-1.94 1624949728.076898
-1.94 1624949728.080407
-1.94 1624949728.08393
-1.94 1624949728.087522
-1.94 1624949728.091087
-1.94 1624949728.094655
-1.94 1624949728.098179
-1.94 1624949728.10178
-1.94 1624949728.105372
-1.94 1624949728.109116
-1.94 1624949728.113083
-1.94 1624949728.116876
-1.94 1624949728.12078
-1.94 1624949728.124654
-1.94 1624949728.128399
-1.94 1624949728.132185
-1.94 1624949728.135984
-1.94 1624949728.139717
-1.94 1624949728.143577
-1.94 1624949728.147349
-1.94 1624949728.1511
-1.94 1624949728.15504
-1.94 1624949728.158902
-1.94 1624949728.162665
-1.94 1624949728.166528
-1.94 1624949728.170255
-1.94 1624949728.174109
-1.94 1624949728.177904
-1.94 1624949728.181687
-1.94 1624949728.185647
-1.94 1624949728.189544
-1.94 1624949728.193361
-1.94 1624949728.19709
-1.94 1624949728.20099
-1.94 1624949728.204648
-1.94 1624949728.208379
-1.94 1624949728.212204
-1.94 1624949728.215953
-1.94 1624949728.219739
-1.94 1624949728.223546
-1.94 1624949728.227322
-1.88 1624949728.231079
-1.94 1624949728.234795
-1.94 1624949728.238575
-1.94 1624949728.242407
-1.94 1624949728.246182
-1.94 1624949728.249928
-1.94 1624949728.253665
-1.94 1624949728.257443
-1.94 1624949728.261156
-1.94 1624949728.265024
-1.94 1624949728.268849
-1.94 1624949728.272642
-1.94 1624949728.276464
-1.94 1624949728.280282
-1.94 1624949728.284041
-1.94 1624949728.287912
-1.94 1624949728.291695
-1.94 1624949728.295586
-1.94 1624949728.299587
-1.94 1624949728.303434
-1.94 1624949728.307204
-1.88 1624949728.311226
-1.88 1624949728.315222
-1.94 1624949728.319047
-1.94 1624949728.323016
-1.94 1624949728.326834
-1.94 1624949728.330554
-1.94 1624949728.334388
-1.94 1624949728.338291
-1.94 1624949728.342192
-1.94 1624949728.346039
-1.94 1624949728.349975
-1.94 1624949728.353785
-1.94 1624949728.357568
-1.94 1624949728.361348
-1.94 1624949728.365041
-1.94 1624949728.368743
-1.94 1624949728.37243
-1.94 1624949728.376121
-1.94 1624949728.379784
-1.94 1624949728.383464
-1.94 1624949728.390624
10.57 1624949728.394627
54.49 1624949728.402942 touch_grd
-1.88 1624949729.511543 go_up_roll
-1.94 1624949730.712525 start_6_iteration
-1.94 1624949731.511311
-1.94 1624949731.514905
-1.94 1624949731.518488
-1.94 1624949731.521995
-1.94 1624949731.525601
-1.94 1624949731.529204
-1.94 1624949731.532861
-1.94 1624949731.536451
-1.94 1624949731.540056
-1.94 1624949731.543858
-1.94 1624949731.547587
-1.94 1624949731.55119
-1.94 1624949731.554871
-1.94 1624949731.558922
-1.94 1624949731.562935
-1.94 1624949731.566911
-1.94 1624949731.570473
-1.94 1624949731.573984
-1.94 1624949731.577627
-1.94 1624949731.581243
-1.94 1624949731.584838
-1.94 1624949731.58846
-1.94 1624949731.592079
-1.94 1624949731.595738
-1.94 1624949731.599272
-1.94 1624949731.602878
-1.94 1624949731.606461
-1.94 1624949731.609899
-1.94 1624949731.613464
-1.94 1624949731.617015
-1.94 1624949731.620667
-1.94 1624949731.624203
-1.94 1624949731.627841
-1.94 1624949731.631455
-1.94 1624949731.635009
-1.94 1624949731.638601
-1.94 1624949731.642169
-1.94 1624949731.645853
-1.94 1624949731.649409
-1.94 1624949731.652941
-1.94 1624949731.656525
-1.94 1624949731.660076
-1.94 1624949731.663656
-1.94 1624949731.667213
-1.94 1624949731.670886
-1.94 1624949731.674464
-1.94 1624949731.678012
-1.94 1624949731.681543
-1.94 1624949731.685106
-1.94 1624949731.688693
-1.94 1624949731.692313
-1.94 1624949731.695907
-1.94 1624949731.69952
-1.94 1624949731.703073
-1.94 1624949731.706637
-1.94 1624949731.710216
-1.94 1624949731.713868
-1.94 1624949731.717432
-1.94 1624949731.721013
-1.94 1624949731.724558
-1.94 1624949731.72818
-1.94 1624949731.731826
-1.94 1624949731.735422
-1.94 1624949731.738941
-1.94 1624949731.742534
-1.94 1624949731.746161
-1.94 1624949731.749711
-1.94 1624949731.753278
-1.94 1624949731.756877
-1.94 1624949731.760423
-1.94 1624949731.763995
-1.94 1624949731.767541
-1.94 1624949731.771132
-1.94 1624949731.77485
-1.94 1624949731.778427
-1.94 1624949731.781978
-1.94 1624949731.785522
-1.94 1624949731.789014
-1.94 1624949731.792634
-1.94 1624949731.796213
-1.94 1624949731.799857
-1.94 1624949731.803459
-1.94 1624949731.806954
-1.94 1624949731.810482
-1.94 1624949731.813982
-1.94 1624949731.81756
-1.94 1624949731.821093
-1.94 1624949731.824713
-1.94 1624949731.828282
-1.94 1624949731.831827
-1.94 1624949731.835411
-1.94 1624949731.838939
-1.94 1624949731.842506
-1.94 1624949731.846067
-1.94 1624949731.849639
-1.94 1624949731.853175
-1.94 1624949731.856754
-1.94 1624949731.860313
-1.94 1624949731.863908
-1.94 1624949731.867424
-1.94 1624949731.871047
-1.94 1624949731.874616
-1.94 1624949731.878148
-1.94 1624949731.881688
-1.94 1624949731.88525
-1.94 1624949731.888892
-1.94 1624949731.892518
-1.94 1624949731.896077
-1.94 1624949731.899671
23.46 1624949731.903452
45.33 1624949731.912868 touch_grd
-1.88 1624949733.022354 go_up_roll
-1.94 1624949734.224553 start_7_iteration
-1.94 1624949735.022494
-1.94 1624949735.026063
-1.94 1624949735.029612
-1.94 1624949735.033202
-1.94 1624949735.036725
-1.94 1624949735.04025
-1.94 1624949735.04384
-1.94 1624949735.047489
-1.94 1624949735.050965
-1.94 1624949735.054508
-1.94 1624949735.057993
-1.94 1624949735.061539
-1.94 1624949735.065122
-1.94 1624949735.0687
-1.94 1624949735.072215
-1.94 1624949735.075869
-1.94 1624949735.079491
-1.94 1624949735.083036
-1.94 1624949735.086592
-1.94 1624949735.090295
-1.94 1624949735.093824
-1.94 1624949735.097432
-1.94 1624949735.10099
-1.94 1624949735.104575
-1.94 1624949735.108136
-1.94 1624949735.111633
-1.94 1624949735.115241
-1.94 1624949735.119005
-1.94 1624949735.122964
-1.94 1624949735.126494
-1.94 1624949735.130036
-1.94 1624949735.133589
-1.94 1624949735.13717
-1.94 1624949735.140872
-1.94 1624949735.14442
-1.94 1624949735.14795
-1.94 1624949735.151503
-1.94 1624949735.155134
-1.94 1624949735.158768
-1.94 1624949735.162326
-1.94 1624949735.165877
-1.94 1624949735.169509
-1.94 1624949735.173114
-1.94 1624949735.176653
-1.94 1624949735.180121
-1.94 1624949735.183702
-1.94 1624949735.187262
-1.94 1624949735.190869
-1.94 1624949735.19442
-1.94 1624949735.197941
-1.94 1624949735.201504
-1.94 1624949735.205196
-1.94 1624949735.208767
-1.94 1624949735.21233
-1.94 1624949735.215993
-1.94 1624949735.219655
-1.94 1624949735.223245
-1.94 1624949735.226854
-1.94 1624949735.230429
-1.94 1624949735.234065
-1.94 1624949735.23767
-1.94 1624949735.241207
-1.94 1624949735.244854
-1.94 1624949735.248447
-1.94 1624949735.251988
-1.94 1624949735.25554
-1.94 1624949735.259137
-1.94 1624949735.26277
-1.94 1624949735.266441
-1.94 1624949735.270008
-1.94 1624949735.273721
-1.94 1624949735.277306
-1.94 1624949735.280948
-1.94 1624949735.284545
-1.94 1624949735.288226
-1.94 1624949735.29193
-1.94 1624949735.295728
-1.94 1624949735.299623
-1.94 1624949735.303183
-1.94 1624949735.306972
-1.94 1624949735.310564
-1.94 1624949735.314152
-1.94 1624949735.31786
-1.94 1624949735.321467
-1.94 1624949735.325053
-1.94 1624949735.328586
-1.94 1624949735.332229
-1.94 1624949735.335859
-1.94 1624949735.339453
-1.94 1624949735.342987
-1.94 1624949735.346676
-1.94 1624949735.35039
-1.94 1624949735.354012
-1.94 1624949735.357665
-1.94 1624949735.361294
-1.94 1624949735.364904
-1.94 1624949735.368479
-1.94 1624949735.37205
-1.94 1624949735.375661
-1.94 1624949735.379317
-1.94 1624949735.382997
-1.94 1624949735.386548
-1.94 1624949735.390218
-1.94 1624949735.393945
-1.94 1624949735.397562
-1.94 1624949735.401184
-1.94 1624949735.404806
-1.94 1624949735.408436
-1.94 1624949735.412099
14.11 1624949735.416138
54.99 1624949735.424264 touch_grd
-1.94 1624949736.528884 go_up_roll
-1.94 1624949737.733498 start_8_iteration
-1.94 1624949738.533823
-1.94 1624949738.537424
-1.94 1624949738.540937
-1.94 1624949738.544522
-1.94 1624949738.54813
-1.94 1624949738.551754
-1.94 1624949738.555343
-1.94 1624949738.558919
-1.94 1624949738.562583
-1.94 1624949738.566131
-1.94 1624949738.569875
-1.94 1624949738.573554
-1.94 1624949738.577181
-1.94 1624949738.580842
-1.94 1624949738.584428
-1.94 1624949738.587952
-1.94 1624949738.591528
-1.94 1624949738.595147
-1.94 1624949738.598728
-1.94 1624949738.602303
-1.94 1624949738.605893
-1.94 1624949738.609421
-1.94 1624949738.613014
-1.94 1624949738.616533
-1.94 1624949738.620133
-1.94 1624949738.623853
-1.94 1624949738.627474
-1.94 1624949738.631044
-1.94 1624949738.634584
-1.94 1624949738.638162
-1.94 1624949738.641717
-1.94 1624949738.645304
-1.94 1624949738.648983
-1.94 1624949738.652499
-1.94 1624949738.65609
-1.94 1624949738.65964
-1.94 1624949738.663221
-1.94 1624949738.66676
-1.94 1624949738.6703
-1.94 1624949738.673915
-1.94 1624949738.677501
-1.94 1624949738.68099
-1.94 1624949738.684632
-1.94 1624949738.688155
-1.94 1624949738.691736
-1.94 1624949738.695277
-1.94 1624949738.698817
-1.94 1624949738.702357
-1.94 1624949738.705983
-1.94 1624949738.709627
-1.94 1624949738.71326
-1.94 1624949738.716848
-1.94 1624949738.720502
-1.94 1624949738.724041
-1.94 1624949738.72767
-1.94 1624949738.731295
-1.94 1624949738.734986
-1.94 1624949738.738606
-1.94 1624949738.742195
-1.94 1624949738.745974
-1.94 1624949738.749684
-1.94 1624949738.753398
-1.94 1624949738.756996
-1.94 1624949738.76061
-1.94 1624949738.764265
-1.94 1624949738.767936
-1.94 1624949738.771542
-1.94 1624949738.775121
-1.94 1624949738.778902
-1.94 1624949738.782534
-1.94 1624949738.786273
-1.94 1624949738.789862
-1.94 1624949738.793515
-1.94 1624949738.797099
-1.94 1624949738.800864
-1.94 1624949738.804435
-1.94 1624949738.808063
-1.94 1624949738.811699
-1.94 1624949738.815242
-1.94 1624949738.81899
-1.94 1624949738.822568
-1.94 1624949738.826232
-1.94 1624949738.829869
-1.94 1624949738.833567
-1.94 1624949738.837293
-1.94 1624949738.841052
-1.94 1624949738.844643
-1.94 1624949738.84833
-1.94 1624949738.852008
-1.94 1624949738.85567
-1.94 1624949738.85925
-1.94 1624949738.862944
-1.94 1624949738.866586
-1.94 1624949738.870271
-1.94 1624949738.874005
-1.94 1624949738.877663
-1.94 1624949738.881282
-1.94 1624949738.88485
-1.94 1624949738.888552
-1.94 1624949738.892226
-1.94 1624949738.8959
-1.94 1624949738.899644
-1.94 1624949738.903282
-1.94 1624949738.906916
-1.94 1624949738.910613
-1.94 1624949738.914262
-1.94 1624949738.917927
-1.94 1624949738.921641
10.33 1624949738.92561
49.91 1624949738.935631 touch_grd
-1.94 1624949740.045425 go_up_roll
-1.94 1624949741.245587 start_9_iteration
-1.94 1624949742.044168
-1.94 1624949742.047817
-1.94 1624949742.051429
-1.94 1624949742.054992
-1.94 1624949742.058543
-1.94 1624949742.062105
-1.94 1624949742.065643
-1.94 1624949742.069204
-1.94 1624949742.072871
-1.94 1624949742.076493
-1.94 1624949742.080047
-1.94 1624949742.083708
-1.94 1624949742.08726
-1.94 1624949742.090849
-1.94 1624949742.094467
-1.94 1624949742.09807
-1.94 1624949742.101618
-1.94 1624949742.105162
-1.94 1624949742.108779
-1.94 1624949742.112389
-1.94 1624949742.115974
-1.94 1624949742.119522
-1.94 1624949742.123109
-1.94 1624949742.126647
-1.94 1624949742.13021
-1.94 1624949742.133825
-1.94 1624949742.137419
-1.94 1624949742.14103
-1.94 1624949742.144627
-1.94 1624949742.148152
-1.94 1624949742.15174
-1.94 1624949742.155404
-1.94 1624949742.158963
-1.94 1624949742.162498
-1.94 1624949742.165993
-1.94 1624949742.169548
-1.94 1624949742.173131
-1.94 1624949742.176669
-1.94 1624949742.180201
-1.94 1624949742.183878
-1.94 1624949742.187511
-1.94 1624949742.191052
-1.94 1624949742.194613
-1.94 1624949742.198203
-1.94 1624949742.201915
-1.94 1624949742.205528
-1.94 1624949742.209217
-1.94 1624949742.213055
-1.94 1624949742.216754
-1.94 1624949742.220463
-1.94 1624949742.224278
-1.94 1624949742.228084
-1.94 1624949742.232133
-1.94 1624949742.235976
-1.94 1624949742.239697
-1.94 1624949742.243533
-1.94 1624949742.24728
-1.94 1624949742.251096
-1.94 1624949742.25869
-1.94 1624949742.262616
-1.94 1624949742.266504
-1.94 1624949742.270252
-1.94 1624949742.274042
-1.94 1624949742.277758
-1.94 1624949742.2815
-1.94 1624949742.285306
-1.94 1624949742.289047
-1.94 1624949742.292915
-1.94 1624949742.296787
-1.94 1624949742.300497
-1.94 1624949742.304455
-1.94 1624949742.308256
-1.94 1624949742.311964
-1.94 1624949742.315635
-1.94 1624949742.319382
-1.94 1624949742.323201
-1.94 1624949742.327121
-1.94 1624949742.330937
-1.94 1624949742.334652
-1.94 1624949742.342164
-1.94 1624949742.345997
-1.94 1624949742.34974
-1.94 1624949742.353532
-1.94 1624949742.357342
-1.94 1624949742.361173
-1.94 1624949742.36493
-1.94 1624949742.368656
-1.94 1624949742.372485
-1.94 1624949742.376194
-1.94 1624949742.379967
-1.94 1624949742.383754
-1.94 1624949742.387522
-1.94 1624949742.391235
-1.94 1624949742.394989
-1.94 1624949742.398668
-1.94 1624949742.402592
-1.94 1624949742.406355
-1.94 1624949742.410408
-1.94 1624949742.414185
-1.94 1624949742.41795
-1.94 1624949742.421578
-1.94 1624949742.425357
-1.94 1624949742.429123
-1.94 1624949742.43295
9.58 1624949742.436961
55.05 1624949742.446246 touch_grd
-1.88 1624949743.551908 go_up_roll
