8.531383514404297 1624360992.173906 0.652
8.531383514404297 1624360992.180857 0.652
8.531383514404297 1624360992.18785 0.652
8.531383514404297 1624360992.194864 0.652
8.531383514404297 1624360992.201872 0.652
8.531383514404297 1624360992.208899 0.652
8.531383514404297 1624360992.215712 0.652
8.531383514404297 1624360992.222712 0.652
8.531383514404297 1624360992.229782 0.652
8.531383514404297 1624360992.236747 0.652
8.531383514404297 1624360992.243701 0.652
8.531383514404297 1624360992.250776 0.652
8.531383514404297 1624360992.257782 0.652
8.531383514404297 1624360992.264792 0.652
8.531383514404297 1624360992.271743 0.652
8.531383514404297 1624360992.278696 0.652
8.531383514404297 1624360992.285716 0.652
8.531383514404297 1624360992.292803 0.652
8.531383514404297 1624360992.299713 0.652
8.531383514404297 1624360992.306728 0.652
8.531383514404297 1624360992.313771 0.652
8.531383514404297 1624360992.320773 0.652
8.531383514404297 1624360992.327749 0.652
8.531383514404297 1624360992.334736 0.652
8.531383514404297 1624360992.341731 0.652
8.531383514404297 1624360992.348767 0.652
8.531383514404297 1624360992.355788 0.652
8.531383514404297 1624360992.362842 0.652
8.531383514404297 1624360992.369818 0.652
8.531383514404297 1624360992.37686 0.652
8.531383514404297 1624360992.383833 0.652
8.531383514404297 1624360992.390635 0.652
8.531383514404297 1624360992.397658 0.652
8.531383514404297 1624360992.404695 0.652
8.531383514404297 1624360992.411647 0.652
8.531383514404297 1624360992.418723 0.652
8.531383514404297 1624360992.425603 0.652
8.531383514404297 1624360992.432653 0.652
8.531383514404297 1624360992.439636 0.652
8.531383514404297 1624360992.446645 0.652
8.531383514404297 1624360992.453679 0.652
8.531383514404297 1624360992.460659 0.652
8.531383514404297 1624360992.467622 0.652
8.531383514404297 1624360992.474619 0.652
8.531383514404297 1624360992.481659 0.652
8.531383514404297 1624360992.488677 0.652
8.531383514404297 1624360992.495651 0.652
8.531383514404297 1624360992.502663 0.652
8.531383514404297 1624360992.50968 0.652
8.531383514404297 1624360992.516742 0.652
8.531383514404297 1624360992.523766 0.652
8.531383514404297 1624360992.53076 0.652
8.531383514404297 1624360992.537758 0.652
8.531383514404297 1624360992.544783 0.652
8.531383514404297 1624360992.551808 0.652
8.531383514404297 1624360992.558783 0.652
8.531383514404297 1624360992.565753 0.652
8.531383514404297 1624360992.572763 0.652
8.531383514404297 1624360992.579568 0.652
8.531383514404297 1624360992.586574 0.652
8.531383514404297 1624360992.593622 0.652
8.531383514404297 1624360992.60058 0.652
8.531383514404297 1624360992.607528 0.652
8.531383514404297 1624360992.614564 0.652
8.531383514404297 1624360992.621608 0.652
8.531383514404297 1624360992.628605 0.652
8.531383514404297 1624360992.635572 0.652
8.531383514404297 1624360992.6426 0.652
8.531383514404297 1624360992.649615 0.652
8.531383514404297 1624360992.656678 0.652
8.531383514404297 1624360992.663623 0.652
8.531383514404297 1624360992.670658 0.652
8.531383514404297 1624360992.677659 0.652
8.531383514404297 1624360992.684719 0.652
8.531383514404297 1624360992.691748 0.652
8.531383514404297 1624360992.698728 0.652
8.531383514404297 1624360992.705745 0.652
8.531383514404297 1624360992.71276 0.652
8.531383514404297 1624360992.719712 0.652
8.531383514404297 1624360992.726741 0.652
8.531383514404297 1624360992.733754 0.652
8.531383514404297 1624360992.740714 0.652
8.531383514404297 1624360992.747704 0.652
8.531383514404297 1624360992.754645 0.652
8.531383514404297 1624360992.761662 0.652
8.531383514404297 1624360992.768562 0.652
8.531383514404297 1624360992.775626 0.652
8.531383514404297 1624360992.782563 0.652
8.531383514404297 1624360992.789599 0.652
8.531383514404297 1624360992.796606 0.652
8.531383514404297 1624360992.803603 0.652
8.531383514404297 1624360992.810591 0.652
8.531383514404297 1624360992.817616 0.652
8.531383514404297 1624360992.824673 0.652
8.531383514404297 1624360992.831561 0.652
8.531383514404297 1624360992.838543 0.652
8.531383514404297 1624360992.845551 0.652
8.531383514404297 1624360992.852557 0.652
8.531383514404297 1624360992.859487 0.652
8.531383514404297 1624360992.86655 0.652
8.531383514404297 1624360992.87361 0.652
8.531383514404297 1624360992.880599 0.652
8.531383514404297 1624360992.887547 0.652
8.531383514404297 1624360992.894634 0.652
8.531383514404297 1624360992.901619 0.652
8.531383514404297 1624360992.908606 0.652
8.531383514404297 1624360992.915615 0.652
8.531383514404297 1624360992.922713 0.652
8.531383514404297 1624360992.92965 0.652
8.531383514404297 1624360992.936716 0.652
8.531383514404297 1624360992.943499 0.652
8.531383514404297 1624360992.950503 0.652
8.531383514404297 1624360992.957542 0.652
8.531383514404297 1624360992.964524 0.652
8.531383514404297 1624360992.971571 0.652
8.531383514404297 1624360992.978484 0.652
8.531383514404297 1624360992.985522 0.652
8.531383514404297 1624360992.99259 0.652
8.531383514404297 1624360992.999584 0.652
8.531383514404297 1624360993.0066 0.652
8.531383514404297 1624360993.013535 0.652
8.531383514404297 1624360993.02052 0.652
8.531383514404297 1624360993.027523 0.652
8.531383514404297 1624360993.034559 0.652
8.531383514404297 1624360993.041635 0.652
8.531383514404297 1624360993.048566 0.652
8.531383514404297 1624360993.055582 0.652
8.531383514404297 1624360993.062607 0.652
8.531383514404297 1624360993.069583 0.652
8.531383514404297 1624360993.076548 0.652
8.531383514404297 1624360993.083517 0.652
8.531383514404297 1624360993.09059 0.652
8.531383514404297 1624360993.097623 0.652
8.531383514404297 1624360993.104676 0.652
8.531383514404297 1624360993.111645 0.652
8.531383514404297 1624360993.118671 0.652
8.531383514404297 1624360993.12548 0.652
8.531383514404297 1624360993.132491 0.652
8.531383514404297 1624360993.139507 0.652
8.531383514404297 1624360993.146502 0.652
8.531383514404297 1624360993.153502 0.652
8.531383514404297 1624360993.160541 0.652
8.531383514404297 1624360993.167501 0.652
8.531383514404297 1624360993.174514 0.652
8.531383514404297 1624360993.181531 0.652
8.531383514404297 1624360993.188461 0.652
8.531383514404297 1624360993.195528 0.652
8.531383514404297 1624360993.202508 0.652
8.531383514404297 1624360993.209582 0.652
8.531383514404297 1624360993.216488 0.652
8.531383514404297 1624360993.223478 0.652
8.531383514404297 1624360993.230542 0.652
8.531383514404297 1624360993.237578 0.652
8.531383514404297 1624360993.244579 0.652
8.531383514404297 1624360993.251556 0.652
8.531383514404297 1624360993.258565 0.652
8.531383514404297 1624360993.265557 0.652
8.531383514404297 1624360993.272533 0.652
8.531383514404297 1624360993.279571 0.652
8.531383514404297 1624360993.286557 0.652
8.531383514404297 1624360993.293573 0.652
8.531383514404297 1624360993.300558 0.652
8.531383514404297 1624360993.307562 0.652
8.531383514404297 1624360993.314518 0.652
8.531383514404297 1624360993.321554 0.652
8.531383514404297 1624360993.328471 0.652
8.531383514404297 1624360993.335483 0.652
8.531383514404297 1624360993.342465 0.652
8.531383514404297 1624360993.349399 0.652
8.531383514404297 1624360993.356427 0.652
8.531383514404297 1624360993.363391 0.652
8.531383514404297 1624360993.370409 0.652
8.531383514404297 1624360993.377389 0.652
8.531383514404297 1624360993.384389 0.652
8.531383514404297 1624360993.391459 0.652
8.531383514404297 1624360993.398418 0.652
8.531383514404297 1624360993.405369 0.652
8.531383514404297 1624360993.41236 0.652
8.531383514404297 1624360993.419351 0.652
8.531383514404297 1624360993.426464 0.652
8.531383514404297 1624360993.433475 0.652
8.531383514404297 1624360993.440529 0.652
8.531383514404297 1624360993.447518 0.652
8.531383514404297 1624360993.454528 0.652
8.531383514404297 1624360993.461517 0.652
8.531383514404297 1624360993.468484 0.652
8.531383514404297 1624360993.475568 0.652
8.531383514404297 1624360993.482493 0.652
8.531383514404297 1624360993.48953 0.652
8.531383514404297 1624360993.496416 0.652
8.531383514404297 1624360993.503364 0.652
8.531383514404297 1624360993.510444 0.652
8.531383514404297 1624360993.517345 0.652
8.531383514404297 1624360993.524498 0.652
8.531383514404297 1624360993.531434 0.652
8.531383514404297 1624360993.538367 0.652
8.531383514404297 1624360993.545394 0.652
8.531383514404297 1624360993.552358 0.652
8.531383514404297 1624360993.559371 0.652
8.531383514404297 1624360993.566409 0.652
8.531383514404297 1624360993.57347 0.652
8.531383514404297 1624360993.580351 0.652
8.531383514404297 1624360993.58746 0.652
8.531383514404297 1624360993.594494 0.652
8.531383514404297 1624360993.601465 0.652
8.531383514404297 1624360993.608418 0.652
8.531383514404297 1624360993.615449 0.652
8.531383514404297 1624360993.6224 0.652
8.531383514404297 1624360993.629494 0.652
8.531383514404297 1624360993.636516 0.652
8.531383514404297 1624360993.643363 0.652
8.531383514404297 1624360993.650365 0.652
8.531383514404297 1624360993.65733 0.652
8.531383514404297 1624360993.664337 0.652
8.531383514404297 1624360993.671367 0.652
8.531383514404297 1624360993.678394 0.652
8.531383514404297 1624360993.685375 0.652
8.531383514404297 1624360993.69234 0.652
8.531383514404297 1624360993.699361 0.652
7.921998500823975 1624360993.706384 0.652
8.531383514404297 1624360993.713377 0.652
8.531383514404297 1624360993.72043 0.652
8.531383514404297 1624360993.727439 0.652
8.531383514404297 1624360993.734414 0.652
8.531383514404297 1624360993.741417 0.652
8.531383514404297 1624360993.748454 0.652
8.531383514404297 1624360993.75537 0.652
8.531383514404297 1624360993.762421 0.652
8.531383514404297 1624360993.769422 0.652
8.531383514404297 1624360993.776506 0.652
8.531383514404297 1624360993.78329 0.652
8.531383514404297 1624360993.790335 0.652
8.531383514404297 1624360993.797312 0.652
8.531383514404297 1624360993.804276 0.652
8.531383514404297 1624360993.81131 0.652
8.531383514404297 1624360993.818401 0.652
8.531383514404297 1624360993.825311 0.652
8.531383514404297 1624360993.832305 0.652
8.531383514404297 1624360993.839365 0.652
8.531383514404297 1624360993.846323 0.652
8.531383514404297 1624360993.853372 0.652
8.531383514404297 1624360993.860314 0.652
8.531383514404297 1624360993.867318 0.652
8.531383514404297 1624360993.874358 0.652
8.531383514404297 1624360993.881301 0.652
8.531383514404297 1624360993.888416 0.652
8.531383514404297 1624360993.895388 0.652
8.531383514404297 1624360993.902411 0.652
8.531383514404297 1624360993.909462 0.652
8.531383514404297 1624360993.916373 0.652
8.531383514404297 1624360993.923203 0.652
8.531383514404297 1624360993.930196 0.652
8.531383514404297 1624360993.937156 0.652
8.531383514404297 1624360993.944186 0.652
8.531383514404297 1624360993.951262 0.652
8.531383514404297 1624360993.958265 0.652
8.531383514404297 1624360993.965311 0.652
8.531383514404297 1624360993.972242 0.652
8.531383514404297 1624360993.979203 0.652
8.531383514404297 1624360993.986241 0.652
8.531383514404297 1624360993.99323 0.652
8.531383514404297 1624360994.000255 0.652
8.531383514404297 1624360994.007326 0.652
8.531383514404297 1624360994.014324 0.652
8.531383514404297 1624360994.021353 0.652
8.531383514404297 1624360994.02831 0.652
8.531383514404297 1624360994.035389 0.652
8.531383514404297 1624360994.042469 0.652
8.531383514404297 1624360994.049428 0.652
8.531383514404297 1624360994.056356 0.652
8.531383514404297 1624360994.063227 0.652
8.531383514404297 1624360994.070242 0.652
8.531383514404297 1624360994.077242 0.652
8.531383514404297 1624360994.084258 0.652
8.531383514404297 1624360994.091232 0.652
8.531383514404297 1624360994.098249 0.652
8.531383514404297 1624360994.105286 0.652
8.531383514404297 1624360994.112242 0.652
8.531383514404297 1624360994.119252 0.652
8.531383514404297 1624360994.126208 0.652
8.531383514404297 1624360994.133213 0.652
8.531383514404297 1624360994.140287 0.652
8.531383514404297 1624360994.147317 0.652
8.531383514404297 1624360994.154271 0.652
8.531383514404297 1624360994.161324 0.652
8.531383514404297 1624360994.168213 0.652
8.531383514404297 1624360994.175222 0.652
8.531383514404297 1624360994.182233 0.652
8.531383514404297 1624360994.189271 0.652
8.531383514404297 1624360994.196234 0.652
8.531383514404297 1624360994.203284 0.652
8.531383514404297 1624360994.21035 0.652
8.531383514404297 1624360994.217175 0.652
8.531383514404297 1624360994.224133 0.652
8.531383514404297 1624360994.23116 0.652
8.531383514404297 1624360994.238228 0.652
8.531383514404297 1624360994.245166 0.652
8.531383514404297 1624360994.252195 0.652
8.531383514404297 1624360994.259174 0.652
8.531383514404297 1624360994.266178 0.652
8.531383514404297 1624360994.273204 0.652
8.5261869430542 1624360994.280127 0.652
8.531383514404297 1624360994.287279 0.652
8.531383514404297 1624360994.294227 0.652
8.531383514404297 1624360994.301167 0.652
8.531383514404297 1624360994.308228 0.652
8.531383514404297 1624360994.315205 0.652
8.531383514404297 1624360994.322201 0.652
8.531383514404297 1624360994.32923 0.652
8.531383514404297 1624360994.33623 0.652
8.531383514404297 1624360994.343308 0.652
8.531383514404297 1624360994.350124 0.652
8.531383514404297 1624360994.357122 0.652
8.531383514404297 1624360994.364155 0.652
8.531383514404297 1624360994.371164 0.652
8.531383514404297 1624360994.378145 0.652
8.531383514404297 1624360994.385197 0.652
8.531383514404297 1624360994.392221 0.652
8.531383514404297 1624360994.399145 0.652
8.531383514404297 1624360994.406139 0.652
8.531383514404297 1624360994.413173 0.652
8.531383514404297 1624360994.420183 0.652
8.531383514404297 1624360994.427194 0.652
8.531383514404297 1624360994.434155 0.652
8.531383514404297 1624360994.441292 0.652
8.531383514404297 1624360994.448203 0.652
8.531383514404297 1624360994.45514 0.652
8.531383514404297 1624360994.462228 0.652
8.531383514404297 1624360994.469242 0.652
8.531383514404297 1624360994.47623 0.652
8.531383514404297 1624360994.483104 0.652
8.531383514404297 1624360994.490184 0.652
8.531383514404297 1624360994.497104 0.652
8.531383514404297 1624360994.504153 0.652
8.531383514404297 1624360994.511135 0.652
8.531383514404297 1624360994.518153 0.652
8.531383514404297 1624360994.525101 0.652
8.531383514404297 1624360994.532181 0.652
8.531383514404297 1624360994.539161 0.652
8.531383514404297 1624360994.546134 0.652
8.531383514404297 1624360994.553092 0.652
8.531383514404297 1624360994.560042 0.652
8.531383514404297 1624360994.567094 0.652
8.531383514404297 1624360994.574062 0.652
8.531383514404297 1624360994.581225 0.652
8.531383514404297 1624360994.588265 0.652
8.531383514404297 1624360994.595199 0.652
8.531383514404297 1624360994.602245 0.652
8.531383514404297 1624360994.609065 0.652
8.531383514404297 1624360994.616046 0.652
8.531383514404297 1624360994.623018 0.652
8.531383514404297 1624360994.630097 0.652
8.531383514404297 1624360994.637084 0.652
8.531383514404297 1624360994.644071 0.652
8.531383514404297 1624360994.651115 0.652
8.531383514404297 1624360994.658059 0.652
8.531383514404297 1624360994.665103 0.652
8.531383514404297 1624360994.672124 0.652
8.531383514404297 1624360994.679086 0.652
8.531383514404297 1624360994.686111 0.652
8.531383514404297 1624360994.693121 0.652
8.531383514404297 1624360994.700098 0.652
8.531383514404297 1624360994.707155 0.652
8.531383514404297 1624360994.714113 0.652
8.531383514404297 1624360994.721164 0.652
8.531383514404297 1624360994.728114 0.652
8.531383514404297 1624360994.735197 0.652
8.531383514404297 1624360994.742135 0.652
8.531383514404297 1624360994.749116 0.652
7.921998500823975 1624360994.756174 0.652
8.531383514404297 1624360994.763122 0.652
8.531383514404297 1624360994.769963 0.652
8.531383514404297 1624360994.77694 0.652
8.531383514404297 1624360994.783962 0.652
8.531383514404297 1624360994.791034 0.652
8.531383514404297 1624360994.798035 0.652
8.531383514404297 1624360994.80498 0.652
8.531383514404297 1624360994.812011 0.652
8.531383514404297 1624360994.819003 0.652
8.531383514404297 1624360994.825977 0.652
8.531383514404297 1624360994.833062 0.652
8.531383514404297 1624360994.840047 0.652
7.921998500823975 1624360994.847056 0.652
8.531383514404297 1624360994.854129 0.652
8.531383514404297 1624360994.861106 0.652
8.531383514404297 1624360994.868127 0.652
8.531383514404297 1624360994.87504 0.652
8.531383514404297 1624360994.882033 0.652
8.531383514404297 1624360994.889012 0.652
8.531383514404297 1624360994.89606 0.652
7.921998500823975 1624360994.903091 0.652
8.531383514404297 1624360994.910144 0.652
8.5261869430542 1624360994.917108 0.652
8.531383514404297 1624360994.924124 0.652
8.531383514404297 1624360994.931114 0.652
8.531383514404297 1624360994.937977 0.652
8.531383514404297 1624360994.94488 0.652
8.531383514404297 1624360994.952021 0.652
8.531383514404297 1624360994.958898 0.652
8.531383514404297 1624360994.965983 0.652
7.921998500823975 1624360994.972995 0.652
8.531383514404297 1624360994.980026 0.652
8.5261869430542 1624360994.987044 0.652
8.531383514404297 1624360994.99403 0.652
8.5261869430542 1624360995.00104 0.652
8.531383514404297 1624360995.008031 0.652
8.531383514404297 1624360995.014982 0.652
8.531383514404297 1624360995.022028 0.652
8.531383514404297 1624360995.029013 0.652
8.531383514404297 1624360995.03605 0.652
8.531383514404297 1624360995.042979 0.652
8.531383514404297 1624360995.049985 0.652
8.531383514404297 1624360995.056994 0.652
8.531383514404297 1624360995.063992 0.652
8.531383514404297 1624360995.070966 0.652
8.531383514404297 1624360995.077969 0.652
8.531383514404297 1624360995.085085 0.652
8.531383514404297 1624360995.092111 0.652
7.921998500823975 1624360995.099021 0.652
8.531383514404297 1624360995.105988 0.652
8.531383514404297 1624360995.113029 0.652
8.531383514404297 1624360995.119854 0.652
8.531383514404297 1624360995.126901 0.652
8.531383514404297 1624360995.133968 0.652
8.531383514404297 1624360995.141094 0.652
8.531383514404297 1624360995.147924 0.652
8.531383514404297 1624360995.154981 0.652
8.531383514404297 1624360995.162018 0.652
8.531383514404297 1624360995.169014 0.652
8.531383514404297 1624360995.176055 0.652
8.531383514404297 1624360995.182999 0.652
8.531383514404297 1624360995.18999 0.652
8.531383514404297 1624360995.197032 0.652
8.5261869430542 1624360995.203971 0.652
8.531383514404297 1624360995.21101 0.652
8.531383514404297 1624360995.217943 0.652
8.531383514404297 1624360995.224957 0.652
8.531383514404297 1624360995.231967 0.652
8.531383514404297 1624360995.238916 0.652
7.921998500823975 1624360995.245962 0.652
8.531383514404297 1624360995.253027 0.652
8.531383514404297 1624360995.259978 0.652
8.531383514404297 1624360995.26694 0.652
8.531383514404297 1624360995.274008 0.652
8.531383514404297 1624360995.280983 0.652
8.531383514404297 1624360995.28794 0.652
8.531383514404297 1624360995.294814 0.652
8.531383514404297 1624360995.301872 0.652
8.531383514404297 1624360995.308853 0.652
7.921998500823975 1624360995.315815 0.652
8.531383514404297 1624360995.322859 0.652
8.531383514404297 1624360995.329851 0.652
7.921998500823975 1624360995.336903 0.652
8.531383514404297 1624360995.343934 0.652
8.531383514404297 1624360995.350862 0.652
8.531383514404297 1624360995.357902 0.652
8.5261869430542 1624360995.364967 0.652
7.921998500823975 1624360995.371916 0.652
8.531383514404297 1624360995.378877 0.652
8.531383514404297 1624360995.385922 0.652
8.531383514404297 1624360995.392867 0.652
8.531383514404297 1624360995.399855 0.652
8.531383514404297 1624360995.406929 0.652
8.531383514404297 1624360995.413962 0.652
8.5261869430542 1624360995.420947 0.652
8.531383514404297 1624360995.427941 0.652
8.531383514404297 1624360995.434921 0.652
8.531383514404297 1624360995.441954 0.652
8.5261869430542 1624360995.448924 0.652
8.531383514404297 1624360995.455915 0.652
8.531383514404297 1624360995.462781 0.652
8.531383514404297 1624360995.469739 0.652
8.531383514404297 1624360995.476767 0.652
8.531383514404297 1624360995.483717 0.652
8.531383514404297 1624360995.490778 0.652
7.921998500823975 1624360995.497764 0.652
8.5261869430542 1624360995.504817 0.652
8.531383514404297 1624360995.511863 0.652
8.5261869430542 1624360995.518853 0.652
8.531383514404297 1624360995.525863 0.652
8.531383514404297 1624360995.532876 0.652
8.531383514404297 1624360995.539887 0.652
8.531383514404297 1624360995.54683 0.652
8.531383514404297 1624360995.553851 0.652
8.531383514404297 1624360995.560896 0.652
8.531383514404297 1624360995.567856 0.652
8.531383514404297 1624360995.574954 0.652
8.531383514404297 1624360995.581895 0.652
7.917174339294434 1624360995.58893 0.652
8.5261869430542 1624360995.595885 0.652
8.5261869430542 1624360995.602852 0.652
8.5261869430542 1624360995.60991 0.652
8.5261869430542 1624360995.616901 0.652
8.531383514404297 1624360995.623787 0.652
8.531383514404297 1624360995.63081 0.652
8.531383514404297 1624360995.637789 0.652
8.531383514404297 1624360995.644679 0.652
8.531383514404297 1624360995.651707 0.652
8.531383514404297 1624360995.658829 0.652
8.531383514404297 1624360995.665869 0.652
8.531383514404297 1624360995.672877 0.652
8.5261869430542 1624360995.679803 0.652
8.531383514404297 1624360995.686851 0.652
8.5261869430542 1624360995.693816 0.652
8.5261869430542 1624360995.70079 0.652
8.531383514404297 1624360995.707828 0.652
8.531383514404297 1624360995.714848 0.652
8.5261869430542 1624360995.721871 0.652
8.5261869430542 1624360995.729947 0.652
8.531383514404297 1624360995.736928 0.652
8.531383514404297 1624360995.743681 0.652
8.5261869430542 1624360995.750643 0.652
8.531383514404297 1624360995.757618 0.652
8.531383514404297 1624360995.764637 0.652
8.531383514404297 1624360995.771682 0.652
8.5261869430542 1624360995.778629 0.652
8.531383514404297 1624360995.785624 0.652
8.531383514404297 1624360995.792706 0.652
8.531383514404297 1624360995.799659 0.652
8.5261869430542 1624360995.806675 0.652
8.531383514404297 1624360995.813712 0.652
8.531383514404297 1624360995.82077 0.652
8.531383514404297 1624360995.82781 0.652
8.531383514404297 1624360995.834775 0.652
7.921998500823975 1624360995.841828 0.652
8.531383514404297 1624360995.848791 0.652
8.531383514404297 1624360995.855811 0.652
8.531383514404297 1624360995.862828 0.652
8.531383514404297 1624360995.869835 0.652
8.531383514404297 1624360995.876874 0.652
8.5261869430542 1624360995.88381 0.652
8.531383514404297 1624360995.890905 0.652
8.531383514404297 1624360995.89772 0.652
8.531383514404297 1624360995.904687 0.652
8.531383514404297 1624360995.911741 0.652
8.5261869430542 1624360995.918746 0.652
8.531383514404297 1624360995.925714 0.652
8.531383514404297 1624360995.932706 0.652
8.531383514404297 1624360995.939728 0.652
8.531383514404297 1624360995.946749 0.652
7.921998500823975 1624360995.953732 0.652
8.531383514404297 1624360995.960778 0.652
8.531383514404297 1624360995.967768 0.652
8.531383514404297 1624360995.974692 0.652
8.5261869430542 1624360995.981753 0.652
8.5261869430542 1624360995.988815 0.652
8.531383514404297 1624360995.995779 0.652
8.531383514404297 1624360996.002807 0.652
8.531383514404297 1624360996.009811 0.652
8.5261869430542 1624360996.016828 0.652
7.921998500823975 1624360996.023835 0.652
8.531383514404297 1624360996.030807 0.652
8.531383514404297 1624360996.037633 0.652
8.5261869430542 1624360996.04464 0.652
8.531383514404297 1624360996.051576 0.652
8.531383514404297 1624360996.05856 0.652
7.921998500823975 1624360996.065577 0.652
8.531383514404297 1624360996.072636 0.652
8.531383514404297 1624360996.079636 0.652
8.531383514404297 1624360996.086646 0.652
8.531383514404297 1624360996.093675 0.652
8.531383514404297 1624360996.100633 0.652
8.531383514404297 1624360996.107636 0.652
8.531383514404297 1624360996.114692 0.652
8.531383514404297 1624360996.121681 0.652
8.531383514404297 1624360996.128651 0.652
8.5261869430542 1624360996.135708 0.652
8.531383514404297 1624360996.142778 0.652
8.531383514404297 1624360996.149681 0.652
8.531383514404297 1624360996.156695 0.652
8.531383514404297 1624360996.163648 0.652
7.921998500823975 1624360996.170702 0.652
8.531383514404297 1624360996.177628 0.652
8.531383514404297 1624360996.184686 0.652
8.531383514404297 1624360996.191697 0.652
8.5261869430542 1624360996.198494 0.652
8.5261869430542 1624360996.205543 0.652
8.531383514404297 1624360996.212537 0.652
8.531383514404297 1624360996.219564 0.652
7.921998500823975 1624360996.226569 0.652
8.5261869430542 1624360996.233584 0.652
8.5261869430542 1624360996.240529 0.652
8.5261869430542 1624360996.247553 0.652
8.5261869430542 1624360996.254685 0.652
8.5261869430542 1624360996.261665 0.652
8.531383514404297 1624360996.268707 0.652
8.531383514404297 1624360996.275676 0.652
8.531383514404297 1624360996.282676 0.652
8.531383514404297 1624360996.289735 0.652
8.531383514404297 1624360996.296699 0.652
8.5261869430542 1624360996.303719 0.652
8.531383514404297 1624360996.310639 0.652
8.531383514404297 1624360996.317673 0.652
8.531383514404297 1624360996.324716 0.652
8.5261869430542 1624360996.331728 0.652
8.531383514404297 1624360996.33855 0.652
8.531383514404297 1624360996.345577 0.652
8.531383514404297 1624360996.352478 0.652
8.531383514404297 1624360996.359467 0.652
8.5261869430542 1624360996.366527 0.652
8.531383514404297 1624360996.373632 0.652
8.5261869430542 1624360996.380581 0.652
8.531383514404297 1624360996.387656 0.652
8.531383514404297 1624360996.394643 0.652
8.531383514404297 1624360996.401611 0.652
8.531383514404297 1624360996.40864 0.652
8.531383514404297 1624360996.415632 0.652
8.531383514404297 1624360996.422626 0.652
8.5261869430542 1624360996.429644 0.652
8.531383514404297 1624360996.436641 0.652
8.531383514404297 1624360996.443609 0.652
8.5261869430542 1624360996.450618 0.652
8.531383514404297 1624360996.457697 0.652
8.531383514404297 1624360996.464696 0.652
8.531383514404297 1624360996.471673 0.652
8.5261869430542 1624360996.478625 0.652
8.5261869430542 1624360996.485622 0.652
8.5261869430542 1624360996.492626 0.652
8.531383514404297 1624360996.499487 0.652
8.5261869430542 1624360996.506547 0.652
8.5261869430542 1624360996.513522 0.652
8.5261869430542 1624360996.520567 0.652
8.5261869430542 1624360996.527532 0.652
7.921998500823975 1624360996.53457 0.652
8.531383514404297 1624360996.541583 0.652
8.5261869430542 1624360996.548583 0.652
7.921998500823975 1624360996.555554 0.652
8.531383514404297 1624360996.562542 0.652
7.921998500823975 1624360996.569524 0.652
8.531383514404297 1624360996.576611 0.652
8.531383514404297 1624360996.58359 0.652
8.5261869430542 1624360996.590597 0.652
8.5261869430542 1624360996.597634 0.652
8.531383514404297 1624360996.604609 0.652
7.921998500823975 1624360996.611595 0.652
8.531383514404297 1624360996.618595 0.652
8.531383514404297 1624360996.625577 0.652
8.531383514404297 1624360996.632588 0.652
8.531383514404297 1624360996.639578 0.652
8.531383514404297 1624360996.646558 0.652
8.531383514404297 1624360996.653465 0.652
8.5261869430542 1624360996.660508 0.652
8.531383514404297 1624360996.667504 0.652
8.531383514404297 1624360996.674532 0.652
8.5261869430542 1624360996.68154 0.652
8.5261869430542 1624360996.688461 0.652
8.531383514404297 1624360996.69551 0.652
8.531383514404297 1624360996.702439 0.652
8.5261869430542 1624360996.709451 0.652
7.921998500823975 1624360996.716451 0.652
8.531383514404297 1624360996.723498 0.652
8.5261869430542 1624360996.73045 0.652
8.531383514404297 1624360996.737482 0.652
8.5261869430542 1624360996.74453 0.652
8.531383514404297 1624360996.751593 0.652
8.531383514404297 1624360996.758587 0.652
8.531383514404297 1624360996.765556 0.652
8.5261869430542 1624360996.772739 0.652
8.5261869430542 1624360996.779523 0.652
8.5261869430542 1624360996.786605 0.652
8.531383514404297 1624360996.793563 0.652
8.5261869430542 1624360996.80061 0.652
8.531383514404297 1624360996.807426 0.652
8.5261869430542 1624360996.81451 0.652
8.5261869430542 1624360996.821448 0.652
8.531383514404297 1624360996.828476 0.652
8.531383514404297 1624360996.835389 0.652
7.917174339294434 1624360996.842435 0.652
8.531383514404297 1624360996.849428 0.652
8.5261869430542 1624360996.856427 0.652
8.5261869430542 1624360996.86347 0.652
8.531383514404297 1624360996.870512 0.652
8.531383514404297 1624360996.877512 0.652
8.531383514404297 1624360996.884506 0.652
8.531383514404297 1624360996.891511 0.652
7.921998500823975 1624360996.898562 0.652
8.5261869430542 1624360996.905534 0.652
8.5261869430542 1624360996.912516 0.652
8.531383514404297 1624360996.919571 0.652
8.5261869430542 1624360996.926535 0.652
7.921998500823975 1624360996.933548 0.652
8.531383514404297 1624360996.940547 0.652
8.5261869430542 1624360996.947528 0.652
7.921998500823975 1624360996.954397 0.652
8.5261869430542 1624360996.961394 0.652
8.531383514404297 1624360996.968427 0.652
8.5261869430542 1624360996.975427 0.652
8.531383514404297 1624360996.982433 0.652
7.917174339294434 1624360996.989413 0.652
8.531383514404297 1624360996.996414 0.652
8.531383514404297 1624360997.003391 0.652
8.531383514404297 1624360997.010422 0.652
8.5261869430542 1624360997.017413 0.652
8.531383514404297 1624360997.024406 0.652
8.531383514404297 1624360997.031385 0.652
8.531383514404297 1624360997.038387 0.652
8.531383514404297 1624360997.045377 0.652
8.531383514404297 1624360997.052389 0.652
8.5261869430542 1624360997.059415 0.652
8.5261869430542 1624360997.066448 0.652
8.5261869430542 1624360997.07347 0.652
8.531383514404297 1624360997.080455 0.652
8.531383514404297 1624360997.087415 0.652
8.5261869430542 1624360997.094441 0.652
8.531383514404297 1624360997.101465 0.652
8.531383514404297 1624360997.108448 0.652
7.921998500823975 1624360997.115538 0.652
8.5261869430542 1624360997.122529 0.652
8.531383514404297 1624360997.129492 0.652
8.531383514404297 1624360997.136301 0.652
8.531383514404297 1624360997.143299 0.652
7.917174339294434 1624360997.150327 0.652
8.5261869430542 1624360997.157338 0.652
8.531383514404297 1624360997.164343 0.652
8.531383514404297 1624360997.171393 0.652
8.5261869430542 1624360997.178304 0.652
8.5261869430542 1624360997.185353 0.652
8.5261869430542 1624360997.192293 0.652
8.5261869430542 1624360997.199296 0.652
8.531383514404297 1624360997.206257 0.652
8.531383514404297 1624360997.213293 0.652
8.5261869430542 1624360997.220352 0.652
8.531383514404297 1624360997.227337 0.652
8.5261869430542 1624360997.234363 0.652
7.917174339294434 1624360997.241326 0.652
8.531383514404297 1624360997.248364 0.652
8.5261869430542 1624360997.255376 0.652
8.531383514404297 1624360997.262408 0.652
8.531383514404297 1624360997.269448 0.652
8.531383514404297 1624360997.276417 0.652
8.531383514404297 1624360997.283482 0.652
8.531383514404297 1624360997.29047 0.652
8.5261869430542 1624360997.29746 0.652
8.5261869430542 1624360997.304445 0.652
8.531383514404297 1624360997.311321 0.652
8.5261869430542 1624360997.318236 0.652
8.5261869430542 1624360997.325326 0.652
8.5261869430542 1624360997.332245 0.652
8.5261869430542 1624360997.33925 0.652
8.531383514404297 1624360997.346296 0.652
8.5261869430542 1624360997.353224 0.652
8.5261869430542 1624360997.360267 0.652
8.531383514404297 1624360997.367242 0.652
8.5261869430542 1624360997.374289 0.652
8.5261869430542 1624360997.381325 0.652
7.917174339294434 1624360997.38839 0.652
8.531383514404297 1624360997.395335 0.652
8.5261869430542 1624360997.402386 0.652
8.5261869430542 1624360997.409366 0.652
8.531383514404297 1624360997.416365 0.652
8.5261869430542 1624360997.423331 0.652
8.5261869430542 1624360997.430434 0.652
8.531383514404297 1624360997.437394 0.652
8.5261869430542 1624360997.444436 0.652
8.531383514404297 1624360997.451407 0.652
8.5261869430542 1624360997.458446 0.652
8.531383514404297 1624360997.465436 0.652
8.531383514404297 1624360997.472228 0.652
7.917174339294434 1624360997.479253 0.652
8.5261869430542 1624360997.486281 0.652
8.5261869430542 1624360997.493177 0.652
8.531383514404297 1624360997.500203 0.652
8.531383514404297 1624360997.507171 0.652
8.5261869430542 1624360997.514159 0.652
8.531383514404297 1624360997.521169 0.652
8.5261869430542 1624360997.528199 0.652
7.921998500823975 1624360997.535251 0.652
8.5261869430542 1624360997.542307 0.652
8.5261869430542 1624360997.549305 0.652
8.5261869430542 1624360997.556186 0.652
8.5261869430542 1624360997.56319 0.652
8.5261869430542 1624360997.570291 0.652
8.5261869430542 1624360997.577244 0.652
8.531383514404297 1624360997.584264 0.652
7.917174339294434 1624360997.591306 0.652
8.531383514404297 1624360997.598335 0.652
7.917174339294434 1624360997.605346 0.652
8.5261869430542 1624360997.61233 0.652
8.531383514404297 1624360997.619343 0.652
7.917174339294434 1624360997.626351 0.652
8.531383514404297 1624360997.633329 0.652
8.5261869430542 1624360997.640375 0.652
7.921998500823975 1624360997.647203 0.652
8.5261869430542 1624360997.654169 0.652
8.5261869430542 1624360997.661234 0.652
8.5261869430542 1624360997.668199 0.652
8.531383514404297 1624360997.675263 0.652
7.921998500823975 1624360997.682255 0.652
8.5261869430542 1624360997.6892 0.652
8.5261869430542 1624360997.696228 0.652
8.531383514404297 1624360997.703159 0.652
8.531383514404297 1624360997.710299 0.652
8.531383514404297 1624360997.717263 0.652
8.5261869430542 1624360997.724302 0.652
8.5261869430542 1624360997.731284 0.652
8.5261869430542 1624360997.738285 0.652
8.5261869430542 1624360997.745293 0.652
8.531383514404297 1624360997.752282 0.652
8.5261869430542 1624360997.75918 0.652
8.5261869430542 1624360997.766228 0.652
7.917174339294434 1624360997.773347 0.652
8.5261869430542 1624360997.780336 0.652
8.5261869430542 1624360997.787348 0.652
7.917174339294434 1624360997.794135 0.652
8.5261869430542 1624360997.801173 0.652
8.5261869430542 1624360997.808168 0.652
7.917174339294434 1624360997.815174 0.652
8.5261869430542 1624360997.822231 0.652
7.921998500823975 1624360997.82922 0.652
8.5261869430542 1624360997.836206 0.652
8.531383514404297 1624360997.843089 0.652
8.5261869430542 1624360997.850123 0.652
8.531383514404297 1624360997.857242 0.652
7.917174339294434 1624360997.864189 0.652
8.531383514404297 1624360997.871254 0.652
8.5261869430542 1624360997.878215 0.652
7.917174339294434 1624360997.885245 0.652
8.5261869430542 1624360997.892182 0.652
8.5261869430542 1624360997.89917 0.652
8.5261869430542 1624360997.906202 0.652
8.5261869430542 1624360997.913279 0.652
7.917174339294434 1624360997.920335 0.652
8.5261869430542 1624360997.927241 0.652
8.5261869430542 1624360997.934199 0.652
8.5261869430542 1624360997.94129 0.652
8.531383514404297 1624360997.94811 0.652
7.917174339294434 1624360997.955102 0.652
8.5261869430542 1624360997.962127 0.652
8.5261869430542 1624360997.969091 0.652
7.917174339294434 1624360997.976206 0.652
8.5261869430542 1624360997.983174 0.652
8.5261869430542 1624360997.990185 0.652
7.921998500823975 1624360997.997114 0.652
8.5261869430542 1624360998.00415 0.652
7.921998500823975 1624360998.011061 0.652
8.5261869430542 1624360998.018133 0.652
8.531383514404297 1624360998.025173 0.652
8.5261869430542 1624360998.032199 0.652
8.5261869430542 1624360998.039232 0.652
8.531383514404297 1624360998.046179 0.652
8.5261869430542 1624360998.053192 0.652
8.531383514404297 1624360998.060123 0.652
7.921998500823975 1624360998.067189 0.652
8.5261869430542 1624360998.074262 0.652
8.531383514404297 1624360998.081205 0.652
7.917174339294434 1624360998.088203 0.652
8.5261869430542 1624360998.095165 0.652
7.917174339294434 1624360998.102273 0.652
8.5261869430542 1624360998.109256 0.652
8.5261869430542 1624360998.116272 0.652
7.921998500823975 1624360998.123112 0.652
8.531383514404297 1624360998.130054 0.652
8.531383514404297 1624360998.13701 0.652
8.5261869430542 1624360998.144044 0.652
8.5261869430542 1624360998.151067 0.652
7.917174339294434 1624360998.158104 0.652
8.5261869430542 1624360998.165139 0.652
8.5261869430542 1624360998.17211 0.652
7.917174339294434 1624360998.179116 0.652
8.5261869430542 1624360998.18614 0.652
7.917174339294434 1624360998.193109 0.652
8.5261869430542 1624360998.200126 0.652
8.5261869430542 1624360998.207156 0.652
7.917174339294434 1624360998.214157 0.652
8.5261869430542 1624360998.221154 0.652
8.5261869430542 1624360998.22811 0.652
7.917174339294434 1624360998.235105 0.652
8.5261869430542 1624360998.242097 0.652
7.917174339294434 1624360998.249123 0.652
8.5261869430542 1624360998.256085 0.652
8.5261869430542 1624360998.263136 0.652
8.5261869430542 1624360998.270137 0.652
8.5261869430542 1624360998.277127 0.652
8.5261869430542 1624360998.284183 0.652
8.5261869430542 1624360998.291173 0.652
8.5261869430542 1624360998.297966 0.652
7.917174339294434 1624360998.304995 0.652
8.5261869430542 1624360998.31198 0.652
8.5261869430542 1624360998.318957 0.652
8.531383514404297 1624360998.326017 0.652
8.5261869430542 1624360998.332967 0.652
7.917174339294434 1624360998.340021 0.652
8.5261869430542 1624360998.347042 0.652
8.5261869430542 1624360998.354071 0.652
7.917174339294434 1624360998.361021 0.652
8.5261869430542 1624360998.368059 0.652
8.5261869430542 1624360998.375078 0.652
8.5261869430542 1624360998.382077 0.652
8.531383514404297 1624360998.389038 0.652
7.917174339294434 1624360998.396073 0.652
8.531383514404297 1624360998.403092 0.652
8.5261869430542 1624360998.410088 0.652
7.917174339294434 1624360998.41713 0.652
8.5261869430542 1624360998.42402 0.652
7.917174339294434 1624360998.431025 0.652
8.5261869430542 1624360998.438012 0.652
8.5261869430542 1624360998.445137 0.652
8.5261869430542 1624360998.452153 0.652
8.5261869430542 1624360998.459132 0.652
8.5261869430542 1624360998.466183 0.652
8.5261869430542 1624360998.473183 0.652
8.5261869430542 1624360998.48021 0.652
7.917174339294434 1624360998.48701 0.652
8.5261869430542 1624360998.493998 0.652
8.531383514404297 1624360998.500966 0.652
7.917174339294434 1624360998.508031 0.652
8.5261869430542 1624360998.515033 0.652
8.5261869430542 1624360998.522068 0.652
8.5261869430542 1624360998.529037 0.652
8.5261869430542 1624360998.535991 0.652
7.917174339294434 1624360998.543029 0.652
8.5261869430542 1624360998.549981 0.652
8.5261869430542 1624360998.55698 0.652
8.531383514404297 1624360998.564 0.652
8.531383514404297 1624360998.571013 0.652
7.917174339294434 1624360998.57792 0.652
8.5261869430542 1624360998.584945 0.652
8.5261869430542 1624360998.591991 0.652
7.917174339294434 1624360998.598942 0.652
8.5261869430542 1624360998.606095 0.652
8.5261869430542 1624360998.61314 0.652
8.5261869430542 1624360998.620101 0.652
8.531383514404297 1624360998.627111 0.652
7.917174339294434 1624360998.634052 0.652
8.5261869430542 1624360998.641014 0.652
8.5261869430542 1624360998.648105 0.652
8.5261869430542 1624360998.655103 0.652
8.5261869430542 1624360998.662078 0.652
7.917174339294434 1624360998.66892 0.652
8.5261869430542 1624360998.676002 0.652
8.5261869430542 1624360998.682928 0.652
7.917174339294434 1624360998.689972 0.652
8.5261869430542 1624360998.696909 0.652
8.5261869430542 1624360998.703932 0.652
8.5261869430542 1624360998.710968 0.652
8.5261869430542 1624360998.71797 0.652
7.917174339294434 1624360998.724902 0.652
8.5261869430542 1624360998.731861 0.652
8.531383514404297 1624360998.738876 0.652
8.5261869430542 1624360998.74588 0.652
8.5261869430542 1624360998.752951 0.652
7.917174339294434 1624360998.759927 0.652
8.5261869430542 1624360998.766911 0.652
8.5261869430542 1624360998.773918 0.652
7.917174339294434 1624360998.780902 0.652
8.5261869430542 1624360998.788012 0.652
8.5261869430542 1624360998.794981 0.652
8.5261869430542 1624360998.802042 0.652
8.5261869430542 1624360998.809094 0.652
7.917174339294434 1624360998.816046 0.652
8.5261869430542 1624360998.823057 0.652
8.5261869430542 1624360998.830016 0.652
8.5261869430542 1624360998.836973 0.652
8.5261869430542 1624360998.844013 0.652
7.921998500823975 1624360998.850991 0.652
8.5261869430542 1624360998.857842 0.652
8.5261869430542 1624360998.864793 0.652
7.917174339294434 1624360998.871848 0.652
8.5261869430542 1624360998.878844 0.652
7.917174339294434 1624360998.885878 0.652
8.5261869430542 1624360998.892872 0.652
8.5261869430542 1624360998.899836 0.652
7.917174339294434 1624360998.906904 0.652
8.5261869430542 1624360998.913889 0.652
8.5261869430542 1624360998.920891 0.652
8.5261869430542 1624360998.927833 0.652
8.5261869430542 1624360998.934796 0.652
7.917174339294434 1624360998.941889 0.652
8.5261869430542 1624360998.94891 0.652
8.5261869430542 1624360998.955904 0.652
7.921998500823975 1624360998.96286 0.652
8.5261869430542 1624360998.969861 0.652
8.5261869430542 1624360998.976907 0.652
8.5261869430542 1624360998.983904 0.652
8.5261869430542 1624360998.990923 0.652
7.917174339294434 1624360998.997938 0.652
8.5261869430542 1624360999.005041 0.652
8.5261869430542 1624360999.011944 0.652
7.917174339294434 1624360999.018771 0.652
8.5261869430542 1624360999.025752 0.652
8.5261869430542 1624360999.032763 0.652
8.5261869430542 1624360999.039777 0.652
8.5261869430542 1624360999.046755 0.652
7.917174339294434 1624360999.053767 0.652
8.5261869430542 1624360999.060776 0.652
8.5261869430542 1624360999.067776 0.652
8.5261869430542 1624360999.074978 0.652
8.5261869430542 1624360999.081765 0.652
7.917174339294434 1624360999.088887 0.652
8.5261869430542 1624360999.09585 0.652
8.5261869430542 1624360999.102864 0.652
7.917174339294434 1624360999.109862 0.652
8.5261869430542 1624360999.116902 0.652
7.917174339294434 1624360999.123864 0.652
8.5261869430542 1624360999.130898 0.652
8.5261869430542 1624360999.137882 0.652
7.917174339294434 1624360999.144918 0.652
8.5261869430542 1624360999.151894 0.652
8.5261869430542 1624360999.158828 0.652
8.5261869430542 1624360999.165843 0.652
8.5261869430542 1624360999.172967 0.652
7.917174339294434 1624360999.179907 0.652
8.5261869430542 1624360999.186946 0.652
8.5261869430542 1624360999.193744 0.652
8.5261869430542 1624360999.20068 0.652
8.5261869430542 1624360999.207716 0.652
7.917174339294434 1624360999.214747 0.652
8.5261869430542 1624360999.221762 0.652
8.5261869430542 1624360999.228704 0.652
7.917174339294434 1624360999.235694 0.652
8.5261869430542 1624360999.242797 0.652
8.5261869430542 1624360999.249866 0.652
7.917174339294434 1624360999.256837 0.652
8.5261869430542 1624360999.263812 0.652
7.917174339294434 1624360999.270813 0.652
8.5261869430542 1624360999.277866 0.652
8.5261869430542 1624360999.284867 0.652
7.917174339294434 1624360999.291787 0.652
8.5261869430542 1624360999.298778 0.652
8.5261869430542 1624360999.305908 0.652
8.5261869430542 1624360999.312878 0.652
8.5261869430542 1624360999.319854 0.652
7.917174339294434 1624360999.326878 0.652
8.5261869430542 1624360999.333856 0.652
8.5261869430542 1624360999.340778 0.652
8.5261869430542 1624360999.347639 0.652
8.531383514404297 1624360999.354712 0.652
7.917174339294434 1624360999.361691 0.652
8.5261869430542 1624360999.368697 0.652
8.5261869430542 1624360999.375672 0.652
8.5261869430542 1624360999.382754 0.652
8.5261869430542 1624360999.389788 0.652
7.917174339294434 1624360999.396796 0.652
8.5261869430542 1624360999.403764 0.652
8.5261869430542 1624360999.410722 0.652
7.917174339294434 1624360999.417811 0.652
8.5261869430542 1624360999.424752 0.652
8.5261869430542 1624360999.431804 0.652
8.531383514404297 1624360999.438838 0.652
8.5261869430542 1624360999.445792 0.652
7.917174339294434 1624360999.452781 0.652
8.5261869430542 1624360999.459781 0.652
8.5261869430542 1624360999.466793 0.652
7.917174339294434 1624360999.473821 0.652
8.5261869430542 1624360999.48085 0.652
8.5261869430542 1624360999.487755 0.652
8.5261869430542 1624360999.494739 0.652
8.5261869430542 1624360999.501706 0.652
7.917174339294434 1624360999.508654 0.652
8.5261869430542 1624360999.515594 0.652
8.5261869430542 1624360999.522674 0.652
8.5261869430542 1624360999.529705 0.652
8.5261869430542 1624360999.536611 0.652
7.917174339294434 1624360999.543684 0.652
8.5261869430542 1624360999.550698 0.652
8.5261869430542 1624360999.557737 0.652
7.917174339294434 1624360999.564727 0.652
8.5261869430542 1624360999.571622 0.652
7.917174339294434 1624360999.578586 0.652
8.5261869430542 1624360999.585635 0.652
8.5261869430542 1624360999.592698 0.652
7.917174339294434 1624360999.599709 0.652
8.5261869430542 1624360999.6067 0.652
8.5261869430542 1624360999.613705 0.652
7.917174339294434 1624360999.620666 0.652
8.5261869430542 1624360999.627682 0.652
7.917174339294434 1624360999.634776 0.652
8.5261869430542 1624360999.641767 0.652
8.5261869430542 1624360999.648777 0.652
7.917174339294434 1624360999.6558 0.652
8.5261869430542 1624360999.662903 0.652
8.5261869430542 1624360999.669839 0.652
8.5261869430542 1624360999.676638 0.652
8.5261869430542 1624360999.683625 0.652
7.917174339294434 1624360999.690599 0.652
8.5261869430542 1624360999.697644 0.652
8.5261869430542 1624360999.70463 0.652
7.917174339294434 1624360999.711629 0.652
8.5261869430542 1624360999.718598 0.652
7.917174339294434 1624360999.72566 0.652
8.5261869430542 1624360999.732663 0.652
8.5261869430542 1624360999.73968 0.652
7.917174339294434 1624360999.746659 0.652
8.5261869430542 1624360999.75368 0.652
8.5261869430542 1624360999.76062 0.652
8.5261869430542 1624360999.767658 0.652
8.5261869430542 1624360999.774643 0.652
7.917174339294434 1624360999.781605 0.652
8.5261869430542 1624360999.788726 0.652
8.5261869430542 1624360999.795725 0.652
7.917174339294434 1624360999.802756 0.652
8.5261869430542 1624360999.809749 0.652
7.917174339294434 1624360999.816678 0.652
8.5261869430542 1624360999.823662 0.652
8.5261869430542 1624360999.83068 0.652
7.917174339294434 1624360999.837528 0.652
8.5261869430542 1624360999.844593 0.652
8.5261869430542 1624360999.851586 0.652
7.917174339294434 1624360999.858596 0.652
8.5261869430542 1624360999.865678 0.652
7.917174339294434 1624360999.872635 0.652
8.5261869430542 1624360999.87962 0.652
8.5261869430542 1624360999.886666 0.652
7.917174339294434 1624360999.893607 0.652
8.5261869430542 1624360999.900593 0.652
7.917174339294434 1624360999.907608 0.652
8.5261869430542 1624360999.914683 0.652
8.5261869430542 1624360999.921668 0.652
7.917174339294434 1624360999.9286 0.652
8.5261869430542 1624360999.935521 0.652
8.5261869430542 1624360999.942545 0.652
8.5261869430542 1624360999.949545 0.652
8.5261869430542 1624360999.956568 0.652
7.917174339294434 1624360999.963579 0.652
8.5261869430542 1624360999.970648 0.652
8.5261869430542 1624360999.977671 0.652
7.917174339294434 1624360999.984677 0.652
8.5261869430542 1624360999.991677 0.652
8.5261869430542 1624360999.998702 0.652
8.5261869430542 1624361000.005752 0.652
8.5261869430542 1624361000.012667 0.652
7.917174339294434 1624361000.01969 0.652
8.531383514404297 1624361000.026437 0.652
8.5261869430542 1624361000.033531 0.652
7.917174339294434 1624361000.040442 0.652
8.5261869430542 1624361000.047495 0.652
7.917174339294434 1624361000.054537 0.652
8.5261869430542 1624361000.061518 0.652
8.5261869430542 1624361000.068554 0.652
7.917174339294434 1624361000.075581 0.652
8.5261869430542 1624361000.082541 0.652
8.531383514404297 1624361000.089658 0.652
8.5261869430542 1624361000.096568 0.652
8.5261869430542 1624361000.103606 0.652
7.917174339294434 1624361000.110616 0.652
8.5261869430542 1624361000.117603 0.652
8.5261869430542 1624361000.124624 0.652
7.917174339294434 1624361000.131598 0.652
8.5261869430542 1624361000.138584 0.652
7.917174339294434 1624361000.145624 0.652
8.5261869430542 1624361000.152597 0.652
8.5261869430542 1624361000.159586 0.652
7.917174339294434 1624361000.166633 0.652
8.5261869430542 1624361000.173611 0.652
7.917174339294434 1624361000.180667 0.652
8.5261869430542 1624361000.187614 0.652
8.5261869430542 1624361000.194439 0.652
7.917174339294434 1624361000.201399 0.652
8.5261869430542 1624361000.208476 0.652
8.5261869430542 1624361000.21546 0.652
7.917174339294434 1624361000.222552 0.652
8.531383514404297 1624361000.229598 0.652
7.917174339294434 1624361000.236511 0.652
8.5261869430542 1624361000.243494 0.652
8.5261869430542 1624361000.250503 0.652
8.5261869430542 1624361000.257445 0.652
8.5261869430542 1624361000.264514 0.652
7.917174339294434 1624361000.271599 0.652
7.917174339294434 1624361000.278535 0.652
8.5261869430542 1624361000.285577 0.652
7.917174339294434 1624361000.29265 0.652
8.5261869430542 1624361000.299633 0.652
8.5261869430542 1624361000.306566 0.652
7.917174339294434 1624361000.313585 0.652
8.5261869430542 1624361000.320586 0.652
8.5261869430542 1624361000.327571 0.652
8.5261869430542 1624361000.334625 0.652
8.5261869430542 1624361000.341554 0.652
7.917174339294434 1624361000.348379 0.652
8.5261869430542 1624361000.355425 0.652
8.5261869430542 1624361000.362379 0.652
8.5261869430542 1624361000.369384 0.652
8.5261869430542 1624361000.376361 0.652
7.917174339294434 1624361000.383411 0.652
8.5261869430542 1624361000.390384 0.652
8.5261869430542 1624361000.397428 0.652
7.917174339294434 1624361000.404447 0.652
8.5261869430542 1624361000.411425 0.652
7.917174339294434 1624361000.418437 0.652
8.5261869430542 1624361000.425528 0.652
8.5261869430542 1624361000.432454 0.652
7.917174339294434 1624361000.439499 0.652
8.5261869430542 1624361000.446575 0.652
8.5261869430542 1624361000.453501 0.652
7.917174339294434 1624361000.460519 0.652
8.5261869430542 1624361000.467512 0.652
7.917174339294434 1624361000.474513 0.652
8.5261869430542 1624361000.481533 0.652
8.5261869430542 1624361000.488627 0.652
7.917174339294434 1624361000.495591 0.652
8.5261869430542 1624361000.502401 0.652
7.917174339294434 1624361000.509475 0.652
8.5261869430542 1624361000.5164 0.652
8.5261869430542 1624361000.523351 0.652
7.917174339294434 1624361000.530433 0.652
8.5261869430542 1624361000.537415 0.652
8.5261869430542 1624361000.544444 0.652
7.917174339294434 1624361000.551373 0.652
8.5261869430542 1624361000.558346 0.652
7.917174339294434 1624361000.5654 0.652
8.5261869430542 1624361000.572485 0.652
8.5261869430542 1624361000.579404 0.652
7.917174339294434 1624361000.586443 0.652
8.5261869430542 1624361000.593428 0.652
8.5261869430542 1624361000.600526 0.652
8.5261869430542 1624361000.607463 0.652
8.5261869430542 1624361000.614463 0.652
7.917174339294434 1624361000.621442 0.652
8.5261869430542 1624361000.628276 0.652
7.917174339294434 1624361000.635277 0.652
8.5261869430542 1624361000.642333 0.652
8.5261869430542 1624361000.649326 0.652
7.917174339294434 1624361000.656399 0.652
8.5261869430542 1624361000.663402 0.652
8.5261869430542 1624361000.670409 0.652
7.917174339294434 1624361000.677421 0.652
8.5261869430542 1624361000.684429 0.652
7.917174339294434 1624361000.691431 0.652
8.5261869430542 1624361000.698421 0.652
8.5261869430542 1624361000.705441 0.652
7.917174339294434 1624361000.712402 0.652
8.5261869430542 1624361000.71943 0.652
8.5261869430542 1624361000.726331 0.652
8.5261869430542 1624361000.733434 0.652
8.5261869430542 1624361000.740482 0.652
7.917174339294434 1624361000.747464 0.652
8.5261869430542 1624361000.754466 0.652
8.5261869430542 1624361000.761546 0.652
7.917174339294434 1624361000.768348 0.652
8.5261869430542 1624361000.775325 0.652
7.917174339294434 1624361000.782342 0.652
8.5261869430542 1624361000.789339 0.652
8.5261869430542 1624361000.796361 0.652
7.917174339294434 1624361000.803367 0.652
8.5261869430542 1624361000.810256 0.652
8.5261869430542 1624361000.817278 0.652
7.917174339294434 1624361000.82428 0.652
8.5261869430542 1624361000.831266 0.652
7.917174339294434 1624361000.838365 0.652
8.5261869430542 1624361000.845367 0.652
8.5261869430542 1624361000.852287 0.652
7.917174339294434 1624361000.85929 0.652
8.5261869430542 1624361000.866264 0.652
8.5261869430542 1624361000.873387 0.652
8.5261869430542 1624361000.88031 0.652
8.5261869430542 1624361000.887425 0.652
7.917174339294434 1624361000.894446 0.652
8.5261869430542 1624361000.901445 0.652
8.5261869430542 1624361000.908289 0.652
7.917174339294434 1624361000.915346 0.652
8.5261869430542 1624361000.922334 0.652
7.917174339294434 1624361000.929327 0.652
8.5261869430542 1624361000.93629 0.652
8.5261869430542 1624361000.94329 0.652
7.917174339294434 1624361000.950321 0.652
8.5261869430542 1624361000.957359 0.652
8.5261869430542 1624361000.964325 0.652
8.5261869430542 1624361000.971336 0.652
8.5261869430542 1624361000.978336 0.652
7.917174339294434 1624361000.985355 0.652
8.5261869430542 1624361000.9923 0.652
8.5261869430542 1624361000.999372 0.652
7.917174339294434 1624361001.00637 0.652
8.5261869430542 1624361001.013381 0.652
7.917174339294434 1624361001.02033 0.652
8.5261869430542 1624361001.027309 0.652
8.5261869430542 1624361001.034361 0.652
7.917174339294434 1624361001.041466 0.652
8.5261869430542 1624361001.048426 0.652
8.5261869430542 1624361001.055407 0.652
7.917174339294434 1624361001.062132 0.652
8.5261869430542 1624361001.069159 0.652
7.917174339294434 1624361001.076165 0.652
8.5261869430542 1624361001.083231 0.652
8.5261869430542 1624361001.090187 0.652
8.5261869430542 1624361001.097181 0.652
8.5261869430542 1624361001.104253 0.652
7.917174339294434 1624361001.111263 0.652
8.5261869430542 1624361001.118255 0.652
8.5261869430542 1624361001.125312 0.652
7.917174339294434 1624361001.13233 0.652
8.5261869430542 1624361001.139309 0.652
8.5261869430542 1624361001.146337 0.652
7.917174339294434 1624361001.15327 0.652
8.5261869430542 1624361001.160299 0.652
7.917174339294434 1624361001.167256 0.652
8.5261869430542 1624361001.174244 0.652
8.5261869430542 1624361001.181304 0.652
8.5261869430542 1624361001.1883 0.652
8.5261869430542 1624361001.195322 0.652
7.917174339294434 1624361001.202329 0.652
8.5261869430542 1624361001.209336 0.652
8.5261869430542 1624361001.216137 0.652
7.917174339294434 1624361001.223171 0.652
8.5261869430542 1624361001.230213 0.652
8.5261869430542 1624361001.237181 0.652
7.917174339294434 1624361001.244144 0.652
8.5261869430542 1624361001.25111 0.652
7.917174339294434 1624361001.258196 0.652
8.5261869430542 1624361001.265126 0.652
8.5261869430542 1624361001.272215 0.652
7.917174339294434 1624361001.279253 0.652
8.5261869430542 1624361001.286275 0.652
8.5261869430542 1624361001.293273 0.652
8.5261869430542 1624361001.300283 0.652
8.5261869430542 1624361001.307258 0.652
7.917174339294434 1624361001.314227 0.652
8.5261869430542 1624361001.321277 0.652
8.5261869430542 1624361001.328244 0.652
7.917174339294434 1624361001.335315 0.652
8.5261869430542 1624361001.342302 0.652
7.917174339294434 1624361001.349294 0.652
8.5261869430542 1624361001.35634 0.652
8.5261869430542 1624361001.363194 0.652
7.917174339294434 1624361001.370177 0.652
8.5261869430542 1624361001.377189 0.652
8.5261869430542 1624361001.384185 0.652
7.917174339294434 1624361001.391117 0.652
8.5261869430542 1624361001.398189 0.652
7.917174339294434 1624361001.405171 0.652
8.5261869430542 1624361001.41208 0.652
8.5261869430542 1624361001.419204 0.652
7.917174339294434 1624361001.42618 0.652
8.5261869430542 1624361001.433262 0.652
8.5261869430542 1624361001.440197 0.652
8.5261869430542 1624361001.447237 0.652
8.5261869430542 1624361001.454159 0.652
7.917174339294434 1624361001.461147 0.652
8.5261869430542 1624361001.468179 0.652
8.5261869430542 1624361001.475286 0.652
7.917174339294434 1624361001.482284 0.652
8.5261869430542 1624361001.489294 0.652
7.917174339294434 1624361001.496136 0.652
8.5261869430542 1624361001.503136 0.652
8.5261869430542 1624361001.510151 0.652
7.917174339294434 1624361001.517153 0.652
8.5261869430542 1624361001.524148 0.652
8.5261869430542 1624361001.531182 0.652
7.917174339294434 1624361001.538187 0.652
8.5261869430542 1624361001.545175 0.652
7.917174339294434 1624361001.552215 0.652
8.5261869430542 1624361001.559152 0.652
8.5261869430542 1624361001.566269 0.652
7.917174339294434 1624361001.573254 0.652
8.5261869430542 1624361001.580267 0.652
8.5261869430542 1624361001.587215 0.652
8.5261869430542 1624361001.594183 0.652
8.5261869430542 1624361001.601281 0.652
7.917174339294434 1624361001.608205 0.652
8.5261869430542 1624361001.615172 0.652
8.5261869430542 1624361001.621972 0.652
7.917174339294434 1624361001.62895 0.652
8.5261869430542 1624361001.635997 0.652
7.917174339294434 1624361001.64297 0.652
7.917174339294434 1624361001.650035 0.652
8.5261869430542 1624361001.657018 0.652
7.917174339294434 1624361001.664065 0.652
8.5261869430542 1624361001.671013 0.652
8.5261869430542 1624361001.678034 0.652
7.917174339294434 1624361001.685033 0.652
8.5261869430542 1624361001.692049 0.652
7.917174339294434 1624361001.699036 0.652
8.5261869430542 1624361001.70601 0.652
8.5261869430542 1624361001.713105 0.652
7.917174339294434 1624361001.720088 0.652
8.5261869430542 1624361001.727072 0.652
8.5261869430542 1624361001.734063 0.652
7.917174339294434 1624361001.741076 0.652
8.5261869430542 1624361001.748068 0.652
7.917174339294434 1624361001.75508 0.652
8.5261869430542 1624361001.76206 0.652
8.5261869430542 1624361001.768924 0.652
7.917174339294434 1624361001.775923 0.652
8.5261869430542 1624361001.782946 0.652
8.5261869430542 1624361001.789938 0.652
8.5261869430542 1624361001.79695 0.652
8.5261869430542 1624361001.803926 0.652
7.917174339294434 1624361001.810929 0.652
8.5261869430542 1624361001.817968 0.652
8.5261869430542 1624361001.824969 0.652
7.917174339294434 1624361001.831998 0.652
8.5261869430542 1624361001.839071 0.652
7.917174339294434 1624361001.846103 0.652
8.5261869430542 1624361001.853127 0.652
8.5261869430542 1624361001.860052 0.652
7.917174339294434 1624361001.867158 0.652
8.5261869430542 1624361001.874116 0.652
8.5261869430542 1624361001.881168 0.652
7.917174339294434 1624361001.888135 0.652
8.5261869430542 1624361001.895151 0.652
7.917174339294434 1624361001.90214 0.652
8.5261869430542 1624361001.909092 0.652
8.5261869430542 1624361001.91613 0.652
7.917174339294434 1624361001.922882 0.652
8.5261869430542 1624361001.929933 0.652
8.5261869430542 1624361001.937074 0.652
8.5261869430542 1624361001.94401 0.652
8.5261869430542 1624361001.951029 0.652
7.917174339294434 1624361001.958003 0.652
8.5261869430542 1624361001.965028 0.652
8.5261869430542 1624361001.972004 0.652
7.917174339294434 1624361001.97898 0.652
8.5261869430542 1624361001.98598 0.652
8.5261869430542 1624361001.992986 0.652
8.5261869430542 1624361002.000029 0.652
8.5261869430542 1624361002.00706 0.652
7.917174339294434 1624361002.014048 0.652
8.5261869430542 1624361002.021084 0.652
7.917174339294434 1624361002.02806 0.652
7.917174339294434 1624361002.035037 0.652
8.5261869430542 1624361002.042005 0.652
7.917174339294434 1624361002.049022 0.652
8.5261869430542 1624361002.056109 0.652
8.5261869430542 1624361002.063043 0.652
7.917174339294434 1624361002.070018 0.652
8.5261869430542 1624361002.07688 0.652
7.917174339294434 1624361002.083832 0.652
8.5261869430542 1624361002.090941 0.652
8.5261869430542 1624361002.097967 0.652
7.917174339294434 1624361002.104947 0.652
8.5261869430542 1624361002.112056 0.652
8.5261869430542 1624361002.11896 0.652
7.917174339294434 1624361002.126074 0.652
8.5261869430542 1624361002.132979 0.652
7.917174339294434 1624361002.140035 0.652
8.5261869430542 1624361002.14702 0.652
8.5261869430542 1624361002.154055 0.652
7.917174339294434 1624361002.16098 0.652
8.5261869430542 1624361002.167992 0.652
7.917174339294434 1624361002.174963 0.652
7.917174339294434 1624361002.182032 0.652
8.5261869430542 1624361002.189067 0.652
7.917174339294434 1624361002.195936 0.652
8.5261869430542 1624361002.203071 0.652
8.5261869430542 1624361002.210076 0.652
8.5261869430542 1624361002.216902 0.652
8.5261869430542 1624361002.22387 0.652
8.5261869430542 1624361002.230943 0.652
8.5261869430542 1624361002.237932 0.652
8.5261869430542 1624361002.244957 0.652
7.917174339294434 1624361002.251893 0.652
8.5261869430542 1624361002.258852 0.652
8.5261869430542 1624361002.265911 0.652
7.917174339294434 1624361002.272953 0.652
8.5261869430542 1624361002.279842 0.652
7.917174339294434 1624361002.2869 0.652
8.5261869430542 1624361002.294022 0.652
8.5261869430542 1624361002.300927 0.652
7.917174339294434 1624361002.307984 0.652
8.5261869430542 1624361002.314965 0.652
8.5261869430542 1624361002.321976 0.652
7.917174339294434 1624361002.329002 0.652
8.5261869430542 1624361002.335991 0.652
7.917174339294434 1624361002.342986 0.652
8.5261869430542 1624361002.349855 0.652
8.5261869430542 1624361002.356792 0.652
7.917174339294434 1624361002.363827 0.652
8.5261869430542 1624361002.370818 0.652
7.917174339294434 1624361002.377884 0.652
7.917174339294434 1624361002.384901 0.652
8.5261869430542 1624361002.391943 0.652
7.917174339294434 1624361002.398905 0.652
8.5261869430542 1624361002.40591 0.652
8.5261869430542 1624361002.41291 0.652
7.917174339294434 1624361002.419898 0.652
8.5261869430542 1624361002.426936 0.652
7.917174339294434 1624361002.433897 0.652
8.5261869430542 1624361002.440907 0.652
8.5261869430542 1624361002.447884 0.652
7.917174339294434 1624361002.454961 0.652
8.5261869430542 1624361002.461921 0.652
7.917174339294434 1624361002.468893 0.652
7.917174339294434 1624361002.475933 0.652
8.5261869430542 1624361002.482966 0.652
7.917174339294434 1624361002.490026 0.652
8.5261869430542 1624361002.496934 0.652
8.5261869430542 1624361002.504096 0.652
7.917174339294434 1624361002.51084 0.652
8.5261869430542 1624361002.517812 0.652
7.917174339294434 1624361002.524842 0.652
7.917174339294434 1624361002.531886 0.652
8.5261869430542 1624361002.538855 0.652
7.917174339294434 1624361002.545895 0.652
8.5261869430542 1624361002.552814 0.652
8.5261869430542 1624361002.559808 0.652
7.917174339294434 1624361002.56685 0.652
8.5261869430542 1624361002.573852 0.652
7.917174339294434 1624361002.580914 0.652
8.5261869430542 1624361002.587924 0.652
8.5261869430542 1624361002.594946 0.652
7.917174339294434 1624361002.601945 0.652
8.5261869430542 1624361002.608906 0.652
8.5261869430542 1624361002.615999 0.652
7.917174339294434 1624361002.622832 0.652
8.5261869430542 1624361002.62991 0.652
7.917174339294434 1624361002.636959 0.652
8.5261869430542 1624361002.643932 0.652
8.5261869430542 1624361002.650935 0.652
7.917174339294434 1624361002.657804 0.652
8.5261869430542 1624361002.664769 0.652
7.917174339294434 1624361002.671737 0.652
7.917174339294434 1624361002.678732 0.652
8.5261869430542 1624361002.685745 0.652
7.917174339294434 1624361002.692782 0.652
8.5261869430542 1624361002.699778 0.652
8.5261869430542 1624361002.706886 0.652
7.917174339294434 1624361002.713812 0.652
8.5261869430542 1624361002.720858 0.652
7.917174339294434 1624361002.727817 0.652
8.5261869430542 1624361002.734876 0.652
8.5261869430542 1624361002.741822 0.652
7.917174339294434 1624361002.748854 0.652
8.5261869430542 1624361002.755879 0.652
8.5261869430542 1624361002.762873 0.652
7.917174339294434 1624361002.769909 0.652
8.5261869430542 1624361002.776893 0.652
7.917174339294434 1624361002.783856 0.652
8.5261869430542 1624361002.790904 0.652
8.5261869430542 1624361002.797887 0.652
7.917174339294434 1624361002.804932 0.652
8.5261869430542 1624361002.811915 0.652
8.5261869430542 1624361002.818704 0.652
7.917174339294434 1624361002.825667 0.652
8.5261869430542 1624361002.832741 0.652
7.917174339294434 1624361002.839732 0.652
8.5261869430542 1624361002.846728 0.652
7.917174339294434 1624361002.853809 0.652
7.917174339294434 1624361002.860799 0.652
8.5261869430542 1624361002.86775 0.652
7.917174339294434 1624361002.874743 0.652
8.5261869430542 1624361002.881704 0.652
8.5261869430542 1624361002.88879 0.652
7.917174339294434 1624361002.89575 0.652
8.5261869430542 1624361002.90283 0.652
8.5261869430542 1624361002.909723 0.652
7.917174339294434 1624361002.916831 0.652
8.5261869430542 1624361002.92381 0.652
7.917174339294434 1624361002.930849 0.652
8.5261869430542 1624361002.937789 0.652
8.5261869430542 1624361002.94482 0.652
7.917174339294434 1624361002.95176 0.652
8.5261869430542 1624361002.958764 0.652
7.917174339294434 1624361002.965841 0.652
7.917174339294434 1624361002.972734 0.652
8.5261869430542 1624361002.979714 0.652
7.917174339294434 1624361002.986728 0.652
8.5261869430542 1624361002.993665 0.652
8.5261869430542 1624361003.000738 0.652
7.917174339294434 1624361003.007668 0.652
8.5261869430542 1624361003.014738 0.652
7.917174339294434 1624361003.02168 0.652
8.5261869430542 1624361003.028783 0.652
8.5261869430542 1624361003.035681 0.652
7.917174339294434 1624361003.042685 0.652
8.5261869430542 1624361003.049695 0.652
7.917174339294434 1624361003.05679 0.652
7.917174339294434 1624361003.063713 0.652
8.5261869430542 1624361003.070734 0.652
7.917174339294434 1624361003.077814 0.652
8.5261869430542 1624361003.084726 0.652
8.5261869430542 1624361003.091735 0.652
7.917174339294434 1624361003.098798 0.652
8.5261869430542 1624361003.10585 0.652
7.917174339294434 1624361003.112776 0.652
8.5261869430542 1624361003.119798 0.652
8.5261869430542 1624361003.126737 0.652
7.917174339294434 1624361003.13377 0.652
8.5261869430542 1624361003.140785 0.652
7.917174339294434 1624361003.147546 0.652
7.917174339294434 1624361003.154629 0.652
8.5261869430542 1624361003.161623 0.652
7.917174339294434 1624361003.168678 0.652
8.5261869430542 1624361003.175643 0.652
8.5261869430542 1624361003.182636 0.652
7.917174339294434 1624361003.189702 0.652
8.5261869430542 1624361003.196627 0.652
8.5261869430542 1624361003.203672 0.652
7.917174339294434 1624361003.210619 0.652
8.5261869430542 1624361003.217644 0.652
7.917174339294434 1624361003.224637 0.652
8.5261869430542 1624361003.231607 0.652
7.917174339294434 1624361003.238691 0.652
7.917174339294434 1624361003.245702 0.652
8.5261869430542 1624361003.252625 0.652
7.917174339294434 1624361003.259605 0.652
8.5261869430542 1624361003.266648 0.652
8.5261869430542 1624361003.27375 0.652
7.917174339294434 1624361003.280702 0.652
7.917174339294434 1624361003.287722 0.652
8.5261869430542 1624361003.294778 0.652
7.917174339294434 1624361003.301684 0.652
8.5261869430542 1624361003.308639 0.652
7.917174339294434 1624361003.315744 0.652
8.5261869430542 1624361003.322487 0.652
8.5261869430542 1624361003.329548 0.652
7.917174339294434 1624361003.336583 0.652
8.5261869430542 1624361003.343547 0.652
7.917174339294434 1624361003.350606 0.652
7.917174339294434 1624361003.357589 0.652
8.5261869430542 1624361003.364573 0.652
7.917174339294434 1624361003.371639 0.652
8.5261869430542 1624361003.378598 0.652
8.5261869430542 1624361003.385631 0.652
7.917174339294434 1624361003.392687 0.652
8.5261869430542 1624361003.399617 0.652
7.917174339294434 1624361003.406742 0.652
8.5261869430542 1624361003.413635 0.652
8.5261869430542 1624361003.420675 0.652
7.917174339294434 1624361003.427627 0.652
8.5261869430542 1624361003.434656 0.652
8.5261869430542 1624361003.441574 0.652
7.917174339294434 1624361003.448618 0.652
8.5261869430542 1624361003.4556 0.652
7.917174339294434 1624361003.462614 0.652
8.5261869430542 1624361003.469744 0.652
8.5261869430542 1624361003.476623 0.652
7.917174339294434 1624361003.48359 0.652
8.5261869430542 1624361003.490656 0.652
7.917174339294434 1624361003.49765 0.652
7.917174339294434 1624361003.504731 0.652
8.5261869430542 1624361003.511723 0.652
7.917174339294434 1624361003.518721 0.652
8.5261869430542 1624361003.525557 0.652
8.5261869430542 1624361003.532531 0.652
7.917174339294434 1624361003.539562 0.652
8.5261869430542 1624361003.546533 0.652
7.917174339294434 1624361003.553606 0.652
8.5261869430542 1624361003.56059 0.652
8.5261869430542 1624361003.567536 0.652
7.917174339294434 1624361003.574529 0.652
8.5261869430542 1624361003.581484 0.652
7.917174339294434 1624361003.588576 0.652
7.917174339294434 1624361003.595566 0.652
8.5261869430542 1624361003.602573 0.652
7.917174339294434 1624361003.609514 0.652
8.5261869430542 1624361003.616521 0.652
8.5261869430542 1624361003.62352 0.652
7.917174339294434 1624361003.630614 0.652
8.5261869430542 1624361003.637543 0.652
7.917174339294434 1624361003.644647 0.652
8.5261869430542 1624361003.651561 0.652
8.5261869430542 1624361003.658565 0.652
7.917174339294434 1624361003.665574 0.652
8.5261869430542 1624361003.672602 0.652
8.5261869430542 1624361003.679595 0.652
7.917174339294434 1624361003.686466 0.652
8.5261869430542 1624361003.693435 0.652
7.917174339294434 1624361003.700456 0.652
8.5261869430542 1624361003.707459 0.652
8.5261869430542 1624361003.714442 0.652
7.917174339294434 1624361003.721461 0.652
8.5261869430542 1624361003.728458 0.652
7.917174339294434 1624361003.735478 0.652
7.917174339294434 1624361003.742513 0.652
8.5261869430542 1624361003.749565 0.652
7.917174339294434 1624361003.756486 0.652
8.5261869430542 1624361003.763553 0.652
7.917174339294434 1624361003.770619 0.652
7.917174339294434 1624361003.777628 0.652
8.5261869430542 1624361003.784528 0.652
7.917174339294434 1624361003.791525 0.652
8.5261869430542 1624361003.798554 0.652
8.5261869430542 1624361003.805571 0.652
7.917174339294434 1624361003.812624 0.652
7.917174339294434 1624361003.819642 0.652
8.5261869430542 1624361003.826637 0.652
7.917174339294434 1624361003.833459 0.652
8.5261869430542 1624361003.840452 0.652
7.917174339294434 1624361003.847513 0.652
8.5261869430542 1624361003.854483 0.652
8.5261869430542 1624361003.861444 0.652
7.917174339294434 1624361003.868486 0.652
8.5261869430542 1624361003.875513 0.652
7.917174339294434 1624361003.88248 0.652
7.917174339294434 1624361003.889617 0.652
8.5261869430542 1624361003.896488 0.652
7.917174339294434 1624361003.903544 0.652
8.5261869430542 1624361003.91054 0.652
8.5261869430542 1624361003.917584 0.652
7.917174339294434 1624361003.92459 0.652
8.5261869430542 1624361003.931539 0.652
8.5261869430542 1624361003.938531 0.652
8.5261869430542 1624361003.945585 0.652
8.5261869430542 1624361003.952576 0.652
7.917174339294434 1624361003.959588 0.652
8.5261869430542 1624361003.966423 0.652
7.917174339294434 1624361003.973412 0.652
7.917174339294434 1624361003.980334 0.652
8.5261869430542 1624361003.987442 0.652
7.917174339294434 1624361003.99443 0.652
8.5261869430542 1624361004.001419 0.652
8.5261869430542 1624361004.0085 0.652
7.917174339294434 1624361004.015491 0.652
8.5261869430542 1624361004.022531 0.652
7.917174339294434 1624361004.029473 0.652
7.917174339294434 1624361004.036507 0.652
8.5261869430542 1624361004.043489 0.652
7.917174339294434 1624361004.05049 0.652
8.5261869430542 1624361004.057528 0.652
8.5261869430542 1624361004.064545 0.652
7.917174339294434 1624361004.071421 0.652
8.5261869430542 1624361004.078491 0.652
7.917174339294434 1624361004.085456 0.652
8.5261869430542 1624361004.092358 0.652
8.5261869430542 1624361004.099326 0.652
7.917174339294434 1624361004.106322 0.652
8.5261869430542 1624361004.113371 0.652
7.917174339294434 1624361004.120403 0.652
7.917174339294434 1624361004.127414 0.652
8.5261869430542 1624361004.13446 0.652
7.917174339294434 1624361004.141437 0.652
8.5261869430542 1624361004.148436 0.652
8.5261869430542 1624361004.155438 0.652
7.917174339294434 1624361004.162424 0.652
8.5261869430542 1624361004.169434 0.652
8.5261869430542 1624361004.176362 0.652
7.917174339294434 1624361004.183386 0.652
8.5261869430542 1624361004.190416 0.652
7.917174339294434 1624361004.197446 0.652
8.5261869430542 1624361004.204405 0.652
8.5261869430542 1624361004.211221 0.652
7.917174339294434 1624361004.218254 0.652
8.5261869430542 1624361004.2253 0.652
7.917174339294434 1624361004.232276 0.652
8.5261869430542 1624361004.23936 0.652
8.5261869430542 1624361004.246325 0.652
7.917174339294434 1624361004.253258 0.652
8.5261869430542 1624361004.260398 0.652
7.917174339294434 1624361004.267325 0.652
7.917174339294434 1624361004.274397 0.652
8.5261869430542 1624361004.281442 0.652
7.917174339294434 1624361004.288499 0.652
8.5261869430542 1624361004.295387 0.652
8.5261869430542 1624361004.302491 0.652
7.917174339294434 1624361004.309349 0.652
7.917174339294434 1624361004.316384 0.652
8.5261869430542 1624361004.323436 0.652
7.917174339294434 1624361004.330414 0.652
8.5261869430542 1624361004.337461 0.652
7.917174339294434 1624361004.344504 0.652
8.5261869430542 1624361004.351247 0.652
8.5261869430542 1624361004.358258 0.652
7.917174339294434 1624361004.365261 0.652
8.5261869430542 1624361004.372233 0.652
7.917174339294434 1624361004.379272 0.652
8.5261869430542 1624361004.386312 0.652
8.5261869430542 1624361004.393305 0.652
7.917174339294434 1624361004.400385 0.652
8.5261869430542 1624361004.407437 0.652
7.917174339294434 1624361004.414284 0.652
7.917174339294434 1624361004.421273 0.652
8.5261869430542 1624361004.428396 0.652
7.917174339294434 1624361004.435434 0.652
8.5261869430542 1624361004.442446 0.652
8.5261869430542 1624361004.449425 0.652
7.917174339294434 1624361004.456431 0.652
8.5261869430542 1624361004.463415 0.652
7.917174339294434 1624361004.470449 0.652
7.917174339294434 1624361004.477401 0.652
8.5261869430542 1624361004.484473 0.652
7.917174339294434 1624361004.491246 0.652
8.5261869430542 1624361004.498303 0.652
8.5261869430542 1624361004.505197 0.652
7.917174339294434 1624361004.512245 0.652
8.5261869430542 1624361004.519211 0.652
7.917174339294434 1624361004.526231 0.652
8.5261869430542 1624361004.533297 0.652
8.5261869430542 1624361004.540357 0.652
7.917174339294434 1624361004.547347 0.652
7.917174339294434 1624361004.554224 0.652
7.917174339294434 1624361004.561318 0.652
7.917174339294434 1624361004.568292 0.652
8.5261869430542 1624361004.575289 0.652
7.917174339294434 1624361004.582298 0.652
8.5261869430542 1624361004.58937 0.652
8.5261869430542 1624361004.596323 0.652
7.917174339294434 1624361004.603396 0.652
8.5261869430542 1624361004.610369 0.652
7.917174339294434 1624361004.617363 0.652
8.5261869430542 1624361004.624381 0.652
8.5261869430542 1624361004.631387 0.652
7.917174339294434 1624361004.638362 0.652
8.5261869430542 1624361004.645382 0.652
7.917174339294434 1624361004.652289 0.652
7.917174339294434 1624361004.659249 0.652
8.5261869430542 1624361004.666246 0.652
7.917174339294434 1624361004.673298 0.652
8.5261869430542 1624361004.680217 0.652
8.5261869430542 1624361004.687221 0.652
7.917174339294434 1624361004.694247 0.652
8.5261869430542 1624361004.701297 0.652
7.917174339294434 1624361004.708265 0.652
7.917174339294434 1624361004.715236 0.652
8.5261869430542 1624361004.7223 0.652
7.917174339294434 1624361004.72929 0.652
8.5261869430542 1624361004.736285 0.652
7.917174339294434 1624361004.743395 0.652
7.917174339294434 1624361004.75031 0.652
8.5261869430542 1624361004.757346 0.652
7.917174339294434 1624361004.764339 0.652
8.5261869430542 1624361004.77134 0.652
8.5261869430542 1624361004.778288 0.652
7.917174339294434 1624361004.785332 0.652
8.5261869430542 1624361004.792175 0.652
7.917174339294434 1624361004.799137 0.652
7.917174339294434 1624361004.80619 0.652
8.5261869430542 1624361004.813087 0.652
7.917174339294434 1624361004.820127 0.652
8.5261869430542 1624361004.827104 0.652
8.5261869430542 1624361004.834116 0.652
7.917174339294434 1624361004.84123 0.652
8.5261869430542 1624361004.848244 0.652
7.917174339294434 1624361004.855275 0.652
8.5261869430542 1624361004.862263 0.652
8.5261869430542 1624361004.869228 0.652
7.917174339294434 1624361004.87625 0.652
8.5261869430542 1624361004.883254 0.652
8.5261869430542 1624361004.890204 0.652
7.917174339294434 1624361004.897268 0.652
8.5261869430542 1624361004.904295 0.652
7.917174339294434 1624361004.91127 0.652
8.5261869430542 1624361004.918278 0.652
8.5261869430542 1624361004.925303 0.652
7.917174339294434 1624361004.932058 0.652
8.5261869430542 1624361004.939185 0.652
7.917174339294434 1624361004.946177 0.652
7.917174339294434 1624361004.95316 0.652
8.5261869430542 1624361004.960084 0.652
7.917174339294434 1624361004.967109 0.652
8.5261869430542 1624361004.974093 0.652
8.5261869430542 1624361004.981103 0.652
7.917174339294434 1624361004.988094 0.652
8.5261869430542 1624361004.995104 0.652
7.917174339294434 1624361005.002157 0.652
8.5261869430542 1624361005.009151 0.652
8.5261869430542 1624361005.016094 0.652
7.917174339294434 1624361005.02316 0.652
8.5261869430542 1624361005.030235 0.652
8.5261869430542 1624361005.037212 0.652
7.917174339294434 1624361005.044252 0.652
8.5261869430542 1624361005.051224 0.652
7.917174339294434 1624361005.058249 0.652
8.5261869430542 1624361005.065222 0.652
8.5261869430542 1624361005.072275 0.652
7.917174339294434 1624361005.079282 0.652
8.5261869430542 1624361005.086148 0.652
7.917174339294434 1624361005.09308 0.652
7.917174339294434 1624361005.100079 0.652
8.5261869430542 1624361005.107032 0.652
7.917174339294434 1624361005.114031 0.652
8.5261869430542 1624361005.121013 0.652
8.5261869430542 1624361005.128031 0.652
7.917174339294434 1624361005.135029 0.652
8.5261869430542 1624361005.142058 0.652
7.917174339294434 1624361005.149032 0.652
7.917174339294434 1624361005.156123 0.652
8.5261869430542 1624361005.163056 0.652
7.917174339294434 1624361005.170068 0.652
8.5261869430542 1624361005.177091 0.652
8.5261869430542 1624361005.184071 0.652
7.917174339294434 1624361005.191139 0.652
8.5261869430542 1624361005.198108 0.652
7.917174339294434 1624361005.205161 0.652
8.5261869430542 1624361005.212047 0.652
7.917174339294434 1624361005.219071 0.652
7.917174339294434 1624361005.22612 0.652
8.5261869430542 1624361005.233198 0.652
8.5261869430542 1624361005.240105 0.652
7.917174339294434 1624361005.247061 0.652
8.5261869430542 1624361005.254111 0.652
7.917174339294434 1624361005.261124 0.652
8.5261869430542 1624361005.268104 0.652
8.5261869430542 1624361005.275069 0.652
7.917174339294434 1624361005.28205 0.652
8.5261869430542 1624361005.289099 0.652
8.5261869430542 1624361005.296155 0.652
7.917174339294434 1624361005.303132 0.652
8.5261869430542 1624361005.310146 0.652
7.917174339294434 1624361005.31708 0.652
8.5261869430542 1624361005.32418 0.652
8.5261869430542 1624361005.331104 0.652
7.917174339294434 1624361005.338151 0.652
8.5261869430542 1624361005.345096 0.652
7.917174339294434 1624361005.352186 0.652
7.917174339294434 1624361005.359133 0.652
8.5261869430542 1624361005.366129 0.652
7.917174339294434 1624361005.373125 0.652
8.5261869430542 1624361005.380165 0.652
8.5261869430542 1624361005.386993 0.652
7.917174339294434 1624361005.394071 0.652
8.5261869430542 1624361005.401062 0.652
7.917174339294434 1624361005.408082 0.652
8.5261869430542 1624361005.415084 0.652
8.5261869430542 1624361005.422091 0.652
7.917174339294434 1624361005.429064 0.652
8.5261869430542 1624361005.436014 0.652
8.5261869430542 1624361005.443038 0.652
7.917174339294434 1624361005.450039 0.652
8.5261869430542 1624361005.457084 0.652
7.917174339294434 1624361005.463995 0.652
8.5261869430542 1624361005.471016 0.652
8.5261869430542 1624361005.478096 0.652
7.917174339294434 1624361005.485062 0.652
8.5261869430542 1624361005.492043 0.652
7.917174339294434 1624361005.499054 0.652
7.917174339294434 1624361005.506085 0.652
8.5261869430542 1624361005.513102 0.652
7.917174339294434 1624361005.520057 0.652
8.5261869430542 1624361005.526982 0.652
8.5261869430542 1624361005.534006 0.652
7.917174339294434 1624361005.540985 0.652
8.5261869430542 1624361005.547989 0.652
7.917174339294434 1624361005.554953 0.652
8.5261869430542 1624361005.561945 0.652
8.5261869430542 1624361005.569114 0.652
7.917174339294434 1624361005.576031 0.652
7.917174339294434 1624361005.583128 0.652
7.917174339294434 1624361005.590118 0.652
7.917174339294434 1624361005.597112 0.652
8.5261869430542 1624361005.604026 0.652
7.917174339294434 1624361005.610994 0.652
8.5261869430542 1624361005.61804 0.652
8.5261869430542 1624361005.624977 0.652
7.917174339294434 1624361005.632061 0.652
8.5261869430542 1624361005.639066 0.652
8.5261869430542 1624361005.646176 0.652
7.917174339294434 1624361005.65311 0.652
8.5261869430542 1624361005.660064 0.652
7.917174339294434 1624361005.66705 0.652
8.5261869430542 1624361005.674023 0.652
8.5261869430542 1624361005.68107 0.652
7.917174339294434 1624361005.688091 0.652
8.5261869430542 1624361005.695069 0.652
7.917174339294434 1624361005.701918 0.652
7.917174339294434 1624361005.708896 0.652
8.5261869430542 1624361005.715987 0.652
7.917174339294434 1624361005.722943 0.652
8.5261869430542 1624361005.729906 0.652
8.5261869430542 1624361005.736884 0.652
7.917174339294434 1624361005.743878 0.652
8.5261869430542 1624361005.750863 0.652
7.917174339294434 1624361005.757816 0.652
8.5261869430542 1624361005.764907 0.652
8.5261869430542 1624361005.771889 0.652
7.917174339294434 1624361005.778959 0.652
8.5261869430542 1624361005.785958 0.652
8.5261869430542 1624361005.79303 0.652
7.917174339294434 1624361005.800045 0.652
8.5261869430542 1624361005.806977 0.652
7.917174339294434 1624361005.814073 0.652
8.5261869430542 1624361005.821114 0.652
8.5261869430542 1624361005.828068 0.652
7.917174339294434 1624361005.835013 0.652
8.5261869430542 1624361005.841965 0.652
7.917174339294434 1624361005.848998 0.652
8.5261869430542 1624361005.856024 0.652
7.917174339294434 1624361005.863022 0.652
7.917174339294434 1624361005.869795 0.652
8.5261869430542 1624361005.876799 0.652
7.917174339294434 1624361005.883886 0.652
7.917174339294434 1624361005.890876 0.652
8.5261869430542 1624361005.89792 0.652
7.917174339294434 1624361005.904844 0.652
8.5261869430542 1624361005.911941 0.652
8.5261869430542 1624361005.918977 0.652
7.917174339294434 1624361005.925934 0.652
8.5261869430542 1624361005.932947 0.652
7.917174339294434 1624361005.94 0.652
8.5261869430542 1624361005.946967 0.652
8.5261869430542 1624361005.953942 0.652
7.917174339294434 1624361005.96096 0.652
8.5261869430542 1624361005.967934 0.652
7.917174339294434 1624361005.974922 0.652
7.917174339294434 1624361005.981932 0.652
8.5261869430542 1624361005.988966 0.652
7.917174339294434 1624361005.995886 0.652
8.5261869430542 1624361006.002865 0.652
8.5261869430542 1624361006.00994 0.652
7.917174339294434 1624361006.016856 0.652
8.5261869430542 1624361006.023801 0.652
8.5261869430542 1624361006.030812 0.652
7.917174339294434 1624361006.037803 0.652
8.5261869430542 1624361006.044892 0.652
7.917174339294434 1624361006.051858 0.652
8.5261869430542 1624361006.058859 0.652
7.917174339294434 1624361006.065834 0.652
7.917174339294434 1624361006.072828 0.652
8.5261869430542 1624361006.079895 0.652
7.917174339294434 1624361006.086855 0.652
8.5261869430542 1624361006.093862 0.652
8.5261869430542 1624361006.100812 0.652
7.917174339294434 1624361006.107841 0.652
8.5261869430542 1624361006.114914 0.652
7.917174339294434 1624361006.121798 0.652
8.5261869430542 1624361006.128844 0.652
8.5261869430542 1624361006.135828 0.652
7.917174339294434 1624361006.142931 0.652
8.5261869430542 1624361006.149955 0.652
7.917174339294434 1624361006.156925 0.652
7.917174339294434 1624361006.163932 0.652
8.5261869430542 1624361006.170905 0.652
7.917174339294434 1624361006.177895 0.652
8.5261869430542 1624361006.184823 0.652
8.5261869430542 1624361006.191822 0.652
7.917174339294434 1624361006.198802 0.652
8.5261869430542 1624361006.205763 0.652
8.5261869430542 1624361006.212773 0.652
7.917174339294434 1624361006.219733 0.652
8.5261869430542 1624361006.226839 0.652
7.917174339294434 1624361006.233869 0.652
8.5261869430542 1624361006.240841 0.652
8.5261869430542 1624361006.247869 0.652
7.917174339294434 1624361006.254887 0.652
8.5261869430542 1624361006.261886 0.652
7.917174339294434 1624361006.268865 0.652
8.5261869430542 1624361006.27584 0.652
8.5261869430542 1624361006.28292 0.652
7.917174339294434 1624361006.289898 0.652
8.5261869430542 1624361006.296814 0.652
8.5261869430542 1624361006.303877 0.652
7.917174339294434 1624361006.310801 0.652
8.5261869430542 1624361006.317821 0.652
7.917174339294434 1624361006.324907 0.652
8.5261869430542 1624361006.331915 0.652
7.917174339294434 1624361006.338725 0.652
7.917174339294434 1624361006.345703 0.652
8.5261869430542 1624361006.352732 0.652
7.917174339294434 1624361006.359705 0.652
8.5261869430542 1624361006.366783 0.652
8.5261869430542 1624361006.373797 0.652
7.917174339294434 1624361006.380759 0.652
8.5261869430542 1624361006.387803 0.652
8.5261869430542 1624361006.394808 0.652
7.917174339294434 1624361006.401766 0.652
8.5261869430542 1624361006.408722 0.652
7.917174339294434 1624361006.415741 0.652
8.5261869430542 1624361006.422773 0.652
8.5261869430542 1624361006.42986 0.652
7.917174339294434 1624361006.436857 0.652
8.5261869430542 1624361006.443824 0.652
7.917174339294434 1624361006.450832 0.652
8.5261869430542 1624361006.457817 0.652
8.5261869430542 1624361006.464801 0.652
7.917174339294434 1624361006.471817 0.652
8.5261869430542 1624361006.478885 0.652
8.5261869430542 1624361006.485817 0.652
7.917174339294434 1624361006.492871 0.652
8.5261869430542 1624361006.49986 0.652
7.917174339294434 1624361006.506881 0.652
8.5261869430542 1624361006.513862 0.652
8.5261869430542 1624361006.520708 0.652
7.917174339294434 1624361006.527724 0.652
8.5261869430542 1624361006.534694 0.652
7.917174339294434 1624361006.541694 0.652
7.917174339294434 1624361006.548758 0.652
8.5261869430542 1624361006.555756 0.652
7.917174339294434 1624361006.562767 0.652
8.5261869430542 1624361006.569661 0.652
8.5261869430542 1624361006.576678 0.652
7.917174339294434 1624361006.583676 0.652
8.5261869430542 1624361006.590685 0.652
7.917174339294434 1624361006.59774 0.652
7.917174339294434 1624361006.604756 0.652
8.5261869430542 1624361006.611736 0.652
7.917174339294434 1624361006.618796 0.652
8.5261869430542 1624361006.625793 0.652
7.917174339294434 1624361006.632763 0.652
7.917174339294434 1624361006.639713 0.652
8.5261869430542 1624361006.64684 0.652
7.917174339294434 1624361006.653807 0.652
8.5261869430542 1624361006.660761 0.652
8.5261869430542 1624361006.667763 0.652
7.917174339294434 1624361006.674506 0.652
8.5261869430542 1624361006.681621 0.652
7.917174339294434 1624361006.688657 0.652
8.5261869430542 1624361006.695595 0.652
7.917174339294434 1624361006.702609 0.652
7.917174339294434 1624361006.709621 0.652
8.5261869430542 1624361006.716626 0.652
8.5261869430542 1624361006.723628 0.652
7.917174339294434 1624361006.730725 0.652
8.5261869430542 1624361006.737763 0.652
7.917174339294434 1624361006.744668 0.652
8.5261869430542 1624361006.751677 0.652
8.5261869430542 1624361006.758725 0.652
7.917174339294434 1624361006.765742 0.652
8.5261869430542 1624361006.772685 0.652
7.917174339294434 1624361006.779765 0.652
7.917174339294434 1624361006.786706 0.652
8.5261869430542 1624361006.793676 0.652
7.917174339294434 1624361006.800691 0.652
8.5261869430542 1624361006.807738 0.652
8.5261869430542 1624361006.814768 0.652
7.917174339294434 1624361006.821763 0.652
8.5261869430542 1624361006.828735 0.652
7.917174339294434 1624361006.835513 0.652
8.5261869430542 1624361006.842557 0.652
8.5261869430542 1624361006.849567 0.652
7.917174339294434 1624361006.856599 0.652
8.5261869430542 1624361006.863719 0.652
7.917174339294434 1624361006.870648 0.652
8.5261869430542 1624361006.877622 0.652
8.5261869430542 1624361006.884677 0.652
7.917174339294434 1624361006.891642 0.652
8.5261869430542 1624361006.898616 0.652
8.5261869430542 1624361006.905636 0.652
7.917174339294434 1624361006.912671 0.652
8.5261869430542 1624361006.919675 0.652
7.917174339294434 1624361006.926632 0.652
8.5261869430542 1624361006.933713 0.652
8.5261869430542 1624361006.940708 0.652
7.917174339294434 1624361006.947706 0.652
8.5261869430542 1624361006.954613 0.652
7.917174339294434 1624361006.961652 0.652
7.917174339294434 1624361006.96859 0.652
8.5261869430542 1624361006.975642 0.652
7.917174339294434 1624361006.982637 0.652
8.5261869430542 1624361006.989661 0.652
8.5261869430542 1624361006.996513 0.652
7.917174339294434 1624361007.003538 0.652
8.5261869430542 1624361007.010538 0.652
7.917174339294434 1624361007.017471 0.652
8.5261869430542 1624361007.024459 0.652
8.5261869430542 1624361007.031576 0.652
7.917174339294434 1624361007.038576 0.652
8.5261869430542 1624361007.045598 0.652
7.917174339294434 1624361007.052616 0.652
7.917174339294434 1624361007.059601 0.652
8.5261869430542 1624361007.066552 0.652
7.917174339294434 1624361007.073585 0.652
7.917174339294434 1624361007.080557 0.652
8.5261869430542 1624361007.087667 0.652
7.917174339294434 1624361007.094575 0.652
8.5261869430542 1624361007.101629 0.652
7.917174339294434 1624361007.108564 0.652
8.5261869430542 1624361007.11566 0.652
8.5261869430542 1624361007.122681 0.652
7.917174339294434 1624361007.129652 0.652
8.5261869430542 1624361007.136728 0.652
7.917174339294434 1624361007.143668 0.652
7.917174339294434 1624361007.150675 0.652
8.5261869430542 1624361007.157634 0.652
7.917174339294434 1624361007.164563 0.652
8.5261869430542 1624361007.17153 0.652
