317.42242431640625 1624360956.668948 0
317.42242431640625 1624360956.675821 0
317.6751708984375 1624360956.682818 0
319.26751708984375 1624360956.689691 0
319.26751708984375 1624360956.696708 0
317.6751708984375 1624360956.703707 0
317.6751708984375 1624360956.710762 0
317.96502685546875 1624360956.717756 0
318.2179870605469 1624360956.724745 0
317.42242431640625 1624360956.731726 0
317.6751708984375 1624360956.738743 0
316.6268615722656 1624360956.745764 0
317.42242431640625 1624360956.75283 0
317.42242431640625 1624360956.759908 0
317.6751708984375 1624360956.766851 0
317.42242431640625 1624360956.773831 0
315.5802917480469 1624360956.780839 0
316.6268615722656 1624360956.78787 0
316.37518310546875 1624360956.79484 0
317.17010498046875 1624360956.801912 0
317.17010498046875 1624360956.808868 0
317.42242431640625 1624360956.815873 0
317.42242431640625 1624360956.822858 0
317.96502685546875 1624360956.829801 0
316.6268615722656 1624360956.836839 0
315.32965087890625 1624360956.843669 0
315.32965087890625 1624360956.850673 0
315.32965087890625 1624360956.857658 0
316.37518310546875 1624360956.864623 0
317.6751708984375 1624360956.871684 0
317.1314697265625 1624360956.87872 0
315.5802917480469 1624360956.885742 0
314.53533935546875 1624360956.892742 0
312.2028503417969 1624360956.89972 0
309.5803527832031 1624360956.906789 0
306.7193603515625 1624360956.913779 0
305.2050476074219 1624360956.920799 0
304.96453857421875 1624360956.927783 0
304.96453857421875 1624360956.934797 0
303.6978759765625 1624360956.941751 0
302.3622131347656 1624360956.948727 0
301.8868103027344 1624360956.955852 0
299.5282897949219 1624360956.96278 0
299.0580749511719 1624360956.969758 0
300.07855224609375 1624360956.976725 0
302.12432861328125 1624360956.983738 0
302.6729431152344 1624360956.990822 0
304.4164123535156 1624360956.997768 0
302.9111022949219 1624360957.004731 0
303.14959716796875 1624360957.011714 0
303.6978759765625 1624360957.018763 0
303.93701171875 1624360957.025764 0
304.176513671875 1624360957.032782 0
304.176513671875 1624360957.03984 0
302.9111022949219 1624360957.046819 0
304.96453857421875 1624360957.053798 0
303.93701171875 1624360957.06078 0
303.3885192871094 1624360957.067863 0
301.8868103027344 1624360957.074842 0
301.8868103027344 1624360957.081868 0
301.8868103027344 1624360957.088812 0
302.12432861328125 1624360957.095645 0
303.14959716796875 1624360957.102595 0
303.93701171875 1624360957.109599 0
304.176513671875 1624360957.116593 0
303.14959716796875 1624360957.123613 0
302.9111022949219 1624360957.130654 0
302.9111022949219 1624360957.137661 0
301.8868103027344 1624360957.144686 0
301.10064697265625 1624360957.151722 0
300.07855224609375 1624360957.158695 0
299.2929992675781 1624360957.165736 0
298.82354736328125 1624360957.172645 0
297.2548828125 1624360957.179652 0
298.0392150878906 1624360957.186741 0
298.82354736328125 1624360957.19371 0
298.82354736328125 1624360957.200679 0
298.27313232421875 1624360957.207656 0
299.60784912109375 1624360957.214749 0
299.843017578125 1624360957.221681 0
300.8641052246094 1624360957.228679 0
301.10064697265625 1624360957.235625 0
302.9111022949219 1624360957.242543 0
302.9111022949219 1624360957.249548 0
301.8868103027344 1624360957.256572 0
302.9111022949219 1624360957.263572 0
302.9111022949219 1624360957.270609 0
303.14959716796875 1624360957.277659 0
303.14959716796875 1624360957.284657 0
303.14959716796875 1624360957.291628 0
302.9111022949219 1624360957.298683 0
302.9111022949219 1624360957.305781 0
304.176513671875 1624360957.312766 0
304.96453857421875 1624360957.319762 0
304.176513671875 1624360957.326775 0
305.9936828613281 1624360957.333724 0
307.02447509765625 1624360957.340767 0
307.2669677734375 1624360957.34779 0
307.2669677734375 1624360957.354767 0
308.0568542480469 1624360957.361714 0
305.4459533691406 1624360957.368763 0
305.9936828613281 1624360957.37561 0
305.9936828613281 1624360957.382566 0
306.2351989746094 1624360957.389576 0
306.2351989746094 1624360957.396624 0
307.02447509765625 1624360957.403583 0
305.9936828613281 1624360957.410599 0
302.3622131347656 1624360957.417667 0
301.8868103027344 1624360957.424686 0
301.649658203125 1624360957.431651 0
301.10064697265625 1624360957.4387 0
302.12432861328125 1624360957.445615 0
302.9111022949219 1624360957.452668 0
301.10064697265625 1624360957.459556 0
301.649658203125 1624360957.466691 0
301.10064697265625 1624360957.473682 0
302.6729431152344 1624360957.480688 0
302.9111022949219 1624360957.487636 0
305.7525634765625 1624360957.49473 0
307.02447509765625 1624360957.501722 0
310.1265869140625 1624360957.508518 0
312.2028503417969 1624360957.515514 0
312.2028503417969 1624360957.522485 0
310.37213134765625 1624360957.529563 0
310.917724609375 1624360957.536555 0
311.1639099121094 1624360957.543562 0
311.1639099121094 1624360957.550603 0
310.37213134765625 1624360957.557598 0
311.9556579589844 1624360957.564677 0
311.41046142578125 1624360957.571605 0
311.41046142578125 1624360957.578614 0
311.1639099121094 1624360957.585644 0
312.2028503417969 1624360957.592599 0
313.2434387207031 1624360957.599558 0
312.9952697753906 1624360957.606527 0
313.2434387207031 1624360957.613603 0
314.53533935546875 1624360957.620696 0
314.2857360839844 1624360957.627559 0
314.53533935546875 1624360957.63465 0
314.2857360839844 1624360957.641643 0
314.2857360839844 1624360957.648615 0
314.0364990234375 1624360957.65561 0
314.2857360839844 1624360957.662673 0
315.32965087890625 1624360957.669519 0
315.32965087890625 1624360957.676474 0
314.53533935546875 1624360957.683487 0
315.5802917480469 1624360957.690418 0
316.37518310546875 1624360957.69748 0
315.5802917480469 1624360957.704451 0
315.32965087890625 1624360957.711431 0
315.32965087890625 1624360957.718543 0
315.32965087890625 1624360957.725446 0
314.2857360839844 1624360957.732468 0
312.69842529296875 1624360957.739434 0
313.2434387207031 1624360957.746418 0
312.450439453125 1624360957.753489 0
312.2028503417969 1624360957.76052 0
312.450439453125 1624360957.767558 0
312.9952697753906 1624360957.774588 0
320.83001708984375 1624360957.781557 0
320.57415771484375 1624360957.788572 0
321.3716125488281 1624360957.795594 0
323.482421875 1624360957.802602 0
322.6836853027344 1624360957.809636 0
324.5403747558594 1624360957.816616 0
323.74102783203125 1624360957.82362 0
324.8000183105469 1624360957.830641 0
322.941650390625 1624360957.837474 0
324.8000183105469 1624360957.84446 0
324.5403747558594 1624360957.851467 0
324.2593994140625 1624360957.858479 0
325.0600280761719 1624360957.865472 0
326.1217956542969 1624360957.872517 0
329.0529479980469 1624360957.879449 0
330.1204833984375 1624360957.886487 0
330.3858642578125 1624360957.893498 0
331.99359130859375 1624360957.900469 0
331.4561462402344 1624360957.907397 0
330.3858642578125 1624360957.914478 0
331.1897277832031 1624360957.921496 0
327.9871520996094 1624360957.928593 0
329.5820007324219 1624360957.935526 0
331.99359130859375 1624360957.942547 0
329.5820007324219 1624360957.949516 0
329.3172607421875 1624360957.956641 0
327.4478454589844 1624360957.964554 0
326.1217956542969 1624360957.971544 0
327.18524169921875 1624360957.978347 0
324.0 1624360957.985404 0
324.8000183105469 1624360957.992479 0
327.724365234375 1624360957.999362 0
326.9230651855469 1624360958.006397 0
325.3205261230469 1624360958.01334 0
326.1217956542969 1624360958.020346 0
327.18524169921875 1624360958.027347 0
327.724365234375 1624360958.034329 0
327.9871520996094 1624360958.041322 0
329.0529479980469 1624360958.048367 0
326.645263671875 1624360958.055344 0
325.0600280761719 1624360958.062398 0
323.74102783203125 1624360958.069508 0
323.74102783203125 1624360958.076353 0
324.0 1624360958.083362 0
322.941650390625 1624360958.090385 0
322.941650390625 1624360958.097395 0
322.941650390625 1624360958.104401 0
322.6836853027344 1624360958.111419 0
326.1217956542969 1624360958.118426 0
326.1217956542969 1624360958.125228 0
327.724365234375 1624360958.132247 0
327.18524169921875 1624360958.139268 0
327.18524169921875 1624360958.1463 0
328.2503967285156 1624360958.153293 0
328.2503967285156 1624360958.160278 0
326.1217956542969 1624360958.16728 0
326.1217956542969 1624360958.174305 0
325.8606872558594 1624360958.181287 0
324.8000183105469 1624360958.188308 0
324.8000183105469 1624360958.195322 0
326.9230651855469 1624360958.202326 0
326.66131591796875 1624360958.212032 0
326.4000244140625 1624360958.219234 0
326.1217956542969 1624360958.226265 0
325.8606872558594 1624360958.233216 0
320.8000183105469 1624360958.24025 0
318.2179870605469 1624360958.247231 0
318.4713439941406 1624360958.254263 0
319.52191162109375 1624360958.261286 0
319.52191162109375 1624360958.26827 0
319.26751708984375 1624360958.275245 0
320.3187255859375 1624360958.282287 0
323.482421875 1624360958.289314 0
325.8606872558594 1624360958.296284 0
325.3205261230469 1624360958.303291 0
326.9230651855469 1624360958.310281 0
325.8606872558594 1624360958.317328 0
325.0600280761719 1624360958.324293 0
322.941650390625 1624360958.331305 0
322.941650390625 1624360958.338334 0
320.83001708984375 1624360958.345324 0
318.72509765625 1624360958.352352 0
317.6751708984375 1624360958.359298 0
317.17010498046875 1624360958.366365 0
319.26751708984375 1624360958.373435 0
319.52191162109375 1624360958.380273 0
319.52191162109375 1624360958.387286 0
321.3716125488281 1624360958.394298 0
319.7767028808594 1624360958.401209 0
319.7767028808594 1624360958.408195 0
320.3187255859375 1624360958.415205 0
320.83001708984375 1624360958.422268 0
319.52191162109375 1624360958.429305 0
318.72509765625 1624360958.43629 0
319.52191162109375 1624360958.443311 0
318.979248046875 1624360958.450393 0
317.6751708984375 1624360958.457309 0
317.17010498046875 1624360958.464372 0
315.32965087890625 1624360958.471364 0
316.1239013671875 1624360958.478324 0
315.32965087890625 1624360958.485352 0
317.6751708984375 1624360958.492384 0
317.42242431640625 1624360958.499386 0
317.42242431640625 1624360958.506441 0
318.4713439941406 1624360958.51341 0
316.87896728515625 1624360958.520452 0
315.32965087890625 1624360958.527389 0
315.8313293457031 1624360958.534253 0
317.17010498046875 1624360958.541197 0
315.5802917480469 1624360958.548245 0
317.6751708984375 1624360958.555257 0
321.6280822753906 1624360958.562301 0
320.57415771484375 1624360958.569288 0
317.6751708984375 1624360958.576314 0
318.4713439941406 1624360958.583235 0
318.2179870605469 1624360958.590299 0
317.42242431640625 1624360958.597278 0
316.37518310546875 1624360958.604332 0
316.6268615722656 1624360958.611356 0
318.4713439941406 1624360958.618331 0
319.52191162109375 1624360958.625267 0
319.52191162109375 1624360958.632276 0
319.26751708984375 1624360958.639285 0
319.7767028808594 1624360958.646299 0
318.72509765625 1624360958.653312 0
317.92828369140625 1624360958.660325 0
316.37518310546875 1624360958.667335 0
314.7853698730469 1624360958.674238 0
313.7410583496094 1624360958.681258 0
313.2434387207031 1624360958.688281 0
311.41046142578125 1624360958.695216 0
310.1265869140625 1624360958.702251 0
309.0909118652344 1624360958.70924 0
308.5443115234375 1624360958.716234 0
309.0909118652344 1624360958.723224 0
310.1265869140625 1624360958.730239 0
308.5443115234375 1624360958.737196 0
308.0568542480469 1624360958.744279 0
307.2669677734375 1624360958.751233 0
309.33544921875 1624360958.758311 0
308.8467712402344 1624360958.76533 0
309.0909118652344 1624360958.772303 0
307.2669677734375 1624360958.779288 0
306.2351989746094 1624360958.786328 0
306.7823486328125 1624360958.793318 0
305.9936828613281 1624360958.800295 0
304.176513671875 1624360958.807295 0
307.02447509765625 1624360958.814342 0
310.1265869140625 1624360958.821288 0
309.33544921875 1624360958.828322 0
309.88140869140625 1624360958.835321 0
313.2434387207031 1624360958.842343 0
312.450439453125 1624360958.849157 0
313.2434387207031 1624360958.85617 0
313.4920654296875 1624360958.863192 0
313.4920654296875 1624360958.870214 0
313.4920654296875 1624360958.877172 0
313.2434387207031 1624360958.88417 0
312.450439453125 1624360958.891172 0
312.2028503417969 1624360958.898202 0
313.2434387207031 1624360958.90522 0
315.0793762207031 1624360958.912201 0
314.2857360839844 1624360958.919119 0
313.2434387207031 1624360958.92622 0
312.450439453125 1624360958.933165 0
312.7474060058594 1624360958.940245 0
311.1639099121094 1624360958.947159 0
310.6180725097656 1624360958.954154 0
310.917724609375 1624360958.961207 0
311.41046142578125 1624360958.968174 0
311.41046142578125 1624360958.975178 0
312.2028503417969 1624360958.982245 0
312.450439453125 1624360958.989239 0
313.2434387207031 1624360958.996251 0
314.0364990234375 1624360959.003238 0
314.2857360839844 1624360959.01028 0
313.4920654296875 1624360959.017325 0
313.4920654296875 1624360959.0243 0
314.0364990234375 1624360959.03131 0
315.32965087890625 1624360959.038154 0
315.32965087890625 1624360959.045038 0
314.2857360839844 1624360959.052043 0
315.0793762207031 1624360959.059027 0
314.53533935546875 1624360959.066097 0
313.7410583496094 1624360959.073141 0
315.32965087890625 1624360959.080063 0
315.0793762207031 1624360959.087072 0
316.37518310546875 1624360959.094045 0
316.37518310546875 1624360959.101042 0
314.53533935546875 1624360959.10806 0
316.6268615722656 1624360959.115085 0
315.5802917480469 1624360959.122129 0
314.7853698730469 1624360959.129121 0
315.5802917480469 1624360959.136081 0
317.42242431640625 1624360959.143081 0
316.37518310546875 1624360959.150111 0
316.6268615722656 1624360959.157166 0
316.6268615722656 1624360959.164162 0
315.32965087890625 1624360959.171108 0
313.2434387207031 1624360959.17816 0
316.1239013671875 1624360959.185193 0
316.1239013671875 1624360959.192177 0
315.5802917480469 1624360959.199249 0
315.32965087890625 1624360959.206317 0
313.2434387207031 1624360959.213019 0
312.450439453125 1624360959.22001 0
312.9952697753906 1624360959.22699 0
312.2028503417969 1624360959.234014 0
315.0793762207031 1624360959.241089 0
313.7410583496094 1624360959.248063 0
315.0793762207031 1624360959.255116 0
315.32965087890625 1624360959.262078 0
315.32965087890625 1624360959.269085 0
316.1239013671875 1624360959.276049 0
316.6268615722656 1624360959.283048 0
316.37518310546875 1624360959.290044 0
317.42242431640625 1624360959.297106 0
317.42242431640625 1624360959.304207 0
317.42242431640625 1624360959.311159 0
317.42242431640625 1624360959.318231 0
317.42242431640625 1624360959.32517 0
317.6751708984375 1624360959.332227 0
319.52191162109375 1624360959.339175 0
318.4713439941406 1624360959.346183 0
317.42242431640625 1624360959.353193 0
317.6751708984375 1624360959.360185 0
316.37518310546875 1624360959.367163 0
316.37518310546875 1624360959.374177 0
316.87896728515625 1624360959.381172 0
318.4713439941406 1624360959.388167 0
318.72509765625 1624360959.394933 0
319.52191162109375 1624360959.402037 0
317.6751708984375 1624360959.409016 0
317.92828369140625 1624360959.41607 0
319.26751708984375 1624360959.423 0
320.3187255859375 1624360959.430061 0
322.4261779785156 1624360959.437019 0
321.8849792480469 1624360959.444007 0
323.482421875 1624360959.451077 0
320.03192138671875 1624360959.458074 0
319.52191162109375 1624360959.465072 0
319.52191162109375 1624360959.472047 0
318.2179870605469 1624360959.479135 0
315.8313293457031 1624360959.486096 0
316.1239013671875 1624360959.493059 0
315.32965087890625 1624360959.500058 0
314.7853698730469 1624360959.507057 0
313.7410583496094 1624360959.514051 0
314.0364990234375 1624360959.521028 0
312.450439453125 1624360959.528025 0
313.7876281738281 1624360959.535042 0
313.2434387207031 1624360959.542085 0
314.2857360839844 1624360959.549026 0
313.4920654296875 1624360959.556119 0
314.2857360839844 1624360959.56312 0
314.53533935546875 1624360959.570138 0
314.2857360839844 1624360959.577104 0
313.2434387207031 1624360959.584112 0
314.53533935546875 1624360959.591118 0
314.53533935546875 1624360959.597938 0
314.2857360839844 1624360959.605002 0
313.4920654296875 1624360959.611872 0
314.0364990234375 1624360959.618927 0
313.7410583496094 1624360959.625919 0
313.2434387207031 1624360959.632867 0
314.0364990234375 1624360959.63998 0
313.7410583496094 1624360959.646943 0
314.53533935546875 1624360959.653986 0
315.32965087890625 1624360959.660975 0
316.37518310546875 1624360959.667936 0
317.42242431640625 1624360959.674976 0
318.4713439941406 1624360959.681962 0
316.6268615722656 1624360959.688962 0
316.37518310546875 1624360959.696005 0
313.7410583496094 1624360959.703008 0
313.2434387207031 1624360959.710004 0
314.53533935546875 1624360959.717003 0
314.2857360839844 1624360959.724043 0
315.32965087890625 1624360959.731009 0
315.0793762207031 1624360959.737984 0
314.2857360839844 1624360959.745015 0
315.32965087890625 1624360959.752045 0
312.450439453125 1624360959.758998 0
312.2028503417969 1624360959.765955 0
313.2434387207031 1624360959.772942 0
312.450439453125 1624360959.780019 0
312.9952697753906 1624360959.787006 0
311.6574401855469 1624360959.793993 0
313.4920654296875 1624360959.801025 0
312.2028503417969 1624360959.807874 0
311.1639099121094 1624360959.814863 0
310.37213134765625 1624360959.821872 0
309.0909118652344 1624360959.828914 0
309.5803527832031 1624360959.835847 0
310.1265869140625 1624360959.84282 0
312.450439453125 1624360959.849819 0
311.41046142578125 1624360959.856858 0
310.37213134765625 1624360959.863895 0
311.41046142578125 1624360959.870901 0
312.2028503417969 1624360959.877889 0
312.2028503417969 1624360959.884906 0
312.450439453125 1624360959.891893 0
310.37213134765625 1624360959.898889 0
312.450439453125 1624360959.905845 0
310.6180725097656 1624360959.912826 0
311.41046142578125 1624360959.92 0
312.2028503417969 1624360959.92708 0
311.6574401855469 1624360959.934001 0
312.2028503417969 1624360959.940985 0
311.41046142578125 1624360959.94802 0
312.9952697753906 1624360959.955016 0
311.1639099121094 1624360959.962007 0
310.917724609375 1624360959.969002 0
310.37213134765625 1624360959.975994 0
311.1639099121094 1624360959.982998 0
309.33544921875 1624360959.99003 0
308.3004150390625 1624360959.997007 0
309.88140869140625 1624360960.003839 0
308.3004150390625 1624360960.010835 0
307.02447509765625 1624360960.017782 0
307.813720703125 1624360960.024815 0
307.02447509765625 1624360960.031844 0
306.47711181640625 1624360960.038817 0
305.9936828613281 1624360960.045821 0
306.2351989746094 1624360960.052871 0
306.2351989746094 1624360960.059834 0
307.02447509765625 1624360960.066835 0
308.0568542480469 1624360960.073819 0
307.813720703125 1624360960.080817 0
306.2351989746094 1624360960.087876 0
307.813720703125 1624360960.094915 0
307.2669677734375 1624360960.101933 0
308.3004150390625 1624360960.108913 0
308.3004150390625 1624360960.115913 0
308.0568542480469 1624360960.122911 0
309.0909118652344 1624360960.129908 0
310.6180725097656 1624360960.136945 0
311.9556579589844 1624360960.143908 0
310.37213134765625 1624360960.150927 0
312.9952697753906 1624360960.157854 0
314.2857360839844 1624360960.164975 0
314.53533935546875 1624360960.171937 0
315.5802917480469 1624360960.178815 0
316.37518310546875 1624360960.185812 0
317.96502685546875 1624360960.192767 0
319.52191162109375 1624360960.199834 0
320.3187255859375 1624360960.206869 0
320.83001708984375 1624360960.213812 0
322.4261779785156 1624360960.220841 0
321.8849792480469 1624360960.2278 0
321.6280822753906 1624360960.234846 0
320.83001708984375 1624360960.241839 0
321.8849792480469 1624360960.248834 0
322.941650390625 1624360960.255881 0
321.8849792480469 1624360960.26289 0
320.28753662109375 1624360960.269887 0
321.08624267578125 1624360960.276868 0
321.6280822753906 1624360960.283808 0
319.7767028808594 1624360960.290846 0
319.26751708984375 1624360960.297869 0
315.5802917480469 1624360960.304926 0
317.17010498046875 1624360960.311896 0
314.53533935546875 1624360960.318829 0
315.32965087890625 1624360960.325834 0
317.6751708984375 1624360960.332827 0
317.6751708984375 1624360960.339868 0
317.6751708984375 1624360960.346762 0
317.42242431640625 1624360960.353684 0
315.5802917480469 1624360960.360666 0
315.32965087890625 1624360960.367663 0
315.8313293457031 1624360960.374742 0
315.0793762207031 1624360960.381788 0
314.53533935546875 1624360960.388778 0
312.69842529296875 1624360960.39576 0
311.41046142578125 1624360960.40269 0
312.2028503417969 1624360960.409744 0
311.41046142578125 1624360960.416753 0
310.37213134765625 1624360960.423828 0
311.1639099121094 1624360960.430812 0
310.1265869140625 1624360960.437807 0
311.1639099121094 1624360960.444845 0
311.41046142578125 1624360960.451782 0
311.41046142578125 1624360960.458731 0
311.41046142578125 1624360960.465744 0
310.37213134765625 1624360960.472824 0
310.37213134765625 1624360960.479806 0
311.9556579589844 1624360960.486867 0
310.6180725097656 1624360960.49384 0
311.41046142578125 1624360960.500835 0
312.9952697753906 1624360960.507822 0
312.2028503417969 1624360960.514676 0
311.41046142578125 1624360960.521801 0
313.7876281738281 1624360960.528703 0
318.4713439941406 1624360960.535805 0
317.6751708984375 1624360960.542691 0
317.42242431640625 1624360960.549718 0
315.5802917480469 1624360960.556804 0
316.37518310546875 1624360960.563779 0
316.37518310546875 1624360960.570775 0
316.37518310546875 1624360960.577797 0
317.6751708984375 1624360960.5848 0
316.6268615722656 1624360960.59169 0
318.4713439941406 1624360960.598694 0
318.72509765625 1624360960.605799 0
316.6268615722656 1624360960.612799 0
317.42242431640625 1624360960.619789 0
316.87896728515625 1624360960.626745 0
319.26751708984375 1624360960.633783 0
320.57415771484375 1624360960.640728 0
318.979248046875 1624360960.647794 0
320.3187255859375 1624360960.654766 0
319.7767028808594 1624360960.661735 0
321.3716125488281 1624360960.668726 0
322.4261779785156 1624360960.675751 0
321.08624267578125 1624360960.682516 0
322.6836853027344 1624360960.689553 0
321.6280822753906 1624360960.696535 0
322.4261779785156 1624360960.70359 0
322.6836853027344 1624360960.710653 0
323.482421875 1624360960.71758 0
322.6836853027344 1624360960.724623 0
323.482421875 1624360960.731595 0
323.1999816894531 1624360960.738699 0
322.4261779785156 1624360960.745686 0
320.3187255859375 1624360960.752704 0
321.6280822753906 1624360960.759756 0
320.83001708984375 1624360960.766627 0
320.03192138671875 1624360960.773758 0
322.6836853027344 1624360960.780786 0
321.6280822753906 1624360960.787792 0
322.6836853027344 1624360960.794769 0
322.6836853027344 1624360960.801779 0
323.74102783203125 1624360960.808792 0
323.482421875 1624360960.815743 0
322.4261779785156 1624360960.822727 0
321.3716125488281 1624360960.829777 0
319.52191162109375 1624360960.83679 0
321.1155090332031 1624360960.843752 0
322.4261779785156 1624360960.850759 0
321.8849792480469 1624360960.857585 0
322.1690673828125 1624360960.864546 0
325.3397216796875 1624360960.871524 0
325.8606872558594 1624360960.878542 0
325.0600280761719 1624360960.885564 0
324.0 1624360960.892626 0
326.1217956542969 1624360960.899647 0
326.9230651855469 1624360960.906638 0
328.7890930175781 1624360960.913598 0
329.3172607421875 1624360960.920613 0
329.0529479980469 1624360960.927649 0
329.5820007324219 1624360960.9347 0
329.0529479980469 1624360960.941648 0
327.4478454589844 1624360960.948713 0
327.18524169921875 1624360960.955678 0
330.9237060546875 1624360960.962619 0
329.0529479980469 1624360960.969578 0
328.7890930175781 1624360960.976605 0
327.18524169921875 1624360960.983668 0
326.1217956542969 1624360960.990791 0
325.8606872558594 1624360960.997597 0
327.18524169921875 1624360961.004586 0
324.8000183105469 1624360961.01171 0
324.5403747558594 1624360961.018569 0
325.0600280761719 1624360961.025517 0
326.1217956542969 1624360961.032537 0
326.66131591796875 1624360961.039535 0
326.1217956542969 1624360961.046553 0
325.0600280761719 1624360961.053607 0
326.1217956542969 1624360961.060647 0
326.66131591796875 1624360961.067563 0
326.1217956542969 1624360961.07455 0
324.0 1624360961.081574 0
324.8000183105469 1624360961.088545 0
324.0 1624360961.095571 0
323.4587707519531 1624360961.102593 0
322.941650390625 1624360961.109534 0
322.941650390625 1624360961.116552 0
321.8849792480469 1624360961.123585 0
324.0 1624360961.130613 0
322.3999938964844 1624360961.137635 0
322.941650390625 1624360961.144626 0
324.0 1624360961.151628 0
324.8000183105469 1624360961.15862 0
325.6000061035156 1624360961.165631 0
325.6000061035156 1624360961.172634 0
325.8606872558594 1624360961.179664 0
325.8606872558594 1624360961.186583 0
325.8606872558594 1624360961.193625 0
326.66131591796875 1624360961.200418 0
327.9871520996094 1624360961.207415 0
329.0529479980469 1624360961.214423 0
329.0529479980469 1624360961.221402 0
329.85552978515625 1624360961.228413 0
329.85552978515625 1624360961.235412 0
329.3172607421875 1624360961.242415 0
330.1204833984375 1624360961.249421 0
328.2503967285156 1624360961.256499 0
327.9871520996094 1624360961.263478 0
330.1204833984375 1624360961.270544 0
330.3858642578125 1624360961.277566 0
332.26068115234375 1624360961.284543 0
330.3858642578125 1624360961.291526 0
329.3172607421875 1624360961.298428 0
330.1204833984375 1624360961.305453 0
329.3172607421875 1624360961.312487 0
329.3172607421875 1624360961.319537 0
330.3858642578125 1624360961.326558 0
331.4561462402344 1624360961.333577 0
331.1897277832031 1624360961.340508 0
330.3858642578125 1624360961.347565 0
329.5820007324219 1624360961.354591 0
331.99359130859375 1624360961.361615 0
331.1897277832031 1624360961.368482 0
331.1897277832031 1624360961.375451 0
331.4561462402344 1624360961.382479 0
333.6019287109375 1624360961.389476 0
333.0651550292969 1624360961.396463 0
332.5281677246094 1624360961.40348 0
331.4561462402344 1624360961.410494 0
331.4561462402344 1624360961.417451 0
333.0651550292969 1624360961.424481 0
331.4561462402344 1624360961.43145 0
331.4561462402344 1624360961.438515 0
331.1897277832031 1624360961.445496 0
333.3333435058594 1624360961.45247 0
332.5281677246094 1624360961.459453 0
334.13848876953125 1624360961.466512 0
334.13848876953125 1624360961.473518 0
334.13848876953125 1624360961.480537 0
333.3333435058594 1624360961.487539 0
332.26068115234375 1624360961.49455 0
331.1897277832031 1624360961.501544 0
330.1204833984375 1624360961.50853 0
328.7890930175781 1624360961.515594 0
328.77813720703125 1624360961.522578 0
330.1204833984375 1624360961.529545 0
330.9237060546875 1624360961.536569 0
330.1204833984375 1624360961.543585 0
328.2503967285156 1624360961.550536 0
330.1204833984375 1624360961.557587 0
330.3858642578125 1624360961.564433 0
330.3858642578125 1624360961.571416 0
327.9871520996094 1624360961.578384 0
329.84716796875 1624360961.585399 0
330.1204833984375 1624360961.592407 0
331.1897277832031 1624360961.599375 0
334.94366455078125 1624360961.606346 0
332.5281677246094 1624360961.613392 0
333.3333435058594 1624360961.620461 0
333.3333435058594 1624360961.627422 0
334.13848876953125 1624360961.634442 0
335.48388671875 1624360961.641453 0
334.4077453613281 1624360961.648437 0
334.4077453613281 1624360961.655413 0
333.8709716796875 1624360961.662473 0
333.3333435058594 1624360961.669466 0
332.26068115234375 1624360961.676441 0
334.4077453613281 1624360961.683415 0
333.8709716796875 1624360961.690398 0
334.94366455078125 1624360961.697431 0
336.5617370605469 1624360961.704465 0
336.5617370605469 1624360961.711481 0
335.48388671875 1624360961.718454 0
334.67742919921875 1624360961.725505 0
335.754638671875 1624360961.732476 0
335.48388671875 1624360961.739492 0
333.6019287109375 1624360961.746466 0
333.3333435058594 1624360961.753511 0
333.06451416015625 1624360961.76046 0
329.3172607421875 1624360961.767505 0
330.3858642578125 1624360961.774305 0
327.18524169921875 1624360961.78137 0
328.2503967285156 1624360961.788348 0
329.0529479980469 1624360961.795373 0
326.9230651855469 1624360961.802364 0
326.645263671875 1624360961.809326 0
323.2242736816406 1624360961.816383 0
320.83001708984375 1624360961.823355 0
320.83001708984375 1624360961.830396 0
321.6280822753906 1624360961.837381 0
319.52191162109375 1624360961.844374 0
318.4713439941406 1624360961.851411 0
317.92828369140625 1624360961.858397 0
318.4713439941406 1624360961.865397 0
318.4713439941406 1624360961.872456 0
318.4713439941406 1624360961.879385 0
318.2179870605469 1624360961.886429 0
317.92828369140625 1624360961.893456 0
317.6751708984375 1624360961.900423 0
317.6751708984375 1624360961.90741 0
318.4713439941406 1624360961.914467 0
318.4713439941406 1624360961.921457 0
318.72509765625 1624360961.928399 0
317.42242431640625 1624360961.935423 0
318.4713439941406 1624360961.942426 0
318.4713439941406 1624360961.949297 0
319.52191162109375 1624360961.956307 0
320.57415771484375 1624360961.963288 0
320.57415771484375 1624360961.970317 0
319.7767028808594 1624360961.977273 0
317.92828369140625 1624360961.984273 0
319.52191162109375 1624360961.991294 0
319.52191162109375 1624360961.998235 0
320.03192138671875 1624360962.005255 0
321.3716125488281 1624360962.012256 0
320.83001708984375 1624360962.019288 0
322.1690673828125 1624360962.02627 0
323.74102783203125 1624360962.033266 0
324.0 1624360962.04025 0
324.8000183105469 1624360962.047237 0
325.8606872558594 1624360962.054308 0
325.8606872558594 1624360962.061313 0
327.724365234375 1624360962.068332 0
329.0529479980469 1624360962.07536 0
329.0529479980469 1624360962.082312 0
329.3172607421875 1624360962.089411 0
330.6581115722656 1624360962.096417 0
333.3333435058594 1624360962.103359 0
333.6019287109375 1624360962.11039 0
332.5281677246094 1624360962.117162 0
332.5281677246094 1624360962.12423 0
331.1897277832031 1624360962.131271 0
331.99359130859375 1624360962.138325 0
331.1897277832031 1624360962.145284 0
331.4561462402344 1624360962.152254 0
334.13848876953125 1624360962.159252 0
332.26068115234375 1624360962.16622 0
331.4561462402344 1624360962.173252 0
333.0651550292969 1624360962.180226 0
331.7230224609375 1624360962.187198 0
333.0651550292969 1624360962.194223 0
330.6516418457031 1624360962.201234 0
331.99359130859375 1624360962.208183 0
332.5281677246094 1624360962.215203 0
333.6019287109375 1624360962.222227 0
333.8709716796875 1624360962.229178 0
332.26068115234375 1624360962.236254 0
334.13848876953125 1624360962.243243 0
332.7961120605469 1624360962.250273 0
330.9237060546875 1624360962.257382 0
331.4561462402344 1624360962.264251 0
329.84716796875 1624360962.271312 0
330.9237060546875 1624360962.278341 0
331.4561462402344 1624360962.285431 0
332.5281677246094 1624360962.292223 0
333.3333435058594 1624360962.299223 0
332.26068115234375 1624360962.306203 0
331.4561462402344 1624360962.313217 0
331.4561462402344 1624360962.320173 0
330.1204833984375 1624360962.327235 0
330.1204833984375 1624360962.334265 0
330.1204833984375 1624360962.34124 0
327.4478454589844 1624360962.348212 0
326.4000244140625 1624360962.355259 0
325.0600280761719 1624360962.362214 0
324.2593994140625 1624360962.369204 0
324.0 1624360962.376201 0
322.3999938964844 1624360962.383173 0
321.08624267578125 1624360962.390301 0
322.6836853027344 1624360962.397297 0
323.74102783203125 1624360962.40431 0
323.74102783203125 1624360962.41129 0
322.941650390625 1624360962.418343 0
321.6280822753906 1624360962.425324 0
320.83001708984375 1624360962.432335 0
320.83001708984375 1624360962.439286 0
321.3716125488281 1624360962.446311 0
319.7767028808594 1624360962.453102 0
319.26751708984375 1624360962.460094 0
320.57415771484375 1624360962.467133 0
320.03192138671875 1624360962.474197 0
318.979248046875 1624360962.481146 0
319.52191162109375 1624360962.488187 0
321.1155090332031 1624360962.495157 0
320.57415771484375 1624360962.502212 0
320.57415771484375 1624360962.509224 0
320.3187255859375 1624360962.516175 0
320.57415771484375 1624360962.523119 0
320.83001708984375 1624360962.530117 0
321.8849792480469 1624360962.537088 0
320.57415771484375 1624360962.544111 0
322.6836853027344 1624360962.551173 0
323.74102783203125 1624360962.558181 0
323.74102783203125 1624360962.565151 0
324.8000183105469 1624360962.57224 0
324.8000183105469 1624360962.579178 0
324.8000183105469 1624360962.586164 0
324.8000183105469 1624360962.593211 0
325.6000061035156 1624360962.600186 0
325.8606872558594 1624360962.607081 0
327.9871520996094 1624360962.614098 0
326.66131591796875 1624360962.621157 0
327.724365234375 1624360962.628131 0
328.2503967285156 1624360962.635118 0
330.1204833984375 1624360962.642103 0
330.3858642578125 1624360962.649136 0
331.1897277832031 1624360962.656138 0
332.26068115234375 1624360962.663201 0
332.26068115234375 1624360962.670141 0
333.6019287109375 1624360962.677133 0
335.2135314941406 1624360962.684152 0
333.6019287109375 1624360962.691154 0
335.2135314941406 1624360962.698165 0
335.48388671875 1624360962.705179 0
336.5617370605469 1624360962.712172 0
339.2568664550781 1624360962.719233 0
337.914306640625 1624360962.726187 0
340.3565673828125 1624360962.733163 0
338.99676513671875 1624360962.740113 0
337.914306640625 1624360962.747162 0
339.8058166503906 1624360962.754104 0
339.8058166503906 1624360962.760931 0
340.89068603515625 1624360962.76819 0
338.18768310546875 1624360962.775034 0
338.72271728515625 1624360962.78207 0
337.914306640625 1624360962.789047 0
339.8058166503906 1624360962.796078 0
340.33953857421875 1624360962.803073 0
340.89068603515625 1624360962.81005 0
340.89068603515625 1624360962.817089 0
340.6148986816406 1624360962.82409 0
339.5311279296875 1624360962.831144 0
340.0809631347656 1624360962.838098 0
341.7004089355469 1624360962.845135 0
340.89068603515625 1624360962.85215 0
341.977294921875 1624360962.859136 0
340.0809631347656 1624360962.866096 0
340.89068603515625 1624360962.873168 0
341.16693115234375 1624360962.880124 0
342.2546691894531 1624360962.887157 0
341.977294921875 1624360962.894171 0
340.89068603515625 1624360962.901148 0
340.89068603515625 1624360962.90818 0
338.72271728515625 1624360962.915161 0
338.99676513671875 1624360962.921973 0
338.72271728515625 1624360962.928984 0
339.5311279296875 1624360962.935983 0
337.914306640625 1624360962.942966 0
336.8335876464844 1624360962.949964 0
337.914306640625 1624360962.956918 0
338.18768310546875 1624360962.963962 0
338.4491271972656 1624360962.970976 0
336.0258483886719 1624360962.977996 0
337.36883544921875 1624360962.984956 0
337.36883544921875 1624360962.9919 0
336.5617370605469 1624360962.998943 0
337.641357421875 1624360963.00598 0
335.48388671875 1624360963.01304 0
335.48388671875 1624360963.020002 0
334.9475402832031 1624360963.027023 0
333.06451416015625 1624360963.03403 0
336.5617370605469 1624360963.041071 0
336.82513427734375 1624360963.048085 0
337.914306640625 1624360963.055037 0
337.914306640625 1624360963.062093 0
340.6148986816406 1624360963.068967 0
339.8058166503906 1624360963.075915 0
339.8058166503906 1624360963.08299 0
339.5311279296875 1624360963.090001 0
340.6148986816406 1624360963.097003 0
340.89068603515625 1624360963.10406 0
340.89068603515625 1624360963.110985 0
340.0809631347656 1624360963.118029 0
338.99676513671875 1624360963.124994 0
338.99676513671875 1624360963.132042 0
339.8058166503906 1624360963.139045 0
337.914306640625 1624360963.146028 0
337.914306640625 1624360963.153064 0
334.67742919921875 1624360963.160046 0
335.48388671875 1624360963.167008 0
336.01934814453125 1624360963.174008 0
334.4077453613281 1624360963.181087 0
334.4077453613281 1624360963.188122 0
332.26068115234375 1624360963.195096 0
332.5281677246094 1624360963.202113 0
331.4561462402344 1624360963.208868 0
330.3858642578125 1624360963.215869 0
331.1897277832031 1624360963.222975 0
332.26068115234375 1624360963.229965 0
330.1204833984375 1624360963.237032 0
331.7268981933594 1624360963.243906 0
329.3172607421875 1624360963.250953 0
327.9871520996094 1624360963.257933 0
325.3205261230469 1624360963.264969 0
326.66131591796875 1624360963.271976 0
327.18524169921875 1624360963.278992 0
326.9230651855469 1624360963.285988 0
325.3205261230469 1624360963.292975 0
324.8000183105469 1624360963.30001 0
324.0 1624360963.307048 0
322.941650390625 1624360963.313995 0
322.14227294921875 1624360963.321005 0
321.8849792480469 1624360963.328025 0
318.4713439941406 1624360963.334962 0
318.72509765625 1624360963.341955 0
317.92828369140625 1624360963.348859 0
317.6751708984375 1624360963.355835 0
319.80908203125 1624360963.362876 0
319.52191162109375 1624360963.369897 0
318.72509765625 1624360963.376899 0
318.979248046875 1624360963.383988 0
317.6751708984375 1624360963.390927 0
317.42242431640625 1624360963.397903 0
318.4713439941406 1624360963.404926 0
317.42242431640625 1624360963.411912 0
316.6268615722656 1624360963.418957 0
316.37518310546875 1624360963.425943 0
317.6751708984375 1624360963.432945 0
317.92828369140625 1624360963.439969 0
317.6751708984375 1624360963.446917 0
317.42242431640625 1624360963.454034 0
317.42242431640625 1624360963.460988 0
317.17010498046875 1624360963.467996 0
316.6268615722656 1624360963.474949 0
317.92828369140625 1624360963.481928 0
319.26751708984375 1624360963.488963 0
319.7767028808594 1624360963.495926 0
319.52191162109375 1624360963.502881 0
319.26751708984375 1624360963.509823 0
318.72509765625 1624360963.516889 0
318.4713439941406 1624360963.523842 0
320.83001708984375 1624360963.530897 0
318.72509765625 1624360963.537864 0
319.7767028808594 1624360963.544878 0
319.52191162109375 1624360963.551935 0
317.6751708984375 1624360963.558849 0
318.2179870605469 1624360963.565898 0
318.72509765625 1624360963.572919 0
318.4713439941406 1624360963.579931 0
319.0135498046875 1624360963.586914 0
319.26751708984375 1624360963.593919 0
318.4713439941406 1624360963.600929 0
318.72509765625 1624360963.607907 0
320.3187255859375 1624360963.61491 0
320.57415771484375 1624360963.62192 0
319.7767028808594 1624360963.628978 0
321.6280822753906 1624360963.635892 0
321.6280822753906 1624360963.642777 0
321.6280822753906 1624360963.649793 0
321.6280822753906 1624360963.656827 0
320.83001708984375 1624360963.663777 0
321.6280822753906 1624360963.670751 0
321.6280822753906 1624360963.677775 0
319.7767028808594 1624360963.684758 0
320.83001708984375 1624360963.691749 0
320.83001708984375 1624360963.698891 0
320.57415771484375 1624360963.705845 0
321.6280822753906 1624360963.712877 0
321.8849792480469 1624360963.719888 0
321.6280822753906 1624360963.726868 0
320.57415771484375 1624360963.733827 0
320.57415771484375 1624360963.740926 0
318.72509765625 1624360963.747941 0
318.72509765625 1624360963.754967 0
318.4713439941406 1624360963.761796 0
317.6751708984375 1624360963.768798 0
317.92828369140625 1624360963.775803 0
318.2179870605469 1624360963.782793 0
317.42242431640625 1624360963.789803 0
317.6751708984375 1624360963.796823 0
317.42242431640625 1624360963.803827 0
316.6268615722656 1624360963.810845 0
316.6268615722656 1624360963.817776 0
315.32965087890625 1624360963.82475 0
315.32965087890625 1624360963.831772 0
315.5802917480469 1624360963.838819 0
315.5802917480469 1624360963.845798 0
314.53533935546875 1624360963.85291 0
315.32965087890625 1624360963.859893 0
316.1239013671875 1624360963.866874 0
316.37518310546875 1624360963.873888 0
315.32965087890625 1624360963.880922 0
317.42242431640625 1624360963.887874 0
316.37518310546875 1624360963.894876 0
318.4713439941406 1624360963.901766 0
317.6751708984375 1624360963.908806 0
317.6751708984375 1624360963.915767 0
317.96502685546875 1624360963.922734 0
317.6751708984375 1624360963.929716 0
316.87896728515625 1624360963.936682 0
316.6268615722656 1624360963.943663 0
318.2179870605469 1624360963.950681 0
317.6751708984375 1624360963.957703 0
316.87896728515625 1624360963.964824 0
316.6268615722656 1624360963.971712 0
316.37518310546875 1624360963.978814 0
315.32965087890625 1624360963.985819 0
315.32965087890625 1624360963.992737 0
315.32965087890625 1624360963.99973 0
316.1239013671875 1624360964.006792 0
315.8313293457031 1624360964.01384 0
315.5802917480469 1624360964.020784 0
314.53533935546875 1624360964.027833 0
314.53533935546875 1624360964.034868 0
314.53533935546875 1624360964.041752 0
315.5802917480469 1624360964.04878 0
315.5802917480469 1624360964.0559 0
316.1239013671875 1624360964.062647 0
316.37518310546875 1624360964.069621 0
316.37518310546875 1624360964.076655 0
316.6268615722656 1624360964.083693 0
315.32965087890625 1624360964.090704 0
316.37518310546875 1624360964.09773 0
316.87896728515625 1624360964.104735 0
317.42242431640625 1624360964.111703 0
318.2179870605469 1624360964.118824 0
317.6751708984375 1624360964.125693 0
317.6751708984375 1624360964.132801 0
317.6751708984375 1624360964.139711 0
317.6751708984375 1624360964.146891 0
318.4713439941406 1624360964.153778 0
318.4713439941406 1624360964.160796 0
317.6751708984375 1624360964.167794 0
317.6751708984375 1624360964.174792 0
318.72509765625 1624360964.18177 0
318.72509765625 1624360964.188818 0
319.52191162109375 1624360964.195797 0
322.4261779785156 1624360964.202786 0
321.8849792480469 1624360964.209788 0
321.6280822753906 1624360964.21676 0
321.6280822753906 1624360964.223815 0
322.6836853027344 1624360964.230831 0
322.6836853027344 1624360964.238626 0
322.941650390625 1624360964.24569 0
324.0 1624360964.25268 0
324.5403747558594 1624360964.259638 0
322.6836853027344 1624360964.266645 0
323.74102783203125 1624360964.273644 0
323.74102783203125 1624360964.280645 0
323.74102783203125 1624360964.28767 0
323.74102783203125 1624360964.294689 0
322.14227294921875 1624360964.301687 0
322.6836853027344 1624360964.308613 0
322.6836853027344 1624360964.315668 0
322.6836853027344 1624360964.322721 0
323.74102783203125 1624360964.329702 0
324.8000183105469 1624360964.336597 0
324.8000183105469 1624360964.343675 0
324.5403747558594 1624360964.350689 0
324.8000183105469 1624360964.357778 0
324.0 1624360964.3648 0
325.8606872558594 1624360964.371818 0
323.1999816894531 1624360964.378785 0
324.0 1624360964.385792 0
324.8000183105469 1624360964.392591 0
323.74102783203125 1624360964.399632 0
323.74102783203125 1624360964.406628 0
324.5403747558594 1624360964.413646 0
324.0 1624360964.420614 0
326.1217956542969 1624360964.427656 0
325.3205261230469 1624360964.434649 0
326.66131591796875 1624360964.441631 0
326.9230651855469 1624360964.448674 0
326.9230651855469 1624360964.455687 0
325.8606872558594 1624360964.462687 0
325.8606872558594 1624360964.469685 0
324.8000183105469 1624360964.476689 0
325.0600280761719 1624360964.483636 0
325.6000061035156 1624360964.490666 0
325.0600280761719 1624360964.497693 0
324.0 1624360964.504683 0
325.6000061035156 1624360964.511715 0
324.0 1624360964.51874 0
322.14227294921875 1624360964.525718 0
322.6836853027344 1624360964.532667 0
322.14227294921875 1624360964.539646 0
322.6836853027344 1624360964.546617 0
321.3716125488281 1624360964.553446 0
321.08624267578125 1624360964.560535 0
321.6280822753906 1624360964.567537 0
320.57415771484375 1624360964.574542 0
319.52191162109375 1624360964.581508 0
318.4713439941406 1624360964.588497 0
318.72509765625 1624360964.595438 0
318.4713439941406 1624360964.602485 0
316.37518310546875 1624360964.6095 0
315.5802917480469 1624360964.616566 0
316.6268615722656 1624360964.623568 0
316.1239013671875 1624360964.630586 0
315.32965087890625 1624360964.637574 0
314.7853698730469 1624360964.644614 0
312.450439453125 1624360964.651596 0
312.450439453125 1624360964.658659 0
311.41046142578125 1624360964.665657 0
312.450439453125 1624360964.672714 0
312.2028503417969 1624360964.679618 0
312.450439453125 1624360964.686706 0
312.2028503417969 1624360964.693691 0
310.37213134765625 1624360964.700715 0
309.88140869140625 1624360964.707511 0
311.1639099121094 1624360964.714514 0
310.37213134765625 1624360964.721442 0
311.1639099121094 1624360964.728508 0
309.88140869140625 1624360964.735501 0
310.1265869140625 1624360964.74254 0
310.37213134765625 1624360964.749473 0
310.37213134765625 1624360964.756437 0
311.1639099121094 1624360964.763549 0
310.1265869140625 1624360964.770541 0
310.1265869140625 1624360964.777521 0
311.1639099121094 1624360964.784488 0
311.41046142578125 1624360964.791463 0
310.6180725097656 1624360964.798521 0
310.1265869140625 1624360964.80556 0
310.6180725097656 1624360964.812525 0
310.1265869140625 1624360964.81954 0
309.0909118652344 1624360964.826652 0
309.33544921875 1624360964.833599 0
309.0909118652344 1624360964.840672 0
309.0909118652344 1624360964.84754 0
310.1265869140625 1624360964.854508 0
309.0909118652344 1624360964.861498 0
308.3004150390625 1624360964.868531 0
308.8467712402344 1624360964.875498 0
307.2669677734375 1624360964.88247 0
308.0568542480469 1624360964.889502 0
308.3004150390625 1624360964.896465 0
307.2669677734375 1624360964.903507 0
309.0909118652344 1624360964.910465 0
307.2669677734375 1624360964.917555 0
307.02447509765625 1624360964.924461 0
309.33544921875 1624360964.931559 0
308.8467712402344 1624360964.938565 0
309.0909118652344 1624360964.945578 0
310.37213134765625 1624360964.952559 0
310.37213134765625 1624360964.959599 0
310.917724609375 1624360964.966605 0
310.1265869140625 1624360964.973636 0
311.1639099121094 1624360964.98053 0
310.917724609375 1624360964.987516 0
311.1639099121094 1624360964.99434 0
311.1639099121094 1624360965.001339 0
309.88140869140625 1624360965.008353 0
311.1639099121094 1624360965.015452 0
310.37213134765625 1624360965.022346 0
311.1639099121094 1624360965.029369 0
310.37213134765625 1624360965.03635 0
312.450439453125 1624360965.043335 0
310.6180725097656 1624360965.050454 0
311.1639099121094 1624360965.057369 0
311.9556579589844 1624360965.064447 0
311.41046142578125 1624360965.071513 0
312.2028503417969 1624360965.078504 0
312.2028503417969 1624360965.085483 0
312.2028503417969 1624360965.092507 0
311.1639099121094 1624360965.099448 0
310.37213134765625 1624360965.106462 0
311.9556579589844 1624360965.113574 0
309.5803527832031 1624360965.120517 0
310.917724609375 1624360965.127514 0
310.917724609375 1624360965.134558 0
310.37213134765625 1624360965.141543 0
310.1265869140625 1624360965.148524 0
308.3004150390625 1624360965.155529 0
308.3004150390625 1624360965.162408 0
306.2351989746094 1624360965.169358 0
306.47711181640625 1624360965.176313 0
306.2351989746094 1624360965.183316 0
305.7525634765625 1624360965.190287 0
305.2050476074219 1624360965.197326 0
304.96453857421875 1624360965.204288 0
304.4164123535156 1624360965.2113 0
304.176513671875 1624360965.218299 0
304.96453857421875 1624360965.225303 0
304.176513671875 1624360965.232368 0
304.96453857421875 1624360965.239334 0
304.176513671875 1624360965.246338 0
303.93701171875 1624360965.253407 0
303.14959716796875 1624360965.260365 0
304.96453857421875 1624360965.267397 0
303.93701171875 1624360965.274426 0
304.7243957519531 1624360965.281364 0
304.176513671875 1624360965.288354 0
303.93701171875 1624360965.295416 0
303.93701171875 1624360965.302505 0
303.93701171875 1624360965.309585 0
303.14959716796875 1624360965.316538 0
303.93701171875 1624360965.32353 0
304.96453857421875 1624360965.330347 0
303.93701171875 1624360965.337355 0
303.93701171875 1624360965.344359 0
303.14959716796875 1624360965.351295 0
303.93701171875 1624360965.358352 0
304.7243957519531 1624360965.36538 0
303.14959716796875 1624360965.372284 0
302.9111022949219 1624360965.379317 0
302.12432861328125 1624360965.386415 0
302.12432861328125 1624360965.393423 0
301.8868103027344 1624360965.400386 0
301.8868103027344 1624360965.407346 0
302.12432861328125 1624360965.414339 0
301.8868103027344 1624360965.421391 0
302.12432861328125 1624360965.428403 0
301.10064697265625 1624360965.435352 0
302.6729431152344 1624360965.442353 0
302.9111022949219 1624360965.449451 0
302.6729431152344 1624360965.456478 0
303.14959716796875 1624360965.463418 0
302.3622131347656 1624360965.470327 0
301.8868103027344 1624360965.477283 0
301.8868103027344 1624360965.484293 0
302.9111022949219 1624360965.491337 0
302.9111022949219 1624360965.498299 0
303.6978759765625 1624360965.505309 0
303.6978759765625 1624360965.512351 0
303.93701171875 1624360965.519357 0
302.9111022949219 1624360965.526356 0
303.14959716796875 1624360965.533433 0
303.93701171875 1624360965.540388 0
302.9111022949219 1624360965.547406 0
302.9111022949219 1624360965.554349 0
302.9111022949219 1624360965.561382 0
303.93701171875 1624360965.568425 0
303.14959716796875 1624360965.575336 0
303.93701171875 1624360965.582444 0
304.96453857421875 1624360965.58938 0
304.7243957519531 1624360965.596482 0
306.7823486328125 1624360965.603257 0
306.7823486328125 1624360965.610294 0
305.9936828613281 1624360965.617317 0
305.9936828613281 1624360965.624249 0
306.7823486328125 1624360965.631283 0
306.2351989746094 1624360965.638258 0
305.9936828613281 1624360965.645292 0
307.02447509765625 1624360965.652275 0
307.2669677734375 1624360965.659312 0
307.2669677734375 1624360965.666295 0
309.0909118652344 1624360965.673289 0
310.1265869140625 1624360965.680272 0
310.1265869140625 1624360965.687278 0
311.1639099121094 1624360965.694306 0
311.41046142578125 1624360965.701293 0
311.1639099121094 1624360965.708315 0
311.9556579589844 1624360965.715327 0
313.4920654296875 1624360965.722357 0
313.2434387207031 1624360965.729312 0
315.32965087890625 1624360965.736362 0
315.5802917480469 1624360965.743339 0
316.6268615722656 1624360965.750391 0
316.37518310546875 1624360965.757225 0
316.1239013671875 1624360965.76426 0
317.42242431640625 1624360965.77126 0
316.6268615722656 1624360965.77826 0
319.26751708984375 1624360965.785248 0
316.87896728515625 1624360965.792233 0
316.6268615722656 1624360965.799229 0
317.6751708984375 1624360965.80625 0
317.42242431640625 1624360965.813237 0
317.42242431640625 1624360965.820265 0
316.37518310546875 1624360965.827261 0
316.6268615722656 1624360965.83421 0
315.0793762207031 1624360965.841213 0
315.32965087890625 1624360965.848165 0
316.1239013671875 1624360965.855173 0
315.32965087890625 1624360965.862227 0
315.5802917480469 1624360965.869318 0
313.2434387207031 1624360965.876313 0
312.450439453125 1624360965.883309 0
313.2434387207031 1624360965.890235 0
312.2028503417969 1624360965.897254 0
312.9952697753906 1624360965.904221 0
313.7876281738281 1624360965.911102 0
312.69842529296875 1624360965.918186 0
310.37213134765625 1624360965.925165 0
310.917724609375 1624360965.932129 0
309.0909118652344 1624360965.939165 0
308.3004150390625 1624360965.946295 0
308.3004150390625 1624360965.953231 0
307.2669677734375 1624360965.960185 0
307.02447509765625 1624360965.967246 0
305.9936828613281 1624360965.974242 0
306.7823486328125 1624360965.981236 0
305.2050476074219 1624360965.988255 0
306.2351989746094 1624360965.995204 0
305.2050476074219 1624360966.002219 0
305.2050476074219 1624360966.009215 0
304.96453857421875 1624360966.016211 0
304.7243957519531 1624360966.023292 0
304.4164123535156 1624360966.030251 0
304.4164123535156 1624360966.03725 0
304.96453857421875 1624360966.044224 0
307.02447509765625 1624360966.051188 0
307.813720703125 1624360966.058162 0
306.2351989746094 1624360966.065183 0
306.2351989746094 1624360966.072007 0
307.02447509765625 1624360966.079076 0
307.2669677734375 1624360966.086037 0
307.02447509765625 1624360966.093037 0
305.4459533691406 1624360966.100131 0
308.0568542480469 1624360966.107025 0
307.02447509765625 1624360966.114021 0
307.2669677734375 1624360966.121018 0
306.7823486328125 1624360966.12804 0
307.2669677734375 1624360966.135065 0
307.2669677734375 1624360966.142063 0
307.02447509765625 1624360966.149073 0
308.0568542480469 1624360966.156116 0
310.1265869140625 1624360966.163135 0
310.37213134765625 1624360966.170144 0
310.37213134765625 1624360966.177148 0
312.2028503417969 1624360966.184166 0
313.4920654296875 1624360966.191178 0
315.0793762207031 1624360966.198243 0
314.53533935546875 1624360966.205228 0
313.4920654296875 1624360966.212255 0
314.53533935546875 1624360966.219238 0
315.32965087890625 1624360966.226083 0
315.8313293457031 1624360966.233072 0
316.1239013671875 1624360966.24014 0
316.37518310546875 1624360966.247147 0
315.8313293457031 1624360966.254081 0
316.37518310546875 1624360966.261045 0
317.42242431640625 1624360966.268063 0
316.37518310546875 1624360966.275094 0
317.6751708984375 1624360966.282138 0
319.0135498046875 1624360966.28912 0
320.3187255859375 1624360966.2962 0
317.42242431640625 1624360966.303108 0
321.3716125488281 1624360966.310141 0
321.8849792480469 1624360966.317085 0
324.0 1624360966.324064 0
324.8000183105469 1624360966.331165 0
323.74102783203125 1624360966.33812 0
324.8000183105469 1624360966.345172 0
325.8606872558594 1624360966.352173 0
326.9230651855469 1624360966.359217 0
325.0600280761719 1624360966.366219 0
323.1999816894531 1624360966.373161 0
324.8000183105469 1624360966.38023 0
323.74102783203125 1624360966.387009 0
321.8849792480469 1624360966.394013 0
322.6836853027344 1624360966.401063 0
321.8849792480469 1624360966.408077 0
320.57415771484375 1624360966.415102 0
320.57415771484375 1624360966.42206 0
318.72509765625 1624360966.429098 0
318.72509765625 1624360966.436081 0
316.6268615722656 1624360966.443111 0
316.6268615722656 1624360966.45009 0
315.32965087890625 1624360966.457017 0
314.7853698730469 1624360966.464059 0
314.53533935546875 1624360966.471032 0
314.53533935546875 1624360966.478025 0
313.7410583496094 1624360966.485088 0
314.0364990234375 1624360966.492044 0
315.0793762207031 1624360966.499047 0
312.450439453125 1624360966.506087 0
314.53533935546875 1624360966.513153 0
314.2857360839844 1624360966.520176 0
313.4920654296875 1624360966.527123 0
312.69842529296875 1624360966.534159 0
312.2028503417969 1624360966.541015 0
311.1639099121094 1624360966.548014 0
311.1639099121094 1624360966.554937 0
311.41046142578125 1624360966.56198 0
310.37213134765625 1624360966.568932 0
309.33544921875 1624360966.575911 0
309.33544921875 1624360966.582997 0
308.5443115234375 1624360966.590011 0
309.0909118652344 1624360966.596997 0
309.0909118652344 1624360966.603983 0
308.3004150390625 1624360966.610909 0
309.0909118652344 1624360966.617966 0
308.8467712402344 1624360966.624971 0
309.0909118652344 1624360966.632047 0
309.88140869140625 1624360966.639043 0
309.88140869140625 1624360966.646103 0
309.0909118652344 1624360966.653077 0
310.37213134765625 1624360966.660054 0
311.41046142578125 1624360966.667103 0
312.2028503417969 1624360966.674111 0
311.41046142578125 1624360966.681158 0
312.2028503417969 1624360966.688078 0
313.2434387207031 1624360966.695151 0
313.2434387207031 1624360966.701978 0
314.2857360839844 1624360966.70894 0
314.0364990234375 1624360966.716003 0
314.0364990234375 1624360966.722983 0
313.4920654296875 1624360966.729936 0
314.2857360839844 1624360966.736891 0
313.2434387207031 1624360966.743928 0
313.2434387207031 1624360966.751011 0
312.450439453125 1624360966.757983 0
313.4920654296875 1624360966.76501 0
313.2434387207031 1624360966.772 0
313.2434387207031 1624360966.779014 0
314.2857360839844 1624360966.786042 0
312.450439453125 1624360966.792977 0
314.53533935546875 1624360966.800078 0
313.2434387207031 1624360966.80704 0
313.2434387207031 1624360966.814011 0
313.2434387207031 1624360966.820992 0
312.450439453125 1624360966.82801 0
312.69842529296875 1624360966.835012 0
313.4920654296875 1624360966.841999 0
311.6574401855469 1624360966.848936 0
310.1265869140625 1624360966.855972 0
308.3004150390625 1624360966.862815 0
309.88140869140625 1624360966.869894 0
310.37213134765625 1624360966.876885 0
308.3004150390625 1624360966.883883 0
308.0568542480469 1624360966.890793 0
307.02447509765625 1624360966.897799 0
307.2669677734375 1624360966.904822 0
307.02447509765625 1624360966.911895 0
306.2351989746094 1624360966.918948 0
306.2351989746094 1624360966.925933 0
306.2351989746094 1624360966.932906 0
305.2050476074219 1624360966.93991 0
304.96453857421875 1624360966.946962 0
305.7525634765625 1624360966.953986 0
305.9936828613281 1624360966.96101 0
305.9936828613281 1624360966.967944 0
306.2351989746094 1624360966.974974 0
308.0568542480469 1624360966.982029 0
308.0568542480469 1624360966.989025 0
308.3004150390625 1624360966.996053 0
308.0568542480469 1624360967.002992 0
310.1265869140625 1624360967.010004 0
308.8467712402344 1624360967.016896 0
308.0568542480469 1624360967.023787 0
307.5098571777344 1624360967.030796 0
308.0568542480469 1624360967.037836 0
307.813720703125 1624360967.044836 0
307.2669677734375 1624360967.051845 0
307.02447509765625 1624360967.058891 0
307.02447509765625 1624360967.06593 0
307.02447509765625 1624360967.072931 0
305.9936828613281 1624360967.079883 0
304.176513671875 1624360967.086936 0
303.14959716796875 1624360967.093947 0
302.9111022949219 1624360967.100963 0
304.96453857421875 1624360967.10788 0
304.176513671875 1624360967.11488 0
303.14959716796875 1624360967.121838 0
303.93701171875 1624360967.128895 0
304.176513671875 1624360967.135991 0
302.9111022949219 1624360967.142997 0
302.12432861328125 1624360967.149979 0
302.12432861328125 1624360967.156775 0
301.8868103027344 1624360967.163788 0
302.6729431152344 1624360967.170824 0
302.12432861328125 1624360967.177817 0
303.93701171875 1624360967.18485 0
302.9111022949219 1624360967.191839 0
302.9111022949219 1624360967.198901 0
300.314453125 1624360967.205852 0
301.10064697265625 1624360967.212877 0
300.8641052246094 1624360967.219922 0
299.843017578125 1624360967.226944 0
299.843017578125 1624360967.233848 0
299.843017578125 1624360967.240814 0
300.07855224609375 1624360967.247833 0
301.649658203125 1624360967.254889 0
299.843017578125 1624360967.261946 0
300.8641052246094 1624360967.268954 0
301.10064697265625 1624360967.275977 0
300.07855224609375 1624360967.28283 0
300.8641052246094 1624360967.289829 0
302.12432861328125 1624360967.296852 0
301.10064697265625 1624360967.304029 0
301.8868103027344 1624360967.310816 0
302.12432861328125 1624360967.317854 0
303.14959716796875 1624360967.324808 0
302.9111022949219 1624360967.331841 0
303.14959716796875 1624360967.338827 0
302.6729431152344 1624360967.345868 0
301.8868103027344 1624360967.352815 0
302.9111022949219 1624360967.359845 0
302.9111022949219 1624360967.366792 0
303.14959716796875 1624360967.373743 0
303.14959716796875 1624360967.380854 0
304.7243957519531 1624360967.3878 0
303.93701171875 1624360967.39482 0
305.9936828613281 1624360967.401843 0
306.7823486328125 1624360967.408846 0
307.813720703125 1624360967.415835 0
308.3004150390625 1624360967.422833 0
309.0909118652344 1624360967.429851 0
310.37213134765625 1624360967.436792 0
310.1265869140625 1624360967.443651 0
310.917724609375 1624360967.450754 0
311.1639099121094 1624360967.457796 0
311.41046142578125 1624360967.464772 0
311.9556579589844 1624360967.47176 0
312.450439453125 1624360967.478827 0
312.2028503417969 1624360967.485809 0
311.41046142578125 1624360967.492798 0
311.9556579589844 1624360967.499823 0
313.2434387207031 1624360967.506859 0
312.450439453125 1624360967.513825 0
312.2028503417969 1624360967.520802 0
315.32965087890625 1624360967.527774 0
314.2857360839844 1624360967.53478 0
315.32965087890625 1624360967.5418 0
316.37518310546875 1624360967.548767 0
315.5802917480469 1624360967.555845 0
317.42242431640625 1624360967.562827 0
316.33465576171875 1624360967.569851 0
316.87896728515625 1624360967.576679 0
318.4713439941406 1624360967.583704 0
317.6751708984375 1624360967.590732 0
317.6751708984375 1624360967.597732 0
319.26751708984375 1624360967.60471 0
319.26751708984375 1624360967.611742 0
318.4713439941406 1624360967.618706 0
320.57415771484375 1624360967.625736 0
319.52191162109375 1624360967.632746 0
319.7767028808594 1624360967.639727 0
319.52191162109375 1624360967.646743 0
320.57415771484375 1624360967.653722 0
320.57415771484375 1624360967.660694 0
321.3716125488281 1624360967.667792 0
322.4261779785156 1624360967.674827 0
321.8849792480469 1624360967.681801 0
322.4261779785156 1624360967.688833 0
320.83001708984375 1624360967.695783 0
322.4261779785156 1624360967.702794 0
322.4261779785156 1624360967.709826 0
321.6280822753906 1624360967.716855 0
322.941650390625 1624360967.723752 0
321.8849792480469 1624360967.730815 0
323.482421875 1624360967.73763 0
322.6836853027344 1624360967.744598 0
320.83001708984375 1624360967.751608 0
320.03192138671875 1624360967.758605 0
321.08624267578125 1624360967.765653 0
321.6280822753906 1624360967.772639 0
321.6280822753906 1624360967.779722 0
319.7767028808594 1624360967.786662 0
323.2242736816406 1624360967.793692 0
322.941650390625 1624360967.800693 0
321.6280822753906 1624360967.807751 0
322.6836853027344 1624360967.814737 0
321.8849792480469 1624360967.82172 0
320.83001708984375 1624360967.828754 0
322.1690673828125 1624360967.83573 0
322.14227294921875 1624360967.842622 0
321.8849792480469 1624360967.849739 0
321.8849792480469 1624360967.856697 0
324.5403747558594 1624360967.863814 0
323.74102783203125 1624360967.870832 0
324.0 1624360967.877617 0
321.08624267578125 1624360967.884642 0
322.6836853027344 1624360967.891571 0
322.6836853027344 1624360967.898672 0
322.6836853027344 1624360967.905602 0
322.6836853027344 1624360967.912599 0
323.74102783203125 1624360967.919628 0
321.6280822753906 1624360967.926615 0
320.83001708984375 1624360967.933534 0
321.6280822753906 1624360967.940572 0
322.6836853027344 1624360967.947568 0
322.6836853027344 1624360967.954632 0
322.4261779785156 1624360967.961655 0
322.941650390625 1624360967.968695 0
322.6836853027344 1624360967.975681 0
322.941650390625 1624360967.982697 0
320.83001708984375 1624360967.98975 0
322.6836853027344 1624360967.996708 0
322.941650390625 1624360968.00378 0
323.74102783203125 1624360968.010471 0
323.74102783203125 1624360968.017481 0
324.0 1624360968.024502 0
325.6000061035156 1624360968.031554 0
325.0600280761719 1624360968.038543 0
324.8000183105469 1624360968.045484 0
324.0 1624360968.052575 0
325.6000061035156 1624360968.059533 0
325.8606872558594 1624360968.066506 0
325.0600280761719 1624360968.07363 0
325.6000061035156 1624360968.080609 0
323.74102783203125 1624360968.087656 0
325.8606872558594 1624360968.094632 0
326.9230651855469 1624360968.101636 0
325.8606872558594 1624360968.108663 0
327.724365234375 1624360968.115665 0
326.9230651855469 1624360968.122673 0
327.724365234375 1624360968.129682 0
327.18524169921875 1624360968.136652 0
327.9871520996094 1624360968.143489 0
327.18524169921875 1624360968.150528 0
327.9871520996094 1624360968.157529 0
327.18524169921875 1624360968.164553 0
327.9871520996094 1624360968.171529 0
327.724365234375 1624360968.178532 0
329.0529479980469 1624360968.185553 0
329.0529479980469 1624360968.192577 0
328.2503967285156 1624360968.199544 0
329.3172607421875 1624360968.206583 0
330.1204833984375 1624360968.213551 0
329.3172607421875 1624360968.220648 0
328.2503967285156 1624360968.227616 0
327.724365234375 1624360968.234616 0
326.3833312988281 1624360968.241595 0
325.0600280761719 1624360968.248551 0
326.1217956542969 1624360968.255615 0
326.1217956542969 1624360968.262555 0
326.1217956542969 1624360968.269602 0
325.6000061035156 1624360968.276585 0
323.74102783203125 1624360968.283413 0
322.14227294921875 1624360968.290477 0
321.8849792480469 1624360968.297468 0
320.03192138671875 1624360968.304541 0
320.57415771484375 1624360968.311519 0
320.3187255859375 1624360968.318489 0
318.4713439941406 1624360968.325444 0
317.6751708984375 1624360968.3325 0
317.42242431640625 1624360968.339484 0
317.42242431640625 1624360968.346548 0
316.6268615722656 1624360968.353563 0
316.37518310546875 1624360968.360574 0
316.37518310546875 1624360968.3676 0
314.7853698730469 1624360968.374624 0
315.5802917480469 1624360968.381583 0
316.6268615722656 1624360968.388563 0
316.37518310546875 1624360968.395606 0
317.17010498046875 1624360968.402544 0
316.37518310546875 1624360968.409607 0
316.37518310546875 1624360968.416597 0
316.37518310546875 1624360968.423576 0
316.37518310546875 1624360968.43036 0
316.6268615722656 1624360968.437432 0
317.17010498046875 1624360968.444496 0
316.6268615722656 1624360968.451508 0
316.37518310546875 1624360968.458474 0
317.17010498046875 1624360968.465467 0
316.37518310546875 1624360968.472504 0
316.37518310546875 1624360968.479443 0
316.1239013671875 1624360968.486391 0
316.37518310546875 1624360968.493472 0
315.5802917480469 1624360968.500471 0
316.37518310546875 1624360968.50752 0
315.5802917480469 1624360968.514491 0
315.32965087890625 1624360968.5215 0
314.53533935546875 1624360968.528486 0
313.7410583496094 1624360968.535562 0
314.53533935546875 1624360968.542594 0
313.4920654296875 1624360968.549587 0
313.4920654296875 1624360968.556564 0
314.53533935546875 1624360968.563544 0
314.2857360839844 1624360968.570607 0
313.2434387207031 1624360968.57745 0
312.450439453125 1624360968.584415 0
311.41046142578125 1624360968.591466 0
311.41046142578125 1624360968.598405 0
311.9556579589844 1624360968.605453 0
311.9556579589844 1624360968.612425 0
311.1639099121094 1624360968.619488 0
310.37213134765625 1624360968.626339 0
311.1639099121094 1624360968.633384 0
311.1639099121094 1624360968.640393 0
310.37213134765625 1624360968.647426 0
311.1639099121094 1624360968.6545 0
311.1639099121094 1624360968.66141 0
312.2028503417969 1624360968.668476 0
311.1639099121094 1624360968.675461 0
311.1639099121094 1624360968.682409 0
310.917724609375 1624360968.689436 0
309.8256530761719 1624360968.69645 0
310.917724609375 1624360968.703512 0
310.37213134765625 1624360968.710472 0
309.5803527832031 1624360968.717521 0
310.37213134765625 1624360968.724541 0
310.1265869140625 1624360968.731408 0
311.1639099121094 1624360968.738367 0
311.1639099121094 1624360968.745402 0
311.9556579589844 1624360968.752349 0
311.41046142578125 1624360968.759377 0
311.1639099121094 1624360968.766436 0
311.1639099121094 1624360968.773411 0
310.1265869140625 1624360968.78043 0
309.33544921875 1624360968.787411 0
309.88140869140625 1624360968.794423 0
310.917724609375 1624360968.801436 0
311.1639099121094 1624360968.808413 0
311.1639099121094 1624360968.815517 0
310.1265869140625 1624360968.822402 0
309.0909118652344 1624360968.829406 0
310.917724609375 1624360968.836362 0
310.37213134765625 1624360968.843405 0
310.37213134765625 1624360968.850403 0
310.37213134765625 1624360968.857381 0
310.37213134765625 1624360968.864471 0
311.1639099121094 1624360968.871428 0
310.6180725097656 1624360968.878444 0
311.1639099121094 1624360968.885222 0
310.37213134765625 1624360968.892257 0
311.41046142578125 1624360968.899265 0
311.1639099121094 1624360968.906239 0
311.1639099121094 1624360968.913285 0
310.37213134765625 1624360968.920338 0
311.1639099121094 1624360968.927346 0
309.33544921875 1624360968.93441 0
310.37213134765625 1624360968.941304 0
309.33544921875 1624360968.948315 0
310.1265869140625 1624360968.955284 0
309.0909118652344 1624360968.962326 0
309.33544921875 1624360968.969382 0
310.1265869140625 1624360968.976285 0
310.1265869140625 1624360968.983453 0
309.5803527832031 1624360968.990455 0
310.37213134765625 1624360968.997439 0
310.37213134765625 1624360969.004385 0
310.1265869140625 1624360969.011448 0
311.9556579589844 1624360969.01838 0
310.37213134765625 1624360969.025447 0
312.2028503417969 1624360969.032274 0
312.9952697753906 1624360969.039294 0
314.0364990234375 1624360969.046278 0
313.7410583496094 1624360969.053266 0
314.2857360839844 1624360969.0602 0
316.37518310546875 1624360969.067223 0
316.1239013671875 1624360969.074172 0
317.42242431640625 1624360969.081192 0
320.0636901855469 1624360969.0882 0
318.4713439941406 1624360969.095212 0
320.03192138671875 1624360969.102198 0
318.72509765625 1624360969.109233 0
321.1155090332031 1624360969.116239 0
321.3716125488281 1624360969.123311 0
322.4261779785156 1624360969.130361 0
322.6836853027344 1624360969.137298 0
321.6280822753906 1624360969.144294 0
322.941650390625 1624360969.151301 0
323.74102783203125 1624360969.158321 0
324.8000183105469 1624360969.165398 0
323.1999816894531 1624360969.172284 0
322.941650390625 1624360969.179364 0
322.6836853027344 1624360969.186408 0
322.6836853027344 1624360969.193365 0
321.8849792480469 1624360969.200377 0
322.4261779785156 1624360969.207154 0
323.74102783203125 1624360969.214146 0
322.6836853027344 1624360969.221199 0
322.6836853027344 1624360969.228205 0
320.83001708984375 1624360969.235283 0
320.57415771484375 1624360969.242237 0
321.6280822753906 1624360969.249232 0
319.52191162109375 1624360969.256206 0
320.57415771484375 1624360969.263208 0
319.52191162109375 1624360969.270255 0
320.03192138671875 1624360969.277212 0
320.57415771484375 1624360969.284274 0
320.83001708984375 1624360969.291255 0
318.72509765625 1624360969.298354 0
320.57415771484375 1624360969.305348 0
318.72509765625 1624360969.312347 0
319.52191162109375 1624360969.319309 0
318.4713439941406 1624360969.326334 0
318.72509765625 1624360969.333345 0
320.3187255859375 1624360969.340365 0
320.57415771484375 1624360969.347363 0
320.57415771484375 1624360969.354261 0
320.83001708984375 1624360969.361281 0
320.83001708984375 1624360969.368235 0
319.52191162109375 1624360969.375071 0
318.979248046875 1624360969.382165 0
318.72509765625 1624360969.389192 0
319.26751708984375 1624360969.396158 0
318.4713439941406 1624360969.403164 0
318.2179870605469 1624360969.410167 0
317.96502685546875 1624360969.417235 0
317.42242431640625 1624360969.424189 0
316.37518310546875 1624360969.431268 0
315.0793762207031 1624360969.438214 0
314.53533935546875 1624360969.44522 0
314.2857360839844 1624360969.45225 0
312.450439453125 1624360969.459295 0
313.2434387207031 1624360969.466295 0
312.2028503417969 1624360969.473271 0
311.41046142578125 1624360969.480247 0
313.2434387207031 1624360969.487278 0
311.1639099121094 1624360969.494213 0
311.1639099121094 1624360969.501337 0
311.41046142578125 1624360969.508242 0
311.9556579589844 1624360969.515279 0
309.33544921875 1624360969.52222 0
311.1639099121094 1624360969.529263 0
311.41046142578125 1624360969.536224 0
311.9556579589844 1624360969.543281 0
310.6180725097656 1624360969.550044 0
312.2028503417969 1624360969.557078 0
312.2028503417969 1624360969.564043 0
311.1639099121094 1624360969.571139 0
312.2028503417969 1624360969.578107 0
311.1639099121094 1624360969.585152 0
313.4920654296875 1624360969.592184 0
313.7876281738281 1624360969.599173 0
312.450439453125 1624360969.606198 0
315.32965087890625 1624360969.613175 0
312.9952697753906 1624360969.620212 0
313.4920654296875 1624360969.627193 0
311.41046142578125 1624360969.634237 0
314.0364990234375 1624360969.641242 0
314.0364990234375 1624360969.648265 0
312.69842529296875 1624360969.655232 0
314.2857360839844 1624360969.662461 0
315.0793762207031 1624360969.670276 0
314.53533935546875 1624360969.677226 0
315.32965087890625 1624360969.684236 0
313.4920654296875 1624360969.69107 0
314.0364990234375 1624360969.698028 0
315.0793762207031 1624360969.705004 0
315.0793762207031 1624360969.712034 0
314.0364990234375 1624360969.719126 0
313.7410583496094 1624360969.726085 0
315.32965087890625 1624360969.733028 0
315.0793762207031 1624360969.740091 0
315.32965087890625 1624360969.747072 0
314.53533935546875 1624360969.754114 0
314.53533935546875 1624360969.761161 0
314.0364990234375 1624360969.768193 0
314.53533935546875 1624360969.775204 0
314.2857360839844 1624360969.782116 0
315.0793762207031 1624360969.789133 0
315.5802917480469 1624360969.796144 0
316.1239013671875 1624360969.803073 0
315.32965087890625 1624360969.810112 0
317.17010498046875 1624360969.81714 0
317.17010498046875 1624360969.824171 0
317.17010498046875 1624360969.831205 0
315.5802917480469 1624360969.838212 0
315.32965087890625 1624360969.845226 0
315.32965087890625 1624360969.852062 0
313.7410583496094 1624360969.85904 0
314.53533935546875 1624360969.866078 0
315.32965087890625 1624360969.873089 0
315.0793762207031 1624360969.880096 0
314.2857360839844 1624360969.887065 0
313.4920654296875 1624360969.894119 0
312.2028503417969 1624360969.901078 0
312.450439453125 1624360969.908054 0
306.9620056152344 1624360969.91509 0
309.0909118652344 1624360969.922087 0
307.2669677734375 1624360969.92904 0
308.8467712402344 1624360969.936093 0
309.5803527832031 1624360969.943068 0
308.5443115234375 1624360969.95009 0
309.0909118652344 1624360969.957099 0
308.0568542480469 1624360969.964179 0
308.0568542480469 1624360969.971162 0
308.8467712402344 1624360969.978129 0
307.2669677734375 1624360969.98517 0
309.0909118652344 1624360969.992169 0
307.2669677734375 1624360969.999058 0
307.813720703125 1624360970.006023 0
306.2351989746094 1624360970.012997 0
306.2351989746094 1624360970.019971 0
307.02447509765625 1624360970.026932 0
305.9936828613281 1624360970.03398 0
305.2050476074219 1624360970.040974 0
307.02447509765625 1624360970.048008 0
307.2669677734375 1624360970.055046 0
308.3004150390625 1624360970.062008 0
307.2669677734375 1624360970.069064 0
308.0568542480469 1624360970.076051 0
309.0909118652344 1624360970.083047 0
307.5098571777344 1624360970.090048 0
307.813720703125 1624360970.097108 0
308.3004150390625 1624360970.104077 0
308.0568542480469 1624360970.111122 0
308.8467712402344 1624360970.118127 0
309.0909118652344 1624360970.125134 0
310.917724609375 1624360970.132011 0
311.9556579589844 1624360970.138981 0
311.41046142578125 1624360970.145991 0
312.2028503417969 1624360970.153016 0
310.6180725097656 1624360970.160027 0
312.2028503417969 1624360970.166995 0
312.450439453125 1624360970.174021 0
310.917724609375 1624360970.180993 0
310.6180725097656 1624360970.188043 0
309.33544921875 1624360970.194995 0
310.917724609375 1624360970.202051 0
310.37213134765625 1624360970.209025 0
310.37213134765625 1624360970.216078 0
309.0909118652344 1624360970.223053 0
308.0568542480469 1624360970.230009 0
308.0568542480469 1624360970.237016 0
308.5443115234375 1624360970.244016 0
308.3004150390625 1624360970.250997 0
308.0568542480469 1624360970.258022 0
307.02447509765625 1624360970.265045 0
307.02447509765625 1624360970.272057 0
306.7823486328125 1624360970.279057 0
305.2050476074219 1624360970.285911 0
304.96453857421875 1624360970.292914 0
307.02447509765625 1624360970.299937 0
305.9936828613281 1624360970.306969 0
307.2669677734375 1624360970.313961 0
307.2669677734375 1624360970.321004 0
305.9936828613281 1624360970.327933 0
308.0568542480469 1624360970.334956 0
306.7823486328125 1624360970.341985 0
308.0568542480469 1624360970.348923 0
307.2669677734375 1624360970.355923 0
307.813720703125 1624360970.362915 0
309.33544921875 1624360970.369912 0
308.3004150390625 1624360970.376944 0
310.1265869140625 1624360970.383983 0
310.1265869140625 1624360970.3909 0
309.0909118652344 1624360970.397959 0
310.1265869140625 1624360970.404914 0
309.33544921875 1624360970.411902 0
309.0909118652344 1624360970.418908 0
310.917724609375 1624360970.425978 0
310.1265869140625 1624360970.432945 0
310.917724609375 1624360970.439784 0
311.1639099121094 1624360970.446847 0
310.1265869140625 1624360970.453806 0
310.917724609375 1624360970.460828 0
310.37213134765625 1624360970.467895 0
310.1265869140625 1624360970.474885 0
310.1265869140625 1624360970.481887 0
309.0909118652344 1624360970.488924 0
309.5803527832031 1624360970.495923 0
310.1265869140625 1624360970.502972 0
309.33544921875 1624360970.509999 0
309.33544921875 1624360970.517026 0
308.3004150390625 1624360970.524031 0
308.0568542480469 1624360970.531003 0
306.2351989746094 1624360970.537986 0
305.9936828613281 1624360970.545003 0
306.7823486328125 1624360970.552064 0
306.2351989746094 1624360970.559002 0
305.9936828613281 1624360970.565967 0
305.9936828613281 1624360970.572961 0
303.3885192871094 1624360970.58003 0
304.176513671875 1624360970.587005 0
303.93701171875 1624360970.593996 0
303.14959716796875 1624360970.600829 0
304.176513671875 1624360970.607812 0
304.7243957519531 1624360970.614804 0
304.96453857421875 1624360970.621823 0
302.9111022949219 1624360970.628802 0
304.7243957519531 1624360970.635902 0
304.176513671875 1624360970.642853 0
304.96453857421875 1624360970.649888 0
305.9936828613281 1624360970.656891 0
305.7525634765625 1624360970.663859 0
306.47711181640625 1624360970.670881 0
307.02447509765625 1624360970.6779 0
305.2050476074219 1624360970.684895 0
304.176513671875 1624360970.691807 0
304.96453857421875 1624360970.698892 0
306.7823486328125 1624360970.705908 0
306.7823486328125 1624360970.712889 0
306.7823486328125 1624360970.719896 0
307.02447509765625 1624360970.72694 0
307.813720703125 1624360970.733855 0
309.0909118652344 1624360970.740912 0
309.33544921875 1624360970.747877 0
309.33544921875 1624360970.754938 0
310.1265869140625 1624360970.761887 0
313.2434387207031 1624360970.768973 0
308.7886047363281 1624360970.775877 0
310.917724609375 1624360970.782847 0
311.1639099121094 1624360970.789804 0
311.9556579589844 1624360970.796862 0
315.32965087890625 1624360970.803841 0
313.2434387207031 1624360970.810872 0
315.32965087890625 1624360970.817844 0
317.42242431640625 1624360970.824837 0
315.32965087890625 1624360970.83185 0
318.2179870605469 1624360970.838833 0
318.4713439941406 1624360970.845798 0
320.57415771484375 1624360970.852937 0
317.92828369140625 1624360970.859896 0
320.3187255859375 1624360970.866863 0
319.7767028808594 1624360970.873859 0
320.57415771484375 1624360970.88091 0
320.57415771484375 1624360970.887831 0
321.8849792480469 1624360970.894853 0
320.57415771484375 1624360970.901897 0
320.3187255859375 1624360970.908944 0
320.57415771484375 1624360970.915939 0
318.4713439941406 1624360970.922876 0
318.4713439941406 1624360970.929682 0
317.6751708984375 1624360970.936683 0
317.42242431640625 1624360970.94367 0
318.4713439941406 1624360970.950636 0
315.5802917480469 1624360970.957744 0
316.37518310546875 1624360970.964689 0
315.32965087890625 1624360970.971777 0
316.1239013671875 1624360970.978768 0
316.37518310546875 1624360970.985731 0
316.1239013671875 1624360970.992702 0
314.53533935546875 1624360970.999798 0
312.450439453125 1624360971.006768 0
314.53533935546875 1624360971.013831 0
314.0364990234375 1624360971.020811 0
312.69842529296875 1624360971.027746 0
313.4920654296875 1624360971.034836 0
312.450439453125 1624360971.041763 0
311.1639099121094 1624360971.048789 0
312.2028503417969 1624360971.055774 0
312.2028503417969 1624360971.062814 0
311.1639099121094 1624360971.069801 0
311.1639099121094 1624360971.076791 0
310.37213134765625 1624360971.0839 0
311.41046142578125 1624360971.090922 0
310.37213134765625 1624360971.09768 0
310.1265869140625 1624360971.104649 0
309.33544921875 1624360971.111667 0
309.0909118652344 1624360971.118764 0
308.0568542480469 1624360971.125721 0
309.33544921875 1624360971.132728 0
309.0909118652344 1624360971.13974 0
309.33544921875 1624360971.146821 0
309.0909118652344 1624360971.153772 0
309.33544921875 1624360971.160744 0
309.0909118652344 1624360971.167754 0
308.3004150390625 1624360971.174867 0
309.0909118652344 1624360971.181771 0
308.0568542480469 1624360971.188748 0
308.8467712402344 1624360971.195796 0
309.88140869140625 1624360971.202784 0
310.37213134765625 1624360971.209796 0
309.88140869140625 1624360971.216926 0
310.1265869140625 1624360971.223843 0
308.3004150390625 1624360971.23074 0
308.5443115234375 1624360971.23779 0
308.3004150390625 1624360971.244777 0
309.33544921875 1624360971.251646 0
309.33544921875 1624360971.258648 0
310.1265869140625 1624360971.265683 0
309.33544921875 1624360971.272751 0
310.1265869140625 1624360971.279725 0
308.5443115234375 1624360971.28671 0
307.5098571777344 1624360971.293707 0
307.813720703125 1624360971.300697 0
307.2669677734375 1624360971.307682 0
305.9936828613281 1624360971.314654 0
306.2351989746094 1624360971.321661 0
308.0568542480469 1624360971.32868 0
308.8467712402344 1624360971.335637 0
307.2669677734375 1624360971.342624 0
310.1265869140625 1624360971.349605 0
309.0909118652344 1624360971.35663 0
308.0568542480469 1624360971.363593 0
306.2351989746094 1624360971.370599 0
306.47711181640625 1624360971.37762 0
305.4459533691406 1624360971.384619 0
306.2351989746094 1624360971.391667 0
305.9936828613281 1624360971.398743 0
305.9936828613281 1624360971.405763 0
307.02447509765625 1624360971.412832 0
308.8467712402344 1624360971.41958 0
309.33544921875 1624360971.426681 0
308.5443115234375 1624360971.433633 0
310.1265869140625 1624360971.440637 0
308.3004150390625 1624360971.447624 0
307.2669677734375 1624360971.454641 0
308.0568542480469 1624360971.461616 0
307.02447509765625 1624360971.46867 0
308.8467712402344 1624360971.475577 0
307.5098571777344 1624360971.482698 0
308.0568542480469 1624360971.489672 0
308.3004150390625 1624360971.496649 0
308.0568542480469 1624360971.503641 0
308.0568542480469 1624360971.51063 0
307.5098571777344 1624360971.517578 0
307.5098571777344 1624360971.524604 0
308.8467712402344 1624360971.531666 0
308.3004150390625 1624360971.538669 0
308.3004150390625 1624360971.545597 0
308.3004150390625 1624360971.552698 0
308.0568542480469 1624360971.559737 0
307.02447509765625 1624360971.566706 0
308.0568542480469 1624360971.573707 0
305.9936828613281 1624360971.580707 0
305.9936828613281 1624360971.587745 0
303.93701171875 1624360971.59459 0
304.176513671875 1624360971.601626 0
303.93701171875 1624360971.608577 0
301.3375549316406 1624360971.615603 0
302.6729431152344 1624360971.622569 0
301.3375549316406 1624360971.629615 0
300.8641052246094 1624360971.636637 0
300.8641052246094 1624360971.643563 0
300.07855224609375 1624360971.650569 0
299.843017578125 1624360971.657649 0
299.0580749511719 1624360971.664594 0
