42.82115936279297 1624363443.803772 0.11
42.82115936279297 1624363443.810635 0.11
43.45088195800781 1624363443.817673 0.11
43.45088195800781 1624363443.824786 0.11
42.82115936279297 1624363443.83176 0.11
43.45088195800781 1624363443.838695 0.11
42.82115936279297 1624363443.845727 0.11
43.45088195800781 1624363443.852628 0.11
43.45088195800781 1624363443.859638 0.11
42.82115936279297 1624363443.86662 0.11
43.45088195800781 1624363443.87361 0.11
42.82115936279297 1624363443.880585 0.11
42.82115936279297 1624363443.887589 0.11
43.45088195800781 1624363443.894663 0.11
42.82115936279297 1624363443.901606 0.11
43.45088195800781 1624363443.908584 0.11
42.82115936279297 1624363443.915613 0.11
42.82115936279297 1624363443.922627 0.11
43.45088195800781 1624363443.929754 0.11
42.82115936279297 1624363443.936727 0.11
43.45088195800781 1624363443.943668 0.11
43.45088195800781 1624363443.950734 0.11
42.82115936279297 1624363443.957702 0.11
43.45088195800781 1624363443.96467 0.11
42.82115936279297 1624363443.971757 0.11
43.45088195800781 1624363443.978729 0.11
43.45088195800781 1624363443.985711 0.11
42.82115936279297 1624363443.992741 0.11
42.82115936279297 1624363443.999601 0.11
42.82115936279297 1624363444.006591 0.11
42.82115936279297 1624363444.01358 0.11
43.45088195800781 1624363444.020554 0.11
42.82115936279297 1624363444.027581 0.11
43.45088195800781 1624363444.034628 0.11
43.45088195800781 1624363444.041575 0.11
42.82115936279297 1624363444.048659 0.11
43.45088195800781 1624363444.055528 0.11
42.82115936279297 1624363444.062555 0.11
42.82115936279297 1624363444.06959 0.11
43.45088195800781 1624363444.076575 0.11
42.82115936279297 1624363444.083557 0.11
42.82115936279297 1624363444.090656 0.11
42.82115936279297 1624363444.097647 0.11
42.82115936279297 1624363444.10457 0.11
42.82115936279297 1624363444.11164 0.11
42.82115936279297 1624363444.118589 0.11
42.82115936279297 1624363444.125614 0.11
43.45088195800781 1624363444.132621 0.11
42.82115936279297 1624363444.13967 0.11
42.82115936279297 1624363444.146744 0.11
42.82115936279297 1624363444.153774 0.11
42.82115936279297 1624363444.16055 0.11
42.82115936279297 1624363444.167606 0.11
42.82115936279297 1624363444.174555 0.11
43.45088195800781 1624363444.181492 0.11
43.45088195800781 1624363444.188519 0.11
42.82115936279297 1624363444.195614 0.11
42.82115936279297 1624363444.202595 0.11
42.82115936279297 1624363444.209604 0.11
43.45088195800781 1624363444.216591 0.11
42.82115936279297 1624363444.223565 0.11
42.82115936279297 1624363444.230568 0.11
42.82115936279297 1624363444.237578 0.11
42.82115936279297 1624363444.244591 0.11
42.82115936279297 1624363444.251575 0.11
42.82115936279297 1624363444.258632 0.11
42.82115936279297 1624363444.265638 0.11
42.82115936279297 1624363444.272656 0.11
42.82115936279297 1624363444.279636 0.11
42.82115936279297 1624363444.286676 0.11
43.45088195800781 1624363444.293623 0.11
42.82115936279297 1624363444.300645 0.11
42.82115936279297 1624363444.30766 0.11
42.82115936279297 1624363444.314626 0.11
42.82115936279297 1624363444.321431 0.11
42.82115936279297 1624363444.328486 0.11
42.82115936279297 1624363444.335468 0.11
42.82115936279297 1624363444.342457 0.11
42.82115936279297 1624363444.349445 0.11
42.82115936279297 1624363444.356463 0.11
42.82115936279297 1624363444.363499 0.11
42.82115936279297 1624363444.370495 0.11
42.82115936279297 1624363444.377462 0.11
42.82115936279297 1624363444.384501 0.11
42.82115936279297 1624363444.391434 0.11
42.82115936279297 1624363444.398435 0.11
42.82115936279297 1624363444.405478 0.11
42.82115936279297 1624363444.412472 0.11
42.82115936279297 1624363444.419484 0.11
42.82115936279297 1624363444.426545 0.11
42.82115936279297 1624363444.433509 0.11
42.82115936279297 1624363444.440554 0.11
42.82115936279297 1624363444.447477 0.11
42.82115936279297 1624363444.454522 0.11
42.82115936279297 1624363444.461552 0.11
42.82115936279297 1624363444.468521 0.11
42.82115936279297 1624363444.475577 0.11
42.82115936279297 1624363444.482522 0.11
42.82115936279297 1624363444.489567 0.11
42.82115936279297 1624363444.49654 0.11
42.82115936279297 1624363444.50339 0.11
42.82115936279297 1624363444.510417 0.11
42.82115936279297 1624363444.517383 0.11
42.82115936279297 1624363444.524365 0.11
42.82115936279297 1624363444.531378 0.11
42.82115936279297 1624363444.53841 0.11
42.82115936279297 1624363444.54541 0.11
42.82115936279297 1624363444.552395 0.11
42.82115936279297 1624363444.559319 0.11
42.82115936279297 1624363444.566399 0.11
42.82115936279297 1624363444.573431 0.11
42.82115936279297 1624363444.580433 0.11
42.82115936279297 1624363444.58751 0.11
42.82115936279297 1624363444.594462 0.11
42.82115936279297 1624363444.601441 0.11
42.82115936279297 1624363444.608409 0.11
42.82115936279297 1624363444.615445 0.11
42.82115936279297 1624363444.622502 0.11
42.82115936279297 1624363444.629507 0.11
42.82115936279297 1624363444.636504 0.11
42.82115936279297 1624363444.643539 0.11
42.82115936279297 1624363444.650537 0.11
42.82115936279297 1624363444.657309 0.11
42.82115936279297 1624363444.664392 0.11
42.82115936279297 1624363444.671311 0.11
42.82115936279297 1624363444.678288 0.11
42.82115936279297 1624363444.685295 0.11
42.82115936279297 1624363444.692376 0.11
42.82115936279297 1624363444.699349 0.11
42.82115936279297 1624363444.706284 0.11
42.82115936279297 1624363444.713391 0.11
42.82115936279297 1624363444.720294 0.11
42.82115936279297 1624363444.727282 0.11
42.82115936279297 1624363444.734323 0.11
42.82115936279297 1624363444.741436 0.11
42.82115936279297 1624363444.748448 0.11
42.82115936279297 1624363444.755412 0.11
42.82115936279297 1624363444.762411 0.11
42.82115936279297 1624363444.76947 0.11
42.82115936279297 1624363444.776425 0.11
42.82115936279297 1624363444.783445 0.11
42.82115936279297 1624363444.790476 0.11
42.82115936279297 1624363444.797483 0.11
42.82115936279297 1624363444.804484 0.11
42.82115936279297 1624363444.811473 0.11
42.79420852661133 1624363444.818492 0.11
42.82115936279297 1624363444.825514 0.11
42.82115936279297 1624363444.832308 0.11
43.45088195800781 1624363444.839315 0.11
42.82115936279297 1624363444.846331 0.11
42.82115936279297 1624363444.853308 0.11
42.82115936279297 1624363444.860322 0.11
42.82115936279297 1624363444.867347 0.11
42.82115936279297 1624363444.874355 0.11
42.82115936279297 1624363444.881276 0.11
42.82115936279297 1624363444.888316 0.11
42.82115936279297 1624363444.895311 0.11
42.82115936279297 1624363444.902361 0.11
42.82115936279297 1624363444.909355 0.11
42.82115936279297 1624363444.916277 0.11
42.82115936279297 1624363444.923349 0.11
42.82115936279297 1624363444.930303 0.11
42.82115936279297 1624363444.937429 0.11
42.82115936279297 1624363444.944319 0.11
42.82115936279297 1624363444.951328 0.11
42.79420852661133 1624363444.958326 0.11
42.82115936279297 1624363444.965377 0.11
42.82115936279297 1624363444.972415 0.11
42.82115936279297 1624363444.979382 0.11
42.82115936279297 1624363444.986388 0.11
42.82115936279297 1624363444.993407 0.11
42.82115936279297 1624363445.0004 0.11
42.82115936279297 1624363445.007419 0.11
42.82115936279297 1624363445.014429 0.11
42.82115936279297 1624363445.021264 0.11
42.82115936279297 1624363445.028258 0.11
42.82115936279297 1624363445.035224 0.11
42.79420852661133 1624363445.042269 0.11
42.82115936279297 1624363445.049199 0.11
42.82115936279297 1624363445.05628 0.11
42.82115936279297 1624363445.063249 0.11
42.79420852661133 1624363445.070226 0.11
42.79420852661133 1624363445.077198 0.11
42.82115936279297 1624363445.084218 0.11
42.82115936279297 1624363445.091241 0.11
42.82115936279297 1624363445.098289 0.11
42.82115936279297 1624363445.105282 0.11
42.82115936279297 1624363445.112221 0.11
42.82115936279297 1624363445.119302 0.11
42.82115936279297 1624363445.126227 0.11
42.82115936279297 1624363445.133228 0.11
42.82115936279297 1624363445.140211 0.11
42.79420852661133 1624363445.147324 0.11
42.79420852661133 1624363445.15426 0.11
42.82115936279297 1624363445.161248 0.11
42.82115936279297 1624363445.16827 0.11
42.82115936279297 1624363445.175336 0.11
42.82115936279297 1624363445.182285 0.11
42.82115936279297 1624363445.189307 0.11
42.82115936279297 1624363445.19607 0.11
42.82115936279297 1624363445.203139 0.11
42.82115936279297 1624363445.210136 0.11
42.82115936279297 1624363445.217277 0.11
42.82115936279297 1624363445.224309 0.11
42.82115936279297 1624363445.231202 0.11
42.82115936279297 1624363445.238267 0.11
42.82115936279297 1624363445.245223 0.11
42.82115936279297 1624363445.252188 0.11
42.79420852661133 1624363445.259213 0.11
42.82115936279297 1624363445.266206 0.11
42.79420852661133 1624363445.273189 0.11
42.82115936279297 1624363445.280242 0.11
42.82115936279297 1624363445.287187 0.11
42.79420852661133 1624363445.294247 0.11
42.79420852661133 1624363445.301324 0.11
42.82115936279297 1624363445.308207 0.11
42.82115936279297 1624363445.315243 0.11
42.82115936279297 1624363445.322304 0.11
42.82115936279297 1624363445.329251 0.11
42.82115936279297 1624363445.336312 0.11
42.82115936279297 1624363445.343313 0.11
42.82115936279297 1624363445.35024 0.11
42.82115936279297 1624363445.357345 0.11
42.82115936279297 1624363445.365236 0.11
42.79420852661133 1624363445.372056 0.11
42.82115936279297 1624363445.379136 0.11
42.79420852661133 1624363445.386082 0.11
42.79420852661133 1624363445.393057 0.11
42.82115936279297 1624363445.400073 0.11
42.79420852661133 1624363445.407061 0.11
42.79420852661133 1624363445.414078 0.11
42.79420852661133 1624363445.421068 0.11
42.82115936279297 1624363445.428134 0.11
42.79420852661133 1624363445.435167 0.11
42.79420852661133 1624363445.442206 0.11
42.82115936279297 1624363445.449216 0.11
42.79420852661133 1624363445.456184 0.11
42.82115936279297 1624363445.463181 0.11
42.79420852661133 1624363445.470167 0.11
42.82115936279297 1624363445.477208 0.11
42.79420852661133 1624363445.484192 0.11
42.79420852661133 1624363445.491222 0.11
42.79420852661133 1624363445.49824 0.11
42.82115936279297 1624363445.505282 0.11
42.79420852661133 1624363445.512182 0.11
42.82115936279297 1624363445.519225 0.11
42.79420852661133 1624363445.526204 0.11
42.82115936279297 1624363445.533249 0.11
42.82115936279297 1624363445.540235 0.11
42.82115936279297 1624363445.547249 0.11
42.79420852661133 1624363445.55423 0.11
42.79420852661133 1624363445.561264 0.11
42.79420852661133 1624363445.568262 0.11
42.79420852661133 1624363445.575089 0.11
42.79420852661133 1624363445.582124 0.11
42.79420852661133 1624363445.589127 0.11
42.79420852661133 1624363445.596084 0.11
42.79420852661133 1624363445.603065 0.11
42.79420852661133 1624363445.610034 0.11
42.79420852661133 1624363445.61705 0.11
42.79420852661133 1624363445.624069 0.11
42.82115936279297 1624363445.63114 0.11
42.79420852661133 1624363445.638108 0.11
42.79420852661133 1624363445.645008 0.11
42.79420852661133 1624363445.652063 0.11
42.79420852661133 1624363445.659097 0.11
42.79420852661133 1624363445.666016 0.11
42.79420852661133 1624363445.673057 0.11
42.79420852661133 1624363445.680151 0.11
42.79420852661133 1624363445.687129 0.11
42.79420852661133 1624363445.694116 0.11
42.79420852661133 1624363445.701115 0.11
42.79420852661133 1624363445.70801 0.11
42.79420852661133 1624363445.715062 0.11
42.79420852661133 1624363445.722144 0.11
42.79420852661133 1624363445.729155 0.11
42.79420852661133 1624363445.736193 0.11
42.79420852661133 1624363445.743194 0.11
42.79420852661133 1624363445.750173 0.11
42.79420852661133 1624363445.757216 0.11
42.79420852661133 1624363445.764173 0.11
42.79420852661133 1624363445.771028 0.11
42.79420852661133 1624363445.777967 0.11
42.79420852661133 1624363445.785031 0.11
42.79420852661133 1624363445.79203 0.11
42.79420852661133 1624363445.79901 0.11
42.79420852661133 1624363445.806061 0.11
42.79420852661133 1624363445.813019 0.11
42.79420852661133 1624363445.819975 0.11
42.79420852661133 1624363445.826968 0.11
42.79420852661133 1624363445.834042 0.11
42.79420852661133 1624363445.841075 0.11
42.79420852661133 1624363445.848057 0.11
42.79420852661133 1624363445.85511 0.11
42.82115936279297 1624363445.86209 0.11
42.79420852661133 1624363445.869132 0.11
42.79420852661133 1624363445.876024 0.11
42.79420852661133 1624363445.883038 0.11
42.79420852661133 1624363445.890086 0.11
42.79420852661133 1624363445.897148 0.11
42.79420852661133 1624363445.904179 0.11
42.79420852661133 1624363445.911113 0.11
42.79420852661133 1624363445.918114 0.11
42.79420852661133 1624363445.925141 0.11
42.79420852661133 1624363445.931897 0.11
42.79420852661133 1624363445.938927 0.11
42.82115936279297 1624363445.945945 0.11
42.79420852661133 1624363445.953001 0.11
42.82115936279297 1624363445.960008 0.11
42.82115936279297 1624363445.967012 0.11
42.79420852661133 1624363445.97395 0.11
42.82115936279297 1624363445.980999 0.11
42.79420852661133 1624363445.98805 0.11
42.82115936279297 1624363445.994942 0.11
42.82115936279297 1624363446.001977 0.11
42.79420852661133 1624363446.008991 0.11
42.82115936279297 1624363446.015987 0.11
42.79420852661133 1624363446.023072 0.11
42.79420852661133 1624363446.030057 0.11
42.79420852661133 1624363446.037066 0.11
42.79420852661133 1624363446.044053 0.11
42.79420852661133 1624363446.051065 0.11
42.79420852661133 1624363446.058033 0.11
42.79420852661133 1624363446.065026 0.11
42.79420852661133 1624363446.072073 0.11
42.79420852661133 1624363446.079055 0.11
42.79420852661133 1624363446.086107 0.11
42.79420852661133 1624363446.093089 0.11
42.79420852661133 1624363446.099879 0.11
42.79420852661133 1624363446.106923 0.11
42.79420852661133 1624363446.113897 0.11
42.79420852661133 1624363446.120805 0.11
42.79420852661133 1624363446.12785 0.11
42.79420852661133 1624363446.134866 0.11
42.79420852661133 1624363446.141864 0.11
42.79420852661133 1624363446.148847 0.11
42.79420852661133 1624363446.156023 0.11
42.82115936279297 1624363446.162963 0.11
42.79420852661133 1624363446.169947 0.11
42.79420852661133 1624363446.17701 0.11
42.79420852661133 1624363446.183936 0.11
42.79420852661133 1624363446.190961 0.11
42.79420852661133 1624363446.197952 0.11
42.79420852661133 1624363446.205 0.11
42.79420852661133 1624363446.212026 0.11
42.79420852661133 1624363446.218986 0.11
42.79420852661133 1624363446.226 0.11
42.79420852661133 1624363446.233003 0.11
42.79420852661133 1624363446.240001 0.11
42.79420852661133 1624363446.246985 0.11
42.79420852661133 1624363446.254046 0.11
42.79420852661133 1624363446.261012 0.11
42.79420852661133 1624363446.26803 0.11
42.79420852661133 1624363446.275087 0.11
42.79420852661133 1624363446.28201 0.11
42.79420852661133 1624363446.288906 0.11
42.79420852661133 1624363446.295778 0.11
42.79420852661133 1624363446.302799 0.11
42.79420852661133 1624363446.309884 0.11
42.79420852661133 1624363446.316812 0.11
42.82115936279297 1624363446.323849 0.11
42.79420852661133 1624363446.330854 0.11
42.79420852661133 1624363446.337781 0.11
42.79420852661133 1624363446.344755 0.11
42.79420852661133 1624363446.351766 0.11
42.79420852661133 1624363446.35892 0.11
42.79420852661133 1624363446.365903 0.11
42.79420852661133 1624363446.372874 0.11
42.79420852661133 1624363446.380041 0.11
42.79420852661133 1624363446.386914 0.11
42.79420852661133 1624363446.393863 0.11
42.79420852661133 1624363446.400906 0.11
42.79420852661133 1624363446.407907 0.11
42.79420852661133 1624363446.414896 0.11
42.79420852661133 1624363446.421942 0.11
42.79420852661133 1624363446.428965 0.11
42.79420852661133 1624363446.435881 0.11
42.79420852661133 1624363446.442858 0.11
42.79420852661133 1624363446.449889 0.11
42.79420852661133 1624363446.456896 0.11
42.79420852661133 1624363446.463837 0.11
42.79420852661133 1624363446.470871 0.11
42.79420852661133 1624363446.477931 0.11
42.79420852661133 1624363446.484841 0.11
42.79420852661133 1624363446.491745 0.11
42.79420852661133 1624363446.498783 0.11
42.79420852661133 1624363446.505869 0.11
42.79420852661133 1624363446.512768 0.11
42.79420852661133 1624363446.519836 0.11
42.79420852661133 1624363446.526762 0.11
42.79420852661133 1624363446.533844 0.11
42.79420852661133 1624363446.540803 0.11
42.79420852661133 1624363446.547809 0.11
42.79420852661133 1624363446.55487 0.11
42.79420852661133 1624363446.56186 0.11
42.79420852661133 1624363446.568886 0.11
42.79420852661133 1624363446.575894 0.11
42.79420852661133 1624363446.582873 0.11
42.79420852661133 1624363446.589804 0.11
42.79420852661133 1624363446.59685 0.11
42.79420852661133 1624363446.603842 0.11
42.79420852661133 1624363446.610902 0.11
42.79420852661133 1624363446.617893 0.11
42.79420852661133 1624363446.624931 0.11
42.79420852661133 1624363446.631939 0.11
42.79420852661133 1624363446.638875 0.11
42.79420852661133 1624363446.64585 0.11
42.79420852661133 1624363446.65269 0.11
42.79420852661133 1624363446.659675 0.11
42.79420852661133 1624363446.666646 0.11
42.79420852661133 1624363446.673649 0.11
42.79420852661133 1624363446.680748 0.11
42.79420852661133 1624363446.687684 0.11
42.79420852661133 1624363446.694756 0.11
42.79420852661133 1624363446.701747 0.11
42.79420852661133 1624363446.708747 0.11
42.79420852661133 1624363446.715803 0.11
42.79420852661133 1624363446.722718 0.11
42.79420852661133 1624363446.729726 0.11
42.79420852661133 1624363446.736818 0.11
42.79420852661133 1624363446.743792 0.11
42.79420852661133 1624363446.750888 0.11
42.79420852661133 1624363446.757859 0.11
42.79420852661133 1624363446.76489 0.11
42.79420852661133 1624363446.771881 0.11
42.79420852661133 1624363446.778807 0.11
42.79420852661133 1624363446.785821 0.11
42.79420852661133 1624363446.79283 0.11
42.79420852661133 1624363446.799844 0.11
42.79420852661133 1624363446.806875 0.11
42.79420852661133 1624363446.813813 0.11
42.79420852661133 1624363446.820866 0.11
42.79420852661133 1624363446.827704 0.11
42.79420852661133 1624363446.834706 0.11
42.79420852661133 1624363446.841706 0.11
42.79420852661133 1624363446.848725 0.11
42.79420852661133 1624363446.855701 0.11
42.79420852661133 1624363446.862708 0.11
42.79420852661133 1624363446.869762 0.11
42.79420852661133 1624363446.876671 0.11
42.79420852661133 1624363446.883637 0.11
42.79420852661133 1624363446.890674 0.11
42.79420852661133 1624363446.897649 0.11
42.79420852661133 1624363446.904744 0.11
42.79420852661133 1624363446.911767 0.11
42.79420852661133 1624363446.918772 0.11
42.79420852661133 1624363446.925801 0.11
42.79420852661133 1624363446.93272 0.11
42.79420852661133 1624363446.939734 0.11
42.79420852661133 1624363446.946783 0.11
42.79420852661133 1624363446.95372 0.11
42.79420852661133 1624363446.960817 0.11
42.79420852661133 1624363446.967812 0.11
42.16488265991211 1624363446.97488 0.11
42.79420852661133 1624363446.981861 0.11
42.79420852661133 1624363446.988859 0.11
42.79420852661133 1624363446.995637 0.11
42.79420852661133 1624363447.002641 0.11
42.79420852661133 1624363447.009645 0.11
42.79420852661133 1624363447.016671 0.11
42.79420852661133 1624363447.023721 0.11
42.79420852661133 1624363447.030625 0.11
42.79420852661133 1624363447.037668 0.11
42.79420852661133 1624363447.044652 0.11
42.79420852661133 1624363447.051691 0.11
42.79420852661133 1624363447.058616 0.11
42.79420852661133 1624363447.065653 0.11
42.79420852661133 1624363447.072616 0.11
42.79420852661133 1624363447.079746 0.11
42.79420852661133 1624363447.086698 0.11
42.79420852661133 1624363447.093719 0.11
42.79420852661133 1624363447.10073 0.11
42.79420852661133 1624363447.107725 0.11
42.79420852661133 1624363447.114674 0.11
42.79420852661133 1624363447.121684 0.11
42.79420852661133 1624363447.128757 0.11
42.79420852661133 1624363447.135721 0.11
42.79420852661133 1624363447.142732 0.11
42.79420852661133 1624363447.149597 0.11
42.16488265991211 1624363447.15652 0.11
42.79420852661133 1624363447.163535 0.11
42.79420852661133 1624363447.170561 0.11
42.79420852661133 1624363447.177445 0.11
42.79420852661133 1624363447.184527 0.11
42.79420852661133 1624363447.191533 0.11
42.79420852661133 1624363447.198532 0.11
42.79420852661133 1624363447.205687 0.11
42.79420852661133 1624363447.212644 0.11
42.79420852661133 1624363447.219677 0.11
42.79420852661133 1624363447.226626 0.11
42.79420852661133 1624363447.2336 0.11
42.79420852661133 1624363447.240664 0.11
42.16488265991211 1624363447.247639 0.11
42.79420852661133 1624363447.254622 0.11
42.79420852661133 1624363447.261645 0.11
42.79420852661133 1624363447.268692 0.11
42.79420852661133 1624363447.275691 0.11
42.79420852661133 1624363447.282692 0.11
42.79420852661133 1624363447.289697 0.11
42.79420852661133 1624363447.296749 0.11
42.79420852661133 1624363447.303661 0.11
42.79420852661133 1624363447.310541 0.11
42.79420852661133 1624363447.317547 0.11
42.79420852661133 1624363447.324549 0.11
42.79420852661133 1624363447.331586 0.11
42.16488265991211 1624363447.338586 0.11
42.79420852661133 1624363447.345566 0.11
42.79420852661133 1624363447.352537 0.11
42.79420852661133 1624363447.359552 0.11
42.79420852661133 1624363447.366612 0.11
42.16488265991211 1624363447.373581 0.11
42.79420852661133 1624363447.380533 0.11
42.79420852661133 1624363447.387521 0.11
42.79420852661133 1624363447.394574 0.11
42.79420852661133 1624363447.401597 0.11
42.16488265991211 1624363447.408547 0.11
42.79420852661133 1624363447.415584 0.11
42.79420852661133 1624363447.422546 0.11
42.16488265991211 1624363447.429648 0.11
42.79420852661133 1624363447.436631 0.11
42.79420852661133 1624363447.44364 0.11
42.79420852661133 1624363447.450643 0.11
42.79420852661133 1624363447.457612 0.11
42.16488265991211 1624363447.464416 0.11
42.79420852661133 1624363447.471467 0.11
42.79420852661133 1624363447.478456 0.11
42.16488265991211 1624363447.485464 0.11
42.79420852661133 1624363447.492456 0.11
42.79420852661133 1624363447.499504 0.11
42.79420852661133 1624363447.506501 0.11
42.79420852661133 1624363447.513412 0.11
42.79420852661133 1624363447.520447 0.11
42.79420852661133 1624363447.527452 0.11
42.79420852661133 1624363447.534459 0.11
42.79420852661133 1624363447.541456 0.11
42.79420852661133 1624363447.54848 0.11
42.16488265991211 1624363447.555446 0.11
42.79420852661133 1624363447.562517 0.11
42.79420852661133 1624363447.569544 0.11
42.79420852661133 1624363447.576543 0.11
42.79420852661133 1624363447.583533 0.11
42.16488265991211 1624363447.590549 0.11
42.79420852661133 1624363447.597627 0.11
42.79420852661133 1624363447.604593 0.11
42.16488265991211 1624363447.611662 0.11
42.79420852661133 1624363447.618623 0.11
42.79420852661133 1624363447.625514 0.11
42.79420852661133 1624363447.63248 0.11
42.79420852661133 1624363447.639428 0.11
42.16488265991211 1624363447.646434 0.11
42.79420852661133 1624363447.653372 0.11
42.79420852661133 1624363447.660421 0.11
42.16488265991211 1624363447.667383 0.11
42.79420852661133 1624363447.674399 0.11
42.16488265991211 1624363447.681395 0.11
42.79420852661133 1624363447.688401 0.11
42.79420852661133 1624363447.695373 0.11
42.79420852661133 1624363447.70246 0.11
42.79420852661133 1624363447.709476 0.11
42.16488265991211 1624363447.716531 0.11
42.79420852661133 1624363447.723569 0.11
42.79420852661133 1624363447.730491 0.11
42.16488265991211 1624363447.737503 0.11
42.79420852661133 1624363447.744485 0.11
42.16488265991211 1624363447.751477 0.11
42.16488265991211 1624363447.75845 0.11
42.79420852661133 1624363447.765485 0.11
42.79420852661133 1624363447.772516 0.11
42.79420852661133 1624363447.779527 0.11
42.79420852661133 1624363447.786349 0.11
42.79420852661133 1624363447.793275 0.11
42.79420852661133 1624363447.800361 0.11
42.79420852661133 1624363447.807371 0.11
42.79420852661133 1624363447.814373 0.11
42.79420852661133 1624363447.821323 0.11
42.16488265991211 1624363447.828342 0.11
42.79420852661133 1624363447.835355 0.11
42.79420852661133 1624363447.842372 0.11
42.16488265991211 1624363447.849399 0.11
42.79420852661133 1624363447.856353 0.11
42.16488265991211 1624363447.863391 0.11
42.79420852661133 1624363447.870338 0.11
42.79420852661133 1624363447.877345 0.11
42.16488265991211 1624363447.884389 0.11
42.79420852661133 1624363447.891418 0.11
42.16488265991211 1624363447.8984 0.11
42.79420852661133 1624363447.905425 0.11
42.79420852661133 1624363447.912488 0.11
42.16488265991211 1624363447.919462 0.11
42.79420852661133 1624363447.92643 0.11
42.16488265991211 1624363447.933433 0.11
42.79420852661133 1624363447.940367 0.11
42.79420852661133 1624363447.947447 0.11
42.16488265991211 1624363447.954412 0.11
42.79420852661133 1624363447.961489 0.11
42.79420852661133 1624363447.968514 0.11
42.16488265991211 1624363447.975473 0.11
42.79420852661133 1624363447.982498 0.11
42.16488265991211 1624363447.989491 0.11
42.79420852661133 1624363447.996457 0.11
42.79420852661133 1624363448.003488 0.11
42.16488265991211 1624363448.010313 0.11
42.79420852661133 1624363448.017292 0.11
42.79420852661133 1624363448.024319 0.11
42.79420852661133 1624363448.031339 0.11
42.79420852661133 1624363448.038335 0.11
42.16488265991211 1624363448.04537 0.11
42.79420852661133 1624363448.052333 0.11
42.16488265991211 1624363448.059275 0.11
42.79420852661133 1624363448.066324 0.11
42.79420852661133 1624363448.073267 0.11
42.16488265991211 1624363448.08024 0.11
42.79420852661133 1624363448.087242 0.11
42.79420852661133 1624363448.094284 0.11
42.16488265991211 1624363448.10137 0.11
42.79420852661133 1624363448.108378 0.11
42.16488265991211 1624363448.115386 0.11
42.79420852661133 1624363448.122369 0.11
42.79420852661133 1624363448.129394 0.11
42.16488265991211 1624363448.136382 0.11
42.79420852661133 1624363448.143395 0.11
42.16488265991211 1624363448.150421 0.11
42.79420852661133 1624363448.157403 0.11
42.79420852661133 1624363448.164429 0.11
42.16488265991211 1624363448.17143 0.11
42.79420852661133 1624363448.17844 0.11
42.79420852661133 1624363448.185464 0.11
42.16488265991211 1624363448.192415 0.11
42.79420852661133 1624363448.19924 0.11
42.16488265991211 1624363448.206225 0.11
42.79420852661133 1624363448.213216 0.11
42.79420852661133 1624363448.220184 0.11
42.16488265991211 1624363448.227195 0.11
42.79420852661133 1624363448.234281 0.11
42.79420852661133 1624363448.241336 0.11
42.79420852661133 1624363448.248279 0.11
42.79420852661133 1624363448.255323 0.11
42.16488265991211 1624363448.262304 0.11
42.79420852661133 1624363448.269304 0.11
42.79420852661133 1624363448.276252 0.11
42.16488265991211 1624363448.283186 0.11
42.79420852661133 1624363448.290227 0.11
42.16488265991211 1624363448.297336 0.11
42.79420852661133 1624363448.304276 0.11
42.79420852661133 1624363448.311361 0.11
42.16488265991211 1624363448.318345 0.11
42.79420852661133 1624363448.325436 0.11
42.16488265991211 1624363448.332348 0.11
42.79420852661133 1624363448.339393 0.11
42.79420852661133 1624363448.346322 0.11
42.16488265991211 1624363448.353322 0.11
42.79420852661133 1624363448.360373 0.11
42.79420852661133 1624363448.367334 0.11
42.79420852661133 1624363448.374185 0.11
42.79420852661133 1624363448.381132 0.11
42.16488265991211 1624363448.388153 0.11
42.79420852661133 1624363448.395201 0.11
42.79420852661133 1624363448.402159 0.11
42.16488265991211 1624363448.409142 0.11
42.79420852661133 1624363448.41626 0.11
42.16488265991211 1624363448.423312 0.11
42.79420852661133 1624363448.430184 0.11
42.79420852661133 1624363448.437184 0.11
42.16488265991211 1624363448.444198 0.11
42.79420852661133 1624363448.451191 0.11
42.16488265991211 1624363448.458285 0.11
42.79420852661133 1624363448.465272 0.11
42.79420852661133 1624363448.472305 0.11
42.16488265991211 1624363448.479308 0.11
42.79420852661133 1624363448.486346 0.11
42.16488265991211 1624363448.493283 0.11
42.16488265991211 1624363448.500246 0.11
42.79420852661133 1624363448.507297 0.11
42.16488265991211 1624363448.514335 0.11
42.79420852661133 1624363448.521301 0.11
42.79420852661133 1624363448.528307 0.11
42.16488265991211 1624363448.535137 0.11
42.79420852661133 1624363448.542109 0.11
42.16488265991211 1624363448.549158 0.11
42.79420852661133 1624363448.556102 0.11
42.79420852661133 1624363448.563061 0.11
42.16488265991211 1624363448.570091 0.11
42.79420852661133 1624363448.577101 0.11
42.16488265991211 1624363448.584112 0.11
42.79420852661133 1624363448.591129 0.11
42.79420852661133 1624363448.598232 0.11
42.16488265991211 1624363448.605237 0.11
42.79420852661133 1624363448.612166 0.11
42.79420852661133 1624363448.61923 0.11
42.16488265991211 1624363448.626202 0.11
42.79420852661133 1624363448.63325 0.11
42.16488265991211 1624363448.640266 0.11
42.79420852661133 1624363448.647257 0.11
42.79420852661133 1624363448.654146 0.11
42.16488265991211 1624363448.661189 0.11
42.79420852661133 1624363448.668126 0.11
42.16488265991211 1624363448.675155 0.11
42.79420852661133 1624363448.682265 0.11
42.79420852661133 1624363448.689233 0.11
42.16488265991211 1624363448.696172 0.11
42.79420852661133 1624363448.70314 0.11
42.16488265991211 1624363448.709938 0.11
42.16488265991211 1624363448.716982 0.11
42.79420852661133 1624363448.724063 0.11
42.16488265991211 1624363448.731039 0.11
42.79420852661133 1624363448.738069 0.11
42.16488265991211 1624363448.745081 0.11
42.16488265991211 1624363448.752121 0.11
42.79420852661133 1624363448.759052 0.11
42.79420852661133 1624363448.766134 0.11
42.79420852661133 1624363448.773154 0.11
42.79420852661133 1624363448.780102 0.11
42.16488265991211 1624363448.787208 0.11
42.79420852661133 1624363448.794195 0.11
42.16488265991211 1624363448.8012 0.11
42.16488265991211 1624363448.808157 0.11
42.79420852661133 1624363448.815183 0.11
42.16488265991211 1624363448.822173 0.11
42.79420852661133 1624363448.829109 0.11
42.16488265991211 1624363448.836165 0.11
42.16488265991211 1624363448.843154 0.11
42.79420852661133 1624363448.850209 0.11
42.16488265991211 1624363448.85717 0.11
42.79420852661133 1624363448.864167 0.11
42.79420852661133 1624363448.871183 0.11
42.16488265991211 1624363448.878224 0.11
42.79420852661133 1624363448.885143 0.11
42.16488265991211 1624363448.89217 0.11
42.16488265991211 1624363448.898958 0.11
42.79420852661133 1624363448.905952 0.11
42.16488265991211 1624363448.91305 0.11
42.79420852661133 1624363448.920037 0.11
42.16488265991211 1624363448.927097 0.11
42.16488265991211 1624363448.934093 0.11
42.79420852661133 1624363448.941045 0.11
42.16488265991211 1624363448.94817 0.11
42.79420852661133 1624363448.955042 0.11
42.79420852661133 1624363448.962039 0.11
42.16488265991211 1624363448.969024 0.11
42.79420852661133 1624363448.97604 0.11
42.16488265991211 1624363448.983067 0.11
42.79420852661133 1624363448.990099 0.11
42.79420852661133 1624363448.997108 0.11
42.16488265991211 1624363449.004147 0.11
42.79420852661133 1624363449.011118 0.11
42.16488265991211 1624363449.01812 0.11
42.16488265991211 1624363449.025094 0.11
42.16488265991211 1624363449.032119 0.11
42.16488265991211 1624363449.039081 0.11
42.16488265991211 1624363449.04609 0.11
42.16488265991211 1624363449.053062 0.11
42.16488265991211 1624363449.060034 0.11
42.79420852661133 1624363449.067067 0.11
42.16488265991211 1624363449.074105 0.11
42.79420852661133 1624363449.081125 0.11
42.79420852661133 1624363449.088106 0.11
42.16488265991211 1624363449.094936 0.11
42.16488265991211 1624363449.101914 0.11
42.16488265991211 1624363449.108881 0.11
42.16488265991211 1624363449.115967 0.11
42.79420852661133 1624363449.123009 0.11
42.16488265991211 1624363449.129908 0.11
42.79420852661133 1624363449.137004 0.11
42.16488265991211 1624363449.144058 0.11
42.16488265991211 1624363449.151011 0.11
42.79420852661133 1624363449.158 0.11
42.16488265991211 1624363449.165037 0.11
42.79420852661133 1624363449.172037 0.11
42.16488265991211 1624363449.17897 0.11
42.16488265991211 1624363449.186057 0.11
42.79420852661133 1624363449.192997 0.11
42.16488265991211 1624363449.200072 0.11
42.79420852661133 1624363449.206982 0.11
42.16488265991211 1624363449.214001 0.11
42.16488265991211 1624363449.220941 0.11
42.79420852661133 1624363449.227963 0.11
42.16488265991211 1624363449.234952 0.11
42.16488265991211 1624363449.241917 0.11
42.16488265991211 1624363449.248967 0.11
42.16488265991211 1624363449.255999 0.11
42.79420852661133 1624363449.263035 0.11
42.79420852661133 1624363449.270011 0.11
42.16488265991211 1624363449.277057 0.11
42.79420852661133 1624363449.284075 0.11
42.16488265991211 1624363449.290946 0.11
42.79420852661133 1624363449.297913 0.11
42.79420852661133 1624363449.304934 0.11
42.16488265991211 1624363449.311915 0.11
42.16488265991211 1624363449.318907 0.11
42.16488265991211 1624363449.325967 0.11
42.79420852661133 1624363449.332937 0.11
42.79420852661133 1624363449.339918 0.11
42.16488265991211 1624363449.346862 0.11
42.16488265991211 1624363449.353988 0.11
42.16488265991211 1624363449.360895 0.11
42.16488265991211 1624363449.367844 0.11
42.16488265991211 1624363449.374986 0.11
42.16488265991211 1624363449.381974 0.11
42.79420852661133 1624363449.389013 0.11
42.79420852661133 1624363449.396012 0.11
42.16488265991211 1624363449.402954 0.11
42.79420852661133 1624363449.409964 0.11
42.16488265991211 1624363449.417045 0.11
42.16488265991211 1624363449.424033 0.11
42.79420852661133 1624363449.43099 0.11
42.16488265991211 1624363449.438024 0.11
42.79420852661133 1624363449.445029 0.11
42.16488265991211 1624363449.451915 0.11
42.16488265991211 1624363449.459003 0.11
42.16488265991211 1624363449.465964 0.11
42.16488265991211 1624363449.472883 0.11
42.79420852661133 1624363449.479843 0.11
42.16488265991211 1624363449.486831 0.11
42.16488265991211 1624363449.493904 0.11
42.16488265991211 1624363449.500915 0.11
42.16488265991211 1624363449.507872 0.11
42.79420852661133 1624363449.514892 0.11
42.79420852661133 1624363449.521845 0.11
42.16488265991211 1624363449.528888 0.11
42.79420852661133 1624363449.535861 0.11
42.16488265991211 1624363449.542824 0.11
42.79420852661133 1624363449.549889 0.11
42.16488265991211 1624363449.556804 0.11
42.16488265991211 1624363449.563973 0.11
42.79420852661133 1624363449.570955 0.11
42.79420852661133 1624363449.577946 0.11
42.16488265991211 1624363449.584918 0.11
42.16488265991211 1624363449.591882 0.11
42.16488265991211 1624363449.598878 0.11
42.16488265991211 1624363449.6059 0.11
42.16488265991211 1624363449.61288 0.11
42.16488265991211 1624363449.61993 0.11
42.16488265991211 1624363449.626934 0.11
42.16488265991211 1624363449.633948 0.11
42.16488265991211 1624363449.640851 0.11
42.16488265991211 1624363449.647843 0.11
42.16488265991211 1624363449.654871 0.11
42.79420852661133 1624363449.661867 0.11
42.16488265991211 1624363449.668861 0.11
42.16488265991211 1624363449.675866 0.11
42.16488265991211 1624363449.68287 0.11
42.16488265991211 1624363449.689676 0.11
42.16488265991211 1624363449.696643 0.11
42.16488265991211 1624363449.703673 0.11
42.16488265991211 1624363449.710685 0.11
42.79420852661133 1624363449.717694 0.11
42.16488265991211 1624363449.7247 0.11
42.16488265991211 1624363449.731718 0.11
42.16488265991211 1624363449.738675 0.11
42.16488265991211 1624363449.745719 0.11
42.79420852661133 1624363449.75275 0.11
42.16488265991211 1624363449.759764 0.11
42.79420852661133 1624363449.766744 0.11
42.16488265991211 1624363449.773707 0.11
42.16488265991211 1624363449.780784 0.11
42.79420852661133 1624363449.787687 0.11
42.16488265991211 1624363449.794781 0.11
42.16488265991211 1624363449.80173 0.11
42.79420852661133 1624363449.808796 0.11
42.16488265991211 1624363449.815786 0.11
42.79420852661133 1624363449.822734 0.11
42.16488265991211 1624363449.829768 0.11
42.16488265991211 1624363449.836736 0.11
42.79420852661133 1624363449.843827 0.11
42.16488265991211 1624363449.850774 0.11
42.16488265991211 1624363449.857837 0.11
42.16488265991211 1624363449.864855 0.11
42.16488265991211 1624363449.871927 0.11
42.16488265991211 1624363449.878751 0.11
42.16488265991211 1624363449.885756 0.11
42.16488265991211 1624363449.892786 0.11
42.79420852661133 1624363449.8998 0.11
42.16488265991211 1624363449.906817 0.11
42.16488265991211 1624363449.913766 0.11
42.16488265991211 1624363449.920754 0.11
42.16488265991211 1624363449.927749 0.11
42.16488265991211 1624363449.93473 0.11
42.16488265991211 1624363449.941696 0.11
42.16488265991211 1624363449.948682 0.11
42.16488265991211 1624363449.955723 0.11
42.16488265991211 1624363449.962709 0.11
42.16488265991211 1624363449.969756 0.11
42.16488265991211 1624363449.976751 0.11
42.79420852661133 1624363449.983752 0.11
42.16488265991211 1624363449.990753 0.11
42.16488265991211 1624363449.99782 0.11
42.16488265991211 1624363450.004727 0.11
42.16488265991211 1624363450.011762 0.11
42.16488265991211 1624363450.01881 0.11
42.16488265991211 1624363450.025843 0.11
42.16488265991211 1624363450.032779 0.11
42.16488265991211 1624363450.039767 0.11
42.16488265991211 1624363450.04678 0.11
42.16488265991211 1624363450.053782 0.11
42.16488265991211 1624363450.060749 0.11
42.16488265991211 1624363450.067764 0.11
42.16488265991211 1624363450.074801 0.11
42.16488265991211 1624363450.081807 0.11
42.16488265991211 1624363450.088662 0.11
42.79420852661133 1624363450.095685 0.11
42.16488265991211 1624363450.102694 0.11
42.16488265991211 1624363450.109661 0.11
42.16488265991211 1624363450.116618 0.11
42.16488265991211 1624363450.123604 0.11
42.79420852661133 1624363450.130645 0.11
42.16488265991211 1624363450.13768 0.11
42.16488265991211 1624363450.144731 0.11
42.16488265991211 1624363450.151741 0.11
42.16488265991211 1624363450.158772 0.11
42.16488265991211 1624363450.16585 0.11
42.16488265991211 1624363450.172684 0.11
42.16488265991211 1624363450.179738 0.11
42.16488265991211 1624363450.186793 0.11
42.16488265991211 1624363450.19381 0.11
42.16488265991211 1624363450.200737 0.11
42.16488265991211 1624363450.207782 0.11
42.16488265991211 1624363450.214697 0.11
42.79420852661133 1624363450.22174 0.11
42.16488265991211 1624363450.228779 0.11
42.16488265991211 1624363450.235716 0.11
42.16488265991211 1624363450.242693 0.11
42.16488265991211 1624363450.249743 0.11
42.16488265991211 1624363450.256683 0.11
42.16488265991211 1624363450.263694 0.11
42.16488265991211 1624363450.270684 0.11
42.16488265991211 1624363450.277752 0.11
42.16488265991211 1624363450.284803 0.11
42.16488265991211 1624363450.29177 0.11
42.16488265991211 1624363450.298618 0.11
42.16488265991211 1624363450.305607 0.11
42.16488265991211 1624363450.312616 0.11
42.16488265991211 1624363450.3196 0.11
42.16488265991211 1624363450.326572 0.11
42.16488265991211 1624363450.333628 0.11
42.16488265991211 1624363450.340523 0.11
42.16488265991211 1624363450.347506 0.11
42.16488265991211 1624363450.354548 0.11
42.16488265991211 1624363450.361568 0.11
42.16488265991211 1624363450.368585 0.11
42.16488265991211 1624363450.37561 0.11
42.16488265991211 1624363450.382532 0.11
42.16488265991211 1624363450.389655 0.11
42.16488265991211 1624363450.39663 0.11
42.16488265991211 1624363450.403635 0.11
42.16488265991211 1624363450.410635 0.11
42.16488265991211 1624363450.417672 0.11
42.79420852661133 1624363450.424648 0.11
42.16488265991211 1624363450.43166 0.11
42.79420852661133 1624363450.438694 0.11
42.16488265991211 1624363450.445699 0.11
42.16488265991211 1624363450.452668 0.11
42.16488265991211 1624363450.459743 0.11
42.16488265991211 1624363450.46667 0.11
42.16488265991211 1624363450.473697 0.11
42.16488265991211 1624363450.480693 0.11
42.16488265991211 1624363450.487708 0.11
42.79420852661133 1624363450.494685 0.11
42.16488265991211 1624363450.501631 0.11
42.79420852661133 1624363450.50871 0.11
42.16488265991211 1624363450.515779 0.11
42.16488265991211 1624363450.5227 0.11
42.79420852661133 1624363450.529552 0.11
42.16488265991211 1624363450.53651 0.11
42.79420852661133 1624363450.543537 0.11
42.16488265991211 1624363450.550567 0.11
42.16488265991211 1624363450.557513 0.11
42.16488265991211 1624363450.564569 0.11
42.16488265991211 1624363450.571579 0.11
42.79420852661133 1624363450.578478 0.11
42.16488265991211 1624363450.585481 0.11
42.16488265991211 1624363450.592446 0.11
42.16488265991211 1624363450.599464 0.11
42.16488265991211 1624363450.606571 0.11
42.16488265991211 1624363450.613506 0.11
42.79420852661133 1624363450.620471 0.11
42.16488265991211 1624363450.627502 0.11
42.16488265991211 1624363450.634595 0.11
42.16488265991211 1624363450.641619 0.11
42.16488265991211 1624363450.648601 0.11
42.16488265991211 1624363450.655575 0.11
42.16488265991211 1624363450.662598 0.11
42.79420852661133 1624363450.669592 0.11
42.79420852661133 1624363450.676486 0.11
42.16488265991211 1624363450.683492 0.11
42.16488265991211 1624363450.69052 0.11
42.16488265991211 1624363450.697495 0.11
42.16488265991211 1624363450.704588 0.11
42.16488265991211 1624363450.711523 0.11
42.16488265991211 1624363450.718541 0.11
42.16488265991211 1624363450.725484 0.11
42.16488265991211 1624363450.732503 0.11
42.16488265991211 1624363450.739635 0.11
42.16488265991211 1624363450.746622 0.11
42.16488265991211 1624363450.753682 0.11
42.16488265991211 1624363450.760479 0.11
42.16488265991211 1624363450.767459 0.11
42.16488265991211 1624363450.774495 0.11
42.16488265991211 1624363450.781491 0.11
42.16488265991211 1624363450.788446 0.11
42.16488265991211 1624363450.795446 0.11
42.16488265991211 1624363450.802495 0.11
42.16488265991211 1624363450.809488 0.11
42.16488265991211 1624363450.816476 0.11
42.16488265991211 1624363450.823469 0.11
42.16488265991211 1624363450.830507 0.11
42.16488265991211 1624363450.837465 0.11
42.16488265991211 1624363450.84446 0.11
42.16488265991211 1624363450.851522 0.11
42.16488265991211 1624363450.858533 0.11
42.16488265991211 1624363450.865518 0.11
42.79420852661133 1624363450.872511 0.11
42.16488265991211 1624363450.879496 0.11
42.16488265991211 1624363450.886424 0.11
42.16488265991211 1624363450.893452 0.11
42.16488265991211 1624363450.900492 0.11
42.16488265991211 1624363450.907536 0.11
42.16488265991211 1624363450.91449 0.11
42.16488265991211 1624363450.921543 0.11
42.16488265991211 1624363450.928517 0.11
42.16488265991211 1624363450.935508 0.11
42.16488265991211 1624363450.942562 0.11
42.16488265991211 1624363450.949525 0.11
42.16488265991211 1624363450.956512 0.11
42.16488265991211 1624363450.96335 0.11
42.16488265991211 1624363450.970358 0.11
42.16488265991211 1624363450.977398 0.11
42.16488265991211 1624363450.984374 0.11
42.16488265991211 1624363450.991357 0.11
42.16488265991211 1624363450.998364 0.11
42.16488265991211 1624363451.005356 0.11
42.16488265991211 1624363451.012363 0.11
42.16488265991211 1624363451.019358 0.11
42.16488265991211 1624363451.02647 0.11
42.16488265991211 1624363451.033331 0.11
42.16488265991211 1624363451.040475 0.11
42.16488265991211 1624363451.047454 0.11
42.16488265991211 1624363451.054448 0.11
42.16488265991211 1624363451.061455 0.11
42.16488265991211 1624363451.068458 0.11
42.16488265991211 1624363451.075465 0.11
42.16488265991211 1624363451.082428 0.11
42.79420852661133 1624363451.089489 0.11
42.16488265991211 1624363451.096471 0.11
42.16488265991211 1624363451.103482 0.11
42.16488265991211 1624363451.1105 0.11
42.16488265991211 1624363451.117572 0.11
42.16488265991211 1624363451.124521 0.11
42.16488265991211 1624363451.131587 0.11
42.16488265991211 1624363451.138471 0.11
42.16488265991211 1624363451.145356 0.11
42.138362884521484 1624363451.152278 0.11
42.16488265991211 1624363451.159332 0.11
42.16488265991211 1624363451.166362 0.11
42.16488265991211 1624363451.173403 0.11
42.16488265991211 1624363451.18036 0.11
42.16488265991211 1624363451.187354 0.11
42.16488265991211 1624363451.19444 0.11
42.16488265991211 1624363451.201332 0.11
42.16488265991211 1624363451.208322 0.11
42.16488265991211 1624363451.215337 0.11
42.16488265991211 1624363451.222339 0.11
42.16488265991211 1624363451.229305 0.11
42.16488265991211 1624363451.236322 0.11
42.138362884521484 1624363451.24331 0.11
42.16488265991211 1624363451.250338 0.11
42.16488265991211 1624363451.257272 0.11
42.16488265991211 1624363451.264318 0.11
42.16488265991211 1624363451.273758 0.11
42.16488265991211 1624363451.283202 0.11
42.16488265991211 1624363451.290307 0.11
42.138362884521484 1624363451.297293 0.11
42.138362884521484 1624363451.304248 0.11
42.16488265991211 1624363451.311244 0.11
42.16488265991211 1624363451.318289 0.11
42.16488265991211 1624363451.32528 0.11
42.16488265991211 1624363451.332279 0.11
42.16488265991211 1624363451.339284 0.11
42.16488265991211 1624363451.346291 0.11
42.16488265991211 1624363451.353317 0.11
42.16488265991211 1624363451.360292 0.11
42.16488265991211 1624363451.367277 0.11
42.16488265991211 1624363451.374271 0.11
42.16488265991211 1624363451.381324 0.11
42.16488265991211 1624363451.388314 0.11
42.16488265991211 1624363451.395146 0.11
42.16488265991211 1624363451.402138 0.11
42.16488265991211 1624363451.409168 0.11
42.138362884521484 1624363451.416128 0.11
42.138362884521484 1624363451.423142 0.11
42.16488265991211 1624363451.430179 0.11
42.138362884521484 1624363451.437179 0.11
42.138362884521484 1624363451.444129 0.11
42.16488265991211 1624363451.451186 0.11
42.16488265991211 1624363451.458231 0.11
42.16488265991211 1624363451.465266 0.11
42.138362884521484 1624363451.472262 0.11
42.16488265991211 1624363451.479249 0.11
42.16488265991211 1624363451.486321 0.11
42.16488265991211 1624363451.49334 0.11
42.16488265991211 1624363451.500272 0.11
42.138362884521484 1624363451.507338 0.11
42.138362884521484 1624363451.514305 0.11
42.138362884521484 1624363451.521282 0.11
42.138362884521484 1624363451.528264 0.11
42.138362884521484 1624363451.535351 0.11
42.16488265991211 1624363451.542268 0.11
42.16488265991211 1624363451.549253 0.11
42.16488265991211 1624363451.556344 0.11
42.138362884521484 1624363451.563334 0.11
42.16488265991211 1624363451.570298 0.11
42.138362884521484 1624363451.577337 0.11
42.16488265991211 1624363451.584331 0.11
42.16488265991211 1624363451.591349 0.11
42.138362884521484 1624363451.598374 0.11
42.138362884521484 1624363451.605355 0.11
42.16488265991211 1624363451.612154 0.11
42.16488265991211 1624363451.619219 0.11
42.16488265991211 1624363451.626164 0.11
42.138362884521484 1624363451.633165 0.11
42.16488265991211 1624363451.640239 0.11
42.16488265991211 1624363451.647178 0.11
42.16488265991211 1624363451.654226 0.11
42.138362884521484 1624363451.661127 0.11
42.16488265991211 1624363451.668158 0.11
42.138362884521484 1624363451.675158 0.11
42.138362884521484 1624363451.682189 0.11
42.16488265991211 1624363451.689173 0.11
42.16488265991211 1624363451.696246 0.11
42.138362884521484 1624363451.703297 0.11
42.16488265991211 1624363451.710254 0.11
42.138362884521484 1624363451.717288 0.11
42.16488265991211 1624363451.724212 0.11
42.16488265991211 1624363451.731265 0.11
42.16488265991211 1624363451.738272 0.11
42.16488265991211 1624363451.745281 0.11
42.138362884521484 1624363451.752273 0.11
42.16488265991211 1624363451.759316 0.11
42.16488265991211 1624363451.766316 0.11
42.138362884521484 1624363451.773315 0.11
42.138362884521484 1624363451.780273 0.11
42.138362884521484 1624363451.787231 0.11
42.16488265991211 1624363451.794317 0.11
42.16488265991211 1624363451.801301 0.11
42.16488265991211 1624363451.808171 0.11
42.16488265991211 1624363451.815074 0.11
42.16488265991211 1624363451.82209 0.11
42.16488265991211 1624363451.829095 0.11
42.138362884521484 1624363451.836052 0.11
42.138362884521484 1624363451.843111 0.11
42.138362884521484 1624363451.850145 0.11
42.138362884521484 1624363451.857074 0.11
42.16488265991211 1624363451.864123 0.11
42.16488265991211 1624363451.871132 0.11
42.16488265991211 1624363451.878155 0.11
42.16488265991211 1624363451.885145 0.11
42.138362884521484 1624363451.892132 0.11
42.16488265991211 1624363451.899139 0.11
42.138362884521484 1624363451.90619 0.11
42.16488265991211 1624363451.913196 0.11
42.16488265991211 1624363451.920207 0.11
42.16488265991211 1624363451.927174 0.11
42.16488265991211 1624363451.934166 0.11
42.16488265991211 1624363451.941205 0.11
42.138362884521484 1624363451.948174 0.11
42.138362884521484 1624363451.955241 0.11
42.138362884521484 1624363451.962257 0.11
42.138362884521484 1624363451.969201 0.11
42.16488265991211 1624363451.976164 0.11
42.16488265991211 1624363451.983089 0.11
42.138362884521484 1624363451.990115 0.11
42.16488265991211 1624363451.996996 0.11
42.16488265991211 1624363452.003996 0.11
42.138362884521484 1624363452.010976 0.11
42.16488265991211 1624363452.018062 0.11
42.138362884521484 1624363452.025139 0.11
42.138362884521484 1624363452.032082 0.11
42.16488265991211 1624363452.039094 0.11
42.138362884521484 1624363452.046062 0.11
42.16488265991211 1624363452.053116 0.11
42.16488265991211 1624363452.060085 0.11
42.138362884521484 1624363452.067131 0.11
42.138362884521484 1624363452.074176 0.11
42.138362884521484 1624363452.081188 0.11
42.16488265991211 1624363452.088184 0.11
42.16488265991211 1624363452.095201 0.11
42.16488265991211 1624363452.102153 0.11
42.16488265991211 1624363452.109136 0.11
42.16488265991211 1624363452.116128 0.11
42.16488265991211 1624363452.123203 0.11
42.138362884521484 1624363452.13016 0.11
42.138362884521484 1624363452.137129 0.11
42.16488265991211 1624363452.144131 0.11
42.16488265991211 1624363452.151037 0.11
42.16488265991211 1624363452.158053 0.11
42.16488265991211 1624363452.164926 0.11
42.16488265991211 1624363452.171964 0.11
42.16488265991211 1624363452.178958 0.11
42.138362884521484 1624363452.185989 0.11
42.16488265991211 1624363452.19292 0.11
42.138362884521484 1624363452.199886 0.11
42.138362884521484 1624363452.206972 0.11
42.16488265991211 1624363452.213999 0.11
42.138362884521484 1624363452.221036 0.11
42.16488265991211 1624363452.228052 0.11
42.138362884521484 1624363452.235016 0.11
42.16488265991211 1624363452.242003 0.11
42.16488265991211 1624363452.249055 0.11
42.16488265991211 1624363452.25608 0.11
42.16488265991211 1624363452.263055 0.11
42.16488265991211 1624363452.27007 0.11
42.138362884521484 1624363452.277063 0.11
42.138362884521484 1624363452.284073 0.11
42.138362884521484 1624363452.291117 0.11
42.16488265991211 1624363452.298098 0.11
42.138362884521484 1624363452.305115 0.11
42.16488265991211 1624363452.31206 0.11
42.16488265991211 1624363452.319042 0.11
42.138362884521484 1624363452.326089 0.11
42.16488265991211 1624363452.333199 0.11
42.16488265991211 1624363452.340064 0.11
42.16488265991211 1624363452.347057 0.11
42.16488265991211 1624363452.354123 0.11
42.138362884521484 1624363452.361035 0.11
42.138362884521484 1624363452.368059 0.11
42.16488265991211 1624363452.374943 0.11
42.138362884521484 1624363452.381911 0.11
42.138362884521484 1624363452.388904 0.11
42.138362884521484 1624363452.395899 0.11
42.138362884521484 1624363452.402998 0.11
42.138362884521484 1624363452.410005 0.11
42.16488265991211 1624363452.416968 0.11
42.138362884521484 1624363452.42393 0.11
42.138362884521484 1624363452.430969 0.11
42.16488265991211 1624363452.437985 0.11
42.16488265991211 1624363452.444975 0.11
42.16488265991211 1624363452.452049 0.11
42.16488265991211 1624363452.45896 0.11
42.16488265991211 1624363452.466018 0.11
42.16488265991211 1624363452.472974 0.11
42.16488265991211 1624363452.480052 0.11
42.16488265991211 1624363452.487009 0.11
42.16488265991211 1624363452.493999 0.11
42.138362884521484 1624363452.50099 0.11
42.16488265991211 1624363452.508029 0.11
42.16488265991211 1624363452.515046 0.11
42.138362884521484 1624363452.522 0.11
42.138362884521484 1624363452.528987 0.11
42.138362884521484 1624363452.536032 0.11
42.16488265991211 1624363452.543048 0.11
42.16488265991211 1624363452.550007 0.11
42.16488265991211 1624363452.556994 0.11
42.138362884521484 1624363452.563984 0.11
42.16488265991211 1624363452.570954 0.11
42.16488265991211 1624363452.577918 0.11
42.138362884521484 1624363452.585037 0.11
42.16488265991211 1624363452.591936 0.11
42.138362884521484 1624363452.598916 0.11
42.16488265991211 1624363452.606042 0.11
42.138362884521484 1624363452.612838 0.11
42.138362884521484 1624363452.619874 0.11
42.16488265991211 1624363452.626916 0.11
42.138362884521484 1624363452.633887 0.11
42.138362884521484 1624363452.640877 0.11
42.16488265991211 1624363452.647866 0.11
42.138362884521484 1624363452.654859 0.11
42.138362884521484 1624363452.661818 0.11
42.138362884521484 1624363452.668803 0.11
42.138362884521484 1624363452.675784 0.11
42.16488265991211 1624363452.682765 0.11
42.16488265991211 1624363452.689927 0.11
42.16488265991211 1624363452.696946 0.11
42.16488265991211 1624363452.703851 0.11
42.16488265991211 1624363452.710899 0.11
42.138362884521484 1624363452.71781 0.11
42.16488265991211 1624363452.724812 0.11
42.138362884521484 1624363452.731824 0.11
42.16488265991211 1624363452.738911 0.11
42.138362884521484 1624363452.745822 0.11
42.138362884521484 1624363452.752916 0.11
42.16488265991211 1624363452.759848 0.11
42.16488265991211 1624363452.766933 0.11
42.138362884521484 1624363452.773927 0.11
42.16488265991211 1624363452.780941 0.11
42.138362884521484 1624363452.78798 0.11
42.138362884521484 1624363452.794866 0.11
42.138362884521484 1624363452.801911 0.11
42.138362884521484 1624363452.808898 0.11
42.16488265991211 1624363452.815992 0.11
42.138362884521484 1624363452.822889 0.11
42.16488265991211 1624363452.829904 0.11
42.16488265991211 1624363452.836916 0.11
42.16488265991211 1624363452.843925 0.11
42.138362884521484 1624363452.850932 0.11
42.138362884521484 1624363452.857945 0.11
42.138362884521484 1624363452.864831 0.11
42.138362884521484 1624363452.871772 0.11
42.138362884521484 1624363452.878738 0.11
42.138362884521484 1624363452.885755 0.11
42.138362884521484 1624363452.892809 0.11
42.138362884521484 1624363452.899868 0.11
42.138362884521484 1624363452.906848 0.11
42.138362884521484 1624363452.913846 0.11
42.138362884521484 1624363452.920837 0.11
42.138362884521484 1624363452.927816 0.11
42.138362884521484 1624363452.934852 0.11
42.138362884521484 1624363452.941834 0.11
42.138362884521484 1624363452.948847 0.11
42.138362884521484 1624363452.955774 0.11
42.138362884521484 1624363452.962778 0.11
42.138362884521484 1624363452.969837 0.11
42.138362884521484 1624363452.976833 0.11
42.138362884521484 1624363452.9838 0.11
42.138362884521484 1624363452.990939 0.11
42.138362884521484 1624363452.997889 0.11
42.138362884521484 1624363453.004898 0.11
42.138362884521484 1624363453.011824 0.11
42.138362884521484 1624363453.018897 0.11
42.138362884521484 1624363453.025876 0.11
42.138362884521484 1624363453.032849 0.11
42.138362884521484 1624363453.039911 0.11
42.138362884521484 1624363453.046892 0.11
42.138362884521484 1624363453.053907 0.11
42.16488265991211 1624363453.060793 0.11
42.138362884521484 1624363453.067751 0.11
42.138362884521484 1624363453.074757 0.11
42.16488265991211 1624363453.081696 0.11
42.138362884521484 1624363453.088765 0.11
42.138362884521484 1624363453.095747 0.11
42.138362884521484 1624363453.102752 0.11
42.138362884521484 1624363453.109685 0.11
42.138362884521484 1624363453.116721 0.11
42.138362884521484 1624363453.12373 0.11
42.138362884521484 1624363453.130753 0.11
42.138362884521484 1624363453.137789 0.11
42.138362884521484 1624363453.144849 0.11
42.138362884521484 1624363453.151759 0.11
42.138362884521484 1624363453.158786 0.11
42.138362884521484 1624363453.165811 0.11
42.138362884521484 1624363453.17284 0.11
42.138362884521484 1624363453.17975 0.11
42.16488265991211 1624363453.186787 0.11
42.138362884521484 1624363453.193865 0.11
42.138362884521484 1624363453.200798 0.11
42.138362884521484 1624363453.207811 0.11
42.138362884521484 1624363453.21483 0.11
42.138362884521484 1624363453.221882 0.11
42.138362884521484 1624363453.228879 0.11
42.138362884521484 1624363453.235851 0.11
42.138362884521484 1624363453.242839 0.11
42.138362884521484 1624363453.249871 0.11
42.138362884521484 1624363453.256809 0.11
42.138362884521484 1624363453.263706 0.11
42.138362884521484 1624363453.270674 0.11
42.138362884521484 1624363453.277696 0.11
42.138362884521484 1624363453.284702 0.11
42.138362884521484 1624363453.291632 0.11
42.138362884521484 1624363453.298602 0.11
42.138362884521484 1624363453.305576 0.11
42.138362884521484 1624363453.312554 0.11
42.138362884521484 1624363453.319618 0.11
42.138362884521484 1624363453.326664 0.11
42.138362884521484 1624363453.33367 0.11
42.138362884521484 1624363453.340593 0.11
42.138362884521484 1624363453.347573 0.11
42.138362884521484 1624363453.354628 0.11
42.138362884521484 1624363453.361729 0.11
42.138362884521484 1624363453.368711 0.11
42.138362884521484 1624363453.375682 0.11
42.138362884521484 1624363453.382737 0.11
42.138362884521484 1624363453.389679 0.11
42.138362884521484 1624363453.396694 0.11
42.138362884521484 1624363453.403733 0.11
42.138362884521484 1624363453.410766 0.11
42.138362884521484 1624363453.417734 0.11
42.138362884521484 1624363453.424869 0.11
42.138362884521484 1624363453.431806 0.11
42.138362884521484 1624363453.438792 0.11
42.138362884521484 1624363453.445856 0.11
42.138362884521484 1624363453.452644 0.11
42.138362884521484 1624363453.459556 0.11
42.138362884521484 1624363453.46662 0.11
42.138362884521484 1624363453.473558 0.11
42.138362884521484 1624363453.48066 0.11
42.138362884521484 1624363453.48767 0.11
42.138362884521484 1624363453.494578 0.11
42.138362884521484 1624363453.501655 0.11
42.138362884521484 1624363453.508717 0.11
42.138362884521484 1624363453.515655 0.11
42.138362884521484 1624363453.52265 0.11
42.138362884521484 1624363453.52963 0.11
42.138362884521484 1624363453.536632 0.11
42.138362884521484 1624363453.543662 0.11
42.138362884521484 1624363453.550655 0.11
42.138362884521484 1624363453.557676 0.11
42.138362884521484 1624363453.564716 0.11
42.138362884521484 1624363453.571683 0.11
42.138362884521484 1624363453.578685 0.11
42.138362884521484 1624363453.585696 0.11
42.138362884521484 1624363453.59272 0.11
42.138362884521484 1624363453.599731 0.11
42.138362884521484 1624363453.606698 0.11
42.138362884521484 1624363453.613697 0.11
42.138362884521484 1624363453.620587 0.11
42.138362884521484 1624363453.627626 0.11
42.138362884521484 1624363453.634695 0.11
42.138362884521484 1624363453.641727 0.11
42.138362884521484 1624363453.64851 0.11
42.138362884521484 1624363453.65557 0.11
42.138362884521484 1624363453.662558 0.11
42.138362884521484 1624363453.669531 0.11
42.138362884521484 1624363453.676503 0.11
42.138362884521484 1624363453.683517 0.11
42.138362884521484 1624363453.69049 0.11
42.138362884521484 1624363453.697497 0.11
42.138362884521484 1624363453.704497 0.11
42.138362884521484 1624363453.711535 0.11
42.138362884521484 1624363453.718501 0.11
42.138362884521484 1624363453.725579 0.11
42.138362884521484 1624363453.732508 0.11
42.138362884521484 1624363453.7395 0.11
42.138362884521484 1624363453.746619 0.11
42.138362884521484 1624363453.753602 0.11
42.138362884521484 1624363453.760708 0.11
42.138362884521484 1624363453.767562 0.11
42.138362884521484 1624363453.774628 0.11
42.138362884521484 1624363453.781696 0.11
42.138362884521484 1624363453.788686 0.11
42.138362884521484 1624363453.795703 0.11
42.138362884521484 1624363453.802661 0.11
42.138362884521484 1624363453.809608 0.11
42.138362884521484 1624363453.816602 0.11
42.138362884521484 1624363453.823656 0.11
42.138362884521484 1624363453.830608 0.11
42.138362884521484 1624363453.837443 0.11
42.138362884521484 1624363453.844402 0.11
42.138362884521484 1624363453.851502 0.11
42.138362884521484 1624363453.85842 0.11
42.138362884521484 1624363453.865428 0.11
42.138362884521484 1624363453.872401 0.11
42.138362884521484 1624363453.879417 0.11
41.50943374633789 1624363453.88653 0.11
42.138362884521484 1624363453.893527 0.11
42.138362884521484 1624363453.900569 0.11
42.138362884521484 1624363453.907562 0.11
42.138362884521484 1624363453.914516 0.11
42.138362884521484 1624363453.921521 0.11
42.138362884521484 1624363453.928545 0.11
42.138362884521484 1624363453.935506 0.11
42.138362884521484 1624363453.942593 0.11
42.138362884521484 1624363453.949556 0.11
42.138362884521484 1624363453.956503 0.11
42.138362884521484 1624363453.963563 0.11
42.138362884521484 1624363453.970491 0.11
42.138362884521484 1624363453.977541 0.11
42.138362884521484 1624363453.984491 0.11
42.138362884521484 1624363453.991499 0.11
41.50943374633789 1624363453.998589 0.11
42.138362884521484 1624363454.005575 0.11
42.138362884521484 1624363454.012532 0.11
42.138362884521484 1624363454.019621 0.11
42.138362884521484 1624363454.026592 0.11
42.138362884521484 1624363454.033356 0.11
42.138362884521484 1624363454.040369 0.11
42.138362884521484 1624363454.047348 0.11
42.138362884521484 1624363454.054497 0.11
42.138362884521484 1624363454.061433 0.11
42.138362884521484 1624363454.068458 0.11
42.138362884521484 1624363454.07548 0.11
42.138362884521484 1624363454.082488 0.11
42.138362884521484 1624363454.089426 0.11
42.138362884521484 1624363454.096417 0.11
42.138362884521484 1624363454.103402 0.11
42.138362884521484 1624363454.110492 0.11
42.138362884521484 1624363454.117481 0.11
42.138362884521484 1624363454.124483 0.11
42.138362884521484 1624363454.131509 0.11
42.138362884521484 1624363454.138504 0.11
42.138362884521484 1624363454.145512 0.11
42.138362884521484 1624363454.15254 0.11
42.138362884521484 1624363454.15952 0.11
42.138362884521484 1624363454.166532 0.11
42.138362884521484 1624363454.173486 0.11
42.138362884521484 1624363454.180515 0.11
42.138362884521484 1624363454.18749 0.11
42.138362884521484 1624363454.194519 0.11
42.138362884521484 1624363454.201574 0.11
42.138362884521484 1624363454.208537 0.11
42.138362884521484 1624363454.215532 0.11
42.138362884521484 1624363454.222548 0.11
42.138362884521484 1624363454.229394 0.11
42.138362884521484 1624363454.236366 0.11
42.138362884521484 1624363454.243351 0.11
42.138362884521484 1624363454.250353 0.11
42.138362884521484 1624363454.257312 0.11
42.138362884521484 1624363454.264278 0.11
42.138362884521484 1624363454.271362 0.11
42.138362884521484 1624363454.278349 0.11
42.138362884521484 1624363454.285468 0.11
42.138362884521484 1624363454.292431 0.11
42.138362884521484 1624363454.299426 0.11
42.138362884521484 1624363454.306406 0.11
42.138362884521484 1624363454.313427 0.11
42.138362884521484 1624363454.320388 0.11
42.138362884521484 1624363454.327403 0.11
42.138362884521484 1624363454.334394 0.11
42.138362884521484 1624363454.341378 0.11
42.138362884521484 1624363454.348426 0.11
42.138362884521484 1624363454.355448 0.11
42.138362884521484 1624363454.362465 0.11
42.138362884521484 1624363454.369409 0.11
42.138362884521484 1624363454.376409 0.11
42.138362884521484 1624363454.383445 0.11
42.138362884521484 1624363454.390444 0.11
42.138362884521484 1624363454.397472 0.11
42.138362884521484 1624363454.404465 0.11
42.138362884521484 1624363454.411475 0.11
42.138362884521484 1624363454.418483 0.11
42.138362884521484 1624363454.425479 0.11
42.138362884521484 1624363454.432455 0.11
42.138362884521484 1624363454.439426 0.11
42.138362884521484 1624363454.446456 0.11
42.138362884521484 1624363454.453448 0.11
42.138362884521484 1624363454.460473 0.11
42.138362884521484 1624363454.467496 0.11
42.138362884521484 1624363454.474252 0.11
42.138362884521484 1624363454.481264 0.11
42.138362884521484 1624363454.488267 0.11
42.138362884521484 1624363454.495248 0.11
42.138362884521484 1624363454.502273 0.11
42.138362884521484 1624363454.50926 0.11
42.138362884521484 1624363454.516237 0.11
42.138362884521484 1624363454.523277 0.11
42.138362884521484 1624363454.53022 0.11
42.138362884521484 1624363454.537236 0.11
42.138362884521484 1624363454.544276 0.11
42.138362884521484 1624363454.551291 0.11
42.138362884521484 1624363454.55821 0.11
42.138362884521484 1624363454.565257 0.11
42.138362884521484 1624363454.572229 0.11
42.138362884521484 1624363454.57924 0.11
42.138362884521484 1624363454.586207 0.11
42.138362884521484 1624363454.593252 0.11
42.138362884521484 1624363454.600286 0.11
42.138362884521484 1624363454.607283 0.11
42.138362884521484 1624363454.614322 0.11
42.138362884521484 1624363454.621374 0.11
42.138362884521484 1624363454.628368 0.11
42.138362884521484 1624363454.635367 0.11
42.138362884521484 1624363454.642373 0.11
42.138362884521484 1624363454.649392 0.11
42.138362884521484 1624363454.656392 0.11
42.138362884521484 1624363454.663352 0.11
42.138362884521484 1624363454.67026 0.11
42.138362884521484 1624363454.677257 0.11
42.138362884521484 1624363454.684293 0.11
42.138362884521484 1624363454.691287 0.11
42.138362884521484 1624363454.698243 0.11
42.138362884521484 1624363454.705154 0.11
42.138362884521484 1624363454.712137 0.11
42.138362884521484 1624363454.719168 0.11
42.138362884521484 1624363454.72611 0.11
42.138362884521484 1624363454.733231 0.11
42.138362884521484 1624363454.740209 0.11
42.138362884521484 1624363454.747151 0.11
42.138362884521484 1624363454.754211 0.11
42.138362884521484 1624363454.761231 0.11
42.138362884521484 1624363454.768238 0.11
42.138362884521484 1624363454.775212 0.11
42.138362884521484 1624363454.782282 0.11
42.138362884521484 1624363454.789232 0.11
42.138362884521484 1624363454.796244 0.11
42.138362884521484 1624363454.803262 0.11
42.138362884521484 1624363454.810323 0.11
42.138362884521484 1624363454.817321 0.11
42.138362884521484 1624363454.824254 0.11
42.138362884521484 1624363454.831345 0.11
42.138362884521484 1624363454.838274 0.11
42.138362884521484 1624363454.845244 0.11
42.138362884521484 1624363454.85227 0.11
42.138362884521484 1624363454.859252 0.11
42.138362884521484 1624363454.866251 0.11
42.138362884521484 1624363454.873254 0.11
42.138362884521484 1624363454.880228 0.11
42.138362884521484 1624363454.887335 0.11
42.138362884521484 1624363454.894213 0.11
42.138362884521484 1624363454.901262 0.11
42.138362884521484 1624363454.908303 0.11
42.138362884521484 1624363454.915278 0.11
41.50943374633789 1624363454.922231 0.11
42.138362884521484 1624363454.929109 0.11
42.138362884521484 1624363454.936168 0.11
42.138362884521484 1624363454.943112 0.11
42.138362884521484 1624363454.950133 0.11
42.138362884521484 1624363454.957117 0.11
42.138362884521484 1624363454.964154 0.11
42.138362884521484 1624363454.971125 0.11
42.138362884521484 1624363454.978157 0.11
42.138362884521484 1624363454.985136 0.11
42.138362884521484 1624363454.99214 0.11
42.138362884521484 1624363454.999184 0.11
42.138362884521484 1624363455.006154 0.11
42.138362884521484 1624363455.013186 0.11
42.138362884521484 1624363455.020095 0.11
42.138362884521484 1624363455.027109 0.11
42.138362884521484 1624363455.034128 0.11
42.138362884521484 1624363455.041123 0.11
42.138362884521484 1624363455.048084 0.11
42.138362884521484 1624363455.055091 0.11
42.138362884521484 1624363455.062143 0.11
42.138362884521484 1624363455.069191 0.11
42.138362884521484 1624363455.07621 0.11
42.138362884521484 1624363455.083212 0.11
42.138362884521484 1624363455.090223 0.11
42.138362884521484 1624363455.097289 0.11
42.138362884521484 1624363455.104163 0.11
42.138362884521484 1624363455.111202 0.11
42.138362884521484 1624363455.118238 0.11
42.138362884521484 1624363455.125243 0.11
42.138362884521484 1624363455.132246 0.11
42.138362884521484 1624363455.139167 0.11
42.138362884521484 1624363455.146162 0.11
42.138362884521484 1624363455.153168 0.11
42.138362884521484 1624363455.160239 0.11
42.138362884521484 1624363455.167082 0.11
42.138362884521484 1624363455.174079 0.11
42.138362884521484 1624363455.181059 0.11
42.138362884521484 1624363455.18799 0.11
41.50943374633789 1624363455.195001 0.11
42.138362884521484 1624363455.202025 0.11
42.138362884521484 1624363455.209064 0.11
42.138362884521484 1624363455.216106 0.11
42.138362884521484 1624363455.223126 0.11
41.50943374633789 1624363455.230053 0.11
42.138362884521484 1624363455.237152 0.11
42.138362884521484 1624363455.244091 0.11
42.138362884521484 1624363455.251145 0.11
42.138362884521484 1624363455.258138 0.11
42.138362884521484 1624363455.265139 0.11
42.138362884521484 1624363455.272131 0.11
42.138362884521484 1624363455.279142 0.11
42.138362884521484 1624363455.286107 0.11
42.138362884521484 1624363455.293121 0.11
42.138362884521484 1624363455.3002 0.11
42.138362884521484 1624363455.307172 0.11
42.138362884521484 1624363455.314215 0.11
41.50943374633789 1624363455.321157 0.11
42.138362884521484 1624363455.328203 0.11
42.138362884521484 1624363455.335127 0.11
42.138362884521484 1624363455.342072 0.11
42.138362884521484 1624363455.348915 0.11
41.50943374633789 1624363455.355908 0.11
42.138362884521484 1624363455.362934 0.11
42.138362884521484 1624363455.370033 0.11
41.50943374633789 1624363455.376963 0.11
42.138362884521484 1624363455.384023 0.11
42.138362884521484 1624363455.390971 0.11
42.138362884521484 1624363455.397923 0.11
42.138362884521484 1624363455.404932 0.11
42.138362884521484 1624363455.41191 0.11
42.138362884521484 1624363455.419092 0.11
42.138362884521484 1624363455.426138 0.11
42.138362884521484 1624363455.433045 0.11
42.138362884521484 1624363455.440277 0.11
42.138362884521484 1624363455.447025 0.11
42.138362884521484 1624363455.454094 0.11
42.138362884521484 1624363455.461093 0.11
42.138362884521484 1624363455.468067 0.11
42.138362884521484 1624363455.475087 0.11
41.50943374633789 1624363455.482098 0.11
42.138362884521484 1624363455.489044 0.11
42.138362884521484 1624363455.496022 0.11
42.138362884521484 1624363455.503078 0.11
42.138362884521484 1624363455.510113 0.11
42.138362884521484 1624363455.517099 0.11
42.138362884521484 1624363455.523844 0.11
42.138362884521484 1624363455.530893 0.11
42.138362884521484 1624363455.537886 0.11
42.138362884521484 1624363455.544915 0.11
42.138362884521484 1624363455.551876 0.11
42.138362884521484 1624363455.558879 0.11
42.138362884521484 1624363455.565923 0.11
42.138362884521484 1624363455.572881 0.11
42.138362884521484 1624363455.580032 0.11
42.138362884521484 1624363455.58698 0.11
42.138362884521484 1624363455.593984 0.11
42.138362884521484 1624363455.601041 0.11
42.138362884521484 1624363455.608035 0.11
42.138362884521484 1624363455.615071 0.11
42.138362884521484 1624363455.622043 0.11
42.138362884521484 1624363455.629034 0.11
42.138362884521484 1624363455.63606 0.11
42.138362884521484 1624363455.64304 0.11
42.138362884521484 1624363455.650046 0.11
42.138362884521484 1624363455.657046 0.11
42.138362884521484 1624363455.664078 0.11
42.138362884521484 1624363455.671058 0.11
42.138362884521484 1624363455.677974 0.11
42.138362884521484 1624363455.684997 0.11
42.138362884521484 1624363455.69207 0.11
41.50943374633789 1624363455.698853 0.11
42.138362884521484 1624363455.705868 0.11
42.138362884521484 1624363455.712846 0.11
42.138362884521484 1624363455.719907 0.11
42.138362884521484 1624363455.72692 0.11
42.138362884521484 1624363455.73378 0.11
42.138362884521484 1624363455.740797 0.11
42.138362884521484 1624363455.747852 0.11
42.138362884521484 1624363455.754889 0.11
42.138362884521484 1624363455.761971 0.11
42.138362884521484 1624363455.768966 0.11
41.50943374633789 1624363455.776017 0.11
42.138362884521484 1624363455.782957 0.11
42.138362884521484 1624363455.78999 0.11
42.138362884521484 1624363455.796941 0.11
42.138362884521484 1624363455.804039 0.11
42.138362884521484 1624363455.810998 0.11
42.138362884521484 1624363455.817999 0.11
41.50943374633789 1624363455.825012 0.11
42.138362884521484 1624363455.832031 0.11
42.138362884521484 1624363455.838958 0.11
42.138362884521484 1624363455.845974 0.11
42.138362884521484 1624363455.852993 0.11
42.138362884521484 1624363455.85999 0.11
42.138362884521484 1624363455.867054 0.11
42.138362884521484 1624363455.873884 0.11
41.50943374633789 1624363455.880793 0.11
42.138362884521484 1624363455.887877 0.11
42.138362884521484 1624363455.894751 0.11
42.138362884521484 1624363455.9018 0.11
42.138362884521484 1624363455.908814 0.11
42.138362884521484 1624363455.915814 0.11
42.138362884521484 1624363455.92278 0.11
42.138362884521484 1624363455.929882 0.11
41.50943374633789 1624363455.936812 0.11
42.138362884521484 1624363455.943774 0.11
42.138362884521484 1624363455.950789 0.11
42.138362884521484 1624363455.957777 0.11
42.138362884521484 1624363455.96479 0.11
42.138362884521484 1624363455.971782 0.11
42.138362884521484 1624363455.978948 0.11
42.138362884521484 1624363455.985932 0.11
42.138362884521484 1624363455.992985 0.11
42.138362884521484 1624363455.999914 0.11
41.50943374633789 1624363456.00694 0.11
42.138362884521484 1624363456.013971 0.11
42.138362884521484 1624363456.020941 0.11
41.50943374633789 1624363456.027918 0.11
42.138362884521484 1624363456.034959 0.11
42.138362884521484 1624363456.041991 0.11
42.138362884521484 1624363456.048798 0.11
42.138362884521484 1624363456.056091 0.11
42.138362884521484 1624363456.06391 0.11
42.138362884521484 1624363456.070739 0.11
41.50943374633789 1624363456.077822 0.11
42.138362884521484 1624363456.084879 0.11
42.138362884521484 1624363456.09186 0.11
42.138362884521484 1624363456.09884 0.11
42.138362884521484 1624363456.105784 0.11
42.138362884521484 1624363456.112778 0.11
42.138362884521484 1624363456.119772 0.11
42.138362884521484 1624363456.12685 0.11
41.50943374633789 1624363456.133788 0.11
42.138362884521484 1624363456.140763 0.11
42.138362884521484 1624363456.147873 0.11
42.138362884521484 1624363456.154879 0.11
42.138362884521484 1624363456.161905 0.11
42.138362884521484 1624363456.168873 0.11
42.138362884521484 1624363456.175891 0.11
42.138362884521484 1624363456.182894 0.11
41.50943374633789 1624363456.189918 0.11
42.138362884521484 1624363456.196848 0.11
42.138362884521484 1624363456.203763 0.11
42.138362884521484 1624363456.210759 0.11
42.138362884521484 1624363456.217786 0.11
41.50943374633789 1624363456.224787 0.11
42.138362884521484 1624363456.231748 0.11
42.138362884521484 1624363456.238685 0.11
42.138362884521484 1624363456.245737 0.11
42.138362884521484 1624363456.252715 0.11
41.50943374633789 1624363456.259714 0.11
42.138362884521484 1624363456.26679 0.11
42.138362884521484 1624363456.273752 0.11
42.138362884521484 1624363456.280781 0.11
42.138362884521484 1624363456.287733 0.11
42.138362884521484 1624363456.294822 0.11
42.138362884521484 1624363456.301776 0.11
42.138362884521484 1624363456.308841 0.11
42.138362884521484 1624363456.315711 0.11
42.138362884521484 1624363456.322733 0.11
42.138362884521484 1624363456.329764 0.11
42.138362884521484 1624363456.336789 0.11
42.138362884521484 1624363456.343782 0.11
42.138362884521484 1624363456.35081 0.11
42.138362884521484 1624363456.357767 0.11
42.138362884521484 1624363456.364891 0.11
42.138362884521484 1624363456.371784 0.11
42.138362884521484 1624363456.378823 0.11
42.138362884521484 1624363456.385799 0.11
42.138362884521484 1624363456.392602 0.11
42.138362884521484 1624363456.39962 0.11
42.138362884521484 1624363456.406642 0.11
42.138362884521484 1624363456.413661 0.11
41.50943374633789 1624363456.420683 0.11
42.138362884521484 1624363456.427651 0.11
42.138362884521484 1624363456.43467 0.11
42.138362884521484 1624363456.441672 0.11
42.138362884521484 1624363456.44868 0.11
42.138362884521484 1624363456.455699 0.11
42.138362884521484 1624363456.462705 0.11
42.138362884521484 1624363456.46975 0.11
41.50943374633789 1624363456.476741 0.11
42.138362884521484 1624363456.483714 0.11
42.138362884521484 1624363456.490794 0.11
42.138362884521484 1624363456.497774 0.11
42.138362884521484 1624363456.504779 0.11
41.50943374633789 1624363456.511743 0.11
42.138362884521484 1624363456.518775 0.11
42.138362884521484 1624363456.525739 0.11
41.50943374633789 1624363456.53274 0.11
42.138362884521484 1624363456.539835 0.11
42.138362884521484 1624363456.546813 0.11
42.138362884521484 1624363456.553841 0.11
42.138362884521484 1624363456.560755 0.11
41.50943374633789 1624363456.567575 0.11
42.138362884521484 1624363456.574542 0.11
42.138362884521484 1624363456.581554 0.11
42.138362884521484 1624363456.588578 0.11
42.138362884521484 1624363456.595634 0.11
42.138362884521484 1624363456.602682 0.11
42.138362884521484 1624363456.609634 0.11
42.138362884521484 1624363456.616675 0.11
41.50943374633789 1624363456.623642 0.11
42.138362884521484 1624363456.630683 0.11
41.50943374633789 1624363456.637666 0.11
42.138362884521484 1624363456.6447 0.11
42.138362884521484 1624363456.65167 0.11
41.50943374633789 1624363456.658726 0.11
42.138362884521484 1624363456.665744 0.11
42.138362884521484 1624363456.672701 0.11
42.138362884521484 1624363456.679638 0.11
42.138362884521484 1624363456.686638 0.11
41.50943374633789 1624363456.693752 0.11
42.138362884521484 1624363456.700669 0.11
42.138362884521484 1624363456.707728 0.11
41.50943374633789 1624363456.714716 0.11
42.138362884521484 1624363456.721724 0.11
41.50943374633789 1624363456.728513 0.11
42.138362884521484 1624363456.735515 0.11
42.138362884521484 1624363456.742528 0.11
41.50943374633789 1624363456.749586 0.11
42.138362884521484 1624363456.756545 0.11
41.50943374633789 1624363456.763598 0.11
42.138362884521484 1624363456.770553 0.11
42.138362884521484 1624363456.777557 0.11
41.50943374633789 1624363456.784549 0.11
42.138362884521484 1624363456.79159 0.11
42.138362884521484 1624363456.798662 0.11
41.50943374633789 1624363456.805692 0.11
42.138362884521484 1624363456.812658 0.11
41.50943374633789 1624363456.819731 0.11
42.138362884521484 1624363456.826663 0.11
42.138362884521484 1624363456.833642 0.11
41.50943374633789 1624363456.840648 0.11
42.138362884521484 1624363456.847674 0.11
42.138362884521484 1624363456.854713 0.11
42.138362884521484 1624363456.861714 0.11
42.138362884521484 1624363456.868662 0.11
42.138362884521484 1624363456.875677 0.11
42.138362884521484 1624363456.882456 0.11
41.50943374633789 1624363456.889463 0.11
42.138362884521484 1624363456.896491 0.11
42.138362884521484 1624363456.90358 0.11
41.50943374633789 1624363456.910522 0.11
42.138362884521484 1624363456.917559 0.11
42.138362884521484 1624363456.924514 0.11
42.138362884521484 1624363456.931547 0.11
42.138362884521484 1624363456.938631 0.11
41.50943374633789 1624363456.945577 0.11
42.138362884521484 1624363456.952606 0.11
42.138362884521484 1624363456.959688 0.11
41.50943374633789 1624363456.966642 0.11
42.138362884521484 1624363456.973625 0.11
42.138362884521484 1624363456.980591 0.11
42.138362884521484 1624363456.987577 0.11
42.138362884521484 1624363456.994582 0.11
41.50943374633789 1624363457.001621 0.11
42.138362884521484 1624363457.008647 0.11
42.138362884521484 1624363457.015647 0.11
41.50943374633789 1624363457.02255 0.11
42.138362884521484 1624363457.029651 0.11
41.50943374633789 1624363457.036552 0.11
42.138362884521484 1624363457.043597 0.11
42.138362884521484 1624363457.050554 0.11
41.50943374633789 1624363457.057417 0.11
42.138362884521484 1624363457.064376 0.11
42.138362884521484 1624363457.071426 0.11
42.138362884521484 1624363457.078474 0.11
42.138362884521484 1624363457.085548 0.11
41.50943374633789 1624363457.092472 0.11
42.138362884521484 1624363457.099419 0.11
42.138362884521484 1624363457.106492 0.11
41.50943374633789 1624363457.113499 0.11
42.138362884521484 1624363457.120519 0.11
41.50943374633789 1624363457.127475 0.11
42.138362884521484 1624363457.134484 0.11
42.138362884521484 1624363457.141546 0.11
41.50943374633789 1624363457.148488 0.11
42.138362884521484 1624363457.1555 0.11
42.138362884521484 1624363457.162436 0.11
42.138362884521484 1624363457.16948 0.11
42.138362884521484 1624363457.176567 0.11
41.50943374633789 1624363457.183536 0.11
42.138362884521484 1624363457.190458 0.11
42.138362884521484 1624363457.197575 0.11
41.50943374633789 1624363457.20463 0.11
42.138362884521484 1624363457.211576 0.11
41.50943374633789 1624363457.218559 0.11
42.138362884521484 1624363457.225677 0.11
42.138362884521484 1624363457.232615 0.11
41.50943374633789 1624363457.239577 0.11
42.138362884521484 1624363457.246561 0.11
42.138362884521484 1624363457.253381 0.11
42.138362884521484 1624363457.26039 0.11
42.138362884521484 1624363457.267409 0.11
41.50943374633789 1624363457.274451 0.11
42.138362884521484 1624363457.281434 0.11
42.138362884521484 1624363457.288396 0.11
42.138362884521484 1624363457.295449 0.11
42.138362884521484 1624363457.302354 0.11
41.50943374633789 1624363457.309384 0.11
42.138362884521484 1624363457.316434 0.11
42.138362884521484 1624363457.323435 0.11
41.50943374633789 1624363457.330435 0.11
42.138362884521484 1624363457.337497 0.11
42.138362884521484 1624363457.344417 0.11
42.138362884521484 1624363457.351456 0.11
42.138362884521484 1624363457.358471 0.11
41.50943374633789 1624363457.365448 0.11
42.138362884521484 1624363457.372393 0.11
42.138362884521484 1624363457.379425 0.11
41.50943374633789 1624363457.386449 0.11
42.138362884521484 1624363457.393532 0.11
41.50943374633789 1624363457.40041 0.11
42.138362884521484 1624363457.407499 0.11
42.138362884521484 1624363457.414498 0.11
41.50943374633789 1624363457.421467 0.11
42.138362884521484 1624363457.428434 0.11
41.50943374633789 1624363457.435535 0.11
42.138362884521484 1624363457.442412 0.11
42.138362884521484 1624363457.449322 0.11
41.50943374633789 1624363457.456317 0.11
42.138362884521484 1624363457.463438 0.11
42.138362884521484 1624363457.470467 0.11
42.138362884521484 1624363457.477365 0.11
42.138362884521484 1624363457.48435 0.11
41.50943374633789 1624363457.491361 0.11
42.138362884521484 1624363457.498367 0.11
42.138362884521484 1624363457.50536 0.11
41.50943374633789 1624363457.512332 0.11
42.138362884521484 1624363457.519413 0.11
41.50943374633789 1624363457.526372 0.11
42.138362884521484 1624363457.53346 0.11
42.138362884521484 1624363457.54042 0.11
41.50943374633789 1624363457.547448 0.11
42.138362884521484 1624363457.554395 0.11
42.138362884521484 1624363457.561447 0.11
42.138362884521484 1624363457.568384 0.11
42.138362884521484 1624363457.575406 0.11
41.50943374633789 1624363457.582442 0.11
42.138362884521484 1624363457.589464 0.11
41.50943374633789 1624363457.596474 0.11
41.50943374633789 1624363457.603446 0.11
42.138362884521484 1624363457.610462 0.11
41.50943374633789 1624363457.617486 0.11
42.138362884521484 1624363457.624449 0.11
42.138362884521484 1624363457.631442 0.11
41.50943374633789 1624363457.638281 0.11
42.138362884521484 1624363457.645318 0.11
41.50943374633789 1624363457.652191 0.11
42.138362884521484 1624363457.659206 0.11
42.138362884521484 1624363457.666255 0.11
42.138362884521484 1624363457.673251 0.11
42.138362884521484 1624363457.680317 0.11
42.138362884521484 1624363457.687239 0.11
41.50943374633789 1624363457.694271 0.11
42.138362884521484 1624363457.701352 0.11
41.50943374633789 1624363457.708309 0.11
42.138362884521484 1624363457.715394 0.11
42.138362884521484 1624363457.722357 0.11
41.50943374633789 1624363457.729388 0.11
42.138362884521484 1624363457.736271 0.11
41.50943374633789 1624363457.743351 0.11
42.138362884521484 1624363457.750272 0.11
42.138362884521484 1624363457.757379 0.11
41.50943374633789 1624363457.764338 0.11
42.138362884521484 1624363457.771367 0.11
41.50943374633789 1624363457.778433 0.11
42.138362884521484 1624363457.785413 0.11
42.138362884521484 1624363457.792406 0.11
41.50943374633789 1624363457.799414 0.11
42.138362884521484 1624363457.806419 0.11
42.138362884521484 1624363457.813257 0.11
42.138362884521484 1624363457.820257 0.11
42.138362884521484 1624363457.827203 0.11
41.50943374633789 1624363457.834236 0.11
42.138362884521484 1624363457.841256 0.11
42.138362884521484 1624363457.848249 0.11
41.50943374633789 1624363457.855211 0.11
42.138362884521484 1624363457.8622 0.11
41.50943374633789 1624363457.869263 0.11
42.138362884521484 1624363457.876291 0.11
42.138362884521484 1624363457.883319 0.11
41.50943374633789 1624363457.890264 0.11
42.138362884521484 1624363457.897268 0.11
41.50943374633789 1624363457.904286 0.11
42.138362884521484 1624363457.911276 0.11
42.138362884521484 1624363457.918198 0.11
41.50943374633789 1624363457.925255 0.11
42.138362884521484 1624363457.932218 0.11
42.138362884521484 1624363457.939232 0.11
41.50943374633789 1624363457.946276 0.11
42.138362884521484 1624363457.953368 0.11
41.50943374633789 1624363457.960267 0.11
42.138362884521484 1624363457.967355 0.11
42.138362884521484 1624363457.974298 0.11
41.50943374633789 1624363457.981344 0.11
42.138362884521484 1624363457.988339 0.11
41.50943374633789 1624363457.995317 0.11
42.138362884521484 1624363458.002178 0.11
42.138362884521484 1624363458.009215 0.11
41.50943374633789 1624363458.016215 0.11
42.138362884521484 1624363458.023197 0.11
41.50943374633789 1624363458.030266 0.11
42.138362884521484 1624363458.037131 0.11
42.138362884521484 1624363458.044217 0.11
41.50943374633789 1624363458.05117 0.11
42.138362884521484 1624363458.058175 0.11
42.138362884521484 1624363458.065187 0.11
41.50943374633789 1624363458.07222 0.11
42.138362884521484 1624363458.07917 0.11
41.50943374633789 1624363458.08613 0.11
42.138362884521484 1624363458.093241 0.11
42.138362884521484 1624363458.100155 0.11
41.50943374633789 1624363458.107229 0.11
42.138362884521484 1624363458.114205 0.11
42.138362884521484 1624363458.1211 0.11
41.50943374633789 1624363458.128109 0.11
42.138362884521484 1624363458.135177 0.11
41.50943374633789 1624363458.142194 0.11
42.138362884521484 1624363458.149157 0.11
42.138362884521484 1624363458.15616 0.11
41.50943374633789 1624363458.163179 0.11
42.138362884521484 1624363458.170185 0.11
41.50943374633789 1624363458.177159 0.11
42.138362884521484 1624363458.184161 0.11
42.138362884521484 1624363458.191222 0.11
41.50943374633789 1624363458.198184 0.11
42.138362884521484 1624363458.205181 0.11
41.50943374633789 1624363458.212058 0.11
41.50943374633789 1624363458.219074 0.11
42.138362884521484 1624363458.225985 0.11
41.50943374633789 1624363458.233093 0.11
42.138362884521484 1624363458.240126 0.11
41.50943374633789 1624363458.247133 0.11
41.50943374633789 1624363458.254157 0.11
42.138362884521484 1624363458.261179 0.11
41.50943374633789 1624363458.268122 0.11
42.138362884521484 1624363458.275147 0.11
42.138362884521484 1624363458.282152 0.11
41.50943374633789 1624363458.28917 0.11
42.138362884521484 1624363458.296167 0.11
41.50943374633789 1624363458.303203 0.11
41.50943374633789 1624363458.31021 0.11
42.138362884521484 1624363458.317202 0.11
41.50943374633789 1624363458.324163 0.11
42.138362884521484 1624363458.331204 0.11
42.138362884521484 1624363458.338187 0.11
41.50943374633789 1624363458.345197 0.11
42.138362884521484 1624363458.352167 0.11
41.50943374633789 1624363458.359149 0.11
41.50943374633789 1624363458.366154 0.11
42.138362884521484 1624363458.373134 0.11
41.50943374633789 1624363458.380108 0.11
42.138362884521484 1624363458.387135 0.11
41.50943374633789 1624363458.394107 0.11
41.50943374633789 1624363458.401165 0.11
42.138362884521484 1624363458.408011 0.11
41.50943374633789 1624363458.415029 0.11
42.138362884521484 1624363458.422001 0.11
42.138362884521484 1624363458.429041 0.11
41.50943374633789 1624363458.436091 0.11
42.138362884521484 1624363458.443054 0.11
41.50943374633789 1624363458.450058 0.11
41.50943374633789 1624363458.45708 0.11
42.138362884521484 1624363458.46411 0.11
41.50943374633789 1624363458.4711 0.11
42.138362884521484 1624363458.478128 0.11
42.138362884521484 1624363458.485111 0.11
42.138362884521484 1624363458.49212 0.11
41.50943374633789 1624363458.499103 0.11
41.50943374633789 1624363458.506113 0.11
41.50943374633789 1624363458.513124 0.11
42.138362884521484 1624363458.520127 0.11
41.50943374633789 1624363458.527139 0.11
42.138362884521484 1624363458.534178 0.11
41.50943374633789 1624363458.541098 0.11
41.50943374633789 1624363458.548178 0.11
42.138362884521484 1624363458.55513 0.11
41.50943374633789 1624363458.562138 0.11
42.138362884521484 1624363458.569085 0.11
42.138362884521484 1624363458.57609 0.11
41.50943374633789 1624363458.583143 0.11
42.138362884521484 1624363458.59014 0.11
41.50943374633789 1624363458.597105 0.11
42.138362884521484 1624363458.604114 0.11
42.138362884521484 1624363458.610957 0.11
41.50943374633789 1624363458.617947 0.11
42.138362884521484 1624363458.624982 0.11
41.50943374633789 1624363458.6319 0.11
41.50943374633789 1624363458.638941 0.11
42.138362884521484 1624363458.645987 0.11
41.50943374633789 1624363458.652891 0.11
42.138362884521484 1624363458.659891 0.11
42.138362884521484 1624363458.666888 0.11
41.50943374633789 1624363458.673934 0.11
42.138362884521484 1624363458.680987 0.11
41.50943374633789 1624363458.687916 0.11
41.50943374633789 1624363458.695044 0.11
42.138362884521484 1624363458.702089 0.11
41.50943374633789 1624363458.709071 0.11
41.50943374633789 1624363458.716104 0.11
42.138362884521484 1624363458.723087 0.11
41.50943374633789 1624363458.730076 0.11
42.138362884521484 1624363458.73709 0.11
41.50943374633789 1624363458.744111 0.11
42.138362884521484 1624363458.751125 0.11
42.138362884521484 1624363458.75812 0.11
41.50943374633789 1624363458.765088 0.11
42.138362884521484 1624363458.772074 0.11
41.50943374633789 1624363458.779087 0.11
41.50943374633789 1624363458.786064 0.11
41.50943374633789 1624363458.793055 0.11
41.50943374633789 1624363458.800025 0.11
