22.22222328186035 1624363495.962388 0.21
22.839506149291992 1624363495.969273 0.21
22.839506149291992 1624363495.976358 0.21
22.22222328186035 1624363495.983259 0.21
22.839506149291992 1624363495.990286 0.21
22.22222328186035 1624363495.997292 0.21
22.839506149291992 1624363496.004395 0.21
22.839506149291992 1624363496.01139 0.21
22.22222328186035 1624363496.018413 0.21
22.839506149291992 1624363496.025388 0.21
22.22222328186035 1624363496.032381 0.21
22.839506149291992 1624363496.0394 0.21
22.839506149291992 1624363496.046394 0.21
22.22222328186035 1624363496.053386 0.21
22.839506149291992 1624363496.060433 0.21
22.839506149291992 1624363496.067447 0.21
22.839506149291992 1624363496.074531 0.21
22.839506149291992 1624363496.081456 0.21
22.22222328186035 1624363496.088468 0.21
22.839506149291992 1624363496.095439 0.21
22.839506149291992 1624363496.102432 0.21
22.22222328186035 1624363496.109439 0.21
22.839506149291992 1624363496.116231 0.21
22.22222328186035 1624363496.123248 0.21
22.839506149291992 1624363496.130334 0.21
22.839506149291992 1624363496.137276 0.21
22.22222328186035 1624363496.144279 0.21
22.839506149291992 1624363496.151265 0.21
22.22222328186035 1624363496.158266 0.21
22.839506149291992 1624363496.165316 0.21
22.839506149291992 1624363496.172271 0.21
22.22222328186035 1624363496.179241 0.21
22.839506149291992 1624363496.186214 0.21
22.839506149291992 1624363496.193216 0.21
22.22222328186035 1624363496.200289 0.21
22.839506149291992 1624363496.207373 0.21
22.22222328186035 1624363496.214306 0.21
22.839506149291992 1624363496.221314 0.21
22.839506149291992 1624363496.228316 0.21
22.839506149291992 1624363496.235301 0.21
22.839506149291992 1624363496.242227 0.21
22.22222328186035 1624363496.249322 0.21
22.839506149291992 1624363496.256309 0.21
22.839506149291992 1624363496.263342 0.21
22.839506149291992 1624363496.270345 0.21
22.839506149291992 1624363496.277325 0.21
22.839506149291992 1624363496.284409 0.21
22.839506149291992 1624363496.291183 0.21
22.839506149291992 1624363496.298218 0.21
22.22222328186035 1624363496.305234 0.21
22.839506149291992 1624363496.312228 0.21
22.839506149291992 1624363496.319284 0.21
22.22222328186035 1624363496.326304 0.21
22.839506149291992 1624363496.333246 0.21
22.839506149291992 1624363496.340279 0.21
22.839506149291992 1624363496.347293 0.21
22.839506149291992 1624363496.354328 0.21
22.22222328186035 1624363496.361277 0.21
22.839506149291992 1624363496.368229 0.21
22.839506149291992 1624363496.375222 0.21
22.22222328186035 1624363496.382217 0.21
22.839506149291992 1624363496.389206 0.21
22.22222328186035 1624363496.396204 0.21
22.839506149291992 1624363496.403248 0.21
22.839506149291992 1624363496.410234 0.21
22.22222328186035 1624363496.417218 0.21
22.839506149291992 1624363496.42426 0.21
22.839506149291992 1624363496.431236 0.21
22.839506149291992 1624363496.438292 0.21
22.839506149291992 1624363496.445323 0.21
22.22222328186035 1624363496.452379 0.21
22.839506149291992 1624363496.459374 0.21
22.22222328186035 1624363496.466201 0.21
22.839506149291992 1624363496.473198 0.21
22.839506149291992 1624363496.480175 0.21
22.22222328186035 1624363496.487158 0.21
22.839506149291992 1624363496.4942 0.21
22.839506149291992 1624363496.501205 0.21
22.22222328186035 1624363496.508193 0.21
22.839506149291992 1624363496.515191 0.21
22.22222328186035 1624363496.522247 0.21
22.839506149291992 1624363496.529233 0.21
22.839506149291992 1624363496.536213 0.21
22.839506149291992 1624363496.543179 0.21
22.839506149291992 1624363496.550135 0.21
22.839506149291992 1624363496.557093 0.21
22.839506149291992 1624363496.564153 0.21
22.839506149291992 1624363496.571151 0.21
22.22222328186035 1624363496.578141 0.21
22.839506149291992 1624363496.585188 0.21
22.839506149291992 1624363496.592194 0.21
22.22222328186035 1624363496.599224 0.21
22.839506149291992 1624363496.606261 0.21
22.22222328186035 1624363496.613244 0.21
22.839506149291992 1624363496.620228 0.21
22.839506149291992 1624363496.627217 0.21
22.22222328186035 1624363496.634205 0.21
22.839506149291992 1624363496.641256 0.21
22.22222328186035 1624363496.648278 0.21
22.839506149291992 1624363496.655214 0.21
22.839506149291992 1624363496.662283 0.21
22.22222328186035 1624363496.669304 0.21
22.839506149291992 1624363496.676071 0.21
22.22222328186035 1624363496.683066 0.21
22.22222328186035 1624363496.690128 0.21
22.839506149291992 1624363496.697068 0.21
22.22222328186035 1624363496.704149 0.21
22.839506149291992 1624363496.711125 0.21
22.839506149291992 1624363496.71805 0.21
22.22222328186035 1624363496.725082 0.21
22.839506149291992 1624363496.732029 0.21
22.839506149291992 1624363496.739059 0.21
22.839506149291992 1624363496.746114 0.21
22.839506149291992 1624363496.753163 0.21
22.22222328186035 1624363496.760163 0.21
22.839506149291992 1624363496.767187 0.21
22.22222328186035 1624363496.774102 0.21
22.839506149291992 1624363496.781204 0.21
22.839506149291992 1624363496.78814 0.21
22.22222328186035 1624363496.795141 0.21
22.839506149291992 1624363496.802153 0.21
22.839506149291992 1624363496.809155 0.21
22.22222328186035 1624363496.816192 0.21
22.839506149291992 1624363496.823255 0.21
22.22222328186035 1624363496.830255 0.21
22.839506149291992 1624363496.837266 0.21
22.839506149291992 1624363496.844067 0.21
22.22222328186035 1624363496.85109 0.21
22.839506149291992 1624363496.858097 0.21
22.22222328186035 1624363496.865036 0.21
22.839506149291992 1624363496.872095 0.21
22.839506149291992 1624363496.879059 0.21
22.22222328186035 1624363496.886133 0.21
22.839506149291992 1624363496.893141 0.21
22.839506149291992 1624363496.900151 0.21
22.22222328186035 1624363496.907098 0.21
22.839506149291992 1624363496.914119 0.21
22.22222328186035 1624363496.921056 0.21
22.839506149291992 1624363496.928012 0.21
22.839506149291992 1624363496.935018 0.21
22.22222328186035 1624363496.942099 0.21
22.839506149291992 1624363496.949122 0.21
22.22222328186035 1624363496.956176 0.21
22.839506149291992 1624363496.963179 0.21
22.839506149291992 1624363496.970149 0.21
22.22222328186035 1624363496.97718 0.21
22.839506149291992 1624363496.984123 0.21
22.839506149291992 1624363496.991194 0.21
22.22222328186035 1624363496.998214 0.21
22.839506149291992 1624363497.004956 0.21
22.22222328186035 1624363497.011942 0.21
22.839506149291992 1624363497.019042 0.21
22.839506149291992 1624363497.025937 0.21
22.22222328186035 1624363497.032982 0.21
22.22222328186035 1624363497.039966 0.21
22.22222328186035 1624363497.046994 0.21
22.22222328186035 1624363497.054005 0.21
22.839506149291992 1624363497.061001 0.21
22.22222328186035 1624363497.067972 0.21
22.839506149291992 1624363497.075045 0.21
22.22222328186035 1624363497.082093 0.21
22.22222328186035 1624363497.089117 0.21
22.839506149291992 1624363497.09611 0.21
22.22222328186035 1624363497.10315 0.21
22.839506149291992 1624363497.110105 0.21
22.839506149291992 1624363497.11709 0.21
22.839506149291992 1624363497.124088 0.21
22.839506149291992 1624363497.131069 0.21
22.22222328186035 1624363497.138116 0.21
22.839506149291992 1624363497.145153 0.21
22.839506149291992 1624363497.152134 0.21
22.22222328186035 1624363497.159025 0.21
22.839506149291992 1624363497.166009 0.21
22.22222328186035 1624363497.173007 0.21
22.839506149291992 1624363497.17999 0.21
22.839506149291992 1624363497.186942 0.21
22.22222328186035 1624363497.193938 0.21
22.839506149291992 1624363497.200904 0.21
22.22222328186035 1624363497.207914 0.21
22.22222328186035 1624363497.214964 0.21
22.839506149291992 1624363497.222034 0.21
22.22222328186035 1624363497.228952 0.21
22.22222328186035 1624363497.236031 0.21
22.22222328186035 1624363497.242976 0.21
22.22222328186035 1624363497.250083 0.21
22.22222328186035 1624363497.25705 0.21
22.22222328186035 1624363497.264074 0.21
22.22222328186035 1624363497.271037 0.21
22.22222328186035 1624363497.278012 0.21
22.22222328186035 1624363497.28509 0.21
22.839506149291992 1624363497.292103 0.21
22.22222328186035 1624363497.299055 0.21
22.839506149291992 1624363497.306066 0.21
22.839506149291992 1624363497.313081 0.21
22.22222328186035 1624363497.320324 0.21
22.839506149291992 1624363497.327916 0.21
22.22222328186035 1624363497.334939 0.21
22.22222328186035 1624363497.341947 0.21
22.839506149291992 1624363497.348948 0.21
22.22222328186035 1624363497.355857 0.21
22.839506149291992 1624363497.362847 0.21
22.839506149291992 1624363497.369938 0.21
22.22222328186035 1624363497.376952 0.21
22.839506149291992 1624363497.383864 0.21
22.22222328186035 1624363497.390872 0.21
22.839506149291992 1624363497.398012 0.21
22.839506149291992 1624363497.404966 0.21
22.22222328186035 1624363497.411898 0.21
22.839506149291992 1624363497.418867 0.21
22.22222328186035 1624363497.425891 0.21
22.22222328186035 1624363497.432945 0.21
22.839506149291992 1624363497.439975 0.21
22.22222328186035 1624363497.446968 0.21
22.839506149291992 1624363497.454046 0.21
22.22222328186035 1624363497.461038 0.21
22.22222328186035 1624363497.468004 0.21
22.839506149291992 1624363497.475044 0.21
22.22222328186035 1624363497.482044 0.21
22.839506149291992 1624363497.488898 0.21
22.839506149291992 1624363497.495831 0.21
22.22222328186035 1624363497.50286 0.21
22.839506149291992 1624363497.509912 0.21
22.22222328186035 1624363497.516958 0.21
22.839506149291992 1624363497.52381 0.21
22.839506149291992 1624363497.530856 0.21
22.22222328186035 1624363497.537847 0.21
22.839506149291992 1624363497.54484 0.21
22.22222328186035 1624363497.551782 0.21
22.22222328186035 1624363497.558889 0.21
22.839506149291992 1624363497.565876 0.21
22.22222328186035 1624363497.572856 0.21
22.839506149291992 1624363497.579939 0.21
22.839506149291992 1624363497.586876 0.21
22.22222328186035 1624363497.593915 0.21
22.839506149291992 1624363497.60088 0.21
22.22222328186035 1624363497.608012 0.21
22.22222328186035 1624363497.614964 0.21
22.22222328186035 1624363497.621927 0.21
22.22222328186035 1624363497.628939 0.21
22.839506149291992 1624363497.635911 0.21
22.22222328186035 1624363497.642962 0.21
22.22222328186035 1624363497.649895 0.21
22.839506149291992 1624363497.656995 0.21
22.22222328186035 1624363497.663742 0.21
22.839506149291992 1624363497.670961 0.21
22.839506149291992 1624363497.677767 0.21
22.22222328186035 1624363497.684747 0.21
22.839506149291992 1624363497.691719 0.21
22.22222328186035 1624363497.698759 0.21
22.22222328186035 1624363497.705741 0.21
22.839506149291992 1624363497.712749 0.21
22.22222328186035 1624363497.719841 0.21
22.839506149291992 1624363497.726833 0.21
22.22222328186035 1624363497.733715 0.21
22.839506149291992 1624363497.740797 0.21
22.839506149291992 1624363497.747753 0.21
22.22222328186035 1624363497.754836 0.21
22.22222328186035 1624363497.76185 0.21
22.22222328186035 1624363497.768894 0.21
22.22222328186035 1624363497.775855 0.21
22.839506149291992 1624363497.782859 0.21
22.22222328186035 1624363497.789885 0.21
22.22222328186035 1624363497.796921 0.21
22.22222328186035 1624363497.803917 0.21
22.22222328186035 1624363497.810911 0.21
22.839506149291992 1624363497.817974 0.21
22.22222328186035 1624363497.824771 0.21
22.839506149291992 1624363497.831759 0.21
22.22222328186035 1624363497.838738 0.21
22.22222328186035 1624363497.845732 0.21
22.839506149291992 1624363497.85278 0.21
22.22222328186035 1624363497.859764 0.21
22.839506149291992 1624363497.866806 0.21
22.22222328186035 1624363497.87384 0.21
22.22222328186035 1624363497.880772 0.21
22.22222328186035 1624363497.887739 0.21
22.22222328186035 1624363497.894702 0.21
22.22222328186035 1624363497.901729 0.21
22.839506149291992 1624363497.908692 0.21
22.22222328186035 1624363497.915826 0.21
22.22222328186035 1624363497.922742 0.21
22.22222328186035 1624363497.929747 0.21
22.22222328186035 1624363497.936739 0.21
22.839506149291992 1624363497.943798 0.21
22.22222328186035 1624363497.950797 0.21
22.22222328186035 1624363497.957774 0.21
22.22222328186035 1624363497.964735 0.21
22.22222328186035 1624363497.971716 0.21
22.22222328186035 1624363497.978801 0.21
22.22222328186035 1624363497.985667 0.21
22.22222328186035 1624363497.992639 0.21
22.22222328186035 1624363497.999669 0.21
22.22222328186035 1624363498.006672 0.21
22.839506149291992 1624363498.013718 0.21
22.839506149291992 1624363498.020714 0.21
22.22222328186035 1624363498.027692 0.21
22.22222328186035 1624363498.034772 0.21
22.22222328186035 1624363498.04173 0.21
22.22222328186035 1624363498.048793 0.21
22.22222328186035 1624363498.055783 0.21
22.22222328186035 1624363498.06274 0.21
22.839506149291992 1624363498.06975 0.21
22.22222328186035 1624363498.07677 0.21
22.22222328186035 1624363498.083754 0.21
22.22222328186035 1624363498.090716 0.21
22.22222328186035 1624363498.097816 0.21
22.22222328186035 1624363498.10482 0.21
22.22222328186035 1624363498.11177 0.21
22.22222328186035 1624363498.11879 0.21
22.22222328186035 1624363498.1258 0.21
22.22222328186035 1624363498.13271 0.21
22.839506149291992 1624363498.139688 0.21
22.22222328186035 1624363498.14668 0.21
22.22222328186035 1624363498.153692 0.21
22.22222328186035 1624363498.160656 0.21
22.22222328186035 1624363498.167593 0.21
22.22222328186035 1624363498.174695 0.21
22.22222328186035 1624363498.181597 0.21
22.22222328186035 1624363498.188553 0.21
22.22222328186035 1624363498.195684 0.21
22.22222328186035 1624363498.20269 0.21
22.22222328186035 1624363498.209718 0.21
22.839506149291992 1624363498.216707 0.21
22.22222328186035 1624363498.223729 0.21
22.839506149291992 1624363498.230728 0.21
22.839506149291992 1624363498.237704 0.21
22.22222328186035 1624363498.244701 0.21
22.839506149291992 1624363498.251733 0.21
22.22222328186035 1624363498.258786 0.21
22.22222328186035 1624363498.265785 0.21
22.22222328186035 1624363498.272793 0.21
22.22222328186035 1624363498.279757 0.21
22.839506149291992 1624363498.286707 0.21
22.22222328186035 1624363498.293713 0.21
22.22222328186035 1624363498.300781 0.21
22.22222328186035 1624363498.307769 0.21
22.22222328186035 1624363498.314629 0.21
22.839506149291992 1624363498.32163 0.21
22.22222328186035 1624363498.328597 0.21
22.22222328186035 1624363498.33566 0.21
22.22222328186035 1624363498.342656 0.21
22.22222328186035 1624363498.349546 0.21
22.22222328186035 1624363498.356619 0.21
22.22222328186035 1624363498.363562 0.21
22.22222328186035 1624363498.370606 0.21
22.839506149291992 1624363498.377676 0.21
22.22222328186035 1624363498.384675 0.21
22.22222328186035 1624363498.391665 0.21
22.22222328186035 1624363498.398652 0.21
22.22222328186035 1624363498.40566 0.21
22.22222328186035 1624363498.412648 0.21
22.839506149291992 1624363498.419676 0.21
22.22222328186035 1624363498.42669 0.21
22.839506149291992 1624363498.433642 0.21
22.22222328186035 1624363498.440663 0.21
22.22222328186035 1624363498.447642 0.21
22.22222328186035 1624363498.454482 0.21
22.22222328186035 1624363498.461563 0.21
22.22222328186035 1624363498.468542 0.21
22.22222328186035 1624363498.475425 0.21
22.22222328186035 1624363498.482468 0.21
22.22222328186035 1624363498.489439 0.21
22.22222328186035 1624363498.496593 0.21
22.22222328186035 1624363498.503664 0.21
22.22222328186035 1624363498.510712 0.21
22.22222328186035 1624363498.517655 0.21
22.22222328186035 1624363498.524649 0.21
22.22222328186035 1624363498.531663 0.21
22.22222328186035 1624363498.538687 0.21
22.22222328186035 1624363498.545668 0.21
22.22222328186035 1624363498.552646 0.21
22.839506149291992 1624363498.559625 0.21
22.22222328186035 1624363498.566599 0.21
22.22222328186035 1624363498.573617 0.21
22.839506149291992 1624363498.58069 0.21
22.22222328186035 1624363498.587698 0.21
22.22222328186035 1624363498.594643 0.21
22.839506149291992 1624363498.601653 0.21
22.22222328186035 1624363498.608669 0.21
22.22222328186035 1624363498.615511 0.21
22.22222328186035 1624363498.622473 0.21
22.839506149291992 1624363498.629457 0.21
22.22222328186035 1624363498.636507 0.21
22.22222328186035 1624363498.643405 0.21
22.22222328186035 1624363498.650451 0.21
22.22222328186035 1624363498.657465 0.21
22.22222328186035 1624363498.664452 0.21
22.22222328186035 1624363498.671528 0.21
22.22222328186035 1624363498.678558 0.21
22.839506149291992 1624363498.685596 0.21
22.839506149291992 1624363498.692497 0.21
22.22222328186035 1624363498.699429 0.21
22.22222328186035 1624363498.706457 0.21
22.22222328186035 1624363498.713512 0.21
22.22222328186035 1624363498.72058 0.21
22.22222328186035 1624363498.727616 0.21
22.22222328186035 1624363498.734617 0.21
22.839506149291992 1624363498.741626 0.21
22.22222328186035 1624363498.748567 0.21
22.22222328186035 1624363498.755534 0.21
22.22222328186035 1624363498.762591 0.21
22.22222328186035 1624363498.769438 0.21
22.22222328186035 1624363498.776454 0.21
22.22222328186035 1624363498.783442 0.21
22.22222328186035 1624363498.790469 0.21
22.22222328186035 1624363498.797527 0.21
22.22222328186035 1624363498.804488 0.21
22.22222328186035 1624363498.811491 0.21
22.22222328186035 1624363498.818484 0.21
22.22222328186035 1624363498.825491 0.21
22.839506149291992 1624363498.832496 0.21
22.22222328186035 1624363498.839538 0.21
22.839506149291992 1624363498.846556 0.21
22.22222328186035 1624363498.853526 0.21
22.22222328186035 1624363498.860441 0.21
22.839506149291992 1624363498.867521 0.21
22.22222328186035 1624363498.874507 0.21
22.22222328186035 1624363498.881585 0.21
22.839506149291992 1624363498.888513 0.21
22.22222328186035 1624363498.895514 0.21
22.22222328186035 1624363498.902512 0.21
22.22222328186035 1624363498.909553 0.21
22.22222328186035 1624363498.916518 0.21
22.22222328186035 1624363498.923514 0.21
22.22222328186035 1624363498.930523 0.21
22.22222328186035 1624363498.937551 0.21
22.839506149291992 1624363498.944433 0.21
22.22222328186035 1624363498.951395 0.21
22.22222328186035 1624363498.958386 0.21
22.22222328186035 1624363498.965441 0.21
22.22222328186035 1624363498.972378 0.21
22.839506149291992 1624363498.9794 0.21
22.22222328186035 1624363498.986459 0.21
22.22222328186035 1624363498.993361 0.21
22.22222328186035 1624363499.000416 0.21
22.22222328186035 1624363499.007442 0.21
22.22222328186035 1624363499.014457 0.21
22.22222328186035 1624363499.021387 0.21
22.22222328186035 1624363499.028456 0.21
22.22222328186035 1624363499.035486 0.21
22.22222328186035 1624363499.042497 0.21
22.22222328186035 1624363499.04951 0.21
22.22222328186035 1624363499.056577 0.21
22.22222328186035 1624363499.063546 0.21
22.839506149291992 1624363499.07048 0.21
22.22222328186035 1624363499.077497 0.21
22.22222328186035 1624363499.084352 0.21
22.22222328186035 1624363499.09139 0.21
22.22222328186035 1624363499.098338 0.21
22.22222328186035 1624363499.105378 0.21
22.22222328186035 1624363499.11231 0.21
22.22222328186035 1624363499.119381 0.21
22.22222328186035 1624363499.126333 0.21
22.22222328186035 1624363499.133402 0.21
22.22222328186035 1624363499.140481 0.21
22.22222328186035 1624363499.147384 0.21
22.22222328186035 1624363499.154386 0.21
22.22222328186035 1624363499.161429 0.21
22.22222328186035 1624363499.168466 0.21
22.22222328186035 1624363499.175442 0.21
22.22222328186035 1624363499.182472 0.21
22.839506149291992 1624363499.189486 0.21
22.839506149291992 1624363499.196557 0.21
22.22222328186035 1624363499.203484 0.21
22.839506149291992 1624363499.210433 0.21
22.22222328186035 1624363499.217454 0.21
22.22222328186035 1624363499.224376 0.21
22.22222328186035 1624363499.231432 0.21
22.22222328186035 1624363499.238328 0.21
22.22222328186035 1624363499.245274 0.21
22.22222328186035 1624363499.252331 0.21
22.22222328186035 1624363499.259321 0.21
22.22222328186035 1624363499.266348 0.21
22.22222328186035 1624363499.273311 0.21
22.22222328186035 1624363499.280331 0.21
22.22222328186035 1624363499.287332 0.21
22.22222328186035 1624363499.294371 0.21
22.22222328186035 1624363499.301387 0.21
22.22222328186035 1624363499.308434 0.21
22.22222328186035 1624363499.315407 0.21
22.22222328186035 1624363499.32233 0.21
22.22222328186035 1624363499.329333 0.21
22.839506149291992 1624363499.336412 0.21
22.22222328186035 1624363499.343367 0.21
22.22222328186035 1624363499.350377 0.21
22.22222328186035 1624363499.357488 0.21
22.22222328186035 1624363499.364402 0.21
22.22222328186035 1624363499.371483 0.21
22.22222328186035 1624363499.378439 0.21
22.22222328186035 1624363499.385242 0.21
22.22222328186035 1624363499.392279 0.21
22.22222328186035 1624363499.399232 0.21
22.22222328186035 1624363499.406243 0.21
22.22222328186035 1624363499.413259 0.21
22.22222328186035 1624363499.420285 0.21
22.22222328186035 1624363499.427297 0.21
22.22222328186035 1624363499.434313 0.21
22.22222328186035 1624363499.441303 0.21
22.22222328186035 1624363499.448353 0.21
22.22222328186035 1624363499.455347 0.21
22.839506149291992 1624363499.462357 0.21
22.22222328186035 1624363499.469329 0.21
22.22222328186035 1624363499.476309 0.21
22.22222328186035 1624363499.483305 0.21
22.22222328186035 1624363499.490389 0.21
22.22222328186035 1624363499.497243 0.21
22.22222328186035 1624363499.504278 0.21
22.22222328186035 1624363499.511295 0.21
22.22222328186035 1624363499.518387 0.21
22.22222328186035 1624363499.525314 0.21
22.22222328186035 1624363499.532283 0.21
22.22222328186035 1624363499.539301 0.21
22.22222328186035 1624363499.546282 0.21
22.22222328186035 1624363499.553114 0.21
22.22222328186035 1624363499.560134 0.21
22.22222328186035 1624363499.567255 0.21
22.22222328186035 1624363499.574213 0.21
22.22222328186035 1624363499.581238 0.21
22.22222328186035 1624363499.588208 0.21
22.22222328186035 1624363499.595236 0.21
22.22222328186035 1624363499.602275 0.21
22.22222328186035 1624363499.609316 0.21
22.22222328186035 1624363499.616309 0.21
22.22222328186035 1624363499.623324 0.21
22.22222328186035 1624363499.630307 0.21
22.22222328186035 1624363499.637277 0.21
22.839506149291992 1624363499.644292 0.21
22.22222328186035 1624363499.65132 0.21
22.22222328186035 1624363499.658308 0.21
22.22222328186035 1624363499.665292 0.21
22.22222328186035 1624363499.672279 0.21
22.22222328186035 1624363499.679371 0.21
22.22222328186035 1624363499.686122 0.21
22.22222328186035 1624363499.693136 0.21
22.22222328186035 1624363499.700123 0.21
22.22222328186035 1624363499.707111 0.21
22.22222328186035 1624363499.714194 0.21
22.22222328186035 1624363499.721204 0.21
22.22222328186035 1624363499.728107 0.21
22.22222328186035 1624363499.735099 0.21
22.22222328186035 1624363499.74218 0.21
22.22222328186035 1624363499.74929 0.21
22.22222328186035 1624363499.75627 0.21
22.22222328186035 1624363499.763235 0.21
22.22222328186035 1624363499.770266 0.21
22.22222328186035 1624363499.777246 0.21
22.22222328186035 1624363499.784274 0.21
22.839506149291992 1624363499.791286 0.21
22.22222328186035 1624363499.798311 0.21
22.22222328186035 1624363499.805298 0.21
22.22222328186035 1624363499.812313 0.21
22.22222328186035 1624363499.819234 0.21
22.22222328186035 1624363499.826251 0.21
22.839506149291992 1624363499.833246 0.21
22.22222328186035 1624363499.840045 0.21
22.22222328186035 1624363499.84711 0.21
22.22222328186035 1624363499.85407 0.21
22.22222328186035 1624363499.861105 0.21
22.839506149291992 1624363499.868061 0.21
22.22222328186035 1624363499.875102 0.21
22.22222328186035 1624363499.882129 0.21
22.22222328186035 1624363499.889114 0.21
22.22222328186035 1624363499.89608 0.21
22.22222328186035 1624363499.90317 0.21
22.22222328186035 1624363499.910051 0.21
22.22222328186035 1624363499.917091 0.21
22.22222328186035 1624363499.924193 0.21
22.22222328186035 1624363499.931256 0.21
22.22222328186035 1624363499.938217 0.21
22.22222328186035 1624363499.945193 0.21
22.22222328186035 1624363499.952144 0.21
22.22222328186035 1624363499.959226 0.21
22.22222328186035 1624363499.966225 0.21
22.22222328186035 1624363499.973257 0.21
22.22222328186035 1624363499.980266 0.21
22.22222328186035 1624363499.987204 0.21
22.22222328186035 1624363499.994258 0.21
22.22222328186035 1624363500.001023 0.21
22.839506149291992 1624363500.008054 0.21
22.22222328186035 1624363500.015038 0.21
22.22222328186035 1624363500.02209 0.21
22.22222328186035 1624363500.029086 0.21
22.22222328186035 1624363500.036001 0.21
22.22222328186035 1624363500.043006 0.21
22.22222328186035 1624363500.050056 0.21
22.22222328186035 1624363500.057075 0.21
22.22222328186035 1624363500.064128 0.21
22.22222328186035 1624363500.071114 0.21
22.22222328186035 1624363500.078208 0.21
22.22222328186035 1624363500.085185 0.21
22.22222328186035 1624363500.092114 0.21
22.22222328186035 1624363500.09912 0.21
22.22222328186035 1624363500.106133 0.21
22.22222328186035 1624363500.113201 0.21
22.22222328186035 1624363500.120141 0.21
22.22222328186035 1624363500.127105 0.21
22.22222328186035 1624363500.134195 0.21
22.22222328186035 1624363500.141157 0.21
22.22222328186035 1624363500.148147 0.21
22.22222328186035 1624363500.15514 0.21
22.22222328186035 1624363500.162084 0.21
22.22222328186035 1624363500.169047 0.21
22.22222328186035 1624363500.176187 0.21
22.22222328186035 1624363500.183034 0.21
22.22222328186035 1624363500.190056 0.21
22.839506149291992 1624363500.197054 0.21
22.22222328186035 1624363500.203993 0.21
22.22222328186035 1624363500.210965 0.21
22.22222328186035 1624363500.218065 0.21
22.22222328186035 1624363500.224972 0.21
22.22222328186035 1624363500.232051 0.21
22.22222328186035 1624363500.239023 0.21
22.22222328186035 1624363500.246045 0.21
22.22222328186035 1624363500.252961 0.21
22.22222328186035 1624363500.260028 0.21
22.22222328186035 1624363500.266986 0.21
22.22222328186035 1624363500.274044 0.21
22.22222328186035 1624363500.280995 0.21
22.22222328186035 1624363500.288055 0.21
22.22222328186035 1624363500.295062 0.21
22.22222328186035 1624363500.302036 0.21
22.22222328186035 1624363500.309098 0.21
22.22222328186035 1624363500.316153 0.21
22.22222328186035 1624363500.323171 0.21
22.22222328186035 1624363500.33014 0.21
22.22222328186035 1624363500.337115 0.21
22.22222328186035 1624363500.343939 0.21
22.22222328186035 1624363500.350954 0.21
22.22222328186035 1624363500.357896 0.21
22.22222328186035 1624363500.364918 0.21
22.22222328186035 1624363500.371935 0.21
22.22222328186035 1624363500.378893 0.21
22.22222328186035 1624363500.385929 0.21
22.22222328186035 1624363500.392881 0.21
22.22222328186035 1624363500.399883 0.21
22.22222328186035 1624363500.406878 0.21
22.22222328186035 1624363500.413936 0.21
22.22222328186035 1624363500.421031 0.21
22.22222328186035 1624363500.427933 0.21
22.22222328186035 1624363500.434969 0.21
22.22222328186035 1624363500.442018 0.21
22.22222328186035 1624363500.449049 0.21
22.22222328186035 1624363500.456078 0.21
22.22222328186035 1624363500.463044 0.21
22.22222328186035 1624363500.470014 0.21
22.22222328186035 1624363500.477005 0.21
22.22222328186035 1624363500.484078 0.21
22.22222328186035 1624363500.491127 0.21
22.22222328186035 1624363500.498149 0.21
22.22222328186035 1624363500.50739 0.21
22.22222328186035 1624363500.514988 0.21
22.22222328186035 1624363500.522005 0.21
22.22222328186035 1624363500.528931 0.21
22.22222328186035 1624363500.535956 0.21
22.22222328186035 1624363500.54289 0.21
22.22222328186035 1624363500.54987 0.21
22.22222328186035 1624363500.556877 0.21
22.22222328186035 1624363500.563926 0.21
22.22222328186035 1624363500.570912 0.21
22.22222328186035 1624363500.577916 0.21
22.22222328186035 1624363500.584914 0.21
22.22222328186035 1624363500.591933 0.21
22.22222328186035 1624363500.598895 0.21
22.22222328186035 1624363500.60593 0.21
22.22222328186035 1624363500.6128 0.21
22.22222328186035 1624363500.619848 0.21
22.22222328186035 1624363500.626781 0.21
22.22222328186035 1624363500.633899 0.21
22.22222328186035 1624363500.640894 0.21
22.22222328186035 1624363500.647858 0.21
22.22222328186035 1624363500.654818 0.21
22.22222328186035 1624363500.661785 0.21
22.22222328186035 1624363500.668852 0.21
22.22222328186035 1624363500.675815 0.21
22.22222328186035 1624363500.682818 0.21
22.208513259887695 1624363500.689831 0.21
22.22222328186035 1624363500.696831 0.21
22.22222328186035 1624363500.703855 0.21
22.22222328186035 1624363500.710839 0.21
22.22222328186035 1624363500.717871 0.21
22.22222328186035 1624363500.724882 0.21
22.208513259887695 1624363500.731892 0.21
22.22222328186035 1624363500.738892 0.21
22.22222328186035 1624363500.745874 0.21
22.22222328186035 1624363500.752873 0.21
22.22222328186035 1624363500.759878 0.21
22.22222328186035 1624363500.766879 0.21
22.22222328186035 1624363500.773719 0.21
22.22222328186035 1624363500.780748 0.21
22.22222328186035 1624363500.787788 0.21
22.208513259887695 1624363500.794737 0.21
22.22222328186035 1624363500.801814 0.21
22.22222328186035 1624363500.80882 0.21
22.22222328186035 1624363500.815754 0.21
22.22222328186035 1624363500.822844 0.21
22.208513259887695 1624363500.829835 0.21
22.208513259887695 1624363500.836877 0.21
22.208513259887695 1624363500.843927 0.21
22.22222328186035 1624363500.850917 0.21
22.22222328186035 1624363500.857846 0.21
22.208513259887695 1624363500.864934 0.21
22.22222328186035 1624363500.872019 0.21
22.22222328186035 1624363500.878955 0.21
22.22222328186035 1624363500.885928 0.21
22.22222328186035 1624363500.892949 0.21
22.22222328186035 1624363500.899981 0.21
22.22222328186035 1624363500.906929 0.21
22.22222328186035 1624363500.913813 0.21
22.22222328186035 1624363500.920846 0.21
22.22222328186035 1624363500.927779 0.21
22.22222328186035 1624363500.934839 0.21
22.22222328186035 1624363500.941807 0.21
22.22222328186035 1624363500.948865 0.21
22.22222328186035 1624363500.955827 0.21
22.22222328186035 1624363500.962828 0.21
22.208513259887695 1624363500.969845 0.21
22.22222328186035 1624363500.976851 0.21
22.208513259887695 1624363500.983805 0.21
22.22222328186035 1624363500.990793 0.21
22.22222328186035 1624363500.997817 0.21
22.208513259887695 1624363501.004828 0.21
22.208513259887695 1624363501.011797 0.21
22.208513259887695 1624363501.018862 0.21
22.208513259887695 1624363501.025829 0.21
22.208513259887695 1624363501.032833 0.21
22.208513259887695 1624363501.039805 0.21
22.22222328186035 1624363501.046896 0.21
22.22222328186035 1624363501.053685 0.21
22.22222328186035 1624363501.060749 0.21
22.22222328186035 1624363501.067758 0.21
22.208513259887695 1624363501.074734 0.21
22.22222328186035 1624363501.081776 0.21
22.22222328186035 1624363501.088759 0.21
22.208513259887695 1624363501.095801 0.21
22.22222328186035 1624363501.102746 0.21
22.22222328186035 1624363501.109784 0.21
22.22222328186035 1624363501.116823 0.21
22.22222328186035 1624363501.123771 0.21
22.22222328186035 1624363501.130842 0.21
22.22222328186035 1624363501.137795 0.21
22.22222328186035 1624363501.144838 0.21
22.22222328186035 1624363501.151831 0.21
22.22222328186035 1624363501.158798 0.21
22.208513259887695 1624363501.165819 0.21
22.22222328186035 1624363501.172847 0.21
22.22222328186035 1624363501.179828 0.21
22.22222328186035 1624363501.186836 0.21
22.208513259887695 1624363501.193835 0.21
22.22222328186035 1624363501.200838 0.21
22.208513259887695 1624363501.207676 0.21
22.208513259887695 1624363501.214668 0.21
22.22222328186035 1624363501.221695 0.21
22.208513259887695 1624363501.22872 0.21
22.22222328186035 1624363501.23571 0.21
22.22222328186035 1624363501.242675 0.21
22.22222328186035 1624363501.249751 0.21
22.208513259887695 1624363501.256775 0.21
22.208513259887695 1624363501.263767 0.21
22.208513259887695 1624363501.270719 0.21
22.22222328186035 1624363501.277744 0.21
22.22222328186035 1624363501.28478 0.21
22.22222328186035 1624363501.291754 0.21
22.22222328186035 1624363501.298757 0.21
22.22222328186035 1624363501.305826 0.21
22.22222328186035 1624363501.312784 0.21
22.208513259887695 1624363501.319861 0.21
22.22222328186035 1624363501.326837 0.21
22.22222328186035 1624363501.333779 0.21
22.208513259887695 1624363501.340821 0.21
22.208513259887695 1624363501.347811 0.21
22.22222328186035 1624363501.354693 0.21
22.208513259887695 1624363501.361607 0.21
22.22222328186035 1624363501.368656 0.21
22.208513259887695 1624363501.375743 0.21
22.22222328186035 1624363501.382659 0.21
22.22222328186035 1624363501.389692 0.21
22.22222328186035 1624363501.396691 0.21
22.22222328186035 1624363501.403666 0.21
22.22222328186035 1624363501.410669 0.21
22.208513259887695 1624363501.417732 0.21
22.22222328186035 1624363501.424727 0.21
22.22222328186035 1624363501.43175 0.21
22.22222328186035 1624363501.438741 0.21
22.208513259887695 1624363501.445709 0.21
22.208513259887695 1624363501.452715 0.21
22.22222328186035 1624363501.459742 0.21
22.22222328186035 1624363501.4667 0.21
22.22222328186035 1624363501.47371 0.21
22.22222328186035 1624363501.480781 0.21
22.208513259887695 1624363501.487772 0.21
22.208513259887695 1624363501.49477 0.21
22.22222328186035 1624363501.501807 0.21
22.208513259887695 1624363501.50861 0.21
22.208513259887695 1624363501.515579 0.21
22.208513259887695 1624363501.522585 0.21
22.208513259887695 1624363501.529686 0.21
22.208513259887695 1624363501.536621 0.21
22.208513259887695 1624363501.543642 0.21
22.208513259887695 1624363501.550658 0.21
22.208513259887695 1624363501.557666 0.21
22.208513259887695 1624363501.564666 0.21
22.22222328186035 1624363501.571647 0.21
22.208513259887695 1624363501.578694 0.21
22.208513259887695 1624363501.585699 0.21
22.208513259887695 1624363501.592702 0.21
22.208513259887695 1624363501.599658 0.21
22.22222328186035 1624363501.606684 0.21
22.22222328186035 1624363501.613695 0.21
22.208513259887695 1624363501.620699 0.21
22.208513259887695 1624363501.627676 0.21
22.22222328186035 1624363501.634694 0.21
22.208513259887695 1624363501.641699 0.21
22.208513259887695 1624363501.648681 0.21
22.208513259887695 1624363501.655756 0.21
22.22222328186035 1624363501.662715 0.21
22.208513259887695 1624363501.669608 0.21
22.208513259887695 1624363501.676543 0.21
22.208513259887695 1624363501.683547 0.21
22.208513259887695 1624363501.690552 0.21
22.22222328186035 1624363501.697595 0.21
22.208513259887695 1624363501.704581 0.21
22.22222328186035 1624363501.711579 0.21
22.22222328186035 1624363501.718576 0.21
22.208513259887695 1624363501.725653 0.21
22.208513259887695 1624363501.732592 0.21
22.208513259887695 1624363501.739576 0.21
22.208513259887695 1624363501.746563 0.21
22.208513259887695 1624363501.753592 0.21
22.208513259887695 1624363501.760638 0.21
22.208513259887695 1624363501.767642 0.21
22.22222328186035 1624363501.774692 0.21
22.208513259887695 1624363501.781647 0.21
22.22222328186035 1624363501.788648 0.21
22.22222328186035 1624363501.79572 0.21
22.22222328186035 1624363501.802693 0.21
22.208513259887695 1624363501.809501 0.21
22.208513259887695 1624363501.816548 0.21
22.208513259887695 1624363501.823562 0.21
22.208513259887695 1624363501.830558 0.21
22.208513259887695 1624363501.83761 0.21
22.208513259887695 1624363501.844563 0.21
22.22222328186035 1624363501.851581 0.21
22.208513259887695 1624363501.858601 0.21
22.22222328186035 1624363501.865556 0.21
22.22222328186035 1624363501.872484 0.21
22.208513259887695 1624363501.879529 0.21
22.208513259887695 1624363501.886557 0.21
22.208513259887695 1624363501.893527 0.21
22.208513259887695 1624363501.900503 0.21
22.208513259887695 1624363501.907528 0.21
22.208513259887695 1624363501.91452 0.21
22.22222328186035 1624363501.921577 0.21
22.22222328186035 1624363501.928601 0.21
22.208513259887695 1624363501.93558 0.21
22.208513259887695 1624363501.942666 0.21
22.208513259887695 1624363501.94966 0.21
22.22222328186035 1624363501.956603 0.21
22.208513259887695 1624363501.963416 0.21
22.22222328186035 1624363501.970406 0.21
22.22222328186035 1624363501.977403 0.21
22.208513259887695 1624363501.984439 0.21
22.208513259887695 1624363501.991465 0.21
22.22222328186035 1624363501.998492 0.21
22.208513259887695 1624363502.005458 0.21
22.208513259887695 1624363502.012391 0.21
22.208513259887695 1624363502.019494 0.21
22.22222328186035 1624363502.026484 0.21
22.208513259887695 1624363502.033507 0.21
22.208513259887695 1624363502.040562 0.21
22.208513259887695 1624363502.047597 0.21
22.208513259887695 1624363502.054602 0.21
22.208513259887695 1624363502.061565 0.21
22.208513259887695 1624363502.068591 0.21
22.208513259887695 1624363502.075582 0.21
22.208513259887695 1624363502.082616 0.21
22.208513259887695 1624363502.089608 0.21
22.208513259887695 1624363502.096539 0.21
22.208513259887695 1624363502.103565 0.21
22.208513259887695 1624363502.11057 0.21
22.208513259887695 1624363502.117428 0.21
22.208513259887695 1624363502.124406 0.21
22.208513259887695 1624363502.131445 0.21
22.208513259887695 1624363502.138431 0.21
22.208513259887695 1624363502.145431 0.21
22.208513259887695 1624363502.152502 0.21
22.208513259887695 1624363502.159501 0.21
22.208513259887695 1624363502.166466 0.21
22.208513259887695 1624363502.173379 0.21
22.208513259887695 1624363502.180453 0.21
22.208513259887695 1624363502.187494 0.21
22.208513259887695 1624363502.194472 0.21
22.208513259887695 1624363502.201471 0.21
22.208513259887695 1624363502.208487 0.21
22.208513259887695 1624363502.215575 0.21
22.208513259887695 1624363502.222601 0.21
22.208513259887695 1624363502.229566 0.21
22.208513259887695 1624363502.236594 0.21
22.208513259887695 1624363502.243568 0.21
22.208513259887695 1624363502.250537 0.21
22.208513259887695 1624363502.257406 0.21
22.208513259887695 1624363502.264371 0.21
22.208513259887695 1624363502.271311 0.21
22.208513259887695 1624363502.278323 0.21
22.208513259887695 1624363502.285316 0.21
22.208513259887695 1624363502.292315 0.21
22.208513259887695 1624363502.299308 0.21
22.208513259887695 1624363502.306299 0.21
22.208513259887695 1624363502.313411 0.21
22.208513259887695 1624363502.320436 0.21
22.208513259887695 1624363502.327402 0.21
22.208513259887695 1624363502.334425 0.21
22.208513259887695 1624363502.341415 0.21
22.208513259887695 1624363502.348417 0.21
22.208513259887695 1624363502.355478 0.21
22.208513259887695 1624363502.362467 0.21
22.208513259887695 1624363502.369528 0.21
22.208513259887695 1624363502.376493 0.21
22.208513259887695 1624363502.383478 0.21
22.208513259887695 1624363502.3905 0.21
22.208513259887695 1624363502.397444 0.21
22.208513259887695 1624363502.404393 0.21
22.22222328186035 1624363502.411438 0.21
22.208513259887695 1624363502.418333 0.21
22.208513259887695 1624363502.425351 0.21
22.208513259887695 1624363502.432317 0.21
22.208513259887695 1624363502.439288 0.21
22.208513259887695 1624363502.44632 0.21
22.208513259887695 1624363502.453328 0.21
22.208513259887695 1624363502.460281 0.21
22.208513259887695 1624363502.467272 0.21
22.208513259887695 1624363502.474291 0.21
22.208513259887695 1624363502.481392 0.21
22.208513259887695 1624363502.488409 0.21
22.208513259887695 1624363502.495358 0.21
22.208513259887695 1624363502.502429 0.21
22.208513259887695 1624363502.509383 0.21
22.208513259887695 1624363502.516384 0.21
22.208513259887695 1624363502.523377 0.21
22.208513259887695 1624363502.530352 0.21
22.208513259887695 1624363502.537409 0.21
22.208513259887695 1624363502.544418 0.21
22.208513259887695 1624363502.551474 0.21
22.208513259887695 1624363502.558392 0.21
22.208513259887695 1624363502.565402 0.21
22.208513259887695 1624363502.572213 0.21
22.208513259887695 1624363502.579212 0.21
22.208513259887695 1624363502.586222 0.21
22.208513259887695 1624363502.593187 0.21
22.208513259887695 1624363502.600185 0.21
22.208513259887695 1624363502.607283 0.21
22.208513259887695 1624363502.614279 0.21
22.208513259887695 1624363502.621284 0.21
22.208513259887695 1624363502.628222 0.21
22.208513259887695 1624363502.635195 0.21
22.208513259887695 1624363502.642205 0.21
22.208513259887695 1624363502.649356 0.21
22.208513259887695 1624363502.656307 0.21
22.208513259887695 1624363502.663316 0.21
22.208513259887695 1624363502.670352 0.21
22.208513259887695 1624363502.677282 0.21
22.208513259887695 1624363502.684304 0.21
22.208513259887695 1624363502.691312 0.21
22.208513259887695 1624363502.698421 0.21
22.208513259887695 1624363502.705385 0.21
22.208513259887695 1624363502.712396 0.21
22.208513259887695 1624363502.719412 0.21
22.208513259887695 1624363502.726263 0.21
22.208513259887695 1624363502.733147 0.21
22.208513259887695 1624363502.74013 0.21
22.208513259887695 1624363502.747148 0.21
22.208513259887695 1624363502.754316 0.21
22.208513259887695 1624363502.761264 0.21
22.208513259887695 1624363502.768266 0.21
22.208513259887695 1624363502.775241 0.21
22.208513259887695 1624363502.782229 0.21
22.208513259887695 1624363502.789276 0.21
22.208513259887695 1624363502.796314 0.21
22.208513259887695 1624363502.803302 0.21
22.208513259887695 1624363502.810256 0.21
22.208513259887695 1624363502.817212 0.21
22.208513259887695 1624363502.824216 0.21
22.208513259887695 1624363502.831284 0.21
22.208513259887695 1624363502.83833 0.21
22.208513259887695 1624363502.845249 0.21
22.208513259887695 1624363502.852366 0.21
22.208513259887695 1624363502.859349 0.21
22.208513259887695 1624363502.866366 0.21
22.208513259887695 1624363502.87331 0.21
22.208513259887695 1624363502.88031 0.21
22.208513259887695 1624363502.887158 0.21
22.208513259887695 1624363502.89415 0.21
22.208513259887695 1624363502.901194 0.21
22.208513259887695 1624363502.908182 0.21
22.208513259887695 1624363502.915217 0.21
22.208513259887695 1624363502.92223 0.21
22.208513259887695 1624363502.929207 0.21
22.208513259887695 1624363502.936159 0.21
22.208513259887695 1624363502.943246 0.21
22.208513259887695 1624363502.950232 0.21
22.208513259887695 1624363502.957151 0.21
22.208513259887695 1624363502.9642 0.21
22.208513259887695 1624363502.971279 0.21
22.208513259887695 1624363502.978225 0.21
22.208513259887695 1624363502.985276 0.21
22.208513259887695 1624363502.992188 0.21
22.208513259887695 1624363502.999179 0.21
22.208513259887695 1624363503.006181 0.21
22.208513259887695 1624363503.01319 0.21
22.208513259887695 1624363503.020312 0.21
22.208513259887695 1624363503.02722 0.21
22.208513259887695 1624363503.034247 0.21
22.208513259887695 1624363503.041273 0.21
21.591609954833984 1624363503.048306 0.21
22.208513259887695 1624363503.055231 0.21
22.208513259887695 1624363503.062212 0.21
22.208513259887695 1624363503.069055 0.21
22.208513259887695 1624363503.076163 0.21
22.208513259887695 1624363503.083161 0.21
22.208513259887695 1624363503.090156 0.21
22.208513259887695 1624363503.097147 0.21
22.208513259887695 1624363503.10412 0.21
22.208513259887695 1624363503.111157 0.21
22.208513259887695 1624363503.118128 0.21
22.208513259887695 1624363503.125143 0.21
22.208513259887695 1624363503.132146 0.21
21.591609954833984 1624363503.13912 0.21
22.208513259887695 1624363503.146152 0.21
22.208513259887695 1624363503.153133 0.21
22.208513259887695 1624363503.160146 0.21
22.208513259887695 1624363503.167191 0.21
22.208513259887695 1624363503.174206 0.21
22.208513259887695 1624363503.181207 0.21
22.208513259887695 1624363503.188176 0.21
21.591609954833984 1624363503.195227 0.21
22.208513259887695 1624363503.202203 0.21
22.208513259887695 1624363503.209208 0.21
22.208513259887695 1624363503.216235 0.21
22.208513259887695 1624363503.223257 0.21
22.208513259887695 1624363503.230265 0.21
22.208513259887695 1624363503.237047 0.21
22.208513259887695 1624363503.243988 0.21
22.208513259887695 1624363503.251024 0.21
22.208513259887695 1624363503.258051 0.21
22.208513259887695 1624363503.265117 0.21
22.208513259887695 1624363503.272017 0.21
22.208513259887695 1624363503.279109 0.21
21.591609954833984 1624363503.28601 0.21
22.208513259887695 1624363503.29301 0.21
22.208513259887695 1624363503.300019 0.21
22.208513259887695 1624363503.307091 0.21
22.208513259887695 1624363503.314119 0.21
22.208513259887695 1624363503.321161 0.21
22.208513259887695 1624363503.3281 0.21
22.208513259887695 1624363503.33512 0.21
22.208513259887695 1624363503.342099 0.21
22.208513259887695 1624363503.349134 0.21
22.208513259887695 1624363503.35614 0.21
22.208513259887695 1624363503.363166 0.21
22.208513259887695 1624363503.370185 0.21
22.208513259887695 1624363503.377182 0.21
22.208513259887695 1624363503.384135 0.21
22.208513259887695 1624363503.391169 0.21
22.208513259887695 1624363503.398113 0.21
22.208513259887695 1624363503.405041 0.21
22.208513259887695 1624363503.412149 0.21
22.208513259887695 1624363503.419131 0.21
22.208513259887695 1624363503.426079 0.21
22.208513259887695 1624363503.432942 0.21
22.208513259887695 1624363503.440008 0.21
22.208513259887695 1624363503.44702 0.21
22.208513259887695 1624363503.454046 0.21
22.208513259887695 1624363503.461035 0.21
22.208513259887695 1624363503.46808 0.21
22.208513259887695 1624363503.475017 0.21
22.208513259887695 1624363503.481982 0.21
22.208513259887695 1624363503.489052 0.21
22.208513259887695 1624363503.4961 0.21
22.208513259887695 1624363503.503065 0.21
22.208513259887695 1624363503.510052 0.21
22.208513259887695 1624363503.517061 0.21
22.208513259887695 1624363503.52409 0.21
22.208513259887695 1624363503.531039 0.21
22.208513259887695 1624363503.538101 0.21
22.208513259887695 1624363503.545052 0.21
22.208513259887695 1624363503.552056 0.21
21.591609954833984 1624363503.558987 0.21
22.208513259887695 1624363503.566037 0.21
22.208513259887695 1624363503.572954 0.21
22.208513259887695 1624363503.579991 0.21
22.208513259887695 1624363503.587112 0.21
22.208513259887695 1624363503.594164 0.21
22.208513259887695 1624363503.601142 0.21
22.208513259887695 1624363503.608073 0.21
22.208513259887695 1624363503.614991 0.21
22.208513259887695 1624363503.621986 0.21
22.208513259887695 1624363503.628874 0.21
22.208513259887695 1624363503.635911 0.21
22.208513259887695 1624363503.642952 0.21
22.208513259887695 1624363503.649963 0.21
22.208513259887695 1624363503.656959 0.21
22.208513259887695 1624363503.664011 0.21
22.208513259887695 1624363503.670959 0.21
22.208513259887695 1624363503.677996 0.21
21.591609954833984 1624363503.684969 0.21
22.208513259887695 1624363503.692043 0.21
22.208513259887695 1624363503.698923 0.21
22.208513259887695 1624363503.706099 0.21
22.208513259887695 1624363503.712931 0.21
22.208513259887695 1624363503.719939 0.21
22.208513259887695 1624363503.727011 0.21
22.208513259887695 1624363503.73401 0.21
22.208513259887695 1624363503.740974 0.21
22.208513259887695 1624363503.747897 0.21
22.208513259887695 1624363503.754867 0.21
22.208513259887695 1624363503.762028 0.21
22.208513259887695 1624363503.769072 0.21
21.591609954833984 1624363503.776076 0.21
22.208513259887695 1624363503.783012 0.21
22.208513259887695 1624363503.790008 0.21
22.208513259887695 1624363503.797073 0.21
22.208513259887695 1624363503.804086 0.21
22.208513259887695 1624363503.811068 0.21
22.208513259887695 1624363503.817921 0.21
22.208513259887695 1624363503.824809 0.21
21.591609954833984 1624363503.831818 0.21
22.208513259887695 1624363503.838844 0.21
22.208513259887695 1624363503.845912 0.21
22.208513259887695 1624363503.852944 0.21
22.208513259887695 1624363503.859888 0.21
22.208513259887695 1624363503.866875 0.21
22.208513259887695 1624363503.873896 0.21
22.208513259887695 1624363503.880934 0.21
22.208513259887695 1624363503.887936 0.21
22.208513259887695 1624363503.894955 0.21
21.591609954833984 1624363503.901965 0.21
22.208513259887695 1624363503.908885 0.21
22.208513259887695 1624363503.915908 0.21
22.208513259887695 1624363503.922958 0.21
22.208513259887695 1624363503.929984 0.21
22.208513259887695 1624363503.937008 0.21
22.208513259887695 1624363503.94396 0.21
22.208513259887695 1624363503.950891 0.21
22.208513259887695 1624363503.957726 0.21
22.208513259887695 1624363503.964858 0.21
22.208513259887695 1624363503.971769 0.21
22.208513259887695 1624363503.978842 0.21
22.208513259887695 1624363503.985851 0.21
21.591609954833984 1624363503.992979 0.21
22.208513259887695 1624363503.999879 0.21
22.208513259887695 1624363504.006918 0.21
22.208513259887695 1624363504.013902 0.21
22.208513259887695 1624363504.02093 0.21
22.208513259887695 1624363504.027897 0.21
22.208513259887695 1624363504.034869 0.21
22.208513259887695 1624363504.04183 0.21
22.208513259887695 1624363504.048816 0.21
22.208513259887695 1624363504.055878 0.21
22.208513259887695 1624363504.062887 0.21
22.208513259887695 1624363504.069866 0.21
22.208513259887695 1624363504.076959 0.21
21.591609954833984 1624363504.083736 0.21
22.208513259887695 1624363504.090822 0.21
22.208513259887695 1624363504.097843 0.21
21.591609954833984 1624363504.104783 0.21
22.208513259887695 1624363504.111771 0.21
22.208513259887695 1624363504.118775 0.21
22.208513259887695 1624363504.125819 0.21
22.208513259887695 1624363504.13289 0.21
21.591609954833984 1624363504.139863 0.21
22.208513259887695 1624363504.146919 0.21
22.208513259887695 1624363504.153902 0.21
22.208513259887695 1624363504.160941 0.21
22.208513259887695 1624363504.167846 0.21
21.591609954833984 1624363504.174921 0.21
22.208513259887695 1624363504.181898 0.21
22.208513259887695 1624363504.188878 0.21
22.208513259887695 1624363504.196 0.21
22.208513259887695 1624363504.202745 0.21
22.208513259887695 1624363504.209705 0.21
22.208513259887695 1624363504.216707 0.21
22.208513259887695 1624363504.22378 0.21
22.208513259887695 1624363504.230773 0.21
22.208513259887695 1624363504.237772 0.21
22.208513259887695 1624363504.244693 0.21
22.208513259887695 1624363504.251709 0.21
22.208513259887695 1624363504.258693 0.21
22.208513259887695 1624363504.265808 0.21
22.208513259887695 1624363504.272779 0.21
22.208513259887695 1624363504.279814 0.21
22.208513259887695 1624363504.286855 0.21
22.208513259887695 1624363504.293951 0.21
21.591609954833984 1624363504.300836 0.21
22.208513259887695 1624363504.307826 0.21
22.208513259887695 1624363504.314919 0.21
22.208513259887695 1624363504.32186 0.21
22.208513259887695 1624363504.328849 0.21
22.208513259887695 1624363504.335923 0.21
22.208513259887695 1624363504.342918 0.21
22.208513259887695 1624363504.349944 0.21
21.591609954833984 1624363504.356761 0.21
22.208513259887695 1624363504.363773 0.21
22.208513259887695 1624363504.370742 0.21
22.208513259887695 1624363504.377757 0.21
22.208513259887695 1624363504.38477 0.21
21.591609954833984 1624363504.391741 0.21
22.208513259887695 1624363504.398809 0.21
22.208513259887695 1624363504.40574 0.21
22.208513259887695 1624363504.412737 0.21
22.208513259887695 1624363504.419786 0.21
22.208513259887695 1624363504.42676 0.21
22.208513259887695 1624363504.433716 0.21
22.208513259887695 1624363504.440675 0.21
22.208513259887695 1624363504.447756 0.21
22.208513259887695 1624363504.454788 0.21
22.208513259887695 1624363504.461825 0.21
22.208513259887695 1624363504.468807 0.21
22.208513259887695 1624363504.475845 0.21
22.208513259887695 1624363504.482814 0.21
22.208513259887695 1624363504.489883 0.21
22.208513259887695 1624363504.496611 0.21
22.208513259887695 1624363504.503736 0.21
22.208513259887695 1624363504.510727 0.21
22.208513259887695 1624363504.517644 0.21
22.208513259887695 1624363504.524623 0.21
22.208513259887695 1624363504.531632 0.21
22.208513259887695 1624363504.538679 0.21
22.208513259887695 1624363504.545716 0.21
22.208513259887695 1624363504.552649 0.21
22.208513259887695 1624363504.559637 0.21
22.208513259887695 1624363504.566672 0.21
21.591609954833984 1624363504.573687 0.21
22.208513259887695 1624363504.580663 0.21
22.208513259887695 1624363504.587705 0.21
22.208513259887695 1624363504.59476 0.21
22.208513259887695 1624363504.601738 0.21
21.591609954833984 1624363504.608783 0.21
22.208513259887695 1624363504.615781 0.21
22.208513259887695 1624363504.622735 0.21
22.208513259887695 1624363504.629801 0.21
22.208513259887695 1624363504.636786 0.21
22.208513259887695 1624363504.643737 0.21
22.208513259887695 1624363504.651578 0.21
22.208513259887695 1624363504.658621 0.21
22.208513259887695 1624363504.6656 0.21
22.208513259887695 1624363504.672558 0.21
22.208513259887695 1624363504.67964 0.21
22.208513259887695 1624363504.686663 0.21
22.208513259887695 1624363504.693629 0.21
22.208513259887695 1624363504.700595 0.21
22.208513259887695 1624363504.707666 0.21
22.208513259887695 1624363504.714717 0.21
21.591609954833984 1624363504.72169 0.21
22.208513259887695 1624363504.728707 0.21
22.208513259887695 1624363504.735676 0.21
22.208513259887695 1624363504.742684 0.21
22.208513259887695 1624363504.749671 0.21
21.591609954833984 1624363504.75675 0.21
22.208513259887695 1624363504.763643 0.21
22.208513259887695 1624363504.770751 0.21
22.208513259887695 1624363504.777736 0.21
22.208513259887695 1624363504.784753 0.21
21.591609954833984 1624363504.791668 0.21
22.208513259887695 1624363504.798488 0.21
22.208513259887695 1624363504.805559 0.21
21.591609954833984 1624363504.812553 0.21
22.208513259887695 1624363504.819602 0.21
22.208513259887695 1624363504.826557 0.21
22.208513259887695 1624363504.833677 0.21
22.208513259887695 1624363504.840662 0.21
21.591609954833984 1624363504.847644 0.21
22.208513259887695 1624363504.854564 0.21
22.208513259887695 1624363504.861656 0.21
21.591609954833984 1624363504.868669 0.21
22.208513259887695 1624363504.875684 0.21
22.208513259887695 1624363504.882595 0.21
22.208513259887695 1624363504.889535 0.21
22.208513259887695 1624363504.896561 0.21
21.591609954833984 1624363504.903574 0.21
22.208513259887695 1624363504.910574 0.21
22.208513259887695 1624363504.917564 0.21
22.208513259887695 1624363504.924647 0.21
22.208513259887695 1624363504.931668 0.21
21.591609954833984 1624363504.938702 0.21
22.208513259887695 1624363504.94567 0.21
22.208513259887695 1624363504.952698 0.21
22.208513259887695 1624363504.959701 0.21
22.208513259887695 1624363504.966544 0.21
22.208513259887695 1624363504.973572 0.21
22.208513259887695 1624363504.980573 0.21
22.208513259887695 1624363504.987638 0.21
22.208513259887695 1624363504.994575 0.21
22.208513259887695 1624363505.001548 0.21
22.208513259887695 1624363505.008613 0.21
22.208513259887695 1624363505.015512 0.21
22.208513259887695 1624363505.0225 0.21
21.591609954833984 1624363505.029491 0.21
22.208513259887695 1624363505.036646 0.21
22.208513259887695 1624363505.043595 0.21
21.591609954833984 1624363505.050593 0.21
22.208513259887695 1624363505.057552 0.21
22.208513259887695 1624363505.064518 0.21
22.208513259887695 1624363505.071559 0.21
22.208513259887695 1624363505.078608 0.21
21.591609954833984 1624363505.085581 0.21
22.208513259887695 1624363505.092611 0.21
22.208513259887695 1624363505.099677 0.21
22.208513259887695 1624363505.106551 0.21
22.208513259887695 1624363505.113672 0.21
22.208513259887695 1624363505.120619 0.21
22.208513259887695 1624363505.127492 0.21
22.208513259887695 1624363505.134455 0.21
21.591609954833984 1624363505.141452 0.21
22.208513259887695 1624363505.148473 0.21
22.208513259887695 1624363505.155532 0.21
22.208513259887695 1624363505.162518 0.21
22.208513259887695 1624363505.169467 0.21
21.591609954833984 1624363505.176487 0.21
22.208513259887695 1624363505.183465 0.21
22.208513259887695 1624363505.190576 0.21
22.208513259887695 1624363505.197551 0.21
22.208513259887695 1624363505.204511 0.21
22.208513259887695 1624363505.211496 0.21
22.208513259887695 1624363505.218561 0.21
22.208513259887695 1624363505.225466 0.21
22.208513259887695 1624363505.232477 0.21
22.208513259887695 1624363505.239561 0.21
22.208513259887695 1624363505.246563 0.21
22.208513259887695 1624363505.253594 0.21
22.208513259887695 1624363505.260575 0.21
21.591609954833984 1624363505.267595 0.21
22.208513259887695 1624363505.274559 0.21
22.208513259887695 1624363505.281567 0.21
22.208513259887695 1624363505.288497 0.21
22.208513259887695 1624363505.295426 0.21
21.591609954833984 1624363505.302486 0.21
22.208513259887695 1624363505.309479 0.21
22.208513259887695 1624363505.316529 0.21
22.208513259887695 1624363505.323536 0.21
22.208513259887695 1624363505.330496 0.21
22.208513259887695 1624363505.337544 0.21
22.208513259887695 1624363505.344529 0.21
22.208513259887695 1624363505.351542 0.21
21.591609954833984 1624363505.358509 0.21
22.208513259887695 1624363505.365482 0.21
22.208513259887695 1624363505.372465 0.21
21.591609954833984 1624363505.379533 0.21
22.208513259887695 1624363505.386536 0.21
22.208513259887695 1624363505.393435 0.21
22.208513259887695 1624363505.400436 0.21
22.208513259887695 1624363505.407466 0.21
21.591609954833984 1624363505.414472 0.21
22.208513259887695 1624363505.421558 0.21
22.208513259887695 1624363505.42856 0.21
21.591609954833984 1624363505.435567 0.21
22.208513259887695 1624363505.442525 0.21
21.591609954833984 1624363505.449524 0.21
22.208513259887695 1624363505.456316 0.21
22.208513259887695 1624363505.463379 0.21
21.591609954833984 1624363505.470347 0.21
22.208513259887695 1624363505.477434 0.21
22.208513259887695 1624363505.484404 0.21
22.208513259887695 1624363505.491405 0.21
22.208513259887695 1624363505.498377 0.21
21.591609954833984 1624363505.50539 0.21
22.208513259887695 1624363505.512403 0.21
22.208513259887695 1624363505.519407 0.21
21.591609954833984 1624363505.526523 0.21
22.208513259887695 1624363505.533327 0.21
21.591609954833984 1624363505.540433 0.21
22.208513259887695 1624363505.547502 0.21
22.208513259887695 1624363505.554431 0.21
21.591609954833984 1624363505.56152 0.21
22.208513259887695 1624363505.56851 0.21
21.591609954833984 1624363505.575458 0.21
22.208513259887695 1624363505.582412 0.21
22.208513259887695 1624363505.589388 0.21
21.591609954833984 1624363505.596427 0.21
22.208513259887695 1624363505.60348 0.21
22.208513259887695 1624363505.610478 0.21
22.208513259887695 1624363505.617554 0.21
22.208513259887695 1624363505.624537 0.21
21.591609954833984 1624363505.631331 0.21
22.208513259887695 1624363505.638313 0.21
22.208513259887695 1624363505.645276 0.21
21.591609954833984 1624363505.652352 0.21
22.208513259887695 1624363505.659377 0.21
22.208513259887695 1624363505.666364 0.21
22.208513259887695 1624363505.673285 0.21
22.208513259887695 1624363505.680324 0.21
21.591609954833984 1624363505.68729 0.21
22.208513259887695 1624363505.694332 0.21
22.208513259887695 1624363505.701369 0.21
21.591609954833984 1624363505.708287 0.21
22.208513259887695 1624363505.715309 0.21
21.591609954833984 1624363505.722324 0.21
22.208513259887695 1624363505.729299 0.21
22.208513259887695 1624363505.736296 0.21
21.591609954833984 1624363505.743338 0.21
22.208513259887695 1624363505.75034 0.21
22.208513259887695 1624363505.75724 0.21
22.208513259887695 1624363505.764326 0.21
22.208513259887695 1624363505.771343 0.21
21.591609954833984 1624363505.778446 0.21
22.208513259887695 1624363505.785518 0.21
22.208513259887695 1624363505.792374 0.21
21.591609954833984 1624363505.799497 0.21
22.208513259887695 1624363505.806513 0.21
22.208513259887695 1624363505.813251 0.21
22.208513259887695 1624363505.820316 0.21
22.208513259887695 1624363505.827244 0.21
21.591609954833984 1624363505.834317 0.21
22.208513259887695 1624363505.841295 0.21
22.208513259887695 1624363505.848257 0.21
21.591609954833984 1624363505.855277 0.21
22.208513259887695 1624363505.862298 0.21
21.591609954833984 1624363505.869246 0.21
22.208513259887695 1624363505.876291 0.21
22.208513259887695 1624363505.883261 0.21
21.591609954833984 1624363505.8903 0.21
22.208513259887695 1624363505.897315 0.21
21.591609954833984 1624363505.904357 0.21
22.208513259887695 1624363505.911375 0.21
22.208513259887695 1624363505.918364 0.21
21.591609954833984 1624363505.925316 0.21
22.208513259887695 1624363505.932345 0.21
21.591609954833984 1624363505.939376 0.21
22.208513259887695 1624363505.946347 0.21
22.208513259887695 1624363505.953384 0.21
21.591609954833984 1624363505.960392 0.21
22.208513259887695 1624363505.967398 0.21
22.208513259887695 1624363505.974376 0.21
21.591609954833984 1624363505.981363 0.21
22.208513259887695 1624363505.988189 0.21
22.208513259887695 1624363505.99522 0.21
22.208513259887695 1624363506.002166 0.21
22.208513259887695 1624363506.009194 0.21
22.208513259887695 1624363506.016224 0.21
22.208513259887695 1624363506.023188 0.21
22.208513259887695 1624363506.030142 0.21
22.208513259887695 1624363506.037151 0.21
22.208513259887695 1624363506.044167 0.21
21.591609954833984 1624363506.051289 0.21
22.208513259887695 1624363506.058251 0.21
22.208513259887695 1624363506.065277 0.21
21.591609954833984 1624363506.072246 0.21
22.208513259887695 1624363506.079278 0.21
21.591609954833984 1624363506.086272 0.21
22.208513259887695 1624363506.093271 0.21
22.208513259887695 1624363506.100359 0.21
21.591609954833984 1624363506.10733 0.21
22.208513259887695 1624363506.114321 0.21
22.208513259887695 1624363506.121331 0.21
22.208513259887695 1624363506.128323 0.21
22.208513259887695 1624363506.135321 0.21
21.591609954833984 1624363506.142298 0.21
22.208513259887695 1624363506.149342 0.21
22.208513259887695 1624363506.15615 0.21
22.208513259887695 1624363506.163177 0.21
22.208513259887695 1624363506.170097 0.21
21.591609954833984 1624363506.177199 0.21
22.208513259887695 1624363506.184152 0.21
22.208513259887695 1624363506.191187 0.21
21.591609954833984 1624363506.198171 0.21
22.208513259887695 1624363506.205189 0.21
21.591609954833984 1624363506.212211 0.21
22.208513259887695 1624363506.219224 0.21
22.208513259887695 1624363506.226242 0.21
21.591609954833984 1624363506.233269 0.21
22.208513259887695 1624363506.240283 0.21
22.208513259887695 1624363506.247276 0.21
21.591609954833984 1624363506.254261 0.21
22.208513259887695 1624363506.261244 0.21
21.591609954833984 1624363506.268274 0.21
22.208513259887695 1624363506.275296 0.21
22.208513259887695 1624363506.282278 0.21
21.591609954833984 1624363506.289208 0.21
22.208513259887695 1624363506.296118 0.21
21.591609954833984 1624363506.303067 0.21
22.208513259887695 1624363506.310186 0.21
22.208513259887695 1624363506.317155 0.21
21.591609954833984 1624363506.324149 0.21
22.208513259887695 1624363506.331101 0.21
22.208513259887695 1624363506.338155 0.21
21.591609954833984 1624363506.34508 0.21
22.208513259887695 1624363506.352094 0.21
21.591609954833984 1624363506.359118 0.21
22.208513259887695 1624363506.366216 0.21
22.208513259887695 1624363506.3732 0.21
21.591609954833984 1624363506.380173 0.21
22.208513259887695 1624363506.387198 0.21
22.208513259887695 1624363506.394227 0.21
22.208513259887695 1624363506.401171 0.21
22.208513259887695 1624363506.408212 0.21
21.591609954833984 1624363506.415159 0.21
22.208513259887695 1624363506.422254 0.21
21.591609954833984 1624363506.429244 0.21
21.591609954833984 1624363506.436252 0.21
22.208513259887695 1624363506.443268 0.21
21.591609954833984 1624363506.450268 0.21
22.208513259887695 1624363506.457071 0.21
22.208513259887695 1624363506.464075 0.21
21.591609954833984 1624363506.471027 0.21
22.208513259887695 1624363506.478033 0.21
22.208513259887695 1624363506.48507 0.21
22.208513259887695 1624363506.492033 0.21
22.208513259887695 1624363506.499093 0.21
21.591609954833984 1624363506.506062 0.21
22.208513259887695 1624363506.513144 0.21
22.208513259887695 1624363506.52007 0.21
22.208513259887695 1624363506.527136 0.21
22.208513259887695 1624363506.534095 0.21
21.591609954833984 1624363506.541098 0.21
22.208513259887695 1624363506.548124 0.21
22.208513259887695 1624363506.555066 0.21
21.591609954833984 1624363506.56212 0.21
22.208513259887695 1624363506.569232 0.21
22.208513259887695 1624363506.576165 0.21
22.208513259887695 1624363506.583174 0.21
22.208513259887695 1624363506.590137 0.21
21.591609954833984 1624363506.597154 0.21
22.208513259887695 1624363506.60413 0.21
22.208513259887695 1624363506.611198 0.21
21.591609954833984 1624363506.617976 0.21
22.208513259887695 1624363506.625042 0.21
21.591609954833984 1624363506.632018 0.21
22.208513259887695 1624363506.639088 0.21
22.208513259887695 1624363506.646018 0.21
21.591609954833984 1624363506.653006 0.21
22.208513259887695 1624363506.660013 0.21
21.591609954833984 1624363506.667036 0.21
22.208513259887695 1624363506.674002 0.21
22.208513259887695 1624363506.681061 0.21
21.591609954833984 1624363506.688051 0.21
22.208513259887695 1624363506.695024 0.21
22.208513259887695 1624363506.702023 0.21
21.591609954833984 1624363506.709023 0.21
22.208513259887695 1624363506.715972 0.21
21.591609954833984 1624363506.723018 0.21
22.208513259887695 1624363506.730002 0.21
22.208513259887695 1624363506.737004 0.21
21.591609954833984 1624363506.744372 0.21
22.208513259887695 1624363506.751093 0.21
21.591609954833984 1624363506.758012 0.21
22.208513259887695 1624363506.765087 0.21
22.208513259887695 1624363506.771964 0.21
21.591609954833984 1624363506.778897 0.21
22.208513259887695 1624363506.785912 0.21
21.591609954833984 1624363506.792923 0.21
21.591609954833984 1624363506.799942 0.21
22.208513259887695 1624363506.806906 0.21
21.591609954833984 1624363506.814036 0.21
22.208513259887695 1624363506.821077 0.21
22.208513259887695 1624363506.828069 0.21
21.591609954833984 1624363506.834966 0.21
22.208513259887695 1624363506.842016 0.21
21.591609954833984 1624363506.849016 0.21
22.208513259887695 1624363506.856056 0.21
22.208513259887695 1624363506.863063 0.21
21.591609954833984 1624363506.870048 0.21
22.208513259887695 1624363506.877056 0.21
21.591609954833984 1624363506.884019 0.21
21.591609954833984 1624363506.890988 0.21
22.208513259887695 1624363506.897983 0.21
21.591609954833984 1624363506.905068 0.21
22.208513259887695 1624363506.912103 0.21
22.208513259887695 1624363506.919014 0.21
21.591609954833984 1624363506.926062 0.21
22.208513259887695 1624363506.933026 0.21
21.591609954833984 1624363506.940082 0.21
22.208513259887695 1624363506.946937 0.21
22.208513259887695 1624363506.953874 0.21
21.591609954833984 1624363506.960944 0.21
22.208513259887695 1624363506.967984 0.21
22.208513259887695 1624363506.974994 0.21
22.208513259887695 1624363506.981953 0.21
22.208513259887695 1624363506.988954 0.21
21.591609954833984 1624363506.995935 0.21
22.208513259887695 1624363507.003004 0.21
21.591609954833984 1624363507.00995 0.21
21.591609954833984 1624363507.016917 0.21
22.208513259887695 1624363507.023852 0.21
21.591609954833984 1624363507.030893 0.21
22.208513259887695 1624363507.037951 0.21
22.208513259887695 1624363507.044933 0.21
21.591609954833984 1624363507.052011 0.21
22.208513259887695 1624363507.058987 0.21
22.208513259887695 1624363507.065905 0.21
21.591609954833984 1624363507.072898 0.21
22.208513259887695 1624363507.079921 0.21
21.591609954833984 1624363507.087004 0.21
22.208513259887695 1624363507.093938 0.21
21.591609954833984 1624363507.101032 0.21
22.208513259887695 1624363507.10804 0.21
22.208513259887695 1624363507.114993 0.21
21.591609954833984 1624363507.122087 0.21
22.208513259887695 1624363507.128872 0.21
22.208513259887695 1624363507.135842 0.21
21.591609954833984 1624363507.142886 0.21
22.208513259887695 1624363507.149873 0.21
22.208513259887695 1624363507.156918 0.21
22.208513259887695 1624363507.163832 0.21
22.208513259887695 1624363507.170926 0.21
21.591609954833984 1624363507.17784 0.21
22.208513259887695 1624363507.184869 0.21
22.208513259887695 1624363507.191871 0.21
21.591609954833984 1624363507.198919 0.21
22.208513259887695 1624363507.205889 0.21
21.591609954833984 1624363507.212928 0.21
22.208513259887695 1624363507.219944 0.21
22.208513259887695 1624363507.226953 0.21
21.591609954833984 1624363507.233984 0.21
22.208513259887695 1624363507.240987 0.21
21.591609954833984 1624363507.247932 0.21
21.591609954833984 1624363507.254928 0.21
22.208513259887695 1624363507.261928 0.21
21.591609954833984 1624363507.268856 0.21
22.208513259887695 1624363507.275843 0.21
22.208513259887695 1624363507.282854 0.21
21.591609954833984 1624363507.289917 0.21
22.208513259887695 1624363507.296972 0.21
21.591609954833984 1624363507.30398 0.21
22.208513259887695 1624363507.310743 0.21
22.208513259887695 1624363507.317711 0.21
21.591609954833984 1624363507.324675 0.21
22.208513259887695 1624363507.331784 0.21
21.591609954833984 1624363507.338705 0.21
22.208513259887695 1624363507.345787 0.21
22.208513259887695 1624363507.352789 0.21
21.591609954833984 1624363507.359792 0.21
22.208513259887695 1624363507.366776 0.21
21.591609954833984 1624363507.373823 0.21
21.591609954833984 1624363507.380821 0.21
22.208513259887695 1624363507.387784 0.21
21.591609954833984 1624363507.394875 0.21
22.208513259887695 1624363507.401905 0.21
22.208513259887695 1624363507.40887 0.21
21.591609954833984 1624363507.415868 0.21
22.208513259887695 1624363507.42285 0.21
21.591609954833984 1624363507.429821 0.21
22.208513259887695 1624363507.436828 0.21
22.208513259887695 1624363507.44385 0.21
21.591609954833984 1624363507.450854 0.21
22.208513259887695 1624363507.457897 0.21
22.208513259887695 1624363507.464901 0.21
21.591609954833984 1624363507.471895 0.21
22.208513259887695 1624363507.478934 0.21
21.591609954833984 1624363507.485934 0.21
22.208513259887695 1624363507.492863 0.21
22.208513259887695 1624363507.499838 0.21
21.591609954833984 1624363507.506861 0.21
22.208513259887695 1624363507.513938 0.21
21.591609954833984 1624363507.520671 0.21
22.208513259887695 1624363507.527711 0.21
22.208513259887695 1624363507.534672 0.21
21.591609954833984 1624363507.54171 0.21
22.208513259887695 1624363507.548764 0.21
22.208513259887695 1624363507.555719 0.21
21.591609954833984 1624363507.562773 0.21
22.208513259887695 1624363507.569777 0.21
21.591609954833984 1624363507.576747 0.21
21.591609954833984 1624363507.583768 0.21
22.208513259887695 1624363507.590771 0.21
21.591609954833984 1624363507.597811 0.21
22.208513259887695 1624363507.604812 0.21
21.591609954833984 1624363507.611818 0.21
21.591609954833984 1624363507.618791 0.21
22.208513259887695 1624363507.625824 0.21
21.591609954833984 1624363507.632827 0.21
22.208513259887695 1624363507.639858 0.21
22.208513259887695 1624363507.646895 0.21
21.591609954833984 1624363507.653747 0.21
22.208513259887695 1624363507.660747 0.21
21.591609954833984 1624363507.667714 0.21
22.208513259887695 1624363507.674731 0.21
22.208513259887695 1624363507.681845 0.21
21.591609954833984 1624363507.688809 0.21
22.208513259887695 1624363507.695611 0.21
22.208513259887695 1624363507.702707 0.21
21.591609954833984 1624363507.709624 0.21
22.208513259887695 1624363507.716577 0.21
21.591609954833984 1624363507.723651 0.21
22.208513259887695 1624363507.730721 0.21
22.208513259887695 1624363507.737729 0.21
21.591609954833984 1624363507.744704 0.21
22.208513259887695 1624363507.751722 0.21
21.591609954833984 1624363507.75878 0.21
22.208513259887695 1624363507.765812 0.21
22.208513259887695 1624363507.772726 0.21
21.591609954833984 1624363507.779756 0.21
22.208513259887695 1624363507.786764 0.21
22.208513259887695 1624363507.793726 0.21
21.591609954833984 1624363507.800766 0.21
22.208513259887695 1624363507.807657 0.21
21.591609954833984 1624363507.81468 0.21
22.208513259887695 1624363507.821736 0.21
22.208513259887695 1624363507.828749 0.21
21.591609954833984 1624363507.835752 0.21
22.208513259887695 1624363507.842793 0.21
21.591609954833984 1624363507.849777 0.21
22.208513259887695 1624363507.856709 0.21
22.208513259887695 1624363507.86378 0.21
21.591609954833984 1624363507.870726 0.21
22.208513259887695 1624363507.87759 0.21
21.591609954833984 1624363507.884632 0.21
21.591609954833984 1624363507.891633 0.21
22.208513259887695 1624363507.898553 0.21
21.591609954833984 1624363507.905656 0.21
22.208513259887695 1624363507.912661 0.21
22.208513259887695 1624363507.919634 0.21
21.591609954833984 1624363507.926664 0.21
22.208513259887695 1624363507.933657 0.21
21.591609954833984 1624363507.940654 0.21
22.208513259887695 1624363507.947693 0.21
22.208513259887695 1624363507.954681 0.21
21.591609954833984 1624363507.961673 0.21
22.208513259887695 1624363507.96872 0.21
22.208513259887695 1624363507.975698 0.21
21.591609954833984 1624363507.982596 0.21
22.208513259887695 1624363507.989599 0.21
21.591609954833984 1624363507.996624 0.21
22.208513259887695 1624363508.00366 0.21
22.208513259887695 1624363508.010644 0.21
21.591609954833984 1624363508.017687 0.21
22.208513259887695 1624363508.024646 0.21
21.591609954833984 1624363508.031685 0.21
22.208513259887695 1624363508.038659 0.21
22.208513259887695 1624363508.045653 0.21
21.591609954833984 1624363508.052693 0.21
22.208513259887695 1624363508.059633 0.21
22.208513259887695 1624363508.066505 0.21
21.591609954833984 1624363508.07353 0.21
22.208513259887695 1624363508.080512 0.21
21.591609954833984 1624363508.087562 0.21
22.208513259887695 1624363508.094546 0.21
22.208513259887695 1624363508.101619 0.21
21.591609954833984 1624363508.108549 0.21
22.208513259887695 1624363508.115575 0.21
21.591609954833984 1624363508.122593 0.21
21.591609954833984 1624363508.12962 0.21
21.591609954833984 1624363508.136599 0.21
21.591609954833984 1624363508.143573 0.21
22.208513259887695 1624363508.150596 0.21
21.591609954833984 1624363508.157637 0.21
21.591609954833984 1624363508.164609 0.21
21.591609954833984 1624363508.171666 0.21
21.591609954833984 1624363508.178669 0.21
22.208513259887695 1624363508.185643 0.21
22.208513259887695 1624363508.192648 0.21
21.591609954833984 1624363508.199682 0.21
22.208513259887695 1624363508.206639 0.21
21.591609954833984 1624363508.213634 0.21
22.208513259887695 1624363508.220659 0.21
22.208513259887695 1624363508.227504 0.21
21.591609954833984 1624363508.234541 0.21
22.208513259887695 1624363508.241525 0.21
21.591609954833984 1624363508.248433 0.21
22.208513259887695 1624363508.255541 0.21
21.591609954833984 1624363508.262481 0.21
21.591609954833984 1624363508.26939 0.21
22.208513259887695 1624363508.276456 0.21
21.591609954833984 1624363508.283606 0.21
21.591609954833984 1624363508.290463 0.21
22.208513259887695 1624363508.297467 0.21
21.591609954833984 1624363508.304549 0.21
22.208513259887695 1624363508.3116 0.21
22.208513259887695 1624363508.318605 0.21
21.591609954833984 1624363508.325552 0.21
22.208513259887695 1624363508.332654 0.21
21.591609954833984 1624363508.339581 0.21
21.591609954833984 1624363508.346588 0.21
21.591609954833984 1624363508.353559 0.21
21.591609954833984 1624363508.360616 0.21
22.208513259887695 1624363508.367638 0.21
22.208513259887695 1624363508.374644 0.21
21.591609954833984 1624363508.381645 0.21
22.208513259887695 1624363508.388648 0.21
21.591609954833984 1624363508.395623 0.21
22.208513259887695 1624363508.402676 0.21
22.208513259887695 1624363508.409631 0.21
21.591609954833984 1624363508.416481 0.21
21.591609954833984 1624363508.423576 0.21
21.591609954833984 1624363508.430444 0.21
22.208513259887695 1624363508.437505 0.21
22.208513259887695 1624363508.444472 0.21
21.591609954833984 1624363508.451427 0.21
21.591609954833984 1624363508.458436 0.21
21.591609954833984 1624363508.465455 0.21
21.591609954833984 1624363508.47247 0.21
21.591609954833984 1624363508.479519 0.21
21.591609954833984 1624363508.486435 0.21
22.208513259887695 1624363508.493421 0.21
22.208513259887695 1624363508.500463 0.21
21.591609954833984 1624363508.507527 0.21
22.208513259887695 1624363508.514532 0.21
21.591609954833984 1624363508.521484 0.21
21.591609954833984 1624363508.528513 0.21
21.591609954833984 1624363508.535576 0.21
21.591609954833984 1624363508.542573 0.21
22.208513259887695 1624363508.549478 0.21
21.591609954833984 1624363508.556496 0.21
21.591609954833984 1624363508.563692 0.21
22.208513259887695 1624363508.570384 0.21
21.591609954833984 1624363508.577397 0.21
22.208513259887695 1624363508.584448 0.21
22.208513259887695 1624363508.59143 0.21
21.591609954833984 1624363508.598392 0.21
22.208513259887695 1624363508.60547 0.21
21.591609954833984 1624363508.612462 0.21
21.591609954833984 1624363508.619419 0.21
22.208513259887695 1624363508.626396 0.21
21.591609954833984 1624363508.63345 0.21
22.208513259887695 1624363508.640444 0.21
21.591609954833984 1624363508.647448 0.21
21.591609954833984 1624363508.654419 0.21
22.208513259887695 1624363508.661412 0.21
21.591609954833984 1624363508.668412 0.21
21.591609954833984 1624363508.675362 0.21
21.591609954833984 1624363508.682433 0.21
21.591609954833984 1624363508.689509 0.21
22.208513259887695 1624363508.696472 0.21
21.591609954833984 1624363508.703494 0.21
21.591609954833984 1624363508.710544 0.21
21.591609954833984 1624363508.717517 0.21
21.591609954833984 1624363508.724463 0.21
22.208513259887695 1624363508.731268 0.21
21.591609954833984 1624363508.738241 0.21
21.591609954833984 1624363508.745269 0.21
21.591609954833984 1624363508.752301 0.21
21.591609954833984 1624363508.759366 0.21
21.591609954833984 1624363508.766408 0.21
21.591609954833984 1624363508.773416 0.21
21.591609954833984 1624363508.780358 0.21
22.208513259887695 1624363508.787291 0.21
21.591609954833984 1624363508.794402 0.21
21.591609954833984 1624363508.801471 0.21
22.208513259887695 1624363508.80843 0.21
21.591609954833984 1624363508.815431 0.21
21.591609954833984 1624363508.82245 0.21
21.591609954833984 1624363508.829439 0.21
21.591609954833984 1624363508.836411 0.21
22.208513259887695 1624363508.84342 0.21
21.591609954833984 1624363508.85046 0.21
21.591609954833984 1624363508.857479 0.21
21.591609954833984 1624363508.864462 0.21
21.591609954833984 1624363508.87146 0.21
22.208513259887695 1624363508.878514 0.21
21.591609954833984 1624363508.885496 0.21
21.591609954833984 1624363508.892516 0.21
22.208513259887695 1624363508.899462 0.21
21.591609954833984 1624363508.906441 0.21
21.591609954833984 1624363508.913495 0.21
22.208513259887695 1624363508.920244 0.21
21.591609954833984 1624363508.927221 0.21
21.591609954833984 1624363508.934321 0.21
21.591609954833984 1624363508.941337 0.21
21.591609954833984 1624363508.948362 0.21
22.208513259887695 1624363508.955299 0.21
21.591609954833984 1624363508.962329 0.21
22.208513259887695 1624363508.969334 0.21
22.208513259887695 1624363508.976335 0.21
21.591609954833984 1624363508.983352 0.21
22.208513259887695 1624363508.990305 0.21
21.591609954833984 1624363508.997345 0.21
21.591609954833984 1624363509.004375 0.21
21.591609954833984 1624363509.011442 0.21
21.591609954833984 1624363509.018467 0.21
21.591609954833984 1624363509.025387 0.21
21.591609954833984 1624363509.032422 0.21
21.591609954833984 1624363509.039404 0.21
21.591609954833984 1624363509.046418 0.21
21.591609954833984 1624363509.053402 0.21
22.208513259887695 1624363509.060425 0.21
22.208513259887695 1624363509.067434 0.21
21.591609954833984 1624363509.074431 0.21
21.591609954833984 1624363509.081445 0.21
21.591609954833984 1624363509.088458 0.21
21.591609954833984 1624363509.09526 0.21
22.208513259887695 1624363509.102293 0.21
21.591609954833984 1624363509.109272 0.21
22.208513259887695 1624363509.116251 0.21
21.591609954833984 1624363509.123287 0.21
21.591609954833984 1624363509.130289 0.21
22.208513259887695 1624363509.137293 0.21
21.591609954833984 1624363509.144281 0.21
22.208513259887695 1624363509.151334 0.21
22.208513259887695 1624363509.158357 0.21
21.591609954833984 1624363509.165319 0.21
22.208513259887695 1624363509.172355 0.21
21.591609954833984 1624363509.179344 0.21
21.591609954833984 1624363509.186307 0.21
22.208513259887695 1624363509.193339 0.21
21.591609954833984 1624363509.200266 0.21
22.208513259887695 1624363509.207239 0.21
22.208513259887695 1624363509.214352 0.21
21.591609954833984 1624363509.221422 0.21
22.208513259887695 1624363509.228376 0.21
21.591609954833984 1624363509.23545 0.21
21.591609954833984 1624363509.242209 0.21
21.591609954833984 1624363509.249216 0.21
21.591609954833984 1624363509.256218 0.21
22.208513259887695 1624363509.263182 0.21
21.591609954833984 1624363509.270192 0.21
21.591609954833984 1624363509.277253 0.21
22.208513259887695 1624363509.284144 0.21
21.591609954833984 1624363509.291167 0.21
22.208513259887695 1624363509.298234 0.21
22.208513259887695 1624363509.305225 0.21
21.591609954833984 1624363509.312127 0.21
22.208513259887695 1624363509.319146 0.21
21.591609954833984 1624363509.326175 0.21
21.591609954833984 1624363509.333193 0.21
21.591609954833984 1624363509.340196 0.21
21.591609954833984 1624363509.347255 0.21
22.208513259887695 1624363509.354277 0.21
21.591609954833984 1624363509.361353 0.21
21.591609954833984 1624363509.368333 0.21
21.591609954833984 1624363509.375247 0.21
21.591609954833984 1624363509.382297 0.21
21.591609954833984 1624363509.389308 0.21
22.208513259887695 1624363509.396317 0.21
21.591609954833984 1624363509.403288 0.21
21.591609954833984 1624363509.410317 0.21
21.591609954833984 1624363509.41726 0.21
21.591609954833984 1624363509.424052 0.21
22.208513259887695 1624363509.431084 0.21
21.591609954833984 1624363509.438075 0.21
22.208513259887695 1624363509.445132 0.21
21.591609954833984 1624363509.452183 0.21
21.591609954833984 1624363509.459167 0.21
22.208513259887695 1624363509.466085 0.21
21.591609954833984 1624363509.47307 0.21
22.208513259887695 1624363509.480181 0.21
21.591609954833984 1624363509.48713 0.21
21.591609954833984 1624363509.494177 0.21
22.208513259887695 1624363509.501177 0.21
21.591609954833984 1624363509.508187 0.21
22.208513259887695 1624363509.515174 0.21
22.208513259887695 1624363509.52221 0.21
21.591609954833984 1624363509.529228 0.21
21.591609954833984 1624363509.536221 0.21
21.591609954833984 1624363509.543249 0.21
21.591609954833984 1624363509.550296 0.21
22.208513259887695 1624363509.557248 0.21
21.591609954833984 1624363509.564245 0.21
21.591609954833984 1624363509.571237 0.21
21.591609954833984 1624363509.578322 0.21
21.591609954833984 1624363509.585265 0.21
22.208513259887695 1624363509.592077 0.21
21.591609954833984 1624363509.599112 0.21
22.208513259887695 1624363509.606119 0.21
21.591609954833984 1624363509.613123 0.21
21.591609954833984 1624363509.620056 0.21
22.208513259887695 1624363509.627034 0.21
21.591609954833984 1624363509.634001 0.21
21.591609954833984 1624363509.641025 0.21
22.208513259887695 1624363509.648075 0.21
21.591609954833984 1624363509.655112 0.21
22.208513259887695 1624363509.662179 0.21
22.208513259887695 1624363509.669109 0.21
21.591609954833984 1624363509.6761 0.21
22.208513259887695 1624363509.683087 0.21
21.591609954833984 1624363509.690092 0.21
21.591609954833984 1624363509.69711 0.21
21.591609954833984 1624363509.704161 0.21
21.591609954833984 1624363509.711097 0.21
21.591609954833984 1624363509.718123 0.21
21.591609954833984 1624363509.725094 0.21
21.591609954833984 1624363509.732094 0.21
22.208513259887695 1624363509.739042 0.21
21.591609954833984 1624363509.74619 0.21
22.208513259887695 1624363509.753213 0.21
22.208513259887695 1624363509.760184 0.21
21.591609954833984 1624363509.767212 0.21
21.591609954833984 1624363509.774163 0.21
21.591609954833984 1624363509.780919 0.21
21.591609954833984 1624363509.787965 0.21
21.591609954833984 1624363509.795047 0.21
21.591609954833984 1624363509.802031 0.21
21.591609954833984 1624363509.809103 0.21
21.591609954833984 1624363509.816086 0.21
21.591609954833984 1624363509.823054 0.21
22.208513259887695 1624363509.830088 0.21
21.591609954833984 1624363509.837078 0.21
21.591609954833984 1624363509.844121 0.21
22.208513259887695 1624363509.851116 0.21
21.591609954833984 1624363509.858075 0.21
22.208513259887695 1624363509.865094 0.21
21.591609954833984 1624363509.872049 0.21
21.591609954833984 1624363509.879086 0.21
21.591609954833984 1624363509.886086 0.21
21.591609954833984 1624363509.893186 0.21
21.591609954833984 1624363509.900032 0.21
21.591609954833984 1624363509.907033 0.21
21.591609954833984 1624363509.914079 0.21
21.591609954833984 1624363509.921065 0.21
21.591609954833984 1624363509.928131 0.21
22.208513259887695 1624363509.935167 0.21
22.208513259887695 1624363509.942196 0.21
21.591609954833984 1624363509.949162 0.21
22.208513259887695 1624363509.955939 0.21
21.591609954833984 1624363509.962954 0.21
21.591609954833984 1624363509.969896 0.21
21.591609954833984 1624363509.976976 0.21
21.591609954833984 1624363509.98402 0.21
22.208513259887695 1624363509.991028 0.21
21.591609954833984 1624363509.998049 0.21
21.591609954833984 1624363510.005045 0.21
21.591609954833984 1624363510.012058 0.21
21.591609954833984 1624363510.01905 0.21
21.591609954833984 1624363510.026038 0.21
22.208513259887695 1624363510.032995 0.21
21.591609954833984 1624363510.040034 0.21
22.208513259887695 1624363510.047099 0.21
21.591609954833984 1624363510.054077 0.21
21.591609954833984 1624363510.061052 0.21
22.208513259887695 1624363510.068093 0.21
21.591609954833984 1624363510.075055 0.21
22.208513259887695 1624363510.082068 0.21
22.208513259887695 1624363510.08903 0.21
21.591609954833984 1624363510.096111 0.21
22.208513259887695 1624363510.103115 0.21
21.591609954833984 1624363510.110056 0.21
21.591609954833984 1624363510.117125 0.21
22.208513259887695 1624363510.124053 0.21
21.591609954833984 1624363510.13084 0.21
21.591609954833984 1624363510.137826 0.21
22.208513259887695 1624363510.144872 0.21
21.591609954833984 1624363510.15182 0.21
21.591609954833984 1624363510.158955 0.21
21.591609954833984 1624363510.165858 0.21
21.591609954833984 1624363510.172864 0.21
22.208513259887695 1624363510.179828 0.21
21.591609954833984 1624363510.186883 0.21
22.208513259887695 1624363510.193861 0.21
21.591609954833984 1624363510.200939 0.21
21.591609954833984 1624363510.20788 0.21
21.591609954833984 1624363510.214982 0.21
21.591609954833984 1624363510.22191 0.21
21.591609954833984 1624363510.22891 0.21
22.208513259887695 1624363510.235925 0.21
21.591609954833984 1624363510.243003 0.21
22.208513259887695 1624363510.249953 0.21
21.591609954833984 1624363510.256929 0.21
21.591609954833984 1624363510.264005 0.21
21.591609954833984 1624363510.271017 0.21
21.591609954833984 1624363510.278024 0.21
21.591609954833984 1624363510.285 0.21
21.591609954833984 1624363510.292031 0.21
21.591609954833984 1624363510.299083 0.21
22.208513259887695 1624363510.305897 0.21
21.591609954833984 1624363510.312841 0.21
21.591609954833984 1624363510.319849 0.21
21.591609954833984 1624363510.326945 0.21
21.591609954833984 1624363510.333902 0.21
22.208513259887695 1624363510.340897 0.21
21.591609954833984 1624363510.347834 0.21
21.591609954833984 1624363510.354934 0.21
22.208513259887695 1624363510.361875 0.21
21.591609954833984 1624363510.368922 0.21
21.591609954833984 1624363510.375912 0.21
22.208513259887695 1624363510.382848 0.21
21.591609954833984 1624363510.389903 0.21
22.208513259887695 1624363510.396882 0.21
21.591609954833984 1624363510.403889 0.21
21.591609954833984 1624363510.410891 0.21
21.591609954833984 1624363510.417907 0.21
21.591609954833984 1624363510.424951 0.21
21.591609954833984 1624363510.431978 0.21
22.208513259887695 1624363510.438983 0.21
21.591609954833984 1624363510.445938 0.21
21.591609954833984 1624363510.452926 0.21
21.591609954833984 1624363510.459927 0.21
21.591609954833984 1624363510.466962 0.21
22.208513259887695 1624363510.473956 0.21
21.591609954833984 1624363510.480971 0.21
22.208513259887695 1624363510.487988 0.21
21.591609954833984 1624363510.495018 0.21
21.591609954833984 1624363510.501753 0.21
21.591609954833984 1624363510.508764 0.21
21.591609954833984 1624363510.515784 0.21
22.208513259887695 1624363510.522761 0.21
21.591609954833984 1624363510.529822 0.21
21.591609954833984 1624363510.536846 0.21
21.591609954833984 1624363510.543819 0.21
21.591609954833984 1624363510.550821 0.21
21.591609954833984 1624363510.557865 0.21
21.591609954833984 1624363510.564838 0.21
21.591609954833984 1624363510.571783 0.21
22.208513259887695 1624363510.578787 0.21
21.591609954833984 1624363510.585761 0.21
21.591609954833984 1624363510.592787 0.21
21.591609954833984 1624363510.599835 0.21
21.591609954833984 1624363510.60685 0.21
21.591609954833984 1624363510.613838 0.21
21.591609954833984 1624363510.62077 0.21
21.591609954833984 1624363510.627759 0.21
21.591609954833984 1624363510.63489 0.21
21.591609954833984 1624363510.641876 0.21
21.591609954833984 1624363510.648939 0.21
21.591609954833984 1624363510.655932 0.21
21.591609954833984 1624363510.662891 0.21
21.591609954833984 1624363510.669967 0.21
21.591609954833984 1624363510.676922 0.21
21.591609954833984 1624363510.68399 0.21
21.591609954833984 1624363510.69078 0.21
21.591609954833984 1624363510.697758 0.21
21.591609954833984 1624363510.704783 0.21
21.591609954833984 1624363510.711719 0.21
21.591609954833984 1624363510.718713 0.21
21.591609954833984 1624363510.725701 0.21
22.208513259887695 1624363510.732732 0.21
21.591609954833984 1624363510.739757 0.21
22.208513259887695 1624363510.746788 0.21
21.591609954833984 1624363510.753767 0.21
21.591609954833984 1624363510.760807 0.21
21.591609954833984 1624363510.767713 0.21
21.591609954833984 1624363510.77472 0.21
22.208513259887695 1624363510.781725 0.21
21.591609954833984 1624363510.788693 0.21
21.591609954833984 1624363510.795732 0.21
21.591609954833984 1624363510.802719 0.21
21.591609954833984 1624363510.809777 0.21
21.591609954833984 1624363510.81674 0.21
21.591609954833984 1624363510.8237 0.21
21.591609954833984 1624363510.830778 0.21
21.591609954833984 1624363510.837852 0.21
21.591609954833984 1624363510.844875 0.21
21.591609954833984 1624363510.851859 0.21
21.591609954833984 1624363510.858884 0.21
21.591609954833984 1624363510.865661 0.21
21.591609954833984 1624363510.872713 0.21
21.591609954833984 1624363510.87969 0.21
21.591609954833984 1624363510.88676 0.21
22.208513259887695 1624363510.89372 0.21
21.591609954833984 1624363510.900789 0.21
21.591609954833984 1624363510.907768 0.21
22.208513259887695 1624363510.914781 0.21
21.591609954833984 1624363510.92178 0.21
21.591609954833984 1624363510.928706 0.21
21.591609954833984 1624363510.935767 0.21
21.591609954833984 1624363510.942744 0.21
21.591609954833984 1624363510.94975 0.21
21.591609954833984 1624363510.956775 0.21
