366.3366394042969 1624368613.340704 0
366.0346374511719 1624368613.347705 0
366.0346374511719 1624368613.354686 0
366.3366394042969 1624368613.361703 0
366.3366394042969 1624368613.368731 0
366.3366394042969 1624368613.375762 0
367.1617126464844 1624368613.382736 0
366.3366394042969 1624368613.389704 0
367.1617126464844 1624368613.396723 0
367.1617126464844 1624368613.403697 0
366.3366394042969 1624368613.410757 0
366.0346374511719 1624368613.417596 0
365.2102355957031 1624368613.424593 0
366.3366394042969 1624368613.431589 0
366.3366394042969 1624368613.438531 0
366.3366394042969 1624368613.445493 0
366.0346374511719 1624368613.452558 0
366.0346374511719 1624368613.459704 0
367.1617126464844 1624368613.466583 0
366.0346374511719 1624368613.47359 0
366.0346374511719 1624368613.480529 0
366.0346374511719 1624368613.487561 0
366.0346374511719 1624368613.494564 0
366.3366394042969 1624368613.501623 0
366.3366394042969 1624368613.508566 0
366.3366394042969 1624368613.515602 0
366.3366394042969 1624368613.522674 0
366.3366394042969 1624368613.529633 0
366.3366394042969 1624368613.536616 0
367.1617126464844 1624368613.54368 0
366.3366394042969 1624368613.550734 0
367.1617126464844 1624368613.557662 0
367.1617126464844 1624368613.564705 0
366.3366394042969 1624368613.571569 0
366.3366394042969 1624368613.578505 0
366.3366394042969 1624368613.585499 0
367.1617126464844 1624368613.592475 0
366.3366394042969 1624368613.599466 0
367.1617126464844 1624368613.60651 0
366.3366394042969 1624368613.613465 0
367.1617126464844 1624368613.620598 0
367.1617126464844 1624368613.627561 0
366.3366394042969 1624368613.634515 0
367.1617126464844 1624368613.641491 0
366.3366394042969 1624368613.648509 0
367.1617126464844 1624368613.655617 0
366.3366394042969 1624368613.662598 0
367.1617126464844 1624368613.669906 0
366.3366394042969 1624368613.677646 0
366.3366394042969 1624368613.684709 0
366.3366394042969 1624368613.691637 0
366.3366394042969 1624368613.698442 0
366.3366394042969 1624368613.705501 0
366.3366394042969 1624368613.712534 0
366.0346374511719 1624368613.719527 0
366.3366394042969 1624368613.72655 0
367.1617126464844 1624368613.73348 0
366.3366394042969 1624368613.74048 0
366.3366394042969 1624368613.747509 0
366.3366394042969 1624368613.75448 0
366.3366394042969 1624368613.761531 0
366.3366394042969 1624368613.768472 0
366.3366394042969 1624368613.77544 0
367.1617126464844 1624368613.782489 0
366.3366394042969 1624368613.7895 0
367.1617126464844 1624368613.796484 0
366.3366394042969 1624368613.803562 0
366.3366394042969 1624368613.81056 0
367.1617126464844 1624368613.817466 0
366.3366394042969 1624368613.824522 0
366.3366394042969 1624368613.831532 0
366.0346374511719 1624368613.838537 0
367.1617126464844 1624368613.845617 0
367.1617126464844 1624368613.852611 0
367.1617126464844 1624368613.859619 0
367.1617126464844 1624368613.866597 0
366.3366394042969 1624368613.873442 0
367.1617126464844 1624368613.880406 0
366.3366394042969 1624368613.88738 0
367.1617126464844 1624368613.894371 0
366.3366394042969 1624368613.901351 0
367.1617126464844 1624368613.90843 0
367.1617126464844 1624368613.915435 0
367.1617126464844 1624368613.922435 0
367.1617126464844 1624368613.929423 0
366.3366394042969 1624368613.936447 0
367.1617126464844 1624368613.943485 0
367.1617126464844 1624368613.950489 0
367.46490478515625 1624368613.957516 0
367.1617126464844 1624368613.964474 0
367.1617126464844 1624368613.971487 0
367.1617126464844 1624368613.978544 0
367.1617126464844 1624368613.985493 0
367.1617126464844 1624368613.992509 0
367.1617126464844 1624368613.999503 0
367.1617126464844 1624368614.00654 0
366.6391296386719 1624368614.013536 0
367.1617126464844 1624368614.020547 0
367.46490478515625 1624368614.027478 0
367.1617126464844 1624368614.034494 0
367.1617126464844 1624368614.041443 0
367.46490478515625 1624368614.048273 0
367.1617126464844 1624368614.055335 0
367.46490478515625 1624368614.06237 0
367.46490478515625 1624368614.069396 0
367.46490478515625 1624368614.076394 0
368.2906494140625 1624368614.083316 0
367.1617126464844 1624368614.090295 0
368.2906494140625 1624368614.097312 0
368.2906494140625 1624368614.104451 0
367.46490478515625 1624368614.111435 0
367.46490478515625 1624368614.118494 0
367.1617126464844 1624368614.125439 0
367.1617126464844 1624368614.132437 0
367.46490478515625 1624368614.139457 0
367.1617126464844 1624368614.146411 0
367.1617126464844 1624368614.153445 0
367.1617126464844 1624368614.160494 0
367.1617126464844 1624368614.16753 0
367.46490478515625 1624368614.174504 0
367.1617126464844 1624368614.181516 0
367.46490478515625 1624368614.188526 0
367.46490478515625 1624368614.19544 0
367.1617126464844 1624368614.202353 0
367.1617126464844 1624368614.209311 0
367.1617126464844 1624368614.216326 0
367.1617126464844 1624368614.223339 0
367.46490478515625 1624368614.230279 0
367.1617126464844 1624368614.237379 0
367.1617126464844 1624368614.24438 0
367.1617126464844 1624368614.251335 0
367.1617126464844 1624368614.258402 0
367.1617126464844 1624368614.265413 0
367.1617126464844 1624368614.272302 0
367.46490478515625 1624368614.279309 0
367.1617126464844 1624368614.286371 0
367.1617126464844 1624368614.293317 0
366.3366394042969 1624368614.300376 0
367.1617126464844 1624368614.307404 0
367.1617126464844 1624368614.314414 0
367.1617126464844 1624368614.321412 0
366.3366394042969 1624368614.32842 0
367.1617126464844 1624368614.335357 0
367.1617126464844 1624368614.342377 0
367.1617126464844 1624368614.349403 0
367.1617126464844 1624368614.356476 0
367.1617126464844 1624368614.363215 0
367.1617126464844 1624368614.3703 0
367.1617126464844 1624368614.37732 0
367.1617126464844 1624368614.384383 0
367.1617126464844 1624368614.391348 0
367.1617126464844 1624368614.398351 0
367.1617126464844 1624368614.405359 0
367.1617126464844 1624368614.412337 0
367.1617126464844 1624368614.419305 0
367.1617126464844 1624368614.426353 0
367.1617126464844 1624368614.433323 0
367.46490478515625 1624368614.440346 0
367.1617126464844 1624368614.447306 0
367.1617126464844 1624368614.454318 0
367.1617126464844 1624368614.461433 0
368.2906494140625 1624368614.468305 0
367.1617126464844 1624368614.475309 0
367.1617126464844 1624368614.482322 0
367.1617126464844 1624368614.489313 0
367.1617126464844 1624368614.496365 0
367.46490478515625 1624368614.503208 0
367.1617126464844 1624368614.510251 0
367.1617126464844 1624368614.517251 0
367.46490478515625 1624368614.524236 0
367.1617126464844 1624368614.531197 0
367.1617126464844 1624368614.538195 0
367.46490478515625 1624368614.545274 0
367.46490478515625 1624368614.552234 0
367.46490478515625 1624368614.55924 0
367.46490478515625 1624368614.566263 0
367.46490478515625 1624368614.573289 0
367.1617126464844 1624368614.580325 0
367.1617126464844 1624368614.587277 0
367.46490478515625 1624368614.594321 0
367.46490478515625 1624368614.601331 0
368.2906494140625 1624368614.608322 0
367.46490478515625 1624368614.615351 0
367.46490478515625 1624368614.622307 0
368.2906494140625 1624368614.629312 0
367.46490478515625 1624368614.63638 0
368.2906494140625 1624368614.643417 0
367.46490478515625 1624368614.650379 0
367.46490478515625 1624368614.657225 0
367.46490478515625 1624368614.664172 0
367.46490478515625 1624368614.671209 0
368.2906494140625 1624368614.678103 0
367.46490478515625 1624368614.685173 0
367.46490478515625 1624368614.692245 0
367.46490478515625 1624368614.699207 0
367.46490478515625 1624368614.706162 0
367.46490478515625 1624368614.713163 0
367.46490478515625 1624368614.720228 0
367.46490478515625 1624368614.727313 0
367.1617126464844 1624368614.734267 0
367.46490478515625 1624368614.741281 0
367.46490478515625 1624368614.748285 0
368.2906494140625 1624368614.755233 0
367.46490478515625 1624368614.762272 0
367.46490478515625 1624368614.769217 0
367.1617126464844 1624368614.776309 0
367.1617126464844 1624368614.783234 0
367.46490478515625 1624368614.790337 0
367.46490478515625 1624368614.797231 0
367.46490478515625 1624368614.80426 0
367.46490478515625 1624368614.811232 0
368.2906494140625 1624368614.818085 0
367.46490478515625 1624368614.825199 0
368.2906494140625 1624368614.832118 0
367.46490478515625 1624368614.839172 0
367.46490478515625 1624368614.846198 0
368.2906494140625 1624368614.853132 0
367.46490478515625 1624368614.860129 0
367.46490478515625 1624368614.867203 0
367.46490478515625 1624368614.874148 0
368.2906494140625 1624368614.881177 0
367.46490478515625 1624368614.888159 0
367.46490478515625 1624368614.895191 0
367.46490478515625 1624368614.902216 0
367.46490478515625 1624368614.909239 0
367.46490478515625 1624368614.916149 0
367.46490478515625 1624368614.92323 0
367.1617126464844 1624368614.9302 0
367.46490478515625 1624368614.937217 0
367.46490478515625 1624368614.944237 0
366.6391296386719 1624368614.951273 0
367.1617126464844 1624368614.958294 0
367.1617126464844 1624368614.965263 0
367.1617126464844 1624368614.972251 0
367.46490478515625 1624368614.979069 0
366.3366394042969 1624368614.986003 0
367.1617126464844 1624368614.99302 0
367.1617126464844 1624368615.000015 0
367.1617126464844 1624368615.006999 0
366.3366394042969 1624368615.014115 0
367.1617126464844 1624368615.021082 0
367.1617126464844 1624368615.028128 0
367.1617126464844 1624368615.035068 0
367.1617126464844 1624368615.042107 0
367.1617126464844 1624368615.049146 0
367.46490478515625 1624368615.056125 0
367.1617126464844 1624368615.063176 0
367.1617126464844 1624368615.070199 0
367.1617126464844 1624368615.077189 0
367.46490478515625 1624368615.084163 0
367.1617126464844 1624368615.091185 0
367.1617126464844 1624368615.098147 0
367.1617126464844 1624368615.105165 0
367.1617126464844 1624368615.112233 0
367.1617126464844 1624368615.11921 0
367.46490478515625 1624368615.126281 0
367.1617126464844 1624368615.133081 0
367.1617126464844 1624368615.14004 0
367.46490478515625 1624368615.147074 0
367.46490478515625 1624368615.154098 0
366.3366394042969 1624368615.161065 0
367.1617126464844 1624368615.168145 0
367.1617126464844 1624368615.175123 0
367.46490478515625 1624368615.182136 0
367.1617126464844 1624368615.189103 0
367.1617126464844 1624368615.196146 0
367.1617126464844 1624368615.203134 0
367.1617126464844 1624368615.210174 0
367.46490478515625 1624368615.21715 0
366.3366394042969 1624368615.224133 0
367.1617126464844 1624368615.23111 0
367.1617126464844 1624368615.238135 0
367.1617126464844 1624368615.24511 0
367.1617126464844 1624368615.25206 0
367.1617126464844 1624368615.25922 0
367.1617126464844 1624368615.266182 0
366.3366394042969 1624368615.273065 0
367.1617126464844 1624368615.28012 0
366.3366394042969 1624368615.287019 0
367.1617126464844 1624368615.29392 0
367.1617126464844 1624368615.301007 0
367.1617126464844 1624368615.308043 0
367.1617126464844 1624368615.315071 0
366.3366394042969 1624368615.322035 0
366.3366394042969 1624368615.329056 0
366.3366394042969 1624368615.336118 0
367.1617126464844 1624368615.343028 0
366.3366394042969 1624368615.350033 0
367.1617126464844 1624368615.357028 0
366.3366394042969 1624368615.36402 0
366.3366394042969 1624368615.371044 0
366.3366394042969 1624368615.378085 0
366.3366394042969 1624368615.385143 0
367.1617126464844 1624368615.392092 0
367.1617126464844 1624368615.399021 0
367.1617126464844 1624368615.406075 0
367.46490478515625 1624368615.413086 0
367.1617126464844 1624368615.420172 0
367.1617126464844 1624368615.427157 0
366.3366394042969 1624368615.43425 0
367.1617126464844 1624368615.441005 0
366.3366394042969 1624368615.448004 0
366.3366394042969 1624368615.45501 0
366.3366394042969 1624368615.461984 0
367.1617126464844 1624368615.469031 0
367.1617126464844 1624368615.476033 0
367.1617126464844 1624368615.483023 0
367.1617126464844 1624368615.49 0
366.3366394042969 1624368615.497011 0
367.1617126464844 1624368615.504009 0
366.3366394042969 1624368615.511051 0
367.1617126464844 1624368615.518023 0
367.1617126464844 1624368615.525043 0
367.1617126464844 1624368615.532035 0
367.1617126464844 1624368615.538948 0
367.1617126464844 1624368615.546016 0
367.1617126464844 1624368615.553019 0
366.3366394042969 1624368615.560117 0
367.1617126464844 1624368615.567105 0
366.3366394042969 1624368615.574145 0
367.1617126464844 1624368615.58111 0
367.1617126464844 1624368615.58788 0
366.3366394042969 1624368615.595001 0
367.1617126464844 1624368615.601934 0
367.1617126464844 1624368615.608948 0
367.1617126464844 1624368615.616009 0
367.1617126464844 1624368615.622949 0
367.1617126464844 1624368615.629965 0
367.1617126464844 1624368615.636983 0
367.1617126464844 1624368615.644043 0
367.1617126464844 1624368615.650978 0
367.1617126464844 1624368615.65803 0
367.1617126464844 1624368615.664964 0
366.3366394042969 1624368615.671937 0
367.1617126464844 1624368615.678999 0
366.3366394042969 1624368615.685971 0
367.1617126464844 1624368615.693059 0
366.3366394042969 1624368615.700022 0
367.1617126464844 1624368615.707063 0
367.1617126464844 1624368615.714083 0
367.1617126464844 1624368615.721076 0
367.1617126464844 1624368615.728087 0
366.3366394042969 1624368615.735003 0
367.1617126464844 1624368615.741858 0
366.3366394042969 1624368615.748799 0
366.3366394042969 1624368615.75589 0
366.3366394042969 1624368615.76283 0
366.3366394042969 1624368615.769898 0
367.1617126464844 1624368615.77701 0
366.3366394042969 1624368615.783974 0
367.1617126464844 1624368615.790976 0
366.3366394042969 1624368615.797915 0
366.3366394042969 1624368615.804955 0
367.1617126464844 1624368615.81192 0
367.1617126464844 1624368615.818912 0
367.1617126464844 1624368615.825976 0
367.1617126464844 1624368615.832992 0
367.1617126464844 1624368615.839978 0
366.3366394042969 1624368615.847017 0
367.1617126464844 1624368615.853948 0
366.3366394042969 1624368615.860998 0
367.1617126464844 1624368615.868028 0
366.3366394042969 1624368615.874999 0
367.1617126464844 1624368615.881884 0
366.3366394042969 1624368615.888817 0
367.1617126464844 1624368615.895809 0
367.1617126464844 1624368615.902831 0
366.3366394042969 1624368615.909868 0
367.1617126464844 1624368615.916805 0
367.1617126464844 1624368615.923785 0
367.1617126464844 1624368615.930839 0
367.1617126464844 1624368615.937855 0
367.1617126464844 1624368615.944806 0
366.3366394042969 1624368615.951819 0
366.3366394042969 1624368615.958914 0
366.3366394042969 1624368615.965865 0
366.3366394042969 1624368615.972813 0
367.1617126464844 1624368615.979904 0
367.1617126464844 1624368615.986889 0
367.1617126464844 1624368615.993953 0
367.1617126464844 1624368616.000934 0
367.1617126464844 1624368616.007882 0
367.1617126464844 1624368616.014969 0
367.1617126464844 1624368616.021976 0
367.46490478515625 1624368616.028764 0
367.46490478515625 1624368616.035764 0
367.46490478515625 1624368616.042783 0
367.1617126464844 1624368616.049735 0
367.1617126464844 1624368616.05671 0
367.1617126464844 1624368616.063727 0
367.1617126464844 1624368616.070812 0
367.1617126464844 1624368616.077844 0
366.3366394042969 1624368616.084797 0
367.1617126464844 1624368616.091776 0
367.1617126464844 1624368616.09883 0
367.1617126464844 1624368616.105873 0
367.1617126464844 1624368616.112857 0
367.1617126464844 1624368616.119883 0
367.1617126464844 1624368616.12692 0
366.3366394042969 1624368616.133917 0
367.1617126464844 1624368616.14095 0
366.3366394042969 1624368616.147901 0
367.1617126464844 1624368616.154886 0
366.3366394042969 1624368616.161878 0
367.1617126464844 1624368616.16889 0
366.3366394042969 1624368616.175901 0
366.3366394042969 1624368616.182843 0
367.1617126464844 1624368616.189944 0
366.3366394042969 1624368616.196922 0
367.1617126464844 1624368616.203676 0
366.3366394042969 1624368616.210676 0
367.1617126464844 1624368616.217694 0
367.1617126464844 1624368616.224778 0
367.1617126464844 1624368616.231782 0
367.1617126464844 1624368616.238799 0
367.1617126464844 1624368616.24575 0
367.1617126464844 1624368616.25271 0
366.3366394042969 1624368616.259705 0
367.1617126464844 1624368616.266777 0
366.3366394042969 1624368616.273863 0
367.1617126464844 1624368616.280856 0
366.3366394042969 1624368616.287761 0
367.1617126464844 1624368616.294861 0
367.1617126464844 1624368616.301829 0
366.3366394042969 1624368616.308829 0
367.1617126464844 1624368616.315841 0
366.3366394042969 1624368616.32285 0
367.46490478515625 1624368616.32985 0
366.3366394042969 1624368616.336809 0
367.1617126464844 1624368616.343852 0
366.3366394042969 1624368616.350933 0
366.3366394042969 1624368616.357687 0
366.3366394042969 1624368616.364684 0
366.3366394042969 1624368616.371859 0
366.3366394042969 1624368616.3787 0
366.3366394042969 1624368616.385642 0
367.1617126464844 1624368616.39271 0
366.3366394042969 1624368616.399729 0
366.3366394042969 1624368616.406658 0
367.1617126464844 1624368616.413671 0
366.3366394042969 1624368616.420657 0
367.1617126464844 1624368616.427676 0
366.3366394042969 1624368616.434693 0
367.1617126464844 1624368616.441776 0
366.3366394042969 1624368616.448731 0
366.3366394042969 1624368616.455812 0
367.1617126464844 1624368616.462746 0
366.3366394042969 1624368616.469808 0
367.1617126464844 1624368616.476779 0
366.3366394042969 1624368616.483773 0
367.1617126464844 1624368616.49082 0
366.3366394042969 1624368616.497805 0
367.1617126464844 1624368616.504851 0
366.3366394042969 1624368616.511665 0
366.3366394042969 1624368616.518632 0
366.3366394042969 1624368616.525618 0
366.3366394042969 1624368616.532703 0
367.1617126464844 1624368616.539655 0
366.3366394042969 1624368616.546715 0
367.1617126464844 1624368616.553612 0
366.3366394042969 1624368616.560708 0
367.1617126464844 1624368616.567655 0
367.1617126464844 1624368616.574643 0
366.3366394042969 1624368616.581689 0
367.1617126464844 1624368616.588634 0
367.1617126464844 1624368616.595662 0
367.1617126464844 1624368616.602698 0
366.3366394042969 1624368616.609649 0
367.1617126464844 1624368616.616669 0
366.3366394042969 1624368616.623785 0
366.3366394042969 1624368616.630756 0
367.1617126464844 1624368616.63773 0
366.3366394042969 1624368616.644703 0
367.1617126464844 1624368616.651803 0
366.3366394042969 1624368616.658759 0
367.1617126464844 1624368616.665724 0
366.3366394042969 1624368616.67279 0
367.1617126464844 1624368616.679631 0
366.3366394042969 1624368616.6866 0
367.1617126464844 1624368616.693639 0
367.1617126464844 1624368616.700609 0
366.3366394042969 1624368616.707692 0
367.1617126464844 1624368616.714603 0
367.1617126464844 1624368616.721586 0
367.1617126464844 1624368616.72866 0
366.3366394042969 1624368616.735695 0
367.1617126464844 1624368616.742708 0
367.1617126464844 1624368616.749682 0
367.1617126464844 1624368616.756642 0
367.1617126464844 1624368616.763743 0
366.3366394042969 1624368616.770712 0
367.1617126464844 1624368616.777643 0
366.3366394042969 1624368616.784697 0
367.1617126464844 1624368616.791621 0
367.1617126464844 1624368616.798664 0
367.1617126464844 1624368616.805685 0
366.3366394042969 1624368616.812747 0
366.3366394042969 1624368616.819687 0
367.1617126464844 1624368616.826574 0
367.1617126464844 1624368616.833551 0
367.1617126464844 1624368616.840586 0
367.1617126464844 1624368616.847551 0
367.1617126464844 1624368616.854591 0
367.1617126464844 1624368616.861649 0
367.1617126464844 1624368616.868577 0
367.1617126464844 1624368616.875745 0
366.3366394042969 1624368616.882646 0
367.1617126464844 1624368616.889566 0
367.1617126464844 1624368616.896607 0
367.1617126464844 1624368616.90363 0
366.3366394042969 1624368616.910561 0
367.46490478515625 1624368616.917575 0
366.3366394042969 1624368616.924559 0
367.1617126464844 1624368616.931607 0
367.1617126464844 1624368616.938693 0
367.1617126464844 1624368616.945617 0
367.1617126464844 1624368616.952643 0
366.3366394042969 1624368616.959747 0
367.1617126464844 1624368616.966642 0
366.3366394042969 1624368616.973702 0
367.1617126464844 1624368616.980632 0
367.1617126464844 1624368616.987732 0
367.1617126464844 1624368616.994652 0
367.1617126464844 1624368617.001517 0
366.3366394042969 1624368617.008578 0
366.0346374511719 1624368617.015585 0
366.3366394042969 1624368617.022541 0
366.3366394042969 1624368617.029489 0
366.3366394042969 1624368617.036476 0
366.3366394042969 1624368617.043441 0
366.3366394042969 1624368617.050454 0
366.3366394042969 1624368617.057486 0
367.1617126464844 1624368617.064497 0
366.3366394042969 1624368617.071572 0
367.1617126464844 1624368617.078544 0
366.3366394042969 1624368617.085507 0
366.3366394042969 1624368617.092447 0
367.1617126464844 1624368617.099483 0
366.3366394042969 1624368617.106608 0
366.3366394042969 1624368617.113582 0
366.3366394042969 1624368617.120638 0
367.1617126464844 1624368617.127615 0
366.3366394042969 1624368617.134687 0
367.1617126464844 1624368617.141638 0
367.1617126464844 1624368617.148614 0
367.1617126464844 1624368617.155625 0
367.1617126464844 1624368617.162458 0
366.3366394042969 1624368617.169422 0
367.1617126464844 1624368617.176407 0
366.3366394042969 1624368617.183419 0
367.1617126464844 1624368617.190381 0
366.3366394042969 1624368617.1974 0
367.1617126464844 1624368617.204403 0
367.1617126464844 1624368617.211524 0
367.46490478515625 1624368617.2185 0
367.1617126464844 1624368617.225529 0
366.3366394042969 1624368617.232424 0
367.1617126464844 1624368617.23945 0
367.1617126464844 1624368617.246466 0
367.1617126464844 1624368617.25354 0
367.1617126464844 1624368617.260522 0
366.3366394042969 1624368617.267537 0
366.3366394042969 1624368617.274583 0
366.3366394042969 1624368617.28169 0
367.1617126464844 1624368617.288589 0
366.3366394042969 1624368617.295548 0
367.1617126464844 1624368617.302605 0
366.3366394042969 1624368617.309605 0
367.1617126464844 1624368617.316547 0
367.1617126464844 1624368617.323503 0
367.1617126464844 1624368617.330496 0
366.3366394042969 1624368617.337354 0
366.3366394042969 1624368617.344426 0
366.3366394042969 1624368617.351387 0
366.3366394042969 1624368617.358473 0
367.1617126464844 1624368617.365461 0
367.1617126464844 1624368617.372329 0
367.1617126464844 1624368617.379378 0
367.46490478515625 1624368617.386326 0
367.1617126464844 1624368617.39334 0
367.1617126464844 1624368617.400368 0
367.1617126464844 1624368617.407439 0
367.1617126464844 1624368617.414357 0
367.1617126464844 1624368617.421409 0
367.1617126464844 1624368617.428406 0
367.1617126464844 1624368617.435399 0
367.1617126464844 1624368617.442436 0
367.1617126464844 1624368617.449456 0
367.1617126464844 1624368617.456501 0
367.1617126464844 1624368617.463467 0
366.3366394042969 1624368617.470457 0
367.1617126464844 1624368617.477453 0
366.3366394042969 1624368617.484474 0
367.1617126464844 1624368617.491541 0
366.3366394042969 1624368617.498491 0
366.3366394042969 1624368617.505544 0
366.3366394042969 1624368617.512555 0
366.3366394042969 1624368617.519419 0
366.3366394042969 1624368617.526392 0
366.0346374511719 1624368617.533346 0
366.0346374511719 1624368617.540387 0
366.0346374511719 1624368617.547378 0
366.0346374511719 1624368617.554367 0
366.0346374511719 1624368617.56148 0
366.3366394042969 1624368617.568421 0
366.3366394042969 1624368617.575477 0
365.2102355957031 1624368617.582454 0
366.0346374511719 1624368617.589482 0
366.0346374511719 1624368617.596419 0
366.0346374511719 1624368617.603442 0
366.0346374511719 1624368617.610412 0
367.1617126464844 1624368617.61742 0
367.1617126464844 1624368617.624372 0
367.1617126464844 1624368617.631345 0
367.1617126464844 1624368617.638374 0
366.3366394042969 1624368617.645426 0
367.1617126464844 1624368617.652448 0
366.3366394042969 1624368617.659427 0
367.1617126464844 1624368617.666456 0
366.3366394042969 1624368617.673494 0
366.3366394042969 1624368617.680533 0
366.3366394042969 1624368617.687331 0
366.0346374511719 1624368617.694322 0
366.3366394042969 1624368617.701368 0
366.0346374511719 1624368617.708323 0
367.1617126464844 1624368617.715263 0
366.3366394042969 1624368617.722251 0
367.1617126464844 1624368617.72927 0
367.1617126464844 1624368617.736354 0
366.3366394042969 1624368617.743363 0
366.3366394042969 1624368617.750327 0
366.3366394042969 1624368617.757267 0
366.0346374511719 1624368617.764247 0
366.0346374511719 1624368617.771299 0
366.0346374511719 1624368617.778399 0
366.3366394042969 1624368617.785444 0
367.1617126464844 1624368617.792418 0
367.1617126464844 1624368617.799439 0
367.1617126464844 1624368617.806449 0
366.3366394042969 1624368617.813432 0
366.0346374511719 1624368617.820433 0
366.3366394042969 1624368617.82747 0
366.0346374511719 1624368617.83441 0
366.0346374511719 1624368617.841294 0
366.3366394042969 1624368617.848263 0
366.3366394042969 1624368617.855264 0
367.1617126464844 1624368617.862187 0
366.0346374511719 1624368617.869264 0
366.0346374511719 1624368617.876302 0
366.0346374511719 1624368617.883303 0
366.0346374511719 1624368617.890209 0
366.3366394042969 1624368617.897217 0
367.1617126464844 1624368617.904346 0
366.3366394042969 1624368617.911273 0
366.3366394042969 1624368617.918319 0
367.1617126464844 1624368617.925408 0
367.1617126464844 1624368617.932386 0
366.3366394042969 1624368617.939371 0
366.3366394042969 1624368617.946393 0
367.1617126464844 1624368617.953359 0
366.3366394042969 1624368617.960378 0
366.0346374511719 1624368617.967381 0
367.1617126464844 1624368617.974414 0
366.3366394042969 1624368617.981416 0
366.0346374511719 1624368617.988379 0
366.3366394042969 1624368617.995224 0
366.0346374511719 1624368618.002237 0
366.3366394042969 1624368618.009149 0
366.3366394042969 1624368618.016141 0
366.3366394042969 1624368618.023174 0
366.3366394042969 1624368618.03018 0
367.1617126464844 1624368618.037163 0
366.3366394042969 1624368618.044202 0
366.0346374511719 1624368618.051185 0
366.3366394042969 1624368618.058173 0
366.3366394042969 1624368618.065177 0
366.3366394042969 1624368618.072172 0
366.3366394042969 1624368618.079216 0
366.3366394042969 1624368618.086316 0
366.3366394042969 1624368618.093299 0
367.1617126464844 1624368618.100296 0
367.1617126464844 1624368618.107308 0
367.1617126464844 1624368618.114192 0
366.3366394042969 1624368618.12122 0
366.3366394042969 1624368618.128383 0
366.3366394042969 1624368618.135341 0
366.3366394042969 1624368618.142226 0
366.3366394042969 1624368618.14919 0
366.0346374511719 1624368618.156152 0
366.3366394042969 1624368618.163172 0
366.3366394042969 1624368618.170236 0
367.1617126464844 1624368618.177257 0
366.3366394042969 1624368618.184203 0
367.1617126464844 1624368618.191236 0
366.3366394042969 1624368618.198276 0
366.3366394042969 1624368618.205333 0
367.1617126464844 1624368618.212232 0
366.3366394042969 1624368618.219235 0
367.1617126464844 1624368618.226309 0
366.3366394042969 1624368618.233242 0
367.1617126464844 1624368618.240218 0
366.3366394042969 1624368618.247267 0
367.1617126464844 1624368618.254282 0
367.1617126464844 1624368618.261304 0
366.3366394042969 1624368618.268247 0
366.3366394042969 1624368618.275291 0
366.3366394042969 1624368618.282303 0
366.3366394042969 1624368618.289243 0
366.3366394042969 1624368618.296242 0
366.3366394042969 1624368618.303282 0
366.3366394042969 1624368618.310301 0
366.3366394042969 1624368618.317196 0
366.3366394042969 1624368618.324207 0
366.3366394042969 1624368618.331226 0
366.3366394042969 1624368618.338215 0
366.3366394042969 1624368618.345214 0
366.3366394042969 1624368618.352134 0
366.3366394042969 1624368618.359173 0
367.1617126464844 1624368618.366237 0
367.1617126464844 1624368618.373145 0
366.3366394042969 1624368618.380153 0
367.1617126464844 1624368618.387222 0
366.3366394042969 1624368618.394104 0
366.3366394042969 1624368618.401194 0
366.0346374511719 1624368618.408081 0
366.3366394042969 1624368618.415172 0
366.0346374511719 1624368618.422187 0
366.0346374511719 1624368618.429203 0
366.0346374511719 1624368618.436168 0
366.0346374511719 1624368618.443129 0
366.0346374511719 1624368618.450146 0
365.2102355957031 1624368618.457223 0
366.0346374511719 1624368618.464152 0
365.2102355957031 1624368618.471158 0
366.0346374511719 1624368618.47824 0
366.0346374511719 1624368618.485077 0
366.3366394042969 1624368618.492025 0
366.0346374511719 1624368618.498996 0
366.0346374511719 1624368618.506043 0
366.0346374511719 1624368618.513018 0
366.3366394042969 1624368618.520076 0
366.0346374511719 1624368618.527131 0
366.3366394042969 1624368618.534151 0
366.0346374511719 1624368618.541186 0
366.0346374511719 1624368618.548194 0
366.3366394042969 1624368618.555162 0
366.0346374511719 1624368618.562174 0
366.0346374511719 1624368618.56921 0
366.0346374511719 1624368618.576191 0
366.3366394042969 1624368618.583149 0
366.3366394042969 1624368618.59015 0
365.51153564453125 1624368618.597174 0
366.0346374511719 1624368618.604126 0
366.0346374511719 1624368618.611178 0
366.3366394042969 1624368618.618181 0
366.3366394042969 1624368618.625187 0
366.3366394042969 1624368618.632173 0
366.3366394042969 1624368618.639152 0
365.51153564453125 1624368618.64593 0
366.3366394042969 1624368618.65293 0
366.3366394042969 1624368618.659938 0
366.0346374511719 1624368618.666976 0
366.3366394042969 1624368618.673988 0
366.3366394042969 1624368618.681025 0
366.3366394042969 1624368618.688058 0
366.3366394042969 1624368618.694971 0
367.1617126464844 1624368618.702069 0
367.1617126464844 1624368618.709088 0
367.1617126464844 1624368618.716088 0
367.1617126464844 1624368618.723089 0
367.1617126464844 1624368618.730082 0
367.1617126464844 1624368618.737073 0
366.3366394042969 1624368618.744115 0
367.1617126464844 1624368618.751176 0
366.3366394042969 1624368618.75808 0
366.3366394042969 1624368618.765165 0
366.3366394042969 1624368618.772181 0
367.1617126464844 1624368618.77915 0
366.3366394042969 1624368618.786183 0
367.1617126464844 1624368618.793114 0
367.1617126464844 1624368618.800131 0
367.1617126464844 1624368618.807103 0
367.1617126464844 1624368618.814132 0
366.3366394042969 1624368618.820912 0
367.1617126464844 1624368618.827972 0
367.1617126464844 1624368618.83499 0
367.1617126464844 1624368618.842067 0
366.3366394042969 1624368618.849018 0
366.3366394042969 1624368618.856043 0
367.1617126464844 1624368618.862945 0
366.3366394042969 1624368618.869964 0
367.1617126464844 1624368618.877045 0
366.3366394042969 1624368618.884 0
367.1617126464844 1624368618.891121 0
367.1617126464844 1624368618.898093 0
367.1617126464844 1624368618.905051 0
366.3366394042969 1624368618.912039 0
366.3366394042969 1624368618.919011 0
366.3366394042969 1624368618.92611 0
366.3366394042969 1624368618.933084 0
367.1617126464844 1624368618.940124 0
366.3366394042969 1624368618.947118 0
367.1617126464844 1624368618.954141 0
367.1617126464844 1624368618.96108 0
366.3366394042969 1624368618.968063 0
366.3366394042969 1624368618.975003 0
366.3366394042969 1624368618.981973 0
366.3366394042969 1624368618.988978 0
366.3366394042969 1624368618.995924 0
367.1617126464844 1624368619.002976 0
366.3366394042969 1624368619.009994 0
366.3366394042969 1624368619.01693 0
366.3366394042969 1624368619.024019 0
366.3366394042969 1624368619.031027 0
367.1617126464844 1624368619.038017 0
366.3366394042969 1624368619.044951 0
366.3366394042969 1624368619.051893 0
366.3366394042969 1624368619.058953 0
367.1617126464844 1624368619.065914 0
366.3366394042969 1624368619.073005 0
367.1617126464844 1624368619.079964 0
367.1617126464844 1624368619.086948 0
367.1617126464844 1624368619.093889 0
367.1617126464844 1624368619.100952 0
367.1617126464844 1624368619.107982 0
367.46490478515625 1624368619.11497 0
367.1617126464844 1624368619.122048 0
367.1617126464844 1624368619.129063 0
367.1617126464844 1624368619.135876 0
367.1617126464844 1624368619.14278 0
367.1617126464844 1624368619.149847 0
367.1617126464844 1624368619.156876 0
367.1617126464844 1624368619.163874 0
366.3366394042969 1624368619.170974 0
367.1617126464844 1624368619.177967 0
367.1617126464844 1624368619.184933 0
367.1617126464844 1624368619.192076 0
367.1617126464844 1624368619.198913 0
366.3366394042969 1624368619.205939 0
367.1617126464844 1624368619.212949 0
366.3366394042969 1624368619.220015 0
367.1617126464844 1624368619.226982 0
366.3366394042969 1624368619.233969 0
367.1617126464844 1624368619.241002 0
366.3366394042969 1624368619.248031 0
367.1617126464844 1624368619.254966 0
367.1617126464844 1624368619.262981 0
366.3366394042969 1624368619.269997 0
367.1617126464844 1624368619.276822 0
366.3366394042969 1624368619.283892 0
367.1617126464844 1624368619.290889 0
367.1617126464844 1624368619.297872 0
367.1617126464844 1624368619.304884 0
367.46490478515625 1624368619.311839 0
367.1617126464844 1624368619.318878 0
367.1617126464844 1624368619.325859 0
367.46490478515625 1624368619.332875 0
367.46490478515625 1624368619.339941 0
367.46490478515625 1624368619.346891 0
367.46490478515625 1624368619.353886 0
367.1617126464844 1624368619.360891 0
367.46490478515625 1624368619.367862 0
367.46490478515625 1624368619.37497 0
367.46490478515625 1624368619.381904 0
367.46490478515625 1624368619.388875 0
367.46490478515625 1624368619.395898 0
367.1617126464844 1624368619.402846 0
367.1617126464844 1624368619.409985 0
367.1617126464844 1624368619.416916 0
366.6391296386719 1624368619.423932 0
367.1617126464844 1624368619.430973 0
366.3366394042969 1624368619.43799 0
367.1617126464844 1624368619.444714 0
367.1617126464844 1624368619.451746 0
366.3366394042969 1624368619.458729 0
367.1617126464844 1624368619.465797 0
366.3366394042969 1624368619.472924 0
367.1617126464844 1624368619.479834 0
366.3366394042969 1624368619.486848 0
367.1617126464844 1624368619.493836 0
366.3366394042969 1624368619.500778 0
366.3366394042969 1624368619.507821 0
367.1617126464844 1624368619.514922 0
366.3366394042969 1624368619.521855 0
367.1617126464844 1624368619.528847 0
366.3366394042969 1624368619.535897 0
366.3366394042969 1624368619.542878 0
366.3366394042969 1624368619.549845 0
367.1617126464844 1624368619.55682 0
366.3366394042969 1624368619.563823 0
366.3366394042969 1624368619.570816 0
367.1617126464844 1624368619.577841 0
367.1617126464844 1624368619.584796 0
367.1617126464844 1624368619.591843 0
367.1617126464844 1624368619.598861 0
367.1617126464844 1624368619.605738 0
367.1617126464844 1624368619.612752 0
367.46490478515625 1624368619.619745 0
367.1617126464844 1624368619.626825 0
367.1617126464844 1624368619.633818 0
367.46490478515625 1624368619.640816 0
367.1617126464844 1624368619.647769 0
367.1617126464844 1624368619.654747 0
367.46490478515625 1624368619.661795 0
367.46490478515625 1624368619.668785 0
367.1617126464844 1624368619.675689 0
367.46490478515625 1624368619.682754 0
367.46490478515625 1624368619.689722 0
367.46490478515625 1624368619.696823 0
368.2906494140625 1624368619.703746 0
367.46490478515625 1624368619.710845 0
367.46490478515625 1624368619.717904 0
367.1617126464844 1624368619.724803 0
367.46490478515625 1624368619.731806 0
368.2906494140625 1624368619.738892 0
368.2906494140625 1624368619.745886 0
368.2906494140625 1624368619.752891 0
368.2906494140625 1624368619.759877 0
367.46490478515625 1624368619.766674 0
367.46490478515625 1624368619.77373 0
367.46490478515625 1624368619.780745 0
367.1617126464844 1624368619.787732 0
367.46490478515625 1624368619.794737 0
367.46490478515625 1624368619.801691 0
367.1617126464844 1624368619.808698 0
367.1617126464844 1624368619.815673 0
367.1617126464844 1624368619.822681 0
367.1617126464844 1624368619.829738 0
367.1617126464844 1624368619.836978 0
367.1617126464844 1624368619.843751 0
367.1617126464844 1624368619.850754 0
366.3366394042969 1624368619.857775 0
367.1617126464844 1624368619.864784 0
366.3366394042969 1624368619.871811 0
367.1617126464844 1624368619.878794 0
366.3366394042969 1624368619.885799 0
366.3366394042969 1624368619.892777 0
367.1617126464844 1624368619.899731 0
367.1617126464844 1624368619.906692 0
367.1617126464844 1624368619.91371 0
367.1617126464844 1624368619.92075 0
367.1617126464844 1624368619.927761 0
367.46490478515625 1624368619.934638 0
367.1617126464844 1624368619.941634 0
367.1617126464844 1624368619.948608 0
367.1617126464844 1624368619.955642 0
367.1617126464844 1624368619.962606 0
367.1617126464844 1624368619.969829 0
367.1617126464844 1624368619.976655 0
366.3366394042969 1624368619.983661 0
367.1617126464844 1624368619.990746 0
366.3366394042969 1624368619.997695 0
367.1617126464844 1624368620.004622 0
366.3366394042969 1624368620.011734 0
367.1617126464844 1624368620.018699 0
366.3366394042969 1624368620.025746 0
366.3366394042969 1624368620.032737 0
367.1617126464844 1624368620.039731 0
367.1617126464844 1624368620.046723 0
367.46490478515625 1624368620.053705 0
367.1617126464844 1624368620.060659 0
367.1617126464844 1624368620.067617 0
366.0346374511719 1624368620.074615 0
366.3366394042969 1624368620.081657 0
367.1617126464844 1624368620.088702 0
366.3366394042969 1624368620.095743 0
366.3366394042969 1624368620.102716 0
366.0346374511719 1624368620.109613 0
366.3366394042969 1624368620.116592 0
366.3366394042969 1624368620.123597 0
366.0346374511719 1624368620.130609 0
366.0346374511719 1624368620.137627 0
366.3366394042969 1624368620.144611 0
366.3366394042969 1624368620.151671 0
366.3366394042969 1624368620.1587 0
367.1617126464844 1624368620.16561 0
366.3366394042969 1624368620.172603 0
367.1617126464844 1624368620.179593 0
366.3366394042969 1624368620.186663 0
367.1617126464844 1624368620.193565 0
367.1617126464844 1624368620.200587 0
367.1617126464844 1624368620.207592 0
367.1617126464844 1624368620.214595 0
367.46490478515625 1624368620.221653 0
367.46490478515625 1624368620.228699 0
367.46490478515625 1624368620.235696 0
367.46490478515625 1624368620.242757 0
367.46490478515625 1624368620.249724 0
367.46490478515625 1624368620.256702 0
368.2906494140625 1624368620.263742 0
367.46490478515625 1624368620.270559 0
367.46490478515625 1624368620.277585 0
367.46490478515625 1624368620.284583 0
367.1617126464844 1624368620.291526 0
367.46490478515625 1624368620.298566 0
367.46490478515625 1624368620.305595 0
368.2906494140625 1624368620.312601 0
367.46490478515625 1624368620.319527 0
367.46490478515625 1624368620.326589 0
367.46490478515625 1624368620.333521 0
367.1617126464844 1624368620.340622 0
367.46490478515625 1624368620.347594 0
367.1617126464844 1624368620.354673 0
367.1617126464844 1624368620.361648 0
367.46490478515625 1624368620.36871 0
367.46490478515625 1624368620.375718 0
367.1617126464844 1624368620.382635 0
367.1617126464844 1624368620.389658 0
367.1617126464844 1624368620.396686 0
367.46490478515625 1624368620.403709 0
367.46490478515625 1624368620.410554 0
367.1617126464844 1624368620.417532 0
367.1617126464844 1624368620.42457 0
367.1617126464844 1624368620.431573 0
367.1617126464844 1624368620.438604 0
366.3366394042969 1624368620.445592 0
367.1617126464844 1624368620.452566 0
367.1617126464844 1624368620.459545 0
367.1617126464844 1624368620.466537 0
367.1617126464844 1624368620.473568 0
367.1617126464844 1624368620.480537 0
367.1617126464844 1624368620.487598 0
367.1617126464844 1624368620.494553 0
367.1617126464844 1624368620.501586 0
366.3366394042969 1624368620.5086 0
367.1617126464844 1624368620.515609 0
367.46490478515625 1624368620.52259 0
367.46490478515625 1624368620.529586 0
367.46490478515625 1624368620.536603 0
367.46490478515625 1624368620.54365 0
367.46490478515625 1624368620.550463 0
367.46490478515625 1624368620.557561 0
367.46490478515625 1624368620.564503 0
367.46490478515625 1624368620.571514 0
367.46490478515625 1624368620.578701 0
367.46490478515625 1624368620.58546 0
367.46490478515625 1624368620.592464 0
367.46490478515625 1624368620.599523 0
367.1617126464844 1624368620.60643 0
367.1617126464844 1624368620.61346 0
367.46490478515625 1624368620.620572 0
367.46490478515625 1624368620.627482 0
367.46490478515625 1624368620.634545 0
367.46490478515625 1624368620.641595 0
367.46490478515625 1624368620.648544 0
367.1617126464844 1624368620.655625 0
367.46490478515625 1624368620.662572 0
367.46490478515625 1624368620.669546 0
367.46490478515625 1624368620.676522 0
367.1617126464844 1624368620.68358 0
367.1617126464844 1624368620.690595 0
367.1617126464844 1624368620.697657 0
367.46490478515625 1624368620.704437 0
367.46490478515625 1624368620.711427 0
367.46490478515625 1624368620.718463 0
368.2906494140625 1624368620.725466 0
367.46490478515625 1624368620.732498 0
367.46490478515625 1624368620.739509 0
367.46490478515625 1624368620.746518 0
367.1617126464844 1624368620.753526 0
367.1617126464844 1624368620.760486 0
368.2906494140625 1624368620.767503 0
368.2906494140625 1624368620.774534 0
367.46490478515625 1624368620.781501 0
367.46490478515625 1624368620.788581 0
367.46490478515625 1624368620.795544 0
367.46490478515625 1624368620.802515 0
367.1617126464844 1624368620.809553 0
367.1617126464844 1624368620.81648 0
367.1617126464844 1624368620.823561 0
367.1617126464844 1624368620.830522 0
367.1617126464844 1624368620.837315 0
367.1617126464844 1624368620.844366 0
367.1617126464844 1624368620.851403 0
367.1617126464844 1624368620.858519 0
367.1617126464844 1624368620.865392 0
367.46490478515625 1624368620.872466 0
367.1617126464844 1624368620.879461 0
367.1617126464844 1624368620.886368 0
367.1617126464844 1624368620.893404 0
367.1617126464844 1624368620.900415 0
367.46490478515625 1624368620.907516 0
367.1617126464844 1624368620.914476 0
367.46490478515625 1624368620.921513 0
367.1617126464844 1624368620.928489 0
367.46490478515625 1624368620.935476 0
367.1617126464844 1624368620.942602 0
367.1617126464844 1624368620.949404 0
367.1617126464844 1624368620.956359 0
367.1617126464844 1624368620.963419 0
367.1617126464844 1624368620.970411 0
367.1617126464844 1624368620.977423 0
367.1617126464844 1624368620.98429 0
367.46490478515625 1624368620.991297 0
367.1617126464844 1624368620.998347 0
367.1617126464844 1624368621.005368 0
367.46490478515625 1624368621.012405 0
366.6391296386719 1624368621.019343 0
367.1617126464844 1624368621.026402 0
366.3366394042969 1624368621.033419 0
367.1617126464844 1624368621.04035 0
367.46490478515625 1624368621.047316 0
367.1617126464844 1624368621.05432 0
367.46490478515625 1624368621.061334 0
367.46490478515625 1624368621.068313 0
367.46490478515625 1624368621.075341 0
367.46490478515625 1624368621.082301 0
367.46490478515625 1624368621.089433 0
367.46490478515625 1624368621.09635 0
367.1617126464844 1624368621.103388 0
367.1617126464844 1624368621.110343 0
367.46490478515625 1624368621.11734 0
367.1617126464844 1624368621.124375 0
367.1617126464844 1624368621.131204 0
368.2906494140625 1624368621.13823 0
366.6391296386719 1624368621.145286 0
367.46490478515625 1624368621.152257 0
367.46490478515625 1624368621.15926 0
368.2906494140625 1624368621.166253 0
368.2906494140625 1624368621.173341 0
367.46490478515625 1624368621.180388 0
367.46490478515625 1624368621.187356 0
367.46490478515625 1624368621.194336 0
368.2906494140625 1624368621.201329 0
367.46490478515625 1624368621.208336 0
368.2906494140625 1624368621.215395 0
368.2906494140625 1624368621.222387 0
367.46490478515625 1624368621.229409 0
368.2906494140625 1624368621.236349 0
367.46490478515625 1624368621.243398 0
368.2906494140625 1624368621.250371 0
367.46490478515625 1624368621.25736 0
368.2906494140625 1624368621.264371 0
367.46490478515625 1624368621.271413 0
368.2906494140625 1624368621.278388 0
367.46490478515625 1624368621.285385 0
368.2906494140625 1624368621.292408 0
367.46490478515625 1624368621.299381 0
367.46490478515625 1624368621.306192 0
367.46490478515625 1624368621.313258 0
367.46490478515625 1624368621.320301 0
367.46490478515625 1624368621.327245 0
367.46490478515625 1624368621.334267 0
367.1617126464844 1624368621.341324 0
367.1617126464844 1624368621.348249 0
367.46490478515625 1624368621.35527 0
367.1617126464844 1624368621.362267 0
367.46490478515625 1624368621.369451 0
367.1617126464844 1624368621.376236 0
367.1617126464844 1624368621.383268 0
367.1617126464844 1624368621.390338 0
367.46490478515625 1624368621.397262 0
367.46490478515625 1624368621.404345 0
367.46490478515625 1624368621.411349 0
367.46490478515625 1624368621.418341 0
368.2906494140625 1624368621.425305 0
367.46490478515625 1624368621.432232 0
368.2906494140625 1624368621.439293 0
367.46490478515625 1624368621.446254 0
367.9867858886719 1624368621.453283 0
367.46490478515625 1624368621.460383 0
368.2906494140625 1624368621.467355 0
368.2906494140625 1624368621.474367 0
368.2906494140625 1624368621.481223 0
368.2906494140625 1624368621.488175 0
367.46490478515625 1624368621.495223 0
368.2906494140625 1624368621.502199 0
367.46490478515625 1624368621.50925 0
368.2906494140625 1624368621.516226 0
368.2906494140625 1624368621.523216 0
368.2906494140625 1624368621.530218 0
368.2906494140625 1624368621.537188 0
367.46490478515625 1624368621.544177 0
368.2906494140625 1624368621.551132 0
367.46490478515625 1624368621.558231 0
368.2906494140625 1624368621.565225 0
367.46490478515625 1624368621.572231 0
368.2906494140625 1624368621.579247 0
368.2906494140625 1624368621.586289 0
368.2906494140625 1624368621.593332 0
368.2906494140625 1624368621.600314 0
368.2906494140625 1624368621.607333 0
368.2906494140625 1624368621.614234 0
367.46490478515625 1624368621.621218 0
368.2906494140625 1624368621.628231 0
368.2906494140625 1624368621.635316 0
368.2906494140625 1624368621.642129 0
368.2906494140625 1624368621.649131 0
367.46490478515625 1624368621.656172 0
367.46490478515625 1624368621.663164 0
367.46490478515625 1624368621.670161 0
367.46490478515625 1624368621.677157 0
367.1617126464844 1624368621.684131 0
368.2906494140625 1624368621.69119 0
367.46490478515625 1624368621.698215 0
368.2906494140625 1624368621.705206 0
367.46490478515625 1624368621.712174 0
367.46490478515625 1624368621.719171 0
367.1617126464844 1624368621.726207 0
367.1617126464844 1624368621.733262 0
367.46490478515625 1624368621.740161 0
367.1617126464844 1624368621.747231 0
367.46490478515625 1624368621.754214 0
368.2906494140625 1624368621.761253 0
367.1617126464844 1624368621.768258 0
367.1617126464844 1624368621.77523 0
367.1617126464844 1624368621.782265 0
367.46490478515625 1624368621.789249 0
367.46490478515625 1624368621.796236 0
368.2906494140625 1624368621.803221 0
367.1617126464844 1624368621.810267 0
367.1617126464844 1624368621.817339 0
367.46490478515625 1624368621.824177 0
367.46490478515625 1624368621.831008 0
367.1617126464844 1624368621.838093 0
367.46490478515625 1624368621.845098 0
367.1617126464844 1624368621.852129 0
367.1617126464844 1624368621.859125 0
367.46490478515625 1624368621.866192 0
367.46490478515625 1624368621.873197 0
367.46490478515625 1624368621.880177 0
367.46490478515625 1624368621.887134 0
367.1617126464844 1624368621.894174 0
367.1617126464844 1624368621.901151 0
366.3366394042969 1624368621.908109 0
367.46490478515625 1624368621.9152 0
367.46490478515625 1624368621.922189 0
367.46490478515625 1624368621.929168 0
367.46490478515625 1624368621.936116 0
367.1617126464844 1624368621.943093 0
367.1617126464844 1624368621.950108 0
367.46490478515625 1624368621.957076 0
368.2906494140625 1624368621.964108 0
367.1617126464844 1624368621.971101 0
367.46490478515625 1624368621.978123 0
367.46490478515625 1624368621.985201 0
367.9867858886719 1624368621.992204 0
367.46490478515625 1624368621.999244 0
367.46490478515625 1624368622.006234 0
367.46490478515625 1624368622.013178 0
367.46490478515625 1624368622.020039 0
367.46490478515625 1624368622.026984 0
367.46490478515625 1624368622.034065 0
367.46490478515625 1624368622.041082 0
367.46490478515625 1624368622.048049 0
367.1617126464844 1624368622.055033 0
367.1617126464844 1624368622.062103 0
366.6391296386719 1624368622.068968 0
367.1617126464844 1624368622.076002 0
367.1617126464844 1624368622.083097 0
367.1617126464844 1624368622.09006 0
367.46490478515625 1624368622.097106 0
367.1617126464844 1624368622.104101 0
367.1617126464844 1624368622.111169 0
367.46490478515625 1624368622.118218 0
367.46490478515625 1624368622.125128 0
367.46490478515625 1624368622.132152 0
368.2906494140625 1624368622.139179 0
367.46490478515625 1624368622.146164 0
367.1617126464844 1624368622.15317 0
367.46490478515625 1624368622.160079 0
367.9867858886719 1624368622.167197 0
367.46490478515625 1624368622.174186 0
367.46490478515625 1624368622.18122 0
367.1617126464844 1624368622.188131 0
367.46490478515625 1624368622.194925 0
368.2906494140625 1624368622.201958 0
367.46490478515625 1624368622.208951 0
368.2906494140625 1624368622.215966 0
367.46490478515625 1624368622.223005 0
367.46490478515625 1624368622.229963 0
368.2906494140625 1624368622.23703 0
367.46490478515625 1624368622.244014 0
367.46490478515625 1624368622.250998 0
367.46490478515625 1624368622.258058 0
367.46490478515625 1624368622.265049 0
367.1617126464844 1624368622.272066 0
367.46490478515625 1624368622.279039 0
367.46490478515625 1624368622.286006 0
368.2906494140625 1624368622.293105 0
367.46490478515625 1624368622.300091 0
367.46490478515625 1624368622.307116 0
367.46490478515625 1624368622.314058 0
367.46490478515625 1624368622.321098 0
367.46490478515625 1624368622.328012 0
367.46490478515625 1624368622.335109 0
367.1617126464844 1624368622.341999 0
366.3366394042969 1624368622.34916 0
366.3366394042969 1624368622.356079 0
367.1617126464844 1624368622.363009 0
367.1617126464844 1624368622.370149 0
367.1617126464844 1624368622.377094 0
367.1617126464844 1624368622.383919 0
367.1617126464844 1624368622.39089 0
367.1617126464844 1624368622.397957 0
367.1617126464844 1624368622.404981 0
367.1617126464844 1624368622.411937 0
367.1617126464844 1624368622.419032 0
367.46490478515625 1624368622.425959 0
367.1617126464844 1624368622.433002 0
367.46490478515625 1624368622.44002 0
367.46490478515625 1624368622.446964 0
367.46490478515625 1624368622.454028 0
367.46490478515625 1624368622.461023 0
367.1617126464844 1624368622.467996 0
367.46490478515625 1624368622.47502 0
367.46490478515625 1624368622.481981 0
367.1617126464844 1624368622.489062 0
367.1617126464844 1624368622.496045 0
367.1617126464844 1624368622.503071 0
366.3366394042969 1624368622.510085 0
367.1617126464844 1624368622.517076 0
367.1617126464844 1624368622.523904 0
367.1617126464844 1624368622.53094 0
367.1617126464844 1624368622.537944 0
366.3366394042969 1624368622.544902 0
366.3366394042969 1624368622.551923 0
366.3366394042969 1624368622.558936 0
367.1617126464844 1624368622.565992 0
366.3366394042969 1624368622.572904 0
367.1617126464844 1624368622.579893 0
367.1617126464844 1624368622.586907 0
366.3366394042969 1624368622.59392 0
367.1617126464844 1624368622.601049 0
366.3366394042969 1624368622.608039 0
367.1617126464844 1624368622.615004 0
367.1617126464844 1624368622.622005 0
367.1617126464844 1624368622.629021 0
366.3366394042969 1624368622.635943 0
367.1617126464844 1624368622.642957 0
366.3366394042969 1624368622.649963 0
367.1617126464844 1624368622.657045 0
367.1617126464844 1624368622.663784 0
366.3366394042969 1624368622.670847 0
366.3366394042969 1624368622.677879 0
366.3366394042969 1624368622.684889 0
366.3366394042969 1624368622.691863 0
366.3366394042969 1624368622.698941 0
366.3366394042969 1624368622.705929 0
367.1617126464844 1624368622.712948 0
366.3366394042969 1624368622.71985 0
367.1617126464844 1624368622.727892 0
367.1617126464844 1624368622.734966 0
367.1617126464844 1624368622.741868 0
367.1617126464844 1624368622.748951 0
367.1617126464844 1624368622.756024 0
367.1617126464844 1624368622.763013 0
367.1617126464844 1624368622.769986 0
367.1617126464844 1624368622.777021 0
367.46490478515625 1624368622.784024 0
367.1617126464844 1624368622.790767 0
366.3366394042969 1624368622.797784 0
367.1617126464844 1624368622.804792 0
366.3366394042969 1624368622.811758 0
366.0346374511719 1624368622.818854 0
367.1617126464844 1624368622.825871 0
367.1617126464844 1624368622.832823 0
367.1617126464844 1624368622.839816 0
367.1617126464844 1624368622.846852 0
366.3366394042969 1624368622.853803 0
366.0346374511719 1624368622.86091 0
366.3366394042969 1624368622.867871 0
366.3366394042969 1624368622.87485 0
367.1617126464844 1624368622.88186 0
366.3366394042969 1624368622.888903 0
367.1617126464844 1624368622.895863 0
367.1617126464844 1624368622.902878 0
366.3366394042969 1624368622.909883 0
367.1617126464844 1624368622.916964 0
366.3366394042969 1624368622.923938 0
367.1617126464844 1624368622.930981 0
367.1617126464844 1624368622.937925 0
367.1617126464844 1624368622.944766 0
366.3366394042969 1624368622.95182 0
367.1617126464844 1624368622.958829 0
367.1617126464844 1624368622.965871 0
366.3366394042969 1624368622.972852 0
366.3366394042969 1624368622.979847 0
366.3366394042969 1624368622.986831 0
367.1617126464844 1624368622.993818 0
366.3366394042969 1624368623.000856 0
367.1617126464844 1624368623.007856 0
367.1617126464844 1624368623.014797 0
366.3366394042969 1624368623.021761 0
367.1617126464844 1624368623.02884 0
367.1617126464844 1624368623.035794 0
367.1617126464844 1624368623.042789 0
367.46490478515625 1624368623.049854 0
367.46490478515625 1624368623.056781 0
367.1617126464844 1624368623.063829 0
367.1617126464844 1624368623.070832 0
367.46490478515625 1624368623.077832 0
367.46490478515625 1624368623.08479 0
367.9867858886719 1624368623.091873 0
367.46490478515625 1624368623.098924 0
367.46490478515625 1624368623.105726 0
367.1617126464844 1624368623.112726 0
367.46490478515625 1624368623.119705 0
367.46490478515625 1624368623.126712 0
367.1617126464844 1624368623.133751 0
366.3366394042969 1624368623.140751 0
367.1617126464844 1624368623.14778 0
367.1617126464844 1624368623.154756 0
366.3366394042969 1624368623.161797 0
367.1617126464844 1624368623.168786 0
367.1617126464844 1624368623.175763 0
367.1617126464844 1624368623.182726 0
367.1617126464844 1624368623.189707 0
367.1617126464844 1624368623.196762 0
367.1617126464844 1624368623.203747 0
367.46490478515625 1624368623.21076 0
367.1617126464844 1624368623.21779 0
367.1617126464844 1624368623.224801 0
367.1617126464844 1624368623.231802 0
367.1617126464844 1624368623.238836 0
367.1617126464844 1624368623.245867 0
367.1617126464844 1624368623.252653 0
367.1617126464844 1624368623.259607 0
367.1617126464844 1624368623.266667 0
366.3366394042969 1624368623.273666 0
367.1617126464844 1624368623.280667 0
366.6391296386719 1624368623.287756 0
367.1617126464844 1624368623.294701 0
367.1617126464844 1624368623.301785 0
367.1617126464844 1624368623.308711 0
367.1617126464844 1624368623.315673 0
367.1617126464844 1624368623.322701 0
366.3366394042969 1624368623.329731 0
367.1617126464844 1624368623.33683 0
367.1617126464844 1624368623.343804 0
366.3366394042969 1624368623.350794 0
367.1617126464844 1624368623.357779 0
367.1617126464844 1624368623.364787 0
367.1617126464844 1624368623.371773 0
367.1617126464844 1624368623.378767 0
367.1617126464844 1624368623.385811 0
367.1617126464844 1624368623.392785 0
367.46490478515625 1624368623.399797 0
367.46490478515625 1624368623.406814 0
367.1617126464844 1624368623.413686 0
367.1617126464844 1624368623.420648 0
367.46490478515625 1624368623.427654 0
367.46490478515625 1624368623.43465 0
367.46490478515625 1624368623.441614 0
367.1617126464844 1624368623.448661 0
367.1617126464844 1624368623.455661 0
367.46490478515625 1624368623.462701 0
367.46490478515625 1624368623.469625 0
367.1617126464844 1624368623.476614 0
367.1617126464844 1624368623.483694 0
367.1617126464844 1624368623.490633 0
367.1617126464844 1624368623.497695 0
367.9867858886719 1624368623.504791 0
367.1617126464844 1624368623.511729 0
367.1617126464844 1624368623.518691 0
367.1617126464844 1624368623.525753 0
368.2906494140625 1624368623.532744 0
367.1617126464844 1624368623.539685 0
367.1617126464844 1624368623.546692 0
367.46490478515625 1624368623.5537 0
367.1617126464844 1624368623.560682 0
367.46490478515625 1624368623.567671 0
367.1617126464844 1624368623.574672 0
367.1617126464844 1624368623.581687 0
367.1617126464844 1624368623.588537 0
367.1617126464844 1624368623.595552 0
367.1617126464844 1624368623.602536 0
367.1617126464844 1624368623.609506 0
367.1617126464844 1624368623.616489 0
367.1617126464844 1624368623.623487 0
367.1617126464844 1624368623.630513 0
367.1617126464844 1624368623.637525 0
367.1617126464844 1624368623.644521 0
366.3366394042969 1624368623.651535 0
367.1617126464844 1624368623.658522 0
367.1617126464844 1624368623.665525 0
367.1617126464844 1624368623.672675 0
367.1617126464844 1624368623.679612 0
367.1617126464844 1624368623.686677 0
367.1617126464844 1624368623.693642 0
366.3366394042969 1624368623.700673 0
367.1617126464844 1624368623.707662 0
366.3366394042969 1624368623.71457 0
367.1617126464844 1624368623.721562 0
367.1617126464844 1624368623.728648 0
366.3366394042969 1624368623.735541 0
367.1617126464844 1624368623.742574 0
367.1617126464844 1624368623.749592 0
367.1617126464844 1624368623.756587 0
367.1617126464844 1624368623.763548 0
367.1617126464844 1624368623.770616 0
367.1617126464844 1624368623.777602 0
367.1617126464844 1624368623.784643 0
367.1617126464844 1624368623.791632 0
367.1617126464844 1624368623.798595 0
367.1617126464844 1624368623.805604 0
367.1617126464844 1624368623.812607 0
367.1617126464844 1624368623.819596 0
366.3366394042969 1624368623.826626 0
367.1617126464844 1624368623.833637 0
367.1617126464844 1624368623.840599 0
367.1617126464844 1624368623.847646 0
367.1617126464844 1624368623.854636 0
367.1617126464844 1624368623.861626 0
367.1617126464844 1624368623.868617 0
366.3366394042969 1624368623.875636 0
366.3366394042969 1624368623.882779 0
367.1617126464844 1624368623.889543 0
367.46490478515625 1624368623.896491 0
367.1617126464844 1624368623.90344 0
367.1617126464844 1624368623.910451 0
367.1617126464844 1624368623.917461 0
366.3366394042969 1624368623.924459 0
367.1617126464844 1624368623.931483 0
367.1617126464844 1624368623.93857 0
367.1617126464844 1624368623.945581 0
367.1617126464844 1624368623.952527 0
366.3366394042969 1624368623.959448 0
367.1617126464844 1624368623.966518 0
366.3366394042969 1624368623.973539 0
367.1617126464844 1624368623.980515 0
367.1617126464844 1624368623.987607 0
367.1617126464844 1624368623.994574 0
367.46490478515625 1624368624.001614 0
367.1617126464844 1624368624.008612 0
367.1617126464844 1624368624.015591 0
367.1617126464844 1624368624.022551 0
367.1617126464844 1624368624.029602 0
367.1617126464844 1624368624.036622 0
367.1617126464844 1624368624.043418 0
367.1617126464844 1624368624.050446 0
367.1617126464844 1624368624.057488 0
367.1617126464844 1624368624.064452 0
367.46490478515625 1624368624.071464 0
367.1617126464844 1624368624.07846 0
366.3366394042969 1624368624.085413 0
367.46490478515625 1624368624.092544 0
366.3366394042969 1624368624.099554 0
367.1617126464844 1624368624.106495 0
367.1617126464844 1624368624.11352 0
367.46490478515625 1624368624.120526 0
368.2906494140625 1624368624.127539 0
367.46490478515625 1624368624.134575 0
367.1617126464844 1624368624.141552 0
367.1617126464844 1624368624.148598 0
367.1617126464844 1624368624.155539 0
367.1617126464844 1624368624.162519 0
367.1617126464844 1624368624.169554 0
366.3366394042969 1624368624.176541 0
367.1617126464844 1624368624.183569 0
367.1617126464844 1624368624.190496 0
366.3366394042969 1624368624.197501 0
367.46490478515625 1624368624.204395 0
366.3366394042969 1624368624.211412 0
367.1617126464844 1624368624.21839 0
367.1617126464844 1624368624.225415 0
367.46490478515625 1624368624.232438 0
367.1617126464844 1624368624.23941 0
367.1617126464844 1624368624.246469 0
367.1617126464844 1624368624.253435 0
367.1617126464844 1624368624.260434 0
367.1617126464844 1624368624.267507 0
367.46490478515625 1624368624.274447 0
367.1617126464844 1624368624.281487 0
367.46490478515625 1624368624.288473 0
367.1617126464844 1624368624.295487 0
367.46490478515625 1624368624.302384 0
367.1617126464844 1624368624.30942 0
367.1617126464844 1624368624.316416 0
367.1617126464844 1624368624.323459 0
367.1617126464844 1624368624.33049 0
367.1617126464844 1624368624.337482 0
367.46490478515625 1624368624.344558 0
367.1617126464844 1624368624.351545 0
367.46490478515625 1624368624.358337 0
367.1617126464844 1624368624.365384 0
367.46490478515625 1624368624.372403 0
367.1617126464844 1624368624.379344 0
367.1617126464844 1624368624.386384 0
367.1617126464844 1624368624.393433 0
367.1617126464844 1624368624.40037 0
367.1617126464844 1624368624.407348 0
367.1617126464844 1624368624.414429 0
367.1617126464844 1624368624.42138 0
367.1617126464844 1624368624.428373 0
366.3366394042969 1624368624.435351 0
367.1617126464844 1624368624.442346 0
366.3366394042969 1624368624.449421 0
367.1617126464844 1624368624.456376 0
366.3366394042969 1624368624.463453 0
366.3366394042969 1624368624.470455 0
367.1617126464844 1624368624.477403 0
366.3366394042969 1624368624.484401 0
367.1617126464844 1624368624.491418 0
367.1617126464844 1624368624.498438 0
367.1617126464844 1624368624.505515 0
366.0346374511719 1624368624.512512 0
367.1617126464844 1624368624.519531 0
367.46490478515625 1624368624.526523 0
367.1617126464844 1624368624.533322 0
367.46490478515625 1624368624.540336 0
367.46490478515625 1624368624.547346 0
367.1617126464844 1624368624.554393 0
367.1617126464844 1624368624.561356 0
367.1617126464844 1624368624.568371 0
367.1617126464844 1624368624.575327 0
367.1617126464844 1624368624.582301 0
367.1617126464844 1624368624.58931 0
367.1617126464844 1624368624.596438 0
367.1617126464844 1624368624.603356 0
366.3366394042969 1624368624.610326 0
367.1617126464844 1624368624.617318 0
367.1617126464844 1624368624.624389 0
367.1617126464844 1624368624.631329 0
367.1617126464844 1624368624.638393 0
367.1617126464844 1624368624.645403 0
367.1617126464844 1624368624.652389 0
366.3366394042969 1624368624.659335 0
367.1617126464844 1624368624.666372 0
367.1617126464844 1624368624.673336 0
367.1617126464844 1624368624.680397 0
367.1617126464844 1624368624.687448 0
367.1617126464844 1624368624.694451 0
367.1617126464844 1624368624.701406 0
367.1617126464844 1624368624.708376 0
367.1617126464844 1624368624.715492 0
367.46490478515625 1624368624.722428 0
367.1617126464844 1624368624.729251 0
367.1617126464844 1624368624.736233 0
367.46490478515625 1624368624.743258 0
367.1617126464844 1624368624.750237 0
367.46490478515625 1624368624.757184 0
367.1617126464844 1624368624.764219 0
366.3366394042969 1624368624.771219 0
367.1617126464844 1624368624.778231 0
367.1617126464844 1624368624.785222 0
367.46490478515625 1624368624.792225 0
367.1617126464844 1624368624.799213 0
367.1617126464844 1624368624.806236 0
367.1617126464844 1624368624.813299 0
367.1617126464844 1624368624.820225 0
367.1617126464844 1624368624.827236 0
367.1617126464844 1624368624.834347 0
367.46490478515625 1624368624.841309 0
367.46490478515625 1624368624.848319 0
367.1617126464844 1624368624.855378 0
367.1617126464844 1624368624.862359 0
367.1617126464844 1624368624.869304 0
368.2906494140625 1624368624.876364 0
367.46490478515625 1624368624.883388 0
367.1617126464844 1624368624.89033 0
366.3366394042969 1624368624.897391 0
367.1617126464844 1624368624.904381 0
366.3366394042969 1624368624.911321 0
367.1617126464844 1624368624.918303 0
367.1617126464844 1624368624.925286 0
367.1617126464844 1624368624.932341 0
367.1617126464844 1624368624.939218 0
367.1617126464844 1624368624.94625 0
367.1617126464844 1624368624.953188 0
366.3366394042969 1624368624.96014 0
367.1617126464844 1624368624.967124 0
367.1617126464844 1624368624.974216 0
367.1617126464844 1624368624.981156 0
366.3366394042969 1624368624.988175 0
367.1617126464844 1624368624.995199 0
367.1617126464844 1624368625.002239 0
366.3366394042969 1624368625.009223 0
367.1617126464844 1624368625.016218 0
367.1617126464844 1624368625.023276 0
367.1617126464844 1624368625.030304 0
367.1617126464844 1624368625.03728 0
367.1617126464844 1624368625.044222 0
367.46490478515625 1624368625.051258 0
367.46490478515625 1624368625.05818 0
367.46490478515625 1624368625.065166 0
367.46490478515625 1624368625.072206 0
367.46490478515625 1624368625.079209 0
367.1617126464844 1624368625.086287 0
367.1617126464844 1624368625.093268 0
367.1617126464844 1624368625.100295 0
367.1617126464844 1624368625.107261 0
367.1617126464844 1624368625.114315 0
366.3366394042969 1624368625.121293 0
367.1617126464844 1624368625.128334 0
367.1617126464844 1624368625.135201 0
367.1617126464844 1624368625.142162 0
367.1617126464844 1624368625.149167 0
367.1617126464844 1624368625.156143 0
367.1617126464844 1624368625.163141 0
367.1617126464844 1624368625.170162 0
367.1617126464844 1624368625.177107 0
367.46490478515625 1624368625.184153 0
367.1617126464844 1624368625.191211 0
367.1617126464844 1624368625.198148 0
367.1617126464844 1624368625.205117 0
367.46490478515625 1624368625.212111 0
367.46490478515625 1624368625.2192 0
367.46490478515625 1624368625.226176 0
367.1617126464844 1624368625.233156 0
367.46490478515625 1624368625.240133 0
367.46490478515625 1624368625.247124 0
367.46490478515625 1624368625.25412 0
367.46490478515625 1624368625.2611 0
367.1617126464844 1624368625.26818 0
367.46490478515625 1624368625.275192 0
367.46490478515625 1624368625.282262 0
368.2906494140625 1624368625.289175 0
367.46490478515625 1624368625.296217 0
368.2906494140625 1624368625.303228 0
367.1617126464844 1624368625.30998 0
367.46490478515625 1624368625.316974 0
367.46490478515625 1624368625.324017 0
368.2906494140625 1624368625.331105 0
367.46490478515625 1624368625.338166 0
367.46490478515625 1624368625.345178 0
367.1617126464844 1624368625.352111 0
367.46490478515625 1624368625.359208 0
368.2906494140625 1624368625.366212 0
367.46490478515625 1624368625.373159 0
368.2906494140625 1624368625.380131 0
367.1617126464844 1624368625.387154 0
367.1617126464844 1624368625.394201 0
367.46490478515625 1624368625.401143 0
367.46490478515625 1624368625.408152 0
368.2906494140625 1624368625.415129 0
367.46490478515625 1624368625.422096 0
368.2906494140625 1624368625.429105 0
367.46490478515625 1624368625.436167 0
368.2906494140625 1624368625.443163 0
367.46490478515625 1624368625.450151 0
367.46490478515625 1624368625.457231 0
368.2906494140625 1624368625.464195 0
367.46490478515625 1624368625.471248 0
368.2906494140625 1624368625.478053 0
367.46490478515625 1624368625.485009 0
367.46490478515625 1624368625.492072 0
368.2906494140625 1624368625.499106 0
368.2906494140625 1624368625.506103 0
367.46490478515625 1624368625.513067 0
367.46490478515625 1624368625.520089 0
368.2906494140625 1624368625.527058 0
367.46490478515625 1624368625.534093 0
368.2906494140625 1624368625.54109 0
367.46490478515625 1624368625.54813 0
368.2906494140625 1624368625.55505 0
368.2906494140625 1624368625.562094 0
368.2906494140625 1624368625.568979 0
368.2906494140625 1624368625.576116 0
367.46490478515625 1624368625.583181 0
368.2906494140625 1624368625.590151 0
367.46490478515625 1624368625.597153 0
367.46490478515625 1624368625.604168 0
367.46490478515625 1624368625.611175 0
367.46490478515625 1624368625.618139 0
368.2906494140625 1624368625.625113 0
368.2906494140625 1624368625.632069 0
368.2906494140625 1624368625.639168 0
368.2906494140625 1624368625.646194 0
367.46490478515625 1624368625.653159 0
367.46490478515625 1624368625.66016 0
368.2906494140625 1624368625.666998 0
368.2906494140625 1624368625.673988 0
368.2906494140625 1624368625.680964 0
368.2906494140625 1624368625.688039 0
368.2906494140625 1624368625.695064 0
368.2906494140625 1624368625.702046 0
367.1617126464844 1624368625.709054 0
367.46490478515625 1624368625.716022 0
367.46490478515625 1624368625.723016 0
368.2906494140625 1624368625.730098 0
367.46490478515625 1624368625.737044 0
367.46490478515625 1624368625.744061 0
368.2906494140625 1624368625.751033 0
367.46490478515625 1624368625.758183 0
368.2906494140625 1624368625.765107 0
367.46490478515625 1624368625.772006 0
367.46490478515625 1624368625.778984 0
367.46490478515625 1624368625.786025 0
367.1617126464844 1624368625.793007 0
367.1617126464844 1624368625.800055 0
367.1617126464844 1624368625.807119 0
367.1617126464844 1624368625.814094 0
367.1617126464844 1624368625.821051 0
367.1617126464844 1624368625.828013 0
367.46490478515625 1624368625.83504 0
367.46490478515625 1624368625.84211 0
367.46490478515625 1624368625.848919 0
367.9867858886719 1624368625.855964 0
368.2906494140625 1624368625.862925 0
367.46490478515625 1624368625.869933 0
367.46490478515625 1624368625.877002 0
367.46490478515625 1624368625.883907 0
367.46490478515625 1624368625.890944 0
366.6391296386719 1624368625.897924 0
367.1617126464844 1624368625.904962 0
367.1617126464844 1624368625.912018 0
367.46490478515625 1624368625.91897 0
367.1617126464844 1624368625.925988 0
367.1617126464844 1624368625.932991 0
367.1617126464844 1624368625.939981 0
367.1617126464844 1624368625.947062 0
367.1617126464844 1624368625.953947 0
367.1617126464844 1624368625.961007 0
367.9867858886719 1624368625.967999 0
367.46490478515625 1624368625.974935 0
367.1617126464844 1624368625.982 0
367.1617126464844 1624368625.989032 0
366.3366394042969 1624368625.996038 0
367.1617126464844 1624368626.002908 0
366.3366394042969 1624368626.009866 0
367.1617126464844 1624368626.016892 0
367.46490478515625 1624368626.023898 0
367.46490478515625 1624368626.030904 0
367.46490478515625 1624368626.037908 0
366.3366394042969 1624368626.044976 0
367.1617126464844 1624368626.051859 0
367.1617126464844 1624368626.058867 0
367.1617126464844 1624368626.065828 0
367.1617126464844 1624368626.072871 0
367.1617126464844 1624368626.079876 0
367.1617126464844 1624368626.0869 0
367.46490478515625 1624368626.09383 0
367.1617126464844 1624368626.100822 0
367.1617126464844 1624368626.107932 0
367.1617126464844 1624368626.114955 0
367.1617126464844 1624368626.121913 0
367.46490478515625 1624368626.128944 0
366.3366394042969 1624368626.135991 0
367.1617126464844 1624368626.142966 0
367.1617126464844 1624368626.149901 0
367.1617126464844 1624368626.156999 0
366.3366394042969 1624368626.164033 0
366.3366394042969 1624368626.171047 0
367.1617126464844 1624368626.177854 0
366.0346374511719 1624368626.184917 0
366.3366394042969 1624368626.191801 0
366.3366394042969 1624368626.198845 0
366.3366394042969 1624368626.205828 0
366.3366394042969 1624368626.212848 0
366.3366394042969 1624368626.219836 0
367.1617126464844 1624368626.22686 0
367.1617126464844 1624368626.233828 0
367.1617126464844 1624368626.240867 0
367.1617126464844 1624368626.247989 0
367.1617126464844 1624368626.254903 0
367.1617126464844 1624368626.261884 0
367.1617126464844 1624368626.268891 0
367.1617126464844 1624368626.27589 0
367.46490478515625 1624368626.282901 0
367.46490478515625 1624368626.289934 0
367.46490478515625 1624368626.296945 0
367.1617126464844 1624368626.303934 0
367.1617126464844 1624368626.310914 0
367.1617126464844 1624368626.317989 0
367.46490478515625 1624368626.325007 0
367.1617126464844 1624368626.331934 0
367.1617126464844 1624368626.338929 0
366.3366394042969 1624368626.345978 0
367.1617126464844 1624368626.352912 0
366.3366394042969 1624368626.359729 0
367.1617126464844 1624368626.366796 0
366.3366394042969 1624368626.373778 0
367.1617126464844 1624368626.380745 0
367.1617126464844 1624368626.387814 0
367.46490478515625 1624368626.394753 0
367.1617126464844 1624368626.401745 0
366.3366394042969 1624368626.408752 0
367.1617126464844 1624368626.415815 0
366.3366394042969 1624368626.42287 0
367.1617126464844 1624368626.429811 0
366.3366394042969 1624368626.43685 0
367.1617126464844 1624368626.443853 0
367.1617126464844 1624368626.450814 0
367.1617126464844 1624368626.457885 0
366.3366394042969 1624368626.464844 0
366.3366394042969 1624368626.471883 0
367.1617126464844 1624368626.478958 0
366.3366394042969 1624368626.485917 0
367.1617126464844 1624368626.492934 0
367.1617126464844 1624368626.499881 0
367.1617126464844 1624368626.50675 0
367.1617126464844 1624368626.513742 0
367.1617126464844 1624368626.520718 0
367.1617126464844 1624368626.527723 0
366.3366394042969 1624368626.534687 0
367.1617126464844 1624368626.541668 0
366.3366394042969 1624368626.548693 0
366.3366394042969 1624368626.55575 0
366.3366394042969 1624368626.56275 0
367.1617126464844 1624368626.569763 0
367.1617126464844 1624368626.576795 0
367.1617126464844 1624368626.583808 0
367.1617126464844 1624368626.590778 0
366.3366394042969 1624368626.597744 0
367.1617126464844 1624368626.604756 0
366.3366394042969 1624368626.611847 0
367.1617126464844 1624368626.618852 0
367.1617126464844 1624368626.625887 0
367.1617126464844 1624368626.632864 0
367.46490478515625 1624368626.639903 0
367.1617126464844 1624368626.646911 0
366.3366394042969 1624368626.653704 0
366.3366394042969 1624368626.660675 0
367.1617126464844 1624368626.667742 0
367.1617126464844 1624368626.67471 0
367.1617126464844 1624368626.681695 0
367.1617126464844 1624368626.688764 0
367.1617126464844 1624368626.6957 0
367.1617126464844 1624368626.702679 0
366.3366394042969 1624368626.709691 0
367.1617126464844 1624368626.716721 0
366.3366394042969 1624368626.72378 0
367.1617126464844 1624368626.730732 0
367.1617126464844 1624368626.737712 0
367.1617126464844 1624368626.744686 0
368.2906494140625 1624368626.751725 0
368.2906494140625 1624368626.758803 0
367.46490478515625 1624368626.765837 0
366.3366394042969 1624368626.772837 0
367.46490478515625 1624368626.779836 0
367.1617126464844 1624368626.786864 0
367.1617126464844 1624368626.793624 0
367.46490478515625 1624368626.800658 0
367.46490478515625 1624368626.807639 0
367.46490478515625 1624368626.814677 0
367.1617126464844 1624368626.821736 0
367.9867858886719 1624368626.828639 0
367.46490478515625 1624368626.835727 0
368.2906494140625 1624368626.842692 0
368.2906494140625 1624368626.849612 0
368.2906494140625 1624368626.856698 0
367.46490478515625 1624368626.863643 0
367.46490478515625 1624368626.870633 0
367.46490478515625 1624368626.877703 0
367.46490478515625 1624368626.884807 0
368.2906494140625 1624368626.891764 0
367.46490478515625 1624368626.898739 0
368.2906494140625 1624368626.90578 0
368.2906494140625 1624368626.912736 0
368.2906494140625 1624368626.919742 0
368.2906494140625 1624368626.926782 0
367.46490478515625 1624368626.933752 0
368.2906494140625 1624368626.940778 0
367.46490478515625 1624368626.947776 0
368.2906494140625 1624368626.954595 0
367.46490478515625 1624368626.961615 0
367.1617126464844 1624368626.968644 0
367.1617126464844 1624368626.975653 0
367.1617126464844 1624368626.982653 0
367.9867858886719 1624368626.989643 0
367.46490478515625 1624368626.996615 0
367.46490478515625 1624368627.003612 0
367.1617126464844 1624368627.010636 0
367.46490478515625 1624368627.017641 0
367.1617126464844 1624368627.024629 0
367.1617126464844 1624368627.031621 0
367.1617126464844 1624368627.038602 0
367.46490478515625 1624368627.045641 0
367.9867858886719 1624368627.05269 0
367.46490478515625 1624368627.059664 0
368.2906494140625 1624368627.066711 0
367.46490478515625 1624368627.073653 0
368.2906494140625 1624368627.080667 0
367.46490478515625 1624368627.087695 0
367.1617126464844 1624368627.094678 0
368.2906494140625 1624368627.101672 0
367.46490478515625 1624368627.108628 0
367.46490478515625 1624368627.115561 0
367.46490478515625 1624368627.122592 0
367.46490478515625 1624368627.129573 0
367.1617126464844 1624368627.136582 0
367.46490478515625 1624368627.143592 0
367.46490478515625 1624368627.150547 0
367.46490478515625 1624368627.157562 0
367.46490478515625 1624368627.164582 0
367.46490478515625 1624368627.171603 0
367.46490478515625 1624368627.178664 0
367.1617126464844 1624368627.185591 0
367.1617126464844 1624368627.192611 0
367.46490478515625 1624368627.199659 0
367.1617126464844 1624368627.206704 0
367.1617126464844 1624368627.213652 0
367.1617126464844 1624368627.220637 0
367.1617126464844 1624368627.227641 0
367.1617126464844 1624368627.234652 0
367.46490478515625 1624368627.241669 0
368.2906494140625 1624368627.248587 0
367.46490478515625 1624368627.255619 0
368.2906494140625 1624368627.262696 0
367.46490478515625 1624368627.269638 0
367.1617126464844 1624368627.276651 0
367.1617126464844 1624368627.283478 0
367.46490478515625 1624368627.290443 0
367.1617126464844 1624368627.297461 0
367.1617126464844 1624368627.30445 0
367.46490478515625 1624368627.311499 0
367.46490478515625 1624368627.318501 0
367.46490478515625 1624368627.325534 0
367.46490478515625 1624368627.332495 0
367.46490478515625 1624368627.339581 0
367.46490478515625 1624368627.346571 0
368.2906494140625 1624368627.353624 0
367.46490478515625 1624368627.360529 0
367.46490478515625 1624368627.367515 0
368.2906494140625 1624368627.374531 0
367.46490478515625 1624368627.381563 0
367.46490478515625 1624368627.388605 0
367.46490478515625 1624368627.395562 0
368.2906494140625 1624368627.402608 0
367.1617126464844 1624368627.409631 0
367.46490478515625 1624368627.416615 0
367.46490478515625 1624368627.423596 0
367.1617126464844 1624368627.430713 0
368.2906494140625 1624368627.437593 0
367.46490478515625 1624368627.444572 0
367.1617126464844 1624368627.45164 0
367.46490478515625 1624368627.458468 0
367.1617126464844 1624368627.465469 0
367.1617126464844 1624368627.472464 0
367.46490478515625 1624368627.479472 0
367.1617126464844 1624368627.486482 0
367.1617126464844 1624368627.493483 0
367.1617126464844 1624368627.500488 0
366.3366394042969 1624368627.507485 0
367.1617126464844 1624368627.514558 0
367.1617126464844 1624368627.521504 0
367.1617126464844 1624368627.528503 0
367.46490478515625 1624368627.535534 0
367.1617126464844 1624368627.542566 0
367.1617126464844 1624368627.549572 0
367.1617126464844 1624368627.556573 0
367.1617126464844 1624368627.563602 0
366.3366394042969 1624368627.570561 0
367.1617126464844 1624368627.577549 0
367.1617126464844 1624368627.584543 0
367.1617126464844 1624368627.591514 0
367.46490478515625 1624368627.598516 0
367.1617126464844 1624368627.605475 0
367.1617126464844 1624368627.612524 0
367.1617126464844 1624368627.619439 0
367.1617126464844 1624368627.6265 0
367.1617126464844 1624368627.633376 0
367.46490478515625 1624368627.640339 0
367.46490478515625 1624368627.647308 0
367.46490478515625 1624368627.654368 0
367.9867858886719 1624368627.661435 0
367.1617126464844 1624368627.668359 0
367.46490478515625 1624368627.675386 0
367.1617126464844 1624368627.682379 0
367.1617126464844 1624368627.689473 0
367.46490478515625 1624368627.696485 0
367.46490478515625 1624368627.703449 0
367.46490478515625 1624368627.710446 0
367.1617126464844 1624368627.717457 0
367.1617126464844 1624368627.724501 0
367.46490478515625 1624368627.731389 0
368.2906494140625 1624368627.738407 0
367.46490478515625 1624368627.745413 0
367.46490478515625 1624368627.752492 0
367.46490478515625 1624368627.759613 0
367.1617126464844 1624368627.766501 0
367.46490478515625 1624368627.773508 0
367.46490478515625 1624368627.780546 0
367.1617126464844 1624368627.787524 0
367.46490478515625 1624368627.794516 0
368.2906494140625 1624368627.80156 0
367.46490478515625 1624368627.808558 0
367.46490478515625 1624368627.815361 0
367.1617126464844 1624368627.822272 0
367.1617126464844 1624368627.829268 0
367.1617126464844 1624368627.836242 0
367.1617126464844 1624368627.843294 0
367.46490478515625 1624368627.850267 0
367.46490478515625 1624368627.85741 0
367.1617126464844 1624368627.864432 0
367.46490478515625 1624368627.871395 0
367.1617126464844 1624368627.87841 0
367.1617126464844 1624368627.885408 0
367.1617126464844 1624368627.892377 0
367.1617126464844 1624368627.899435 0
367.46490478515625 1624368627.90652 0
367.1617126464844 1624368627.913491 0
367.46490478515625 1624368627.920449 0
367.1617126464844 1624368627.927483 0
367.46490478515625 1624368627.934481 0
367.46490478515625 1624368627.941372 0
367.1617126464844 1624368627.948366 0
367.1617126464844 1624368627.955392 0
367.1617126464844 1624368627.96229 0
367.46490478515625 1624368627.969367 0
367.46490478515625 1624368627.976274 0
367.46490478515625 1624368627.983356 0
367.1617126464844 1624368627.990431 0
367.1617126464844 1624368627.997366 0
367.46490478515625 1624368628.004331 0
367.1617126464844 1624368628.011393 0
367.1617126464844 1624368628.01841 0
367.1617126464844 1624368628.025398 0
366.3366394042969 1624368628.032429 0
367.46490478515625 1624368628.039322 0
367.1617126464844 1624368628.046284 0
367.46490478515625 1624368628.053319 0
367.1617126464844 1624368628.060277 0
366.3366394042969 1624368628.067269 0
367.1617126464844 1624368628.074316 0
366.3366394042969 1624368628.081329 0
366.3366394042969 1624368628.088342 0
366.3366394042969 1624368628.095296 0
367.1617126464844 1624368628.102333 0
367.46490478515625 1624368628.109317 0
367.1617126464844 1624368628.116424 0
367.1617126464844 1624368628.123423 0
366.3366394042969 1624368628.130398 0
367.1617126464844 1624368628.137316 0
366.3366394042969 1624368628.144265 0
367.46490478515625 1624368628.151205 0
367.1617126464844 1624368628.158226 0
367.1617126464844 1624368628.165299 0
367.1617126464844 1624368628.172269 0
367.1617126464844 1624368628.179344 0
367.1617126464844 1624368628.1864 0
367.46490478515625 1624368628.193283 0
367.1617126464844 1624368628.200257 0
367.46490478515625 1624368628.207227 0
367.46490478515625 1624368628.214209 0
368.2906494140625 1624368628.221269 0
367.46490478515625 1624368628.228241 0
368.2906494140625 1624368628.235331 0
367.46490478515625 1624368628.242322 0
367.46490478515625 1624368628.249293 0
367.46490478515625 1624368628.256328 0
367.1617126464844 1624368628.263406 0
367.1617126464844 1624368628.270314 0
367.1617126464844 1624368628.277419 0
367.1617126464844 1624368628.284381 0
367.1617126464844 1624368628.291383 0
367.1617126464844 1624368628.298357 0
366.3366394042969 1624368628.305422 0
367.1617126464844 1624368628.312186 0
366.3366394042969 1624368628.319228 0
367.1617126464844 1624368628.32628 0
367.46490478515625 1624368628.333227 0
366.3366394042969 1624368628.340199 0
