4.8514251708984375 1624285582.567709 0.867
4.8514251708984375 1624285582.582695 0.867
4.8514251708984375 1624285582.597738 0.867
4.8514251708984375 1624285582.612756 0.867
4.8514251708984375 1624285582.627791 0.867
4.8514251708984375 1624285582.642715 0.867
4.8514251708984375 1624285582.657711 0.867
4.8514251708984375 1624285582.672717 0.867
4.8514251708984375 1624285582.687587 0.867
4.8514251708984375 1624285582.702705 0.867
4.8514251708984375 1624285582.717824 0.867
4.8514251708984375 1624285582.732784 0.867
4.8514251708984375 1624285582.747646 0.867
4.8514251708984375 1624285582.762645 0.867
4.8514251708984375 1624285582.777704 0.867
4.8514251708984375 1624285582.792748 0.867
4.8514251708984375 1624285582.807688 0.867
4.8514251708984375 1624285582.822756 0.867
4.8514251708984375 1624285582.837621 0.867
4.8514251708984375 1624285582.852736 0.867
4.8514251708984375 1624285582.867595 0.867
4.8514251708984375 1624285582.882586 0.867
4.8514251708984375 1624285582.897651 0.867
4.8514251708984375 1624285582.912631 0.867
4.8514251708984375 1624285582.927547 0.867
4.8514251708984375 1624285582.942586 0.867
4.8514251708984375 1624285582.957627 0.867
4.8514251708984375 1624285582.972627 0.867
4.8514251708984375 1624285582.987648 0.867
4.8514251708984375 1624285583.002539 0.867
4.8514251708984375 1624285583.017582 0.867
4.8514251708984375 1624285583.032605 0.867
4.8514251708984375 1624285583.047558 0.867
4.8514251708984375 1624285583.062473 0.867
4.8514251708984375 1624285583.077468 0.867
4.8514251708984375 1624285583.092526 0.867
4.8514251708984375 1624285583.107701 0.867
4.8514251708984375 1624285583.122498 0.867
4.8514251708984375 1624285583.137562 0.867
4.8514251708984375 1624285583.15263 0.867
4.8514251708984375 1624285583.167607 0.867
4.8514251708984375 1624285583.182671 0.867
4.8514251708984375 1624285583.197545 0.867
4.8514251708984375 1624285583.212566 0.867
4.8514251708984375 1624285583.227495 0.867
4.8514251708984375 1624285583.242608 0.867
4.8514251708984375 1624285583.257486 0.867
4.8514251708984375 1624285583.272543 0.867
4.8514251708984375 1624285583.287524 0.867
4.8514251708984375 1624285583.302559 0.867
4.8514251708984375 1624285583.317517 0.867
4.8514251708984375 1624285583.332374 0.867
4.8514251708984375 1624285583.347385 0.867
4.8514251708984375 1624285583.362395 0.867
4.8514251708984375 1624285583.377464 0.867
4.8514251708984375 1624285583.392378 0.867
4.8514251708984375 1624285583.407481 0.867
4.8514251708984375 1624285583.42242 0.867
4.8514251708984375 1624285583.437551 0.867
4.8514251708984375 1624285583.452453 0.867
4.8514251708984375 1624285583.46744 0.867
4.8514251708984375 1624285583.482498 0.867
4.8514251708984375 1624285583.497531 0.867
4.8514251708984375 1624285583.512412 0.867
4.8514251708984375 1624285583.527436 0.867
4.8514251708984375 1624285583.542477 0.867
4.8514251708984375 1624285583.557503 0.867
4.8514251708984375 1624285583.572537 0.867
4.8514251708984375 1624285583.587396 0.867
4.8514251708984375 1624285583.602425 0.867
4.8514251708984375 1624285583.617476 0.867
4.8514251708984375 1624285583.632359 0.867
4.8514251708984375 1624285583.647219 0.867
4.8514251708984375 1624285583.662329 0.867
4.8514251708984375 1624285583.677323 0.867
4.8514251708984375 1624285583.692442 0.867
4.8514251708984375 1624285583.707497 0.867
4.8514251708984375 1624285583.722276 0.867
4.8514251708984375 1624285583.73739 0.867
4.8514251708984375 1624285583.752395 0.867
4.8514251708984375 1624285583.767426 0.867
4.8514251708984375 1624285583.782311 0.867
4.8514251708984375 1624285583.797349 0.867
4.8514251708984375 1624285583.812383 0.867
4.8514251708984375 1624285583.827422 0.867
4.8514251708984375 1624285583.842291 0.867
4.8514251708984375 1624285583.857311 0.867
4.8514251708984375 1624285583.872289 0.867
4.8514251708984375 1624285583.887313 0.867
4.8514251708984375 1624285583.902397 0.867
4.8514251708984375 1624285583.917335 0.867
4.8514251708984375 1624285583.932338 0.867
4.8514251708984375 1624285583.947417 0.867
4.8514251708984375 1624285583.962377 0.867
4.8514251708984375 1624285583.977188 0.867
4.8514251708984375 1624285583.99223 0.867
4.8514251708984375 1624285584.007251 0.867
4.8514251708984375 1624285584.022218 0.867
4.8514251708984375 1624285584.037132 0.867
4.8514251708984375 1624285584.052157 0.867
4.8514251708984375 1624285584.067194 0.867
4.8514251708984375 1624285584.082288 0.867
4.8514251708984375 1624285584.097075 0.867
4.8514251708984375 1624285584.112121 0.867
4.8514251708984375 1624285584.127185 0.867
4.8514251708984375 1624285584.142201 0.867
4.8514251708984375 1624285584.157111 0.867
4.8514251708984375 1624285584.172128 0.867
4.8514251708984375 1624285584.187202 0.867
4.8514251708984375 1624285584.202246 0.867
4.8514251708984375 1624285584.217081 0.867
4.8514251708984375 1624285584.232132 0.867
4.8514251708984375 1624285584.247177 0.867
4.8514251708984375 1624285584.262222 0.867
4.8514251708984375 1624285584.277076 0.867
4.8514251708984375 1624285584.292135 0.867
4.8514251708984375 1624285584.307172 0.867
4.8514251708984375 1624285584.322022 0.867
4.8514251708984375 1624285584.337085 0.867
4.8514251708984375 1624285584.352092 0.867
4.8514251708984375 1624285584.367123 0.867
4.8514251708984375 1624285584.382033 0.867
4.8514251708984375 1624285584.39705 0.867
4.8514251708984375 1624285584.412076 0.867
4.8514251708984375 1624285584.427129 0.867
4.8514251708984375 1624285584.442004 0.867
4.8514251708984375 1624285584.457117 0.867
4.8514251708984375 1624285584.472086 0.867
4.8514251708984375 1624285584.487191 0.867
4.8514251708984375 1624285584.502012 0.867
4.8514251708984375 1624285584.517008 0.867
4.8514251708984375 1624285584.532101 0.867
4.8514251708984375 1624285584.547147 0.867
4.8514251708984375 1624285584.561971 0.867
4.8514251708984375 1624285584.577005 0.867
4.8514251708984375 1624285584.592074 0.867
4.8514251708984375 1624285584.606937 0.867
4.8514251708984375 1624285584.622017 0.867
4.8514251708984375 1624285584.63705 0.867
4.8514251708984375 1624285584.652053 0.867
4.8514251708984375 1624285584.666949 0.867
4.8514251708984375 1624285584.682003 0.867
4.8514251708984375 1624285584.69706 0.867
4.8514251708984375 1624285584.712078 0.867
4.8514251708984375 1624285584.726957 0.867
4.8514251708984375 1624285584.741969 0.867
4.8514251708984375 1624285584.757047 0.867
4.8514251708984375 1624285584.771909 0.867
4.8514251708984375 1624285584.786958 0.867
4.8514251708984375 1624285584.801985 0.867
4.8514251708984375 1624285584.817037 0.867
4.8514251708984375 1624285584.832087 0.867
4.8514251708984375 1624285584.84696 0.867
4.8514251708984375 1624285584.861986 0.867
4.8514251708984375 1624285584.877029 0.867
4.8514251708984375 1624285584.891906 0.867
4.8514251708984375 1624285584.906925 0.867
4.8514251708984375 1624285584.921973 0.867
4.8514251708984375 1624285584.93701 0.867
4.8514251708984375 1624285584.951922 0.867
4.8514251708984375 1624285584.966928 0.867
4.8514251708984375 1624285584.981955 0.867
4.8514251708984375 1624285584.996964 0.867
4.8514251708984375 1624285585.011822 0.867
4.8514251708984375 1624285585.026993 0.867
4.8514251708984375 1624285585.041995 0.867
4.8514251708984375 1624285585.05695 0.867
4.8514251708984375 1624285585.071816 0.867
4.8514251708984375 1624285585.086887 0.867
4.8514251708984375 1624285585.101904 0.867
4.8514251708984375 1624285585.117065 0.867
4.8514251708984375 1624285585.13193 0.867
4.8514251708984375 1624285585.146932 0.867
4.8514251708984375 1624285585.161976 0.867
4.8514251708984375 1624285585.176948 0.867
4.8514251708984375 1624285585.191931 0.867
4.8514251708984375 1624285585.206921 0.867
4.8514251708984375 1624285585.222007 0.867
4.8514251708984375 1624285585.237009 0.867
4.8514251708984375 1624285585.251869 0.867
4.8514251708984375 1624285585.266925 0.867
4.8514251708984375 1624285585.282007 0.867
4.8514251708984375 1624285585.297012 0.867
4.8514251708984375 1624285585.311872 0.867
4.8514251708984375 1624285585.326896 0.867
4.8514251708984375 1624285585.341941 0.867
4.8514251708984375 1624285585.356956 0.867
4.8514251708984375 1624285585.371851 0.867
4.8514251708984375 1624285585.386934 0.867
4.244997024536133 1624285585.401865 0.867
4.8514251708984375 1624285585.417014 0.867
4.8514251708984375 1624285585.431877 0.867
4.8514251708984375 1624285585.446907 0.867
4.8514251708984375 1624285585.461914 0.867
4.8514251708984375 1624285585.476963 0.867
4.8514251708984375 1624285585.491821 0.867
4.8514251708984375 1624285585.506826 0.867
4.8514251708984375 1624285585.52191 0.867
4.8514251708984375 1624285585.536948 0.867
4.8514251708984375 1624285585.55174 0.867
4.8514251708984375 1624285585.566912 0.867
4.8514251708984375 1624285585.581905 0.867
4.8514251708984375 1624285585.596754 0.867
4.8514251708984375 1624285585.611795 0.867
4.8514251708984375 1624285585.626898 0.867
4.8514251708984375 1624285585.641881 0.867
4.8514251708984375 1624285585.656793 0.867
4.8514251708984375 1624285585.671717 0.867
4.8514251708984375 1624285585.686769 0.867
4.8514251708984375 1624285585.7018 0.867
4.8514251708984375 1624285585.716764 0.867
4.8514251708984375 1624285585.731778 0.867
4.8514251708984375 1624285585.74681 0.867
4.8514251708984375 1624285585.76178 0.867
4.8514251708984375 1624285585.776615 0.867
4.8514251708984375 1624285585.791662 0.867
4.8514251708984375 1624285585.806663 0.867
4.8514251708984375 1624285585.82176 0.867
4.8514251708984375 1624285585.836614 0.867
4.8514251708984375 1624285585.851653 0.867
4.8514251708984375 1624285585.866647 0.867
4.8514251708984375 1624285585.881863 0.867
4.8514251708984375 1624285585.896816 0.867
4.8514251708984375 1624285585.911745 0.867
4.8514251708984375 1624285585.926846 0.867
4.8514251708984375 1624285585.941863 0.867
4.8514251708984375 1624285585.956752 0.867
4.8514251708984375 1624285585.971755 0.867
4.8514251708984375 1624285585.986757 0.867
4.8514251708984375 1624285586.001821 0.867
4.8514251708984375 1624285586.016638 0.867
4.8514251708984375 1624285586.031759 0.867
4.8514251708984375 1624285586.046773 0.867
4.8514251708984375 1624285586.061785 0.867
4.8514251708984375 1624285586.076607 0.867
4.8514251708984375 1624285586.091638 0.867
4.8514251708984375 1624285586.106714 0.867
4.8514251708984375 1624285586.121771 0.867
4.8514251708984375 1624285586.136596 0.867
4.8514251708984375 1624285586.151656 0.867
4.8514251708984375 1624285586.166708 0.867
4.8514251708984375 1624285586.181725 0.867
4.8514251708984375 1624285586.196592 0.867
4.8514251708984375 1624285586.211682 0.867
4.8514251708984375 1624285586.226726 0.867
4.8514251708984375 1624285586.241737 0.867
4.8514251708984375 1624285586.25655 0.867
4.8514251708984375 1624285586.271557 0.867
4.8514251708984375 1624285586.286571 0.867
4.8514251708984375 1624285586.30162 0.867
4.8514251708984375 1624285586.316473 0.867
4.8514251708984375 1624285586.331546 0.867
4.8514251708984375 1624285586.34656 0.867
4.8514251708984375 1624285586.361613 0.867
4.8514251708984375 1624285586.376553 0.867
4.8514251708984375 1624285586.39146 0.867
4.8514251708984375 1624285586.406527 0.867
4.244997024536133 1624285586.421691 0.867
4.8514251708984375 1624285586.436546 0.867
4.8514251708984375 1624285586.451496 0.867
4.8514251708984375 1624285586.466477 0.867
4.8514251708984375 1624285586.481536 0.867
4.8514251708984375 1624285586.496393 0.867
4.8514251708984375 1624285586.511412 0.867
4.8514251708984375 1624285586.526493 0.867
4.8514251708984375 1624285586.541598 0.867
4.8514251708984375 1624285586.556592 0.867
4.8514251708984375 1624285586.571538 0.867
4.8514251708984375 1624285586.586537 0.867
4.8514251708984375 1624285586.60146 0.867
4.8514251708984375 1624285586.616544 0.867
4.8514251708984375 1624285586.631406 0.867
4.8514251708984375 1624285586.64642 0.867
4.8514251708984375 1624285586.661431 0.867
4.8514251708984375 1624285586.676511 0.867
4.8514251708984375 1624285586.691376 0.867
4.244997024536133 1624285586.706501 0.867
4.8514251708984375 1624285586.721439 0.867
4.8514251708984375 1624285586.736485 0.867
4.8514251708984375 1624285586.751397 0.867
4.8514251708984375 1624285586.766378 0.867
4.8514251708984375 1624285586.781395 0.867
4.8514251708984375 1624285586.796443 0.867
4.8514251708984375 1624285586.811329 0.867
4.8514251708984375 1624285586.826393 0.867
4.8514251708984375 1624285586.841378 0.867
4.8514251708984375 1624285586.856428 0.867
4.8514251708984375 1624285586.871484 0.867
4.8514251708984375 1624285586.886319 0.867
4.8514251708984375 1624285586.90131 0.867
4.8514251708984375 1624285586.916435 0.867
4.8514251708984375 1624285586.931414 0.867
4.8514251708984375 1624285586.946315 0.867
4.8514251708984375 1624285586.96145 0.867
4.8514251708984375 1624285586.976356 0.867
4.8514251708984375 1624285586.991358 0.867
4.8514251708984375 1624285587.006343 0.867
4.8514251708984375 1624285587.021281 0.867
4.8514251708984375 1624285587.036361 0.867
4.8514251708984375 1624285587.051376 0.867
4.8514251708984375 1624285587.066425 0.867
4.8514251708984375 1624285587.081414 0.867
4.8514251708984375 1624285587.096417 0.867
4.8514251708984375 1624285587.111464 0.867
4.8514251708984375 1624285587.126321 0.867
4.8514251708984375 1624285587.14134 0.867
4.8514251708984375 1624285587.156381 0.867
4.8514251708984375 1624285587.171423 0.867
4.8514251708984375 1624285587.186441 0.867
4.8514251708984375 1624285587.201356 0.867
4.8514251708984375 1624285587.216286 0.867
4.8514251708984375 1624285587.231462 0.867
4.8514251708984375 1624285587.246471 0.867
4.8514251708984375 1624285587.261248 0.867
4.8514251708984375 1624285587.276302 0.867
4.8514251708984375 1624285587.291337 0.867
4.8514251708984375 1624285587.306378 0.867
4.8514251708984375 1624285587.321232 0.867
4.8514251708984375 1624285587.336263 0.867
4.8514251708984375 1624285587.351388 0.867
4.8514251708984375 1624285587.366374 0.867
4.8514251708984375 1624285587.381223 0.867
4.8514251708984375 1624285587.396197 0.867
4.8514251708984375 1624285587.411322 0.867
4.8514251708984375 1624285587.426419 0.867
4.8514251708984375 1624285587.441303 0.867
4.8514251708984375 1624285587.456227 0.867
4.8514251708984375 1624285587.471296 0.867
4.8514251708984375 1624285587.486341 0.867
4.8514251708984375 1624285587.501382 0.867
4.8514251708984375 1624285587.516196 0.867
4.8514251708984375 1624285587.531308 0.867
4.8514251708984375 1624285587.546319 0.867
4.8514251708984375 1624285587.561408 0.867
4.8514251708984375 1624285587.576232 0.867
4.8514251708984375 1624285587.591197 0.867
4.8514251708984375 1624285587.60618 0.867
4.8514251708984375 1624285587.621196 0.867
4.8514251708984375 1624285587.636057 0.867
4.8514251708984375 1624285587.651125 0.867
4.8514251708984375 1624285587.666201 0.867
4.8514251708984375 1624285587.681205 0.867
4.8514251708984375 1624285587.696101 0.867
4.8514251708984375 1624285587.71109 0.867
4.8514251708984375 1624285587.726154 0.867
4.8514251708984375 1624285587.741201 0.867
4.8514251708984375 1624285587.756086 0.867
4.8514251708984375 1624285587.771109 0.867
4.8514251708984375 1624285587.786132 0.867
4.8514251708984375 1624285587.801199 0.867
4.8514251708984375 1624285587.816067 0.867
4.8514251708984375 1624285587.831175 0.867
4.8514251708984375 1624285587.846132 0.867
4.8514251708984375 1624285587.861154 0.867
4.8514251708984375 1624285587.876026 0.867
4.8514251708984375 1624285587.891059 0.867
4.8514251708984375 1624285587.906033 0.867
4.8514251708984375 1624285587.921147 0.867
4.244997024536133 1624285587.936111 0.867
4.8514251708984375 1624285587.951029 0.867
4.8514251708984375 1624285587.966081 0.867
4.8514251708984375 1624285587.981111 0.867
4.8514251708984375 1624285587.99602 0.867
4.8514251708984375 1624285588.011014 0.867
4.8514251708984375 1624285588.026102 0.867
4.8514251708984375 1624285588.0411 0.867
4.8514251708984375 1624285588.055938 0.867
4.8514251708984375 1624285588.07103 0.867
4.8514251708984375 1624285588.086066 0.867
4.8514251708984375 1624285588.101095 0.867
4.8514251708984375 1624285588.115959 0.867
4.8514251708984375 1624285588.131033 0.867
4.8514251708984375 1624285588.146062 0.867
4.8514251708984375 1624285588.161086 0.867
4.8514251708984375 1624285588.176008 0.867
4.8514251708984375 1624285588.191027 0.867
4.8514251708984375 1624285588.20607 0.867
4.8514251708984375 1624285588.220913 0.867
4.8514251708984375 1624285588.236 0.867
4.8514251708984375 1624285588.250999 0.867
4.8514251708984375 1624285588.266041 0.867
4.8514251708984375 1624285588.280875 0.867
4.244997024536133 1624285588.295984 0.867
4.8514251708984375 1624285588.31098 0.867
4.8514251708984375 1624285588.326025 0.867
4.8514251708984375 1624285588.34092 0.867
4.8514251708984375 1624285588.35591 0.867
4.244997024536133 1624285588.370928 0.867
4.8514251708984375 1624285588.386015 0.867
4.8514251708984375 1624285588.400896 0.867
4.8514251708984375 1624285588.415936 0.867
4.8514251708984375 1624285588.430915 0.867
4.244997024536133 1624285588.445962 0.867
4.8514251708984375 1624285588.460849 0.867
4.8514251708984375 1624285588.475932 0.867
4.8514251708984375 1624285588.490926 0.867
4.8514251708984375 1624285588.505962 0.867
4.8514251708984375 1624285588.52095 0.867
4.8514251708984375 1624285588.535845 0.867
4.8514251708984375 1624285588.550903 0.867
4.8514251708984375 1624285588.565906 0.867
4.8514251708984375 1624285588.581036 0.867
4.8514251708984375 1624285588.595844 0.867
4.8514251708984375 1624285588.610925 0.867
4.8514251708984375 1624285588.626019 0.867
4.8514251708984375 1624285588.640977 0.867
4.8514251708984375 1624285588.656023 0.867
4.8514251708984375 1624285588.670893 0.867
4.8514251708984375 1624285588.686104 0.867
4.8514251708984375 1624285588.701036 0.867
4.8514251708984375 1624285588.716062 0.867
4.244997024536133 1624285588.730897 0.867
4.8514251708984375 1624285588.745938 0.867
4.8514251708984375 1624285588.760988 0.867
4.8514251708984375 1624285588.775985 0.867
4.8514251708984375 1624285588.790933 0.867
4.244997024536133 1624285588.805862 0.867
4.8514251708984375 1624285588.820933 0.867
4.8514251708984375 1624285588.83593 0.867
4.8514251708984375 1624285588.850925 0.867
4.8514251708984375 1624285588.8659 0.867
4.244997024536133 1624285588.880823 0.867
4.8514251708984375 1624285588.895913 0.867
4.8514251708984375 1624285588.910934 0.867
4.8514251708984375 1624285588.925926 0.867
4.8514251708984375 1624285588.940805 0.867
4.8514251708984375 1624285588.955856 0.867
4.8514251708984375 1624285588.970882 0.867
4.8514251708984375 1624285588.985987 0.867
4.8514251708984375 1624285589.000804 0.867
4.244997024536133 1624285589.015866 0.867
4.8514251708984375 1624285589.030856 0.867
4.8514251708984375 1624285589.045887 0.867
4.8514251708984375 1624285589.060844 0.867
4.8514251708984375 1624285589.07587 0.867
4.8514251708984375 1624285589.090873 0.867
4.8514251708984375 1624285589.105748 0.867
4.8514251708984375 1624285589.120766 0.867
4.8514251708984375 1624285589.135848 0.867
4.8514251708984375 1624285589.150938 0.867
4.244997024536133 1624285589.165775 0.867
4.8514251708984375 1624285589.180787 0.867
4.8514251708984375 1624285589.19592 0.867
4.8514251708984375 1624285589.210887 0.867
4.8514251708984375 1624285589.225666 0.867
4.8514251708984375 1624285589.240799 0.867
4.8514251708984375 1624285589.255756 0.867
4.8514251708984375 1624285589.270851 0.867
4.8514251708984375 1624285589.28571 0.867
4.8514251708984375 1624285589.300738 0.867
4.244997024536133 1624285589.315868 0.867
4.8514251708984375 1624285589.330636 0.867
4.8514251708984375 1624285589.345741 0.867
4.8514251708984375 1624285589.360766 0.867
4.8514251708984375 1624285589.375755 0.867
4.244997024536133 1624285589.390629 0.867
4.8514251708984375 1624285589.405624 0.867
4.8514251708984375 1624285589.42066 0.867
4.8514251708984375 1624285589.43572 0.867
4.8514251708984375 1624285589.450638 0.867
4.244997024536133 1624285589.46571 0.867
4.8514251708984375 1624285589.480734 0.867
4.8514251708984375 1624285589.495833 0.867
4.8514251708984375 1624285589.510663 0.867
4.8514251708984375 1624285589.525601 0.867
4.8514251708984375 1624285589.540629 0.867
4.8514251708984375 1624285589.555736 0.867
4.8514251708984375 1624285589.570569 0.867
4.8514251708984375 1624285589.585552 0.867
4.8514251708984375 1624285589.600601 0.867
4.8514251708984375 1624285589.615732 0.867
4.8514251708984375 1624285589.630615 0.867
4.8514251708984375 1624285589.645698 0.867
4.8514251708984375 1624285589.660688 0.867
4.244997024536133 1624285589.675785 0.867
4.8514251708984375 1624285589.6906 0.867
4.8514251708984375 1624285589.705564 0.867
4.8514251708984375 1624285589.720619 0.867
4.8514251708984375 1624285589.735626 0.867
4.244997024536133 1624285589.750449 0.867
4.8514251708984375 1624285589.765547 0.867
4.8514251708984375 1624285589.780653 0.867
4.8514251708984375 1624285589.79547 0.867
4.8514251708984375 1624285589.81058 0.867
4.8514251708984375 1624285589.825656 0.867
4.8514251708984375 1624285589.840588 0.867
4.8514251708984375 1624285589.85546 0.867
4.8514251708984375 1624285589.870527 0.867
4.8514251708984375 1624285589.885568 0.867
4.8514251708984375 1624285589.900629 0.867
4.8514251708984375 1624285589.915509 0.867
4.8514251708984375 1624285589.930614 0.867
4.8514251708984375 1624285589.945594 0.867
4.8514251708984375 1624285589.960716 0.867
4.8514251708984375 1624285589.97556 0.867
4.8514251708984375 1624285589.990578 0.867
4.8514251708984375 1624285590.005613 0.867
4.8514251708984375 1624285590.020439 0.867
4.244997024536133 1624285590.035471 0.867
4.8514251708984375 1624285590.050572 0.867
4.8514251708984375 1624285590.065601 0.867
4.8514251708984375 1624285590.080464 0.867
4.8514251708984375 1624285590.095428 0.867
4.244997024536133 1624285590.110517 0.867
4.8514251708984375 1624285590.125486 0.867
4.8514251708984375 1624285590.140322 0.867
4.8514251708984375 1624285590.155381 0.867
4.8514251708984375 1624285590.170467 0.867
4.244997024536133 1624285590.185502 0.867
4.8514251708984375 1624285590.200385 0.867
4.8514251708984375 1624285590.215409 0.867
4.8514251708984375 1624285590.230456 0.867
4.8514251708984375 1624285590.245507 0.867
4.244997024536133 1624285590.260393 0.867
4.8514251708984375 1624285590.275426 0.867
4.8514251708984375 1624285590.290439 0.867
4.8514251708984375 1624285590.305514 0.867
4.8514251708984375 1624285590.32042 0.867
4.8514251708984375 1624285590.33545 0.867
4.8514251708984375 1624285590.350421 0.867
4.8514251708984375 1624285590.365504 0.867
4.8514251708984375 1624285590.380364 0.867
4.8514251708984375 1624285590.395286 0.867
4.8514251708984375 1624285590.410342 0.867
4.8514251708984375 1624285590.425406 0.867
4.8514251708984375 1624285590.440231 0.867
4.8514251708984375 1624285590.455299 0.867
4.244997024536133 1624285590.470352 0.867
4.244997024536133 1624285590.485393 0.867
4.8514251708984375 1624285590.50044 0.867
4.8514251708984375 1624285590.515357 0.867
4.8514251708984375 1624285590.530442 0.867
4.244997024536133 1624285590.545375 0.867
4.8514251708984375 1624285590.560417 0.867
4.8514251708984375 1624285590.575321 0.867
4.8514251708984375 1624285590.59034 0.867
4.8514251708984375 1624285590.605396 0.867
4.244997024536133 1624285590.620434 0.867
4.8514251708984375 1624285590.635258 0.867
4.8514251708984375 1624285590.650273 0.867
4.8514251708984375 1624285590.665416 0.867
4.8514251708984375 1624285590.680406 0.867
4.244997024536133 1624285590.695303 0.867
4.8514251708984375 1624285590.710324 0.867
4.8514251708984375 1624285590.725336 0.867
4.8514251708984375 1624285590.740419 0.867
4.8514251708984375 1624285590.755377 0.867
4.244997024536133 1624285590.770237 0.867
4.8514251708984375 1624285590.785293 0.867
4.8514251708984375 1624285590.80028 0.867
4.8514251708984375 1624285590.815304 0.867
4.8514251708984375 1624285590.830181 0.867
4.244997024536133 1624285590.8452 0.867
4.8514251708984375 1624285590.860264 0.867
4.8514251708984375 1624285590.875271 0.867
4.8514251708984375 1624285590.890138 0.867
4.244997024536133 1624285590.905189 0.867
4.244997024536133 1624285590.920209 0.867
4.8514251708984375 1624285590.935264 0.867
4.8514251708984375 1624285590.950145 0.867
4.8514251708984375 1624285590.965154 0.867
4.244997024536133 1624285590.980191 0.867
4.8514251708984375 1624285590.995239 0.867
4.8514251708984375 1624285591.010172 0.867
4.8514251708984375 1624285591.025175 0.867
4.8514251708984375 1624285591.040266 0.867
4.8514251708984375 1624285591.055288 0.867
4.8514251708984375 1624285591.070379 0.867
4.8514251708984375 1624285591.085144 0.867
4.8514251708984375 1624285591.100208 0.867
4.8514251708984375 1624285591.115256 0.867
4.244997024536133 1624285591.130268 0.867
4.8514251708984375 1624285591.145263 0.867
4.8514251708984375 1624285591.160311 0.867
4.8514251708984375 1624285591.175186 0.867
4.8514251708984375 1624285591.190194 0.867
4.244997024536133 1624285591.205081 0.867
4.8514251708984375 1624285591.220068 0.867
4.8514251708984375 1624285591.235153 0.867
4.8514251708984375 1624285591.250187 0.867
4.244997024536133 1624285591.26512 0.867
4.8514251708984375 1624285591.280231 0.867
4.8514251708984375 1624285591.295246 0.867
4.8514251708984375 1624285591.310265 0.867
4.8514251708984375 1624285591.325185 0.867
4.8514251708984375 1624285591.340161 0.867
4.244997024536133 1624285591.355154 0.867
4.8514251708984375 1624285591.370021 0.867
4.8514251708984375 1624285591.385098 0.867
4.8514251708984375 1624285591.400091 0.867
4.8514251708984375 1624285591.415229 0.867
4.8514251708984375 1624285591.430146 0.867
4.8514251708984375 1624285591.445202 0.867
4.8514251708984375 1624285591.460198 0.867
4.8514251708984375 1624285591.475076 0.867
4.244997024536133 1624285591.490041 0.867
4.848484992980957 1624285591.505055 0.867
4.8514251708984375 1624285591.520083 0.867
4.8514251708984375 1624285591.534973 0.867
4.8514251708984375 1624285591.549997 0.867
4.8514251708984375 1624285591.565069 0.867
4.8514251708984375 1624285591.580092 0.867
4.8514251708984375 1624285591.594955 0.867
4.8514251708984375 1624285591.610042 0.867
4.848484992980957 1624285591.625016 0.867
4.244997024536133 1624285591.640085 0.867
4.8514251708984375 1624285591.654956 0.867
4.8514251708984375 1624285591.670017 0.867
4.8514251708984375 1624285591.684991 0.867
4.8514251708984375 1624285591.699941 0.867
4.244997024536133 1624285591.714926 0.867
4.8514251708984375 1624285591.729935 0.867
4.8514251708984375 1624285591.745016 0.867
4.8514251708984375 1624285591.759896 0.867
4.848484992980957 1624285591.77491 0.867
4.244997024536133 1624285591.789953 0.867
4.8514251708984375 1624285591.805017 0.867
4.8514251708984375 1624285591.820016 0.867
4.8514251708984375 1624285591.83491 0.867
4.8514251708984375 1624285591.849932 0.867
4.244997024536133 1624285591.864974 0.867
4.8514251708984375 1624285591.879843 0.867
4.8514251708984375 1624285591.894832 0.867
4.8514251708984375 1624285591.909914 0.867
4.244997024536133 1624285591.92496 0.867
4.244997024536133 1624285591.93985 0.867
4.8514251708984375 1624285591.954871 0.867
4.8514251708984375 1624285591.969947 0.867
4.8514251708984375 1624285591.984957 0.867
4.244997024536133 1624285591.999832 0.867
4.8514251708984375 1624285592.014887 0.867
4.8514251708984375 1624285592.029889 0.867
4.8514251708984375 1624285592.044975 0.867
4.8514251708984375 1624285592.059832 0.867
4.242424488067627 1624285592.074887 0.867
4.8514251708984375 1624285592.089914 0.867
4.8514251708984375 1624285592.104935 0.867
4.8514251708984375 1624285592.119898 0.867
4.8514251708984375 1624285592.134887 0.867
4.244997024536133 1624285592.149866 0.867
4.8514251708984375 1624285592.164778 0.867
4.8514251708984375 1624285592.179798 0.867
4.8514251708984375 1624285592.194874 0.867
4.848484992980957 1624285592.209864 0.867
4.244997024536133 1624285592.224788 0.867
4.8514251708984375 1624285592.239831 0.867
4.8514251708984375 1624285592.254856 0.867
4.8514251708984375 1624285592.269772 0.867
4.8514251708984375 1624285592.284769 0.867
4.244997024536133 1624285592.299807 0.867
4.8514251708984375 1624285592.314812 0.867
4.8514251708984375 1624285592.329683 0.867
4.8514251708984375 1624285592.344753 0.867
4.8514251708984375 1624285592.359768 0.867
4.244997024536133 1624285592.374893 0.867
4.8514251708984375 1624285592.389794 0.867
4.8514251708984375 1624285592.404763 0.867
4.8514251708984375 1624285592.419785 0.867
4.244997024536133 1624285592.434851 0.867
4.244997024536133 1624285592.44971 0.867
4.8514251708984375 1624285592.464826 0.867
4.8514251708984375 1624285592.479787 0.867
4.8514251708984375 1624285592.494806 0.867
4.8514251708984375 1624285592.509713 0.867
4.244997024536133 1624285592.524777 0.867
4.8514251708984375 1624285592.539797 0.867
4.8514251708984375 1624285592.554665 0.867
4.8514251708984375 1624285592.569723 0.867
4.242424488067627 1624285592.584796 0.867
4.244997024536133 1624285592.599739 0.867
4.8514251708984375 1624285592.614669 0.867
4.8514251708984375 1624285592.629655 0.867
4.8514251708984375 1624285592.644793 0.867
4.244997024536133 1624285592.659804 0.867
4.244997024536133 1624285592.674649 0.867
4.8514251708984375 1624285592.689757 0.867
4.8514251708984375 1624285592.704842 0.867
4.8514251708984375 1624285592.71958 0.867
4.8514251708984375 1624285592.734753 0.867
4.244997024536133 1624285592.7497 0.867
4.8514251708984375 1624285592.764872 0.867
4.8514251708984375 1624285592.779756 0.867
4.848484992980957 1624285592.794792 0.867
4.244997024536133 1624285592.80972 0.867
4.244997024536133 1624285592.824865 0.867
4.8514251708984375 1624285592.839711 0.867
4.8514251708984375 1624285592.854728 0.867
4.8514251708984375 1624285592.869761 0.867
4.244997024536133 1624285592.884796 0.867
4.8514251708984375 1624285592.899669 0.867
4.8514251708984375 1624285592.914748 0.867
4.8514251708984375 1624285592.929849 0.867
4.8514251708984375 1624285592.94485 0.867
4.244997024536133 1624285592.959681 0.867
4.8514251708984375 1624285592.974677 0.867
4.8514251708984375 1624285592.989698 0.867
4.8514251708984375 1624285593.004649 0.867
4.8514251708984375 1624285593.019703 0.867
4.244997024536133 1624285593.034683 0.867
4.8514251708984375 1624285593.0497 0.867
4.8514251708984375 1624285593.064618 0.867
4.8514251708984375 1624285593.079552 0.867
4.8514251708984375 1624285593.094742 0.867
4.244997024536133 1624285593.109782 0.867
4.8514251708984375 1624285593.124597 0.867
4.8514251708984375 1624285593.139653 0.867
4.8514251708984375 1624285593.154658 0.867
4.8514251708984375 1624285593.169685 0.867
4.244997024536133 1624285593.184572 0.867
4.8514251708984375 1624285593.199696 0.867
4.8514251708984375 1624285593.21467 0.867
4.8514251708984375 1624285593.22976 0.867
4.242424488067627 1624285593.244559 0.867
4.242424488067627 1624285593.259541 0.867
4.8514251708984375 1624285593.274606 0.867
4.8514251708984375 1624285593.289677 0.867
4.8514251708984375 1624285593.304556 0.867
4.244997024536133 1624285593.319564 0.867
4.242424488067627 1624285593.334636 0.867
4.8514251708984375 1624285593.349623 0.867
4.8514251708984375 1624285593.364461 0.867
4.8514251708984375 1624285593.379511 0.867
4.244997024536133 1624285593.394596 0.867
4.244997024536133 1624285593.409513 0.867
4.8514251708984375 1624285593.42445 0.867
4.8514251708984375 1624285593.439558 0.867
4.8514251708984375 1624285593.454512 0.867
4.8514251708984375 1624285593.469609 0.867
4.8514251708984375 1624285593.48454 0.867
4.8514251708984375 1624285593.49952 0.867
4.8514251708984375 1624285593.514557 0.867
4.848484992980957 1624285593.5297 0.867
4.242424488067627 1624285593.544426 0.867
4.8514251708984375 1624285593.559486 0.867
4.8514251708984375 1624285593.574607 0.867
4.8514251708984375 1624285593.589591 0.867
4.8514251708984375 1624285593.604452 0.867
4.244997024536133 1624285593.619475 0.867
4.8514251708984375 1624285593.634574 0.867
4.8514251708984375 1624285593.649381 0.867
4.8514251708984375 1624285593.664412 0.867
4.8514251708984375 1624285593.679518 0.867
4.244997024536133 1624285593.694466 0.867
4.8514251708984375 1624285593.70942 0.867
4.8514251708984375 1624285593.724483 0.867
4.8514251708984375 1624285593.739455 0.867
4.8514251708984375 1624285593.754497 0.867
4.244997024536133 1624285593.769356 0.867
4.8514251708984375 1624285593.784479 0.867
4.8514251708984375 1624285593.799477 0.867
4.8514251708984375 1624285593.81451 0.867
4.848484992980957 1624285593.829293 0.867
4.244997024536133 1624285593.844263 0.867
4.8514251708984375 1624285593.859304 0.867
4.8514251708984375 1624285593.874401 0.867
4.848484992980957 1624285593.889222 0.867
4.244997024536133 1624285593.904287 0.867
4.244997024536133 1624285593.919406 0.867
4.8514251708984375 1624285593.934431 0.867
4.8514251708984375 1624285593.949272 0.867
4.848484992980957 1624285593.964353 0.867
4.244997024536133 1624285593.979418 0.867
4.244997024536133 1624285593.994514 0.867
4.8514251708984375 1624285594.009336 0.867
4.8514251708984375 1624285594.02431 0.867
4.8514251708984375 1624285594.0394 0.867
4.244997024536133 1624285594.054429 0.867
4.8514251708984375 1624285594.069296 0.867
4.8514251708984375 1624285594.084348 0.867
4.8514251708984375 1624285594.099364 0.867
4.8514251708984375 1624285594.114421 0.867
4.244997024536133 1624285594.12927 0.867
4.8514251708984375 1624285594.144386 0.867
4.8514251708984375 1624285594.159418 0.867
4.8514251708984375 1624285594.174332 0.867
4.242424488067627 1624285594.189355 0.867
4.242424488067627 1624285594.204338 0.867
4.8514251708984375 1624285594.21929 0.867
4.8514251708984375 1624285594.23434 0.867
4.848484992980957 1624285594.249337 0.867
4.8514251708984375 1624285594.26444 0.867
4.242424488067627 1624285594.279287 0.867
4.8514251708984375 1624285594.294327 0.867
4.8514251708984375 1624285594.3094 0.867
4.8514251708984375 1624285594.324182 0.867
4.242424488067627 1624285594.33928 0.867
4.8514251708984375 1624285594.354281 0.867
4.8514251708984375 1624285594.369281 0.867
4.8514251708984375 1624285594.384145 0.867
4.8514251708984375 1624285594.399228 0.867
4.242424488067627 1624285594.414296 0.867
4.244997024536133 1624285594.429332 0.867
4.848484992980957 1624285594.444243 0.867
4.848484992980957 1624285594.45929 0.867
4.8514251708984375 1624285594.474348 0.867
4.242424488067627 1624285594.489187 0.867
4.244997024536133 1624285594.504138 0.867
4.8514251708984375 1624285594.519218 0.867
4.8514251708984375 1624285594.534284 0.867
4.242424488067627 1624285594.549108 0.867
4.244997024536133 1624285594.564141 0.867
4.8514251708984375 1624285594.579249 0.867
4.848484992980957 1624285594.594219 0.867
4.848484992980957 1624285594.609169 0.867
4.8514251708984375 1624285594.624277 0.867
4.244997024536133 1624285594.639284 0.867
4.8514251708984375 1624285594.654221 0.867
4.848484992980957 1624285594.66918 0.867
4.848484992980957 1624285594.684178 0.867
4.244997024536133 1624285594.699187 0.867
4.244997024536133 1624285594.714112 0.867
4.8514251708984375 1624285594.729104 0.867
4.848484992980957 1624285594.744163 0.867
4.8514251708984375 1624285594.759202 0.867
4.242424488067627 1624285594.774041 0.867
4.244997024536133 1624285594.789118 0.867
4.8514251708984375 1624285594.804089 0.867
4.848484992980957 1624285594.819133 0.867
4.848484992980957 1624285594.834005 0.867
4.848484992980957 1624285594.849107 0.867
4.8514251708984375 1624285594.864051 0.867
4.848484992980957 1624285594.879162 0.867
4.8514251708984375 1624285594.8941 0.867
4.8514251708984375 1624285594.909087 0.867
4.244997024536133 1624285594.924155 0.867
4.244997024536133 1624285594.939138 0.867
4.848484992980957 1624285594.954049 0.867
4.848484992980957 1624285594.969096 0.867
4.848484992980957 1624285594.984113 0.867
4.242424488067627 1624285594.99903 0.867
4.8514251708984375 1624285595.014089 0.867
4.8514251708984375 1624285595.029161 0.867
4.848484992980957 1624285595.044176 0.867
4.244997024536133 1624285595.059015 0.867
4.242424488067627 1624285595.07412 0.867
4.8514251708984375 1624285595.089119 0.867
4.8514251708984375 1624285595.10419 0.867
4.8514251708984375 1624285595.119047 0.867
4.244997024536133 1624285595.134104 0.867
4.244997024536133 1624285595.14912 0.867
4.8514251708984375 1624285595.164009 0.867
4.8514251708984375 1624285595.179047 0.867
4.8514251708984375 1624285595.194104 0.867
4.8514251708984375 1624285595.209082 0.867
4.242424488067627 1624285595.223963 0.867
4.8514251708984375 1624285595.239041 0.867
4.8514251708984375 1624285595.253983 0.867
4.8514251708984375 1624285595.269006 0.867
4.242424488067627 1624285595.28398 0.867
4.244997024536133 1624285595.299025 0.867
4.8514251708984375 1624285595.314077 0.867
4.8514251708984375 1624285595.329051 0.867
4.848484992980957 1624285595.343889 0.867
4.244997024536133 1624285595.358905 0.867
4.242424488067627 1624285595.373885 0.867
4.8514251708984375 1624285595.388941 0.867
4.8514251708984375 1624285595.403888 0.867
4.8514251708984375 1624285595.418936 0.867
4.244997024536133 1624285595.433926 0.867
4.8514251708984375 1624285595.448904 0.867
4.8514251708984375 1624285595.463803 0.867
4.8514251708984375 1624285595.478819 0.867
4.848484992980957 1624285595.493944 0.867
4.848484992980957 1624285595.509015 0.867
4.244997024536133 1624285595.523831 0.867
4.8514251708984375 1624285595.538899 0.867
4.8514251708984375 1624285595.553948 0.867
4.848484992980957 1624285595.569049 0.867
4.242424488067627 1624285595.583887 0.867
4.848484992980957 1624285595.598918 0.867
4.848484992980957 1624285595.614002 0.867
4.8514251708984375 1624285595.628966 0.867
4.848484992980957 1624285595.643864 0.867
4.242424488067627 1624285595.65894 0.867
4.8514251708984375 1624285595.673978 0.867
4.848484992980957 1624285595.689007 0.867
4.848484992980957 1624285595.703856 0.867
4.242424488067627 1624285595.718945 0.867
4.244997024536133 1624285595.733928 0.867
4.848484992980957 1624285595.748877 0.867
4.8514251708984375 1624285595.763854 0.867
4.8514251708984375 1624285595.778923 0.867
4.242424488067627 1624285595.793972 0.867
4.244997024536133 1624285595.80888 0.867
4.848484992980957 1624285595.823801 0.867
4.848484992980957 1624285595.83891 0.867
4.8514251708984375 1624285595.853986 0.867
4.242424488067627 1624285595.868829 0.867
4.244997024536133 1624285595.883868 0.867
4.8514251708984375 1624285595.898884 0.867
4.8514251708984375 1624285595.913721 0.867
4.848484992980957 1624285595.928746 0.867
4.8514251708984375 1624285595.943763 0.867
4.244997024536133 1624285595.958903 0.867
4.848484992980957 1624285595.973764 0.867
4.8514251708984375 1624285595.988843 0.867
4.848484992980957 1624285596.003821 0.867
4.244997024536133 1624285596.018737 0.867
4.8514251708984375 1624285596.033773 0.867
4.8514251708984375 1624285596.048821 0.867
4.8514251708984375 1624285596.063837 0.867
4.848484992980957 1624285596.078637 0.867
4.242424488067627 1624285596.093854 0.867
4.8514251708984375 1624285596.108858 0.867
4.8514251708984375 1624285596.12373 0.867
4.848484992980957 1624285596.138816 0.867
4.244997024536133 1624285596.153807 0.867
4.244997024536133 1624285596.168847 0.867
4.8514251708984375 1624285596.183722 0.867
4.848484992980957 1624285596.198763 0.867
4.8514251708984375 1624285596.213904 0.867
4.242424488067627 1624285596.228668 0.867
4.242424488067627 1624285596.243734 0.867
4.848484992980957 1624285596.258747 0.867
4.8514251708984375 1624285596.273759 0.867
4.8514251708984375 1624285596.288669 0.867
4.244997024536133 1624285596.303764 0.867
4.244997024536133 1624285596.318754 0.867
4.8514251708984375 1624285596.333767 0.867
4.848484992980957 1624285596.348624 0.867
4.8514251708984375 1624285596.363688 0.867
4.242424488067627 1624285596.378642 0.867
4.242424488067627 1624285596.39364 0.867
4.8514251708984375 1624285596.408528 0.867
4.848484992980957 1624285596.42358 0.867
4.8514251708984375 1624285596.438649 0.867
4.848484992980957 1624285596.453494 0.867
4.244997024536133 1624285596.468572 0.867
4.848484992980957 1624285596.483545 0.867
4.8514251708984375 1624285596.498619 0.867
4.848484992980957 1624285596.513657 0.867
4.848484992980957 1624285596.528693 0.867
4.242424488067627 1624285596.543721 0.867
4.8514251708984375 1624285596.558715 0.867
4.8514251708984375 1624285596.573591 0.867
4.8514251708984375 1624285596.588639 0.867
4.848484992980957 1624285596.603647 0.867
4.242424488067627 1624285596.618702 0.867
4.8514251708984375 1624285596.633585 0.867
4.848484992980957 1624285596.648595 0.867
4.8514251708984375 1624285596.663593 0.867
4.244997024536133 1624285596.678703 0.867
4.242424488067627 1624285596.693521 0.867
4.8514251708984375 1624285596.708574 0.867
4.848484992980957 1624285596.723605 0.867
4.848484992980957 1624285596.73864 0.867
4.848484992980957 1624285596.753518 0.867
4.244997024536133 1624285596.768554 0.867
4.8514251708984375 1624285596.783651 0.867
4.848484992980957 1624285596.798682 0.867
4.8514251708984375 1624285596.813573 0.867
4.244997024536133 1624285596.828525 0.867
4.8514251708984375 1624285596.843497 0.867
4.8514251708984375 1624285596.858562 0.867
4.8514251708984375 1624285596.87341 0.867
4.848484992980957 1624285596.88846 0.867
4.242424488067627 1624285596.903522 0.867
4.848484992980957 1624285596.91852 0.867
4.8514251708984375 1624285596.93339 0.867
4.8514251708984375 1624285596.948534 0.867
4.8514251708984375 1624285596.963525 0.867
4.244997024536133 1624285596.978587 0.867
4.8514251708984375 1624285596.993454 0.867
4.8514251708984375 1624285597.008556 0.867
4.848484992980957 1624285597.023511 0.867
4.244997024536133 1624285597.038503 0.867
4.242424488067627 1624285597.053417 0.867
4.8514251708984375 1624285597.068454 0.867
4.8514251708984375 1624285597.083513 0.867
4.848484992980957 1624285597.098548 0.867
4.848484992980957 1624285597.11345 0.867
4.242424488067627 1624285597.128435 0.867
4.8514251708984375 1624285597.14348 0.867
4.848484992980957 1624285597.158513 0.867
4.848484992980957 1624285597.173402 0.867
4.848484992980957 1624285597.188396 0.867
4.242424488067627 1624285597.203459 0.867
4.848484992980957 1624285597.218503 0.867
4.848484992980957 1624285597.233439 0.867
4.8514251708984375 1624285597.24842 0.867
4.242424488067627 1624285597.263419 0.867
4.244997024536133 1624285597.278425 0.867
4.848484992980957 1624285597.293328 0.867
4.848484992980957 1624285597.308341 0.867
4.848484992980957 1624285597.323385 0.867
4.242424488067627 1624285597.338501 0.867
4.242424488067627 1624285597.353315 0.867
4.8514251708984375 1624285597.368317 0.867
4.8514251708984375 1624285597.383416 0.867
4.8514251708984375 1624285597.398421 0.867
4.242424488067627 1624285597.413228 0.867
4.242424488067627 1624285597.428327 0.867
4.8514251708984375 1624285597.443404 0.867
4.848484992980957 1624285597.458513 0.867
4.848484992980957 1624285597.47331 0.867
4.244997024536133 1624285597.488372 0.867
4.244997024536133 1624285597.503385 0.867
4.8514251708984375 1624285597.51845 0.867
4.848484992980957 1624285597.533362 0.867
4.848484992980957 1624285597.548403 0.867
4.244997024536133 1624285597.563415 0.867
