263.7195129394531 1625213519.541378
263.7195129394531 1625213519.548422
262.75701904296875 1625213519.555482
262.75701904296875 1625213519.56249
263.5186462402344 1625213519.569508
263.5186462402344 1625213519.576568
263.5186462402344 1625213519.583552
263.7195129394531 1625213519.59052
263.5186462402344 1625213519.597529
263.7195129394531 1625213519.60457
264.481689453125 1625213519.611492
264.481689453125 1625213519.61855
264.481689453125 1625213519.625503
264.481689453125 1625213519.632499
263.7195129394531 1625213519.639545
263.5186462402344 1625213519.646519
264.481689453125 1625213519.653571
264.481689453125 1625213519.660502
264.6834411621094 1625213519.667798
264.481689453125 1625213519.674745
264.6834411621094 1625213519.681814
264.6834411621094 1625213519.688803
264.481689453125 1625213519.695639
264.6834411621094 1625213519.702583
264.6834411621094 1625213519.70962
264.6834411621094 1625213519.716596
264.6834411621094 1625213519.72361
264.6834411621094 1625213519.730652
264.6834411621094 1625213519.737685
264.481689453125 1625213519.744637
264.6834411621094 1625213519.751624
264.481689453125 1625213519.758662
263.7195129394531 1625213519.765665
264.6834411621094 1625213519.772605
264.481689453125 1625213519.779571
264.481689453125 1625213519.7866
263.7195129394531 1625213519.793684
462.206787109375 1625213519.800707
589.6007690429688 1625213519.807645
1772.206298828125 1625213519.814714
2315.369384765625 1625213519.8217
2058.181640625 1625213519.828477
2251.968505859375 1625213519.835509
2197.2919921875 1625213519.842484
2168.260009765625 1625213519.849446
2037.383056640625 1625213519.856483
1989.3616943359375 1625213519.863526
1987.3646240234375 1625213519.87054
1910.6829833984375 1625213519.877539
1912.434326171875 1625213519.884538
1839.3782958984375 1625213519.891503
1755.7376708984375 1625213519.898642
1817.875244140625 1625213519.905591
1797.2972412109375 1625213519.912507
1939.501708984375 1625213519.919535
1891.4185791015625 1625213519.926496
1839.8636474609375 1625213519.933531
1761.2686767578125 1625213519.940583
1756.6666259765625 1625213519.947561
1794.2664794921875 1625213519.954557
1743.37744140625 1625213519.961462
1733.001708984375 1625213519.968452
1784.2808837890625 1625213519.975375
1805.41455078125 1625213519.982833
1768.3333740234375 1625213519.989795
1710.09765625 1625213519.996707
1788.685546875 1625213520.003719
1905.7591552734375 1625213520.010854
1910.0528564453125 1625213520.018629
1775.919677734375 1625213520.025459
1863.32177734375 1625213520.032402
1871.52783203125 1625213520.039374
1912.1265869140625 1625213520.046262
1920.774658203125 1625213520.053365
1950.3546142578125 1625213520.060208
1925.926025390625 1625213520.067558
1937.8331298828125 1625213520.074606
1801.69482421875 1625213520.081628
1755.40771484375 1625213520.088601
1737.623779296875 1625213520.095599
1739.27392578125 1625213520.102568
1771.2855224609375 1625213520.10959
1808.7987060546875 1625213520.11667
1834.18798828125 1625213520.123637
1834.18798828125 1625213520.13052
1872.1934814453125 1625213520.137477
1969.5340576171875 1625213520.144324
1966.071533203125 1625213520.151288
1985.5595703125 1625213520.15828
1926.056396484375 1625213520.165373
1881.7391357421875 1625213520.172295
1851.9793701171875 1625213520.179387
1886.7596435546875 1625213520.186428
1900.349609375 1625213520.193388
1876.7362060546875 1625213520.200318
1801.6806640625 1625213520.207379
1822.033935546875 1625213520.214475
1816.9490966796875 1625213520.221431
1850.5155029296875 1625213520.228472
1850.5155029296875 1625213520.235346
1865.284912109375 1625213520.242196
1878.47216796875 1625213520.249477
1883.478271484375 1625213520.256169
1867.0120849609375 1625213520.26328
1868.51220703125 1625213520.270213
1861.8306884765625 1625213520.277239
1840.2061767578125 1625213520.284318
1850.0 1625213520.29122
1890.4346923828125 1625213520.298285
1818.181884765625 1625213520.305226
1757.47509765625 1625213520.312226
1784.2808837890625 1625213520.319207
1787.5211181640625 1625213520.326291
1752.49169921875 1625213520.333231
1722.0394287109375 1625213520.340274
1694.1748046875 1625213520.347616
1726.2294921875 1625213520.354581
1706.3621826171875 1625213520.361605
1735.6322021484375 1625213520.368562
1745.8746337890625 1625213520.375508
1729.06396484375 1625213520.382469
1772.5753173828125 1625213520.389486
1775.3743896484375 1625213520.396399
1737.54150390625 1625213520.403409
1676.3753662109375 1625213520.410327
1667.2052001953125 1625213520.417632
1630.744873046875 1625213520.424556
1611.023681640625 1625213520.431523
1598.74609375 1625213520.438555
1601.880859375 1625213520.445535
1589.70361328125 1625213520.452561
1588.7850341796875 1625213520.459372
1589.424560546875 1625213520.466396
1604.724365234375 1625213520.473429
1611.023681640625 1625213520.480401
1632.7503662109375 1625213520.487465
1603.125 1625213520.494383
1613.5645751953125 1625213520.501538
1623.417724609375 1625213520.508388
1628.16455078125 1625213520.515418
1584.1121826171875 1625213520.522398
1666.6666259765625 1625213520.529412
1706.3621826171875 1625213520.536433
1703.0994873046875 1625213520.543479
1673.10791015625 1625213520.550405
1627.388427734375 1625213520.557475
1684.466064453125 1625213520.56451
1679.0322265625 1625213520.571337
1695.93505859375 1625213520.578313
1702.4390869140625 1625213520.585294
1722.9508056640625 1625213520.592326
1733.1136474609375 1625213520.599331
1710.3109130859375 1625213520.606292
1696.920654296875 1625213520.613258
1704.7308349609375 1625213520.620275
1688.81689453125 1625213520.627316
1672.58056640625 1625213520.63427
1652.7999267578125 1625213520.641348
1658.65380859375 1625213520.648283
1667.73681640625 1625213520.655233
1659.711181640625 1625213520.662282
1658.10595703125 1625213520.6693
1640.12744140625 1625213520.676206
1632.7503662109375 1625213520.683329
1636.942626953125 1625213520.690259
1629.1600341796875 1625213520.697298
1593.1142578125 1625213520.704285
1591.1949462890625 1625213520.711257
1577.3994140625 1625213520.718214
1585.0234375 1625213520.725261
1619.873779296875 1625213520.732352
1643.9873046875 1625213520.739289
1671.49755859375 1625213520.746346
1666.131591796875 1625213520.753336
1671.49755859375 1625213520.760298
1660.7999267578125 1625213520.767814
1653.84619140625 1625213520.774567
1640.699462890625 1625213520.781548
1619.873779296875 1625213520.789368
1611.9873046875 1625213520.796419
1607.8740234375 1625213520.803503
1596.875 1625213520.811461
1609.44873046875 1625213520.818288
1606.918212890625 1625213520.825262
1609.105224609375 1625213520.832347
1626.582275390625 1625213520.839249
1632.7503662109375 1625213520.846319
1626.984130859375 1625213520.853342
1614.1732177734375 1625213520.860397
1625.592529296875 1625213520.867285
1625.0 1625213520.874289
1647.5279541015625 1625213520.881306
1647.5279541015625 1625213520.888321
1641.7197265625 1625213520.895289
1641.7197265625 1625213520.902365
1646.4000244140625 1625213520.909275
1655.44873046875 1625213520.916354
1657.05126953125 1625213520.923268
1651.7572021484375 1625213520.930295
1691.5584716796875 1625213520.937374
1705.88232421875 1625213520.944278
1709.624755859375 1625213520.951322
1698.6971435546875 1625213520.95836
1719.2117919921875 1625213520.965221
1694.1748046875 1625213520.972234
1726.52392578125 1625213520.979189
1701.954345703125 1625213520.986212
1705.4010009765625 1625213520.993153
1705.88232421875 1625213521.000134
1694.3089599609375 1625213521.007341
1682.847900390625 1625213521.014364
1687.804931640625 1625213521.021448
1682.769775390625 1625213521.028413
1710.7843017578125 1625213521.035157
1682.9267578125 1625213521.042291
1677.9935302734375 1625213521.049179
1677.9935302734375 1625213521.056027
1654.4000244140625 1625213521.063103
1597.80908203125 1625213521.069978
1583.8509521484375 1625213521.076986
1584.49609375 1625213521.083964
1603.7735595703125 1625213521.090994
1619.873779296875 1625213521.098034
1624.0125732421875 1625213521.105035
1611.63525390625 1625213521.112059
1594.0438232421875 1625213521.119031
1597.1787109375 1625213521.126045
1573.8724365234375 1625213521.133065
1579.4393310546875 1625213521.140226
1556.414306640625 1625213521.147251
1548.3870849609375 1625213521.154341
1530.48779296875 1625213521.16127
1525.8358154296875 1625213521.168261
1510.6060791015625 1625213521.175246
1520.5479736328125 1625213521.18225
1509.0634765625 1625213521.189247
1521.276611328125 1625213521.196301
1537.51904296875 1625213521.203289
1527.43896484375 1625213521.210297
1531.2977294921875 1625213521.21728
1547.6922607421875 1625213521.224254
1548.3870849609375 1625213521.231299
1559.322021484375 1625213521.238088
1560.1851806640625 1625213521.245073
1561.051025390625 1625213521.252112
1593.1142578125 1625213521.258983
1595.3125 1625213521.266224
1602.8258056640625 1625213521.273295
1597.80908203125 1625213521.280289
1593.75 1625213521.287265
1604.3956298828125 1625213521.294257
1601.5625 1625213521.301095
1605.9654541015625 1625213521.308104
1608.4906005859375 1625213521.315155
1620.85302734375 1625213521.322133
1630.744873046875 1625213521.329085
1621.451171875 1625213521.336158
1606.918212890625 1625213521.343144
1603.7735595703125 1625213521.350188
1626.984130859375 1625213521.357116
1603.4482421875 1625213521.364084
1620.85302734375 1625213521.371074
1590.625 1625213521.378166
1606.2991943359375 1625213521.385109
1603.4482421875 1625213521.392067
1582.554443359375 1625213521.399114
1606.918212890625 1625213521.406162
1587.2274169921875 1625213521.413088
1605.9654541015625 1625213521.420078
1591.263671875 1625213521.427045
1597.1787109375 1625213521.434167
1592.82373046875 1625213521.441155
1607.535400390625 1625213521.448142
1619.2733154296875 1625213521.455126
1600.3134765625 1625213521.462116
1605.345947265625 1625213521.469201
1624.0125732421875 1625213521.476259
1600.3134765625 1625213521.483202
1611.63525390625 1625213521.490145
1620.85302734375 1625213521.497085
1619.873779296875 1625213521.504103
1640.699462890625 1625213521.511145
1758.7354736328125 1625213521.518162
1749.16943359375 1625213521.525115
1727.4219970703125 1625213521.532162
1734.7611083984375 1625213521.539121
1729.3729248046875 1625213521.546132
1644.338134765625 1625213521.553201
1693.81103515625 1625213521.560156
1706.8404541015625 1625213521.566965
1719.2117919921875 1625213521.573909
1717.3201904296875 1625213521.580988
1719.672119140625 1625213521.588083
1710.7843017578125 1625213521.595024
1709.1502685546875 1625213521.60203
1721.3114013671875 1625213521.609124
1740.924072265625 1625213521.616066
1746.688720703125 1625213521.623105
1745.033203125 1625213521.630154
1751.655517578125 1625213521.637112
1736.4085693359375 1625213521.644106
1751.655517578125 1625213521.651082
1763.3333740234375 1625213521.658188
1765.0 1625213521.665002
1757.071533203125 1625213521.671964
1752.49169921875 1625213521.678879
1746.2686767578125 1625213521.685964
1744.2244873046875 1625213521.692924
1751.2437744140625 1625213521.699912
1746.688720703125 1625213521.706894
1669.8873291015625 1625213521.713942
1661.85888671875 1625213521.720958
1674.7181396484375 1625213521.727992
1682.847900390625 1625213521.734914
1688.81689453125 1625213521.741969
1659.711181640625 1625213521.749187
1661.316162109375 1625213521.75618
1663.4615478515625 1625213521.763292
1682.258056640625 1625213521.770227
1685.5753173828125 1625213521.777325
1669.8873291015625 1625213521.785211
1661.316162109375 1625213521.792225
1739.27392578125 1625213521.799219
1735.9736328125 1625213521.806
1720.853759765625 1625213521.812923
1728.17138671875 1625213521.819975
1737.623779296875 1625213521.826928
1740.4959716796875 1625213521.833963
1740.924072265625 1625213521.840902
1748.344482421875 1625213521.847887
1754.15283203125 1625213521.854918
1747.9271240234375 1625213521.861913
1747.9271240234375 1625213521.868874
1742.1488037109375 1625213521.875884
1742.1488037109375 1625213521.882888
1741.721923828125 1625213521.889934
1709.624755859375 1625213521.896892
1711.256103515625 1625213521.903908
1726.9736328125 1625213521.910899
1743.37744140625 1625213521.917911
1731.4661865234375 1625213521.924874
1717.3201904296875 1625213521.931917
1724.137939453125 1625213521.938934
1704.7308349609375 1625213521.945841
1670.41796875 1625213521.952999
1689.3204345703125 1625213521.959937
1715.927734375 1625213521.967151
1704.7308349609375 1625213521.97404
1700.32568359375 1625213521.981163
1715.220947265625 1625213521.989157
1718.0328369140625 1625213521.995843
1706.3621826171875 1625213522.002829
1737.623779296875 1625213522.009813
1739.27392578125 1625213522.01679
1745.45458984375 1625213522.023791
1743.37744140625 1625213522.030889
1748.344482421875 1625213522.037803
1716.3934326171875 1625213522.044833
1729.06396484375 1625213522.051702
1741.721923828125 1625213522.058725
1748.344482421875 1625213522.065725
1768.3333740234375 1625213522.072672
1783.5570068359375 1625213522.079637
1768.84423828125 1625213522.086738
1780.9365234375 1625213522.093707
1769.615966796875 1625213522.100686
1767.9466552734375 1625213522.107644
1758.7354736328125 1625213522.114735
1750.4132080078125 1625213522.121749
1767.169189453125 1625213522.128712
1724.137939453125 1625213522.13579
1709.1502685546875 1625213522.142753
1699.18701171875 1625213522.149837
1683.95458984375 1625213522.156773
1676.3284912109375 1625213522.163834
1697.56103515625 1625213522.170807
1690.5538330078125 1625213522.177773
1700.162109375 1625213522.184814
1691.5584716796875 1625213522.191805
1692.6829833984375 1625213522.199053
1696.4285888671875 1625213522.206024
1716.3934326171875 1625213522.213094
1721.767578125 1625213522.220058
1734.7611083984375 1625213522.227049
1710.7843017578125 1625213522.234005
1720.130859375 1625213522.241023
1722.9508056640625 1625213522.247887
1729.3729248046875 1625213522.254798
1708.67431640625 1625213522.261868
1704.7308349609375 1625213522.268899
1700.32568359375 1625213522.275823
1742.1488037109375 1625213522.282772
1734.7611083984375 1625213522.289845
1745.84716796875 1625213522.297044
1721.3114013671875 1625213522.304126
1703.0994873046875 1625213522.311922
1709.624755859375 1625213522.318891
1714.0523681640625 1625213522.325919
1709.624755859375 1625213522.33293
1728.618408203125 1625213522.339963
1721.3114013671875 1625213522.347012
1659.1639404296875 1625213522.353786
1623.0284423828125 1625213522.360812
1614.1732177734375 1625213522.367767
1627.5753173828125 1625213522.374839
1649.0384521484375 1625213522.38186
1618.0665283203125 1625213522.388772
1635.350341796875 1625213522.395739
1623.417724609375 1625213522.402888
1622.432861328125 1625213522.409778
1624.0125732421875 1625213522.416828
1607.255615234375 1625213522.423779
1599.3740234375 1625213522.430885
1631.3291015625 1625213522.43784
1633.3333740234375 1625213522.444823
1632.9114990234375 1625213522.451968
1663.446044921875 1625213522.45881
1648.562255859375 1625213522.465908
1669.9029541015625 1625213522.472803
1673.6334228515625 1625213522.479813
1675.806396484375 1625213522.486873
1688.3116455078125 1625213522.493851
1658.65380859375 1625213522.500821
1674.1934814453125 1625213522.507861
1665.0640869140625 1625213522.514932
1690.4375 1625213522.521961
1663.4615478515625 1625213522.529011
1684.466064453125 1625213522.535899
1692.556640625 1625213522.542964
1669.8873291015625 1625213522.549827
1665.5948486328125 1625213522.556686
1668.2769775390625 1625213522.563737
1644.338134765625 1625213522.570624
1649.122802734375 1625213522.577824
1661.316162109375 1625213522.584794
1673.10791015625 1625213522.591641
1684.9757080078125 1625213522.598736
1700.8131103515625 1625213522.605617
1716.8575439453125 1625213522.612735
1695.93505859375 1625213522.619718
1704.0650634765625 1625213522.626717
1724.5902099609375 1625213522.633674
1738.0560302734375 1625213522.64065
1735.9736328125 1625213522.647723
1703.0994873046875 1625213522.654726
1703.5831298828125 1625213522.661596
1760.86962890625 1625213522.668758
1754.15283203125 1625213522.675727
1757.877197265625 1625213522.682757
1758.7354736328125 1625213522.689711
1723.6842041015625 1625213522.69677
1722.9508056640625 1625213522.703768
1768.0672607421875 1625213522.710683
1717.7813720703125 1625213522.717692
1720.394775390625 1625213522.724695
1715.220947265625 1625213522.731599
1704.7308349609375 1625213522.738812
1716.8575439453125 1625213522.74586
1709.1502685546875 1625213522.752842
1704.0650634765625 1625213522.759775
1763.3333740234375 1625213522.766863
1727.4219970703125 1625213522.773727
1738.0560302734375 1625213522.780579
1746.688720703125 1625213522.787716
1755.81396484375 1625213522.794675
1744.6103515625 1625213522.801596
1745.033203125 1625213522.808562
1735.1973876953125 1625213522.815846
1735.099365234375 1625213522.822937
1739.27392578125 1625213522.830992
1718.4942626953125 1625213522.838711
1763.6363525390625 1625213522.845624
1771.6666259765625 1625213522.8526
1772.1942138671875 1625213522.859696
1785.2349853515625 1625213522.866544
1789.9158935546875 1625213522.873543
1755.0 1625213522.880557
1743.37744140625 1625213522.88746
1797.63916015625 1625213522.894584
1786.440673828125 1625213522.901556
1755.7755126953125 1625213522.908605
1800.6756591796875 1625213522.91565
1839.0411376953125 1625213522.922634
1823.9315185546875 1625213522.929684
1796.6385498046875 1625213522.936761
1782.2445068359375 1625213522.943766
1783.5570068359375 1625213522.950698
1825.9385986328125 1625213522.957728
1779.26416015625 1625213522.964723
1783.5570068359375 1625213522.971685
1746.293212890625 1625213522.97867
1758.278076171875 1625213522.985718
1786.5545654296875 1625213522.992787
1740.4959716796875 1625213522.999606
1734.3233642578125 1625213523.00657
1726.9736328125 1625213523.013753
1770.9029541015625 1625213523.020906
1802.0303955078125 1625213523.028952
1798.9864501953125 1625213523.036691
1816.6383056640625 1625213523.043787
1813.2427978515625 1625213523.050663
1821.4285888671875 1625213523.0576
1832.7645263671875 1625213523.064633
1821.4285888671875 1625213523.0716
1823.1292724609375 1625213523.078653
1827.938720703125 1625213523.085646
1843.9107666015625 1625213523.092598
1840.75341796875 1625213523.099576
1839.0411376953125 1625213523.106585
1844.1781005859375 1625213523.113573
1858.864013671875 1625213523.120625
1861.5916748046875 1625213523.127612
1850.5155029296875 1625213523.134587
1842.4656982421875 1625213523.141605
1858.62060546875 1625213523.148566
1865.284912109375 1625213523.155574
1853.951904296875 1625213523.162597
1876.9498291015625 1625213523.169718
1880.0 1625213523.176661
1872.1934814453125 1625213523.183729
1875.216552734375 1625213523.190608
1885.2174072265625 1625213523.197716
1893.542724609375 1625213523.204615
1888.501708984375 1625213523.211635
1891.7974853515625 1625213523.218702
1902.097900390625 1625213523.225514
1914.0350341796875 1625213523.232504
1917.39892578125 1625213523.239516
1931.2169189453125 1625213523.246486
1936.170166015625 1625213523.253575
1939.71630859375 1625213523.26048
1932.7432861328125 1625213523.267518
1931.0953369140625 1625213523.274491
1912.2806396484375 1625213523.281523
1922.53515625 1625213523.288524
1912.2806396484375 1625213523.295541
1903.677734375 1625213523.302531
1907.017578125 1625213523.309549
1871.75048828125 1625213523.316534
1853.7005615234375 1625213523.323586
1808.7987060546875 1625213523.330605
1829.642333984375 1625213523.337632
1829.059814453125 1625213523.344517
1829.9320068359375 1625213523.351615
1834.18798828125 1625213523.35866
1829.3515625 1625213523.365683
1860.585205078125 1625213523.372615
1853.7005615234375 1625213523.379661
1866.781982421875 1625213523.386458
1875.216552734375 1625213523.393389
1853.7005615234375 1625213523.400404
1870.2421875 1625213523.407425
1863.7930908203125 1625213523.414507
1863.557861328125 1625213523.421452
1870.2421875 1625213523.428509
1842.4656982421875 1625213523.435538
1837.6068115234375 1625213523.44249
1849.056640625 1625213523.449509
1840.4803466796875 1625213523.456452
1835.33447265625 1625213523.463484
1815.254150390625 1625213523.470521
1818.0272216796875 1625213523.477461
1800.0 1625213523.484471
1790.2684326171875 1625213523.491455
1797.63916015625 1625213523.498539
1777.2193603515625 1625213523.505526
1786.912841796875 1625213523.512436
1798.6463623046875 1625213523.519603
1800.6756591796875 1625213523.526485
1780.2012939453125 1625213523.533549
1772.5753173828125 1625213523.540544
1765.3909912109375 1625213523.547436
1792.9293212890625 1625213523.554359
1785.2349853515625 1625213523.561419
1786.1953125 1625213523.56844
1777.5919189453125 1625213523.575377
1761.2686767578125 1625213523.58239
1758.7354736328125 1625213523.589463
1750.0 1625213523.596354
1779.26416015625 1625213523.603329
1791.9462890625 1625213523.61031
1746.7105712890625 1625213523.617275
1762.45849609375 1625213523.624185
1768.3333740234375 1625213523.631261
1751.655517578125 1625213523.638265
1737.623779296875 1625213523.64517
1710.09765625 1625213523.652338
1750.83056640625 1625213523.659302
1750.0 1625213523.666209
1737.623779296875 1625213523.673252
1731.4661865234375 1625213523.680259
1762.063232421875 1625213523.687331
1762.541748046875 1625213523.694291
1731.1475830078125 1625213523.7013
1785.5946044921875 1625213523.708317
1781.30224609375 1625213523.715121
1796.9542236328125 1625213523.722134
1777.2193603515625 1625213523.729134
1770.3826904296875 1625213523.736145
1773.869384765625 1625213523.743147
1765.0 1625213523.750199
1747.9271240234375 1625213523.757155
1779.26416015625 1625213523.764127
1797.63916015625 1625213523.771173
1820.033935546875 1625213523.778189
1787.62548828125 1625213523.785237
1792.580078125 1625213523.792154
1790.893798828125 1625213523.799166
1781.30224609375 1625213523.80624
1760.0 1625213523.813219
1774.24755859375 1625213523.820143
1790.6197509765625 1625213523.827271
1805.084716796875 1625213523.834225
1794.61279296875 1625213523.841248
1786.5545654296875 1625213523.848235
1780.2012939453125 1625213523.85524
1758.7354736328125 1625213523.862251
1766.277099609375 1625213523.869315
1748.344482421875 1625213523.87624
1724.4224853515625 1625213523.883229
1730.2630615234375 1625213523.890114
1758.7354736328125 1625213523.89709
1755.0 1625213523.904116
1716.3934326171875 1625213523.911097
1718.4942626953125 1625213523.918103
1725.3289794921875 1625213523.925105
1706.3621826171875 1625213523.932088
1713.5843505859375 1625213523.939114
1716.3934326171875 1625213523.946117
1696.4285888671875 1625213523.953183
1697.4110107421875 1625213523.960157
1739.27392578125 1625213523.967189
1743.8016357421875 1625213523.974109
1767.55859375 1625213523.981156
1755.81396484375 1625213523.988161
1763.72705078125 1625213523.995165
1769.615966796875 1625213524.002231
1752.49169921875 1625213524.009175
1753.311279296875 1625213524.016177
1760.3992919921875 1625213524.02315
1755.81396484375 1625213524.030199
1767.55859375 1625213524.037151
1758.3333740234375 1625213524.0442
1764.607666015625 1625213524.051178
1775.919677734375 1625213524.058202
1792.9293212890625 1625213524.065163
1786.5545654296875 1625213524.072202
1782.2445068359375 1625213524.079207
1763.3333740234375 1625213524.086263
1699.8367919921875 1625213524.09316
1715.686279296875 1625213524.100087
1714.0523681640625 1625213524.106973
1735.9736328125 1625213524.114027
1724.137939453125 1625213524.12102
1727.4219970703125 1625213524.128071
1703.5831298828125 1625213524.13507
1715.220947265625 1625213524.142068
1735.9736328125 1625213524.148996
1729.81884765625 1625213524.156037
1752.49169921875 1625213524.163057
1742.1488037109375 1625213524.17006
1737.190185546875 1625213524.177085
1753.7437744140625 1625213524.184071
1749.1749267578125 1625213524.191103
1757.877197265625 1625213524.198094
1745.033203125 1625213524.205088
1747.107421875 1625213524.212097
1755.81396484375 1625213524.219179
1738.843017578125 1625213524.226082
1731.4661865234375 1625213524.23314
1762.938232421875 1625213524.240105
1702.6143798828125 1625213524.247109
1694.80517578125 1625213524.254198
1675.806396484375 1625213524.261156
1670.9676513671875 1625213524.268171
1697.56103515625 1625213524.275232
1709.1502685546875 1625213524.281946
1699.18701171875 1625213524.289201
1692.6829833984375 1625213524.296077
1701.46826171875 1625213524.303072
1693.181884765625 1625213524.310008
1663.446044921875 1625213524.316931
1658.65380859375 1625213524.324002
1649.122802734375 1625213524.330962
1671.49755859375 1625213524.337996
1679.6116943359375 1625213524.345078
1676.3284912109375 1625213524.351991
1657.5562744140625 1625213524.358995
1646.496826171875 1625213524.366038
1650.15966796875 1625213524.373077
1635.350341796875 1625213524.380097
1646.496826171875 1625213524.387085
1659.711181640625 1625213524.394086
1652.7999267578125 1625213524.401041
1658.65380859375 1625213524.408079
1675.806396484375 1625213524.415045
1689.93505859375 1625213524.42203
1687.1961669921875 1625213524.429083
1674.7181396484375 1625213524.436058
1650.15966796875 1625213524.443038
1619.2733154296875 1625213524.450147
1606.918212890625 1625213524.457056
1604.3956298828125 1625213524.464049
1603.4482421875 1625213524.47107
1614.5340576171875 1625213524.478086
1616.11376953125 1625213524.48503
1602.8258056640625 1625213524.491939
1606.918212890625 1625213524.498939
1600.3134765625 1625213524.505912
1603.7735595703125 1625213524.512909
1598.74609375 1625213524.520024
1591.263671875 1625213524.526928
1609.105224609375 1625213524.533922
1622.432861328125 1625213524.540951
1615.1419677734375 1625213524.547938
1621.83544921875 1625213524.554973
1614.1732177734375 1625213524.56195
1604.3956298828125 1625213524.569064
1606.918212890625 1625213524.575954
1613.5645751953125 1625213524.582987
1591.263671875 1625213524.589967
1615.1419677734375 1625213524.596894
1601.880859375 1625213524.603974
1655.44873046875 1625213524.610989
1642.2894287109375 1625213524.61795
1645.9329833984375 1625213524.624981
1640.699462890625 1625213524.631885
1656.5008544921875 1625213524.638978
1651.2000732421875 1625213524.645959
1643.3121337890625 1625213524.652975
1650.64111328125 1625213524.659932
1654.4000244140625 1625213524.667002
1638.5350341796875 1625213524.674064
1655.44873046875 1625213524.680987
1658.65380859375 1625213524.688302
1696.4285888671875 1625213524.695382
1742.1488037109375 1625213524.7024
1744.6103515625 1625213524.7094
1737.623779296875 1625213524.716236
1735.9736328125 1625213524.723257
1737.623779296875 1625213524.73029
1740.4959716796875 1625213524.737127
1718.0328369140625 1625213524.744046
1720.853759765625 1625213524.751082
1702.4390869140625 1625213524.758072
1707.516357421875 1625213524.765106
1687.1961669921875 1625213524.772079
1693.181884765625 1625213524.779087
1690.4375 1625213524.786247
1687.1961669921875 1625213524.793216
1710.3109130859375 1625213524.800326
1688.3116455078125 1625213524.807226
1680.1292724609375 1625213524.814255
1675.806396484375 1625213524.820984
1654.4000244140625 1625213524.828087
1663.9871826171875 1625213524.835075
1661.85888671875 1625213524.842075
1675.806396484375 1625213524.849032
1668.810302734375 1625213524.856015
1667.20263671875 1625213524.863038
1668.810302734375 1625213524.869969
1662.9212646484375 1625213524.876936
1662.9212646484375 1625213524.884232
1667.20263671875 1625213524.891207
1694.3089599609375 1625213524.898386
1692.058349609375 1625213524.906336
1706.3621826171875 1625213524.913269
1697.56103515625 1625213524.920289
1694.80517578125 1625213524.927056
1694.80517578125 1625213524.93396
1682.3338623046875 1625213524.941031
1662.37939453125 1625213524.948059
1656.0 1625213524.954975
1667.20263671875 1625213524.961982
1668.810302734375 1625213524.968986
1670.41796875 1625213524.975948
1670.9676513671875 1625213524.983085
1664.5264892578125 1625213524.990028
1658.10595703125 1625213524.997071
1661.316162109375 1625213525.004037
1661.316162109375 1625213525.01106
1655.44873046875 1625213525.018009
1649.5999755859375 1625213525.025043
1645.9329833984375 1625213525.032105
1647.5279541015625 1625213525.039034
1648.562255859375 1625213525.046002
1636.3636474609375 1625213525.053136
1623.417724609375 1625213525.06003
1625.0 1625213525.067035
1616.71923828125 1625213525.074101
1585.6697998046875 1625213525.08114
1580.996826171875 1625213525.088069
1580.09326171875 1625213525.095055
1576.98291015625 1625213525.102076
1578.5380859375 1625213525.10901
1563.2716064453125 1625213525.116088
1569.659423828125 1625213525.123024
1557.0987548828125 1625213525.129973
1545.31494140625 1625213525.13684
1544.478515625 1625213525.143973
1544.478515625 1625213525.151009
1542.94482421875 1625213525.157847
1535.8778076171875 1625213525.164954
1565.950927734375 1625213525.171935
1620.253173828125 1625213525.178914
1617.32275390625 1625213525.18596
1604.1009521484375 1625213525.193012
1610.0628662109375 1625213525.200016
1598.130859375 1625213525.206995
1644.338134765625 1625213525.213987
1634.920654296875 1625213525.220948
1639.1097412109375 1625213525.227953
1633.3333740234375 1625213525.234996
1633.3333740234375 1625213525.241946
1623.417724609375 1625213525.248921
1619.873779296875 1625213525.255985
1630.744873046875 1625213525.263078
1634.920654296875 1625213525.270025
1651.7572021484375 1625213525.276992
1646.9649658203125 1625213525.28398
1635.9300537109375 1625213525.291027
1624.40576171875 1625213525.298125
1634.3402099609375 1625213525.305002
1625.990478515625 1625213525.31199
1625.0 1625213525.319025
1620.85302734375 1625213525.32598
1634.920654296875 1625213525.333096
1635.9300537109375 1625213525.33984
1640.12744140625 1625213525.34692
1655.44873046875 1625213525.353872
1654.4000244140625 1625213525.360987
1648.562255859375 1625213525.367991
1656.0 1625213525.374986
1656.0 1625213525.381985
1640.12744140625 1625213525.389035
1644.338134765625 1625213525.396078
1642.7432861328125 1625213525.402962
1621.236083984375 1625213525.409886
1624.0125732421875 1625213525.417112
1605.9654541015625 1625213525.424064
1614.1732177734375 1625213525.43101
1620.85302734375 1625213525.43798
1614.1732177734375 1625213525.44482
1618.2965087890625 1625213525.451824
1624.0125732421875 1625213525.45881
1633.3333740234375 1625213525.465803
1634.3402099609375 1625213525.472747
1630.744873046875 1625213525.479824
1632.32958984375 1625213525.486769
1626.582275390625 1625213525.493793
1623.417724609375 1625213525.500863
1601.880859375 1625213525.50778
1604.3956298828125 1625213525.514896
1612.598388671875 1625213525.521812
1625.592529296875 1625213525.52887
1629.1600341796875 1625213525.536085
1635.9300537109375 1625213525.543163
1618.2965087890625 1625213525.550977
1623.417724609375 1625213525.55799
1640.12744140625 1625213525.565078
1625.990478515625 1625213525.572109
1623.417724609375 1625213525.578754
1623.417724609375 1625213525.585777
1621.83544921875 1625213525.592728
1620.253173828125 1625213525.59979
1604.3956298828125 1625213525.606767
1603.149658203125 1625213525.613793
1583.20361328125 1625213525.620744
1593.75 1625213525.627867
1597.80908203125 1625213525.634797
1601.880859375 1625213525.641734
1601.880859375 1625213525.648971
1598.74609375 1625213525.65599
1605.9654541015625 1625213525.663003
1601.255859375 1625213525.670021
1608.4906005859375 1625213525.676849
1600.3134765625 1625213525.68379
1606.918212890625 1625213525.690824
1600.3134765625 1625213525.697817
1598.74609375 1625213525.704739
1606.918212890625 1625213525.711826
1616.71923828125 1625213525.718827
1624.40576171875 1625213525.725762
1618.2965087890625 1625213525.732866
1629.1600341796875 1625213525.739787
1619.2733154296875 1625213525.746883
1619.2733154296875 1625213525.753818
1635.9300537109375 1625213525.760872
1647.5279541015625 1625213525.767883
1640.12744140625 1625213525.774808
1641.7197265625 1625213525.781915
1652.7999267578125 1625213525.788751
1645.9329833984375 1625213525.795879
1650.15966796875 1625213525.802685
1646.9649658203125 1625213525.809623
1648.562255859375 1625213525.816651
1648.562255859375 1625213525.823644
1668.810302734375 1625213525.830622
1650.15966796875 1625213525.837689
1652.3126220703125 1625213525.844808
1656.0 1625213525.851654
1673.667236328125 1625213525.858709
1667.741943359375 1625213525.865898
1640.12744140625 1625213525.872936
1640.12744140625 1625213525.879908
1640.699462890625 1625213525.886913
1658.65380859375 1625213525.893928
1633.3333740234375 1625213525.900944
1630.1588134765625 1625213525.907784
1637.519775390625 1625213525.914891
1635.9300537109375 1625213525.921736
1635.9300537109375 1625213525.92879
1641.7197265625 1625213525.936008
1640.12744140625 1625213525.943041
1643.3121337890625 1625213525.950015
1648.562255859375 1625213525.957947
1649.122802734375 1625213525.964705
1644.338134765625 1625213525.971612
1651.7572021484375 1625213525.978664
1654.4000244140625 1625213525.985643
1654.4000244140625 1625213525.992575
1647.5279541015625 1625213525.999556
1650.15966796875 1625213526.00661
1660.25634765625 1625213526.01365
1655.44873046875 1625213526.020586
1647.5279541015625 1625213526.027668
1651.7572021484375 1625213526.034603
1633.3333740234375 1625213526.04157
1625.990478515625 1625213526.048671
1634.920654296875 1625213526.055535
1647.5279541015625 1625213526.062574
1658.65380859375 1625213526.069576
1641.7197265625 1625213526.076544
1633.3333740234375 1625213526.083579
1633.3333740234375 1625213526.09063
1631.74609375 1625213526.097624
1630.744873046875 1625213526.104634
1647.5279541015625 1625213526.11171
1673.10791015625 1625213526.118667
1670.9676513671875 1625213526.125638
1661.316162109375 1625213526.132664
1679.0322265625 1625213526.139693
1681.2298583984375 1625213526.14674
1689.93505859375 1625213526.15347
1698.6971435546875 1625213526.160571
1686.0841064453125 1625213526.167549
1688.81689453125 1625213526.174568
1689.93505859375 1625213526.181573
1694.80517578125 1625213526.188488
1693.181884765625 1625213526.195642
1688.81689453125 1625213526.202494
1690.4375 1625213526.20963
1693.181884765625 1625213526.216617
1698.6971435546875 1625213526.223528
1689.93505859375 1625213526.230684
1688.81689453125 1625213526.237585
1695.93505859375 1625213526.244679
1681.2298583984375 1625213526.251695
1680.1292724609375 1625213526.258617
1680.1292724609375 1625213526.265704
1691.5584716796875 1625213526.27263
1700.32568359375 1625213526.279683
1693.181884765625 1625213526.286625
1688.81689453125 1625213526.293572
1699.18701171875 1625213526.300655
1697.56103515625 1625213526.307602
1689.93505859375 1625213526.314691
1695.93505859375 1625213526.321619
1694.3089599609375 1625213526.328689
1691.5584716796875 1625213526.335595
1695.93505859375 1625213526.342611
1688.81689453125 1625213526.349674
1677.9388427734375 1625213526.356615
1688.81689453125 1625213526.363698
1686.0841064453125 1625213526.370627
1687.1961669921875 1625213526.377637
1687.1961669921875 1625213526.384682
1690.4375 1625213526.391585
1703.0994873046875 1625213526.398794
1700.32568359375 1625213526.405464
1707.516357421875 1625213526.412527
1719.672119140625 1625213526.419503
1706.3621826171875 1625213526.426438
1705.6910400390625 1625213526.433423
1719.2117919921875 1625213526.440655
1705.88232421875 1625213526.447709
1692.058349609375 1625213526.454671
1703.5831298828125 1625213526.461617
1698.6971435546875 1625213526.468693
1715.220947265625 1625213526.475769
1715.220947265625 1625213526.482996
1725.780029296875 1625213526.489659
1724.137939453125 1625213526.496693
1731.4661865234375 1625213526.50371
1726.9736328125 1625213526.510747
1735.9736328125 1625213526.517495
1740.4959716796875 1625213526.524528
1731.4661865234375 1625213526.531438
1709.624755859375 1625213526.538617
1729.81884765625 1625213526.545715
1723.6842041015625 1625213526.552519
1718.0328369140625 1625213526.559563
1719.672119140625 1625213526.56669
1709.1502685546875 1625213526.573561
1726.52392578125 1625213526.580649
1734.3233642578125 1625213526.587749
1724.137939453125 1625213526.594982
1738.843017578125 1625213526.602805
1748.344482421875 1625213526.609854
1751.2437744140625 1625213526.616772
1743.8016357421875 1625213526.62379
1754.15283203125 1625213526.630587
1743.8016357421875 1625213526.637707
1720.853759765625 1625213526.644618
1712.4183349609375 1625213526.651429
1726.9736328125 1625213526.658505
1727.4219970703125 1625213526.665465
1745.033203125 1625213526.672486
1737.623779296875 1625213526.679511
1751.2437744140625 1625213526.68648
1733.1136474609375 1625213526.693548
1732.67333984375 1625213526.700545
1720.853759765625 1625213526.70747
1716.3934326171875 1625213526.714502
1715.220947265625 1625213526.721481
1714.754150390625 1625213526.72849
1724.5902099609375 1625213526.735545
1745.45458984375 1625213526.742478
1746.688720703125 1625213526.749469
1743.37744140625 1625213526.75645
1737.623779296875 1625213526.763486
1719.672119140625 1625213526.770486
1716.3934326171875 1625213526.777484
1728.618408203125 1625213526.784508
1749.58544921875 1625213526.791555
1738.843017578125 1625213526.798554
1739.27392578125 1625213526.805555
1734.3233642578125 1625213526.812501
1743.37744140625 1625213526.819529
1740.924072265625 1625213526.826494
1749.58544921875 1625213526.833515
1751.2437744140625 1625213526.840505
1755.81396484375 1625213526.847608
1758.3333740234375 1625213526.854541
1751.2437744140625 1625213526.861565
1749.58544921875 1625213526.868573
1749.58544921875 1625213526.875586
1740.4959716796875 1625213526.882572
1737.623779296875 1625213526.889569
1738.843017578125 1625213526.896473
1728.618408203125 1625213526.903397
1733.1136474609375 1625213526.910391
1728.618408203125 1625213526.917451
1729.81884765625 1625213526.924411
1724.137939453125 1625213526.931373
1720.853759765625 1625213526.938391
1710.7843017578125 1625213526.945406
1707.9935302734375 1625213526.952407
1701.954345703125 1625213526.95942
1695.93505859375 1625213526.966386
1706.3621826171875 1625213526.973411
1699.18701171875 1625213526.980438
1703.0994873046875 1625213526.987404
1701.954345703125 1625213526.994433
1693.181884765625 1625213527.001461
1694.80517578125 1625213527.008431
1700.32568359375 1625213527.015356
1689.93505859375 1625213527.022438
1694.80517578125 1625213527.029473
1704.7308349609375 1625213527.036411
1713.5843505859375 1625213527.04343
1715.220947265625 1625213527.050421
1709.1502685546875 1625213527.057466
1710.7843017578125 1625213527.064442
1709.624755859375 1625213527.07143
1713.5843505859375 1625213527.078456
1713.5843505859375 1625213527.085508
1690.4375 1625213527.092468
1694.80517578125 1625213527.099466
1697.56103515625 1625213527.106507
1710.7843017578125 1625213527.113406
1715.220947265625 1625213527.12042
1712.4183349609375 1625213527.127465
1706.3621826171875 1625213527.134458
1710.7843017578125 1625213527.141458
1707.516357421875 1625213527.148491
1707.9935302734375 1625213527.155472
1709.1502685546875 1625213527.16254
1701.954345703125 1625213527.169458
1697.56103515625 1625213527.176452
1697.56103515625 1625213527.183689
1698.6971435546875 1625213527.190644
1697.56103515625 1625213527.197685
1695.93505859375 1625213527.205466
1687.1961669921875 1625213527.212516
1684.466064453125 1625213527.219563
1686.0841064453125 1625213527.226662
1684.466064453125 1625213527.233526
1687.1961669921875 1625213527.240551
1692.6829833984375 1625213527.247486
1685.5753173828125 1625213527.254411
1682.847900390625 1625213527.261326
1675.806396484375 1625213527.268225
1686.0841064453125 1625213527.275235
1672.58056640625 1625213527.282293
1684.466064453125 1625213527.289505
1693.181884765625 1625213527.296531
1688.81689453125 1625213527.303567
1692.556640625 1625213527.310604
1707.516357421875 1625213527.318574
1701.954345703125 1625213527.325528
1709.1502685546875 1625213527.332344
1702.6143798828125 1625213527.339349
1704.7308349609375 1625213527.346345
1697.0684814453125 1625213527.353316
1718.0328369140625 1625213527.360362
1719.672119140625 1625213527.367388
1720.853759765625 1625213527.374333
1715.220947265625 1625213527.381366
1715.220947265625 1625213527.388305
1713.11474609375 1625213527.395397
1686.1788330078125 1625213527.402293
1687.1961669921875 1625213527.409165
1687.7022705078125 1625213527.416122
1681.2298583984375 1625213527.423191
1680.1292724609375 1625213527.43015
1680.1292724609375 1625213527.437381
1679.6116943359375 1625213527.444474
1690.4375 1625213527.451428
1691.5584716796875 1625213527.458527
1695.439697265625 1625213527.465394
1680.1292724609375 1625213527.472411
1684.466064453125 1625213527.479352
1686.0841064453125 1625213527.486434
1682.847900390625 1625213527.493323
1669.8873291015625 1625213527.500202
1669.354736328125 1625213527.507243
1660.25634765625 1625213527.514175
1667.741943359375 1625213527.521196
1668.810302734375 1625213527.528207
1672.0516357421875 1625213527.535268
1670.9676513671875 1625213527.542275
1665.056396484375 1625213527.549319
1659.711181640625 1625213527.556321
1669.8873291015625 1625213527.56326
1667.20263671875 1625213527.570269
1668.2769775390625 1625213527.577183
1680.1292724609375 1625213527.584302
1671.49755859375 1625213527.591288
1669.354736328125 1625213527.598357
1667.20263671875 1625213527.605268
1645.8333740234375 1625213527.612317
1641.7197265625 1625213527.619349
1628.5714111328125 1625213527.626284
1626.582275390625 1625213527.633323
1629.1600341796875 1625213527.640101
1618.6708984375 1625213527.64735
1616.3521728515625 1625213527.654401
1610.0628662109375 1625213527.661439
1627.5753173828125 1625213527.668364
1598.74609375 1625213527.675303
1596.244140625 1625213527.682438
1597.1787109375 1625213527.689268
1609.44873046875 1625213527.696059
1610.0628662109375 1625213527.703091
1604.3956298828125 1625213527.710131
1618.2965087890625 1625213527.717167
1619.873779296875 1625213527.724144
1597.1787109375 1625213527.731195
1609.44873046875 1625213527.73814
1610.0628662109375 1625213527.745228
1611.63525390625 1625213527.752195
1609.44873046875 1625213527.759149
1611.023681640625 1625213527.766106
1611.023681640625 1625213527.7732
1612.598388671875 1625213527.780279
1619.2733154296875 1625213527.787204
1625.990478515625 1625213527.794216
1625.0 1625213527.801261
1613.20751953125 1625213527.808184
1623.417724609375 1625213527.815219
1619.2733154296875 1625213527.822176
1618.2965087890625 1625213527.829274
1623.417724609375 1625213527.836081
1591.54931640625 1625213527.843076
1614.1732177734375 1625213527.849954
1619.873779296875 1625213527.857086
1624.40576171875 1625213527.864043
1625.0 1625213527.871031
1635.9300537109375 1625213527.878084
1628.16455078125 1625213527.885007
1634.920654296875 1625213527.892061
1641.7197265625 1625213527.899207
1634.920654296875 1625213527.906082
1594.67919921875 1625213527.913156
1590.625 1625213527.920115
1588.1434326171875 1625213527.92717
1596.244140625 1625213527.934138
1586.58349609375 1625213527.941159
1588.1434326171875 1625213527.948153
1615.1419677734375 1625213527.955099
1612.598388671875 1625213527.962169
1645.9329833984375 1625213527.969091
1648.562255859375 1625213527.976189
1637.519775390625 1625213527.983185
1635.9300537109375 1625213527.990095
1631.74609375 1625213527.997228
1635.9300537109375 1625213528.004156
1632.32958984375 1625213528.01119
1627.5753173828125 1625213528.018131
1611.9873046875 1625213528.025128
1611.9873046875 1625213528.032121
1615.1419677734375 1625213528.038986
1616.71923828125 1625213528.046243
1620.85302734375 1625213528.053315
1629.1600341796875 1625213528.060345
1638.09521484375 1625213528.067224
1643.3121337890625 1625213528.074208
1657.05126953125 1625213528.08119
1640.12744140625 1625213528.088239
1656.0 1625213528.095043
1660.25634765625 1625213528.101979
1629.1600341796875 1625213528.108903
1652.7999267578125 1625213528.115898
1655.44873046875 1625213528.122984
1613.5645751953125 1625213528.130025
1621.83544921875 1625213528.136948
1616.71923828125 1625213528.144331
1619.2733154296875 1625213528.151308
1619.873779296875 1625213528.158273
1621.83544921875 1625213528.165289
1605.015625 1625213528.172116
1602.50390625 1625213528.179057
1625.0 1625213528.185958
1615.384521484375 1625213528.193026
1613.814697265625 1625213528.199905
1621.83544921875 1625213528.207084
1626.582275390625 1625213528.213982
1630.744873046875 1625213528.220925
1630.1588134765625 1625213528.22814
1626.582275390625 1625213528.235149
1629.1600341796875 1625213528.242232
1585.0234375 1625213528.249288
1581.6484375 1625213528.256256
1579.1925048828125 1625213528.263353
1588.1434326171875 1625213528.270236
1597.80908203125 1625213528.277273
1662.9212646484375 1625213528.284199
1647.5279541015625 1625213528.291188
1662.9212646484375 1625213528.298178
1652.7999267578125 1625213528.305219
1645.9329833984375 1625213528.312036
1615.1419677734375 1625213528.319074
1609.44873046875 1625213528.326078
1616.71923828125 1625213528.333072
1608.4906005859375 1625213528.33996
1615.1419677734375 1625213528.347061
1593.75 1625213528.354069
1580.745361328125 1625213528.361074
1592.1875 1625213528.368064
1583.20361328125 1625213528.375035
1571.4285888671875 1625213528.382014
1570.542724609375 1625213528.389138
1584.1121826171875 1625213528.396126
1582.554443359375 1625213528.402892
1586.58349609375 1625213528.409863
1586.58349609375 1625213528.416931
1589.70361328125 1625213528.423846
1580.996826171875 1625213528.430911
1597.80908203125 1625213528.437894
1568.9923095703125 1625213528.4449
1565.687744140625 1625213528.45186
1562.5965576171875 1625213528.458903
1555.3846435546875 1625213528.465978
1557.0987548828125 1625213528.472941
1553.1588134765625 1625213528.47991
1549.2308349609375 1625213528.486936
1554.6995849609375 1625213528.493908
1550.7691650390625 1625213528.500991
1556.2403564453125 1625213528.507916
1593.1142578125 1625213528.515001
1588.1434326171875 1625213528.521954
1586.58349609375 1625213528.528999
1588.1434326171875 1625213528.535933
1593.75 1625213528.543005
1595.611328125 1625213528.550005
1565.015380859375 1625213528.557006
1597.1787109375 1625213528.563921
1584.1121826171875 1625213528.571004
1585.0234375 1625213528.578029
1585.0234375 1625213528.58502
1589.0625 1625213528.592053
1586.58349609375 1625213528.599008
1586.58349609375 1625213528.60587
1585.0234375 1625213528.612912
1582.554443359375 1625213528.619858
1585.0234375 1625213528.626846
1576.0870361328125 1625213528.633734
1584.1121826171875 1625213528.640881
1585.0234375 1625213528.647953
1572.9813232421875 1625213528.654849
1576.98291015625 1625213528.661914
1578.5380859375 1625213528.66887
1584.1121826171875 1625213528.675845
1584.1121826171875 1625213528.682933
1581.9031982421875 1625213528.689943
1571.2073974609375 1625213528.696961
1583.20361328125 1625213528.703831
1553.8460693359375 1625213528.710949
1554.6995849609375 1625213528.717944
1546.0123291015625 1625213528.724917
1557.0987548828125 1625213528.731913
1556.2403564453125 1625213528.738892
1556.2403564453125 1625213528.745939
1550.7691650390625 1625213528.752852
1548.3870849609375 1625213528.759968
1556.2403564453125 1625213528.766951
1556.2403564453125 1625213528.77392
1560.1851806640625 1625213528.781021
1564.1422119140625 1625213528.787928
1572.093017578125 1625213528.795016
1576.0870361328125 1625213528.801949
1574.5341796875 1625213528.808831
1574.5341796875 1625213528.815797
1569.659423828125 1625213528.822751
1568.1114501953125 1625213528.829802
1569.659423828125 1625213528.836793
1572.9813232421875 1625213528.843791
1542.24267578125 1625213528.85086
1537.51904296875 1625213528.85778
1533.63916015625 1625213528.864738
1532.01220703125 1625213528.871839
1556.2403564453125 1625213528.87878
1544.478515625 1625213528.885899
1540.5819091796875 1625213528.892918
1547.5460205078125 1625213528.899859
1550.7691650390625 1625213528.906892
1547.6922607421875 1625213528.913897
1556.2403564453125 1625213528.920874
1557.78125 1625213528.928203
1582.554443359375 1625213528.936165
1574.5341796875 1625213528.9431
1576.0870361328125 1625213528.949915
1576.0870361328125 1625213528.957021
1580.09326171875 1625213528.963941
1573.6434326171875 1625213528.970796
1566.5634765625 1625213528.977801
1561.051025390625 1625213528.984748
1562.5965576171875 1625213528.991765
1563.2716064453125 1625213528.99873
1568.1114501953125 1625213529.005702
1569.659423828125 1625213529.012773
1573.6434326171875 1625213529.019682
1572.9813232421875 1625213529.026744
1568.9923095703125 1625213529.033755
1569.659423828125 1625213529.040728
1572.093017578125 1625213529.047713
1560.1851806640625 1625213529.054825
1552.3077392578125 1625213529.061764
1557.0987548828125 1625213529.068728
1553.8460693359375 1625213529.075803
1564.1422119140625 1625213529.082744
1546.0123291015625 1625213529.089713
1539.050537109375 1625213529.096815
1541.4110107421875 1625213529.103763
1540.5819091796875 1625213529.110869
1540.5819091796875 1625213529.117851
1546.85107421875 1625213529.124587
1534.35107421875 1625213529.131643
1535.168212890625 1625213529.138573
1529.680419921875 1625213529.145871
1539.050537109375 1625213529.152908
1522.79638671875 1625213529.160324
1531.2977294921875 1625213529.167927
1537.51904296875 1625213529.175003
1535.98779296875 1625213529.182113
1532.8243408203125 1625213529.189992
1529.77099609375 1625213529.197044
1528.9635009765625 1625213529.203827
1534.35107421875 1625213529.210829
1538.2261962890625 1625213529.217783
1539.050537109375 1625213529.224707
1540.5819091796875 1625213529.231805
1542.94482421875 1625213529.238831
1536.697265625 1625213529.2458
1550.7691650390625 1625213529.252766
1550.7691650390625 1625213529.259674
1552.3077392578125 1625213529.266672
1528.9635009765625 1625213529.273578
1536.697265625 1625213529.280623
1531.3935546875 1625213529.287607
1515.9332275390625 1625213529.294606
1506.042236328125 1625213529.301611
1518.9681396484375 1625213529.308667
1514.415771484375 1625213529.315624
1513.6363525390625 1625213529.322695
1515.9332275390625 1625213529.329682
1526.63623046875 1625213529.336687
1528.2442626953125 1625213529.343694
1530.48779296875 1625213529.350753
1531.2977294921875 1625213529.357675
1528.9635009765625 1625213529.364725
1518.9681396484375 1625213529.371728
1525.1141357421875 1625213529.37875
1522.070068359375 1625213529.385908
1522.79638671875 1625213529.392956
1531.2977294921875 1625213529.399945
1522.070068359375 1625213529.407005
1522.070068359375 1625213529.41394
1514.415771484375 1625213529.420809
1513.6363525390625 1625213529.427856
1517.45068359375 1625213529.434744
1511.346435546875 1625213529.441703
1515.9332275390625 1625213529.448919
1525.1141357421875 1625213529.455724
1517.45068359375 1625213529.462778
1523.5921630859375 1625213529.469651
1521.276611328125 1625213529.476663
1520.5479736328125 1625213529.483633
1527.43896484375 1625213529.490772
1525.1141357421875 1625213529.497762
1527.43896484375 1625213529.504699
1530.48779296875 1625213529.511761
1534.35107421875 1625213529.518647
1523.5921630859375 1625213529.525683
1519.7568359375 1625213529.532679
1519.7568359375 1625213529.539677
1528.9635009765625 1625213529.54682
1527.43896484375 1625213529.553733
1529.77099609375 1625213529.560754
1531.2977294921875 1625213529.567707
1535.168212890625 1625213529.574654
1537.51904296875 1625213529.581702
1527.43896484375 1625213529.588707
1532.01220703125 1625213529.59568
1535.168212890625 1625213529.602718
1535.168212890625 1625213529.609743
1534.35107421875 1625213529.61681
1532.110107421875 1625213529.6236
1520.485595703125 1625213529.630598
1527.43896484375 1625213529.637566
1550.7691650390625 1625213529.644613
1550.7691650390625 1625213529.651683
1538.343505859375 1625213529.65857
1532.01220703125 1625213529.665563
1531.2977294921875 1625213529.672692
1535.168212890625 1625213529.679673
1543.6446533203125 1625213529.686637
1545.1761474609375 1625213529.693676
1548.3870849609375 1625213529.70069
1566.5634765625 1625213529.707745
1556.2403564453125 1625213529.714783
1561.7283935546875 1625213529.721673
1562.5965576171875 1625213529.728756
1572.093017578125 1625213529.735664
1568.1114501953125 1625213529.742776
1574.5341796875 1625213529.749778
1574.5341796875 1625213529.756711
1573.6434326171875 1625213529.763664
1572.9813232421875 1625213529.770679
1564.1422119140625 1625213529.777705
1564.1422119140625 1625213529.784678
1568.1114501953125 1625213529.791661
1568.1114501953125 1625213529.798709
1570.542724609375 1625213529.805664
1566.5634765625 1625213529.812707
1565.687744140625 1625213529.819552
1568.1114501953125 1625213529.826552
1565.687744140625 1625213529.83361
1562.5965576171875 1625213529.840583
1568.1114501953125 1625213529.847579
1565.687744140625 1625213529.854563
1572.093017578125 1625213529.861549
1574.5341796875 1625213529.868533
1566.5634765625 1625213529.875656
1562.5965576171875 1625213529.882575
1560.1851806640625 1625213529.889627
1560.1851806640625 1625213529.896545
1562.5965576171875 1625213529.903574
1562.5965576171875 1625213529.910594
1563.467529296875 1625213529.917656
1552.3077392578125 1625213529.924626
1556.2403564453125 1625213529.931692
1561.7283935546875 1625213529.938696
1558.64208984375 1625213529.945681
1548.3870849609375 1625213529.95256
1552.3077392578125 1625213529.959687
1558.64208984375 1625213529.966661
1550.613525390625 1625213529.973801
1554.6995849609375 1625213529.980807
1558.64208984375 1625213529.98782
1562.5965576171875 1625213529.994759
1564.1422119140625 1625213530.00162
1564.1422119140625 1625213530.00858
1568.1114501953125 1625213530.015423
1566.5634765625 1625213530.022438
1568.9923095703125 1625213530.029501
1562.5965576171875 1625213530.036481
1557.0987548828125 1625213530.043519
1540.5819091796875 1625213530.050531
1546.85107421875 1625213530.057555
1544.478515625 1625213530.06448
1536.697265625 1625213530.07141
1532.110107421875 1625213530.078396
1527.43896484375 1625213530.085442
1525.1141357421875 1625213530.092433
1525.1141357421875 1625213530.099395
1542.11328125 1625213530.106452
1544.478515625 1625213530.113421
1548.3870849609375 1625213530.120408
1552.3077392578125 1625213530.127307
1565.015380859375 1625213530.134434
1562.5965576171875 1625213530.141332
1556.2403564453125 1625213530.148333
1556.2403564453125 1625213530.155401
1558.64208984375 1625213530.16241
1557.0987548828125 1625213530.169363
1549.9232177734375 1625213530.176383
1558.64208984375 1625213530.183451
1546.85107421875 1625213530.190434
1556.2403564453125 1625213530.19744
1556.2403564453125 1625213530.204579
1545.31494140625 1625213530.211442
1538.2261962890625 1625213530.218269
1540.5819091796875 1625213530.225202
1536.697265625 1625213530.232264
1536.697265625 1625213530.239233
1539.050537109375 1625213530.24623
1526.63623046875 1625213530.253249
1522.79638671875 1625213530.260233
1525.1141357421875 1625213530.267266
1527.43896484375 1625213530.27431
1527.43896484375 1625213530.281282
1525.1141357421875 1625213530.28829
1520.5479736328125 1625213530.29528
1517.45068359375 1625213530.30229
1527.43896484375 1625213530.309295
1529.77099609375 1625213530.316381
1532.8243408203125 1625213530.323287
1538.2261962890625 1625213530.330305
1539.050537109375 1625213530.337374
1546.0123291015625 1625213530.344338
1544.478515625 1625213530.351411
1542.94482421875 1625213530.358352
1545.1761474609375 1625213530.365299
1552.3077392578125 1625213530.37235
1556.9229736328125 1625213530.379329
1554.6995849609375 1625213530.386323
1557.78125 1625213530.393393
1558.64208984375 1625213530.400395
1572.093017578125 1625213530.407333
1567.2333984375 1625213530.414304
1572.9813232421875 1625213530.421393
1589.70361328125 1625213530.428281
1577.6396484375 1625213530.435172
1581.6484375 1625213530.442209
1592.1875 1625213530.449127
1585.0234375 1625213530.45616
1581.6484375 1625213530.463177
1582.554443359375 1625213530.470233
1581.6484375 1625213530.477194
1586.58349609375 1625213530.484163
1586.58349609375 1625213530.491208
1576.0870361328125 1625213530.498222
1565.687744140625 1625213530.505187
1585.6697998046875 1625213530.512197
1582.2982177734375 1625213530.519168
1580.09326171875 1625213530.526274
1580.09326171875 1625213530.533257
1583.4632568359375 1625213530.540232
1584.1121826171875 1625213530.547231
1584.1121826171875 1625213530.554223
1585.0234375 1625213530.561239
1581.6484375 1625213530.568292
1588.1434326171875 1625213530.575259
1585.6697998046875 1625213530.582263
1596.244140625 1625213530.589253
1587.2274169921875 1625213530.596263
1590.625 1625213530.603273
1581.6484375 1625213530.610282
1589.0625 1625213530.617335
1590.625 1625213530.624224
1592.1875 1625213530.631303
1589.0625 1625213530.638254
1588.1434326171875 1625213530.645181
1589.70361328125 1625213530.652265
1592.1875 1625213530.659276
1590.625 1625213530.666264
1608.4906005859375 1625213530.673097
1605.9654541015625 1625213530.680077
1594.67919921875 1625213530.6871
1601.255859375 1625213530.694064
1597.1787109375 1625213530.701102
1592.1875 1625213530.708109
1591.54931640625 1625213530.715101
1591.263671875 1625213530.722088
1589.70361328125 1625213530.729079
1597.1787109375 1625213530.736177
1596.244140625 1625213530.743073
1598.74609375 1625213530.750176
1597.80908203125 1625213530.757133
1597.80908203125 1625213530.764194
1598.74609375 1625213530.771144
1595.3125 1625213530.778164
1597.1787109375 1625213530.785167
1591.54931640625 1625213530.792185
1588.1434326171875 1625213530.799207
1588.1434326171875 1625213530.806213
1584.1121826171875 1625213530.813152
1584.1121826171875 1625213530.820153
1592.1875 1625213530.827176
1588.1434326171875 1625213530.834292
1578.5380859375 1625213530.841135
1576.0870361328125 1625213530.848161
1568.1114501953125 1625213530.855013
1570.542724609375 1625213530.862027
1568.9923095703125 1625213530.869055
1564.1422119140625 1625213530.876087
1563.467529296875 1625213530.883141
1574.5341796875 1625213530.890042
1568.9923095703125 1625213530.897081
1568.9923095703125 1625213530.904392
1568.779052734375 1625213530.911382
1565.687744140625 1625213530.918395
1565.015380859375 1625213530.92523
1568.1114501953125 1625213530.932151
1566.5634765625 1625213530.93918
1560.1851806640625 1625213530.946187
1556.2403564453125 1625213530.953207
1556.2403564453125 1625213530.960225
1562.5965576171875 1625213530.96721
1566.5634765625 1625213530.974203
1562.5965576171875 1625213530.981121
1564.1422119140625 1625213530.988119
1562.5965576171875 1625213530.995071
1561.051025390625 1625213531.002113
1557.0987548828125 1625213531.009133
1546.0123291015625 1625213531.016117
1541.4110107421875 1625213531.023143
1538.2261962890625 1625213531.030146
1542.11328125 1625213531.037177
1554.531494140625 1625213531.044128
1553.8460693359375 1625213531.051491
1539.8773193359375 1625213531.058426
1542.11328125 1625213531.065295
1554.6995849609375 1625213531.072279
1550.7691650390625 1625213531.079372
1564.1422119140625 1625213531.0861
1547.5460205078125 1625213531.093073
1551.617919921875 1625213531.100125
1562.5965576171875 1625213531.107026
1552.3077392578125 1625213531.114028
1553.8460693359375 1625213531.121033
1562.5965576171875 1625213531.128018
1537.404541015625 1625213531.135043
1542.94482421875 1625213531.141988
1541.984619140625 1625213531.14904
1549.3826904296875 1625213531.156046
1546.0123291015625 1625213531.16303
1551.4593505859375 1625213531.170059
1549.2308349609375 1625213531.177076
1552.3077392578125 1625213531.184143
1546.1539306640625 1625213531.191075
1549.9232177734375 1625213531.198031
1554.6995849609375 1625213531.205132
1558.64208984375 1625213531.212076
1555.3846435546875 1625213531.219053
1561.051025390625 1625213531.226081
1553.1588134765625 1625213531.233038
1556.2403564453125 1625213531.240052
1558.64208984375 1625213531.247126
1568.9923095703125 1625213531.254167
1569.659423828125 1625213531.261117
1561.2403564453125 1625213531.267938
1551.4593505859375 1625213531.274935
1553.8460693359375 1625213531.281987
1557.78125 1625213531.288918
1557.78125 1625213531.295916
1570.542724609375 1625213531.302922
1571.4285888671875 1625213531.309943
1560.1851806640625 1625213531.317022
1570.542724609375 1625213531.323929
1572.093017578125 1625213531.330947
1570.542724609375 1625213531.337941
1569.659423828125 1625213531.344925
1571.2073974609375 1625213531.352359
1576.98291015625 1625213531.359321
1565.015380859375 1625213531.366148
1560.1851806640625 1625213531.373044
1558.64208984375 1625213531.380009
1570.542724609375 1625213531.387014
1572.9813232421875 1625213531.394041
1573.6434326171875 1625213531.401104
1560.1851806640625 1625213531.408029
1561.7283935546875 1625213531.414985
1604.3956298828125 1625213531.421981
1591.263671875 1625213531.428966
1596.244140625 1625213531.436019
1602.8258056640625 1625213531.442938
1614.1732177734375 1625213531.450066
1619.2733154296875 1625213531.457054
1615.1419677734375 1625213531.464001
1616.71923828125 1625213531.471028
1619.873779296875 1625213531.478026
1616.71923828125 1625213531.485026
1606.918212890625 1625213531.492025
1601.255859375 1625213531.498929
1617.0885009765625 1625213531.505886
1626.582275390625 1625213531.512883
1644.338134765625 1625213531.519824
1629.1600341796875 1625213531.526806
1629.1600341796875 1625213531.53391
1623.417724609375 1625213531.540883
1611.9873046875 1625213531.547931
1611.023681640625 1625213531.554937
1600.3134765625 1625213531.56189
1597.80908203125 1625213531.568846
1600.3134765625 1625213531.57588
1602.50390625 1625213531.582919
1628.16455078125 1625213531.589914
1610.0628662109375 1625213531.59679
1616.71923828125 1625213531.603851
1611.023681640625 1625213531.61089
1612.598388671875 1625213531.617919
1611.023681640625 1625213531.624931
1605.9654541015625 1625213531.631901
1603.7735595703125 1625213531.638947
1605.9654541015625 1625213531.645888
1615.1419677734375 1625213531.652969
1604.3956298828125 1625213531.659928
1600.3134765625 1625213531.666999
1608.4906005859375 1625213531.673932
1615.1419677734375 1625213531.680968
1616.71923828125 1625213531.687941
1604.3956298828125 1625213531.694935
1600.3134765625 1625213531.702345
1600.3134765625 1625213531.709652
1615.1419677734375 1625213531.716123
1604.3956298828125 1625213531.722891
1599.68603515625 1625213531.729872
1598.74609375 1625213531.736865
1592.1875 1625213531.743854
1590.625 1625213531.750794
1592.1875 1625213531.757795
1589.70361328125 1625213531.764785
1592.1875 1625213531.771803
1579.1925048828125 1625213531.778798
1593.1142578125 1625213531.785804
1583.20361328125 1625213531.79278
1599.68603515625 1625213531.799801
1585.6697998046875 1625213531.806928
1594.67919921875 1625213531.813951
1589.70361328125 1625213531.821056
1593.1142578125 1625213531.828258
1589.70361328125 1625213531.835216
1579.4393310546875 1625213531.842258
1581.6484375 1625213531.849155
1586.58349609375 1625213531.856137
1578.5380859375 1625213531.863239
1577.6396484375 1625213531.870195
1580.09326171875 1625213531.876955
1580.996826171875 1625213531.883962
1576.0870361328125 1625213531.890878
1581.6484375 1625213531.897893
1591.263671875 1625213531.904967
1596.244140625 1625213531.912006
1596.244140625 1625213531.918949
1600.3134765625 1625213531.926212
1615.1419677734375 1625213531.934144
1616.71923828125 1625213531.941059
1585.0234375 1625213531.948076
1580.09326171875 1625213531.955137
1580.09326171875 1625213531.96212
1576.98291015625 1625213531.969129
1580.09326171875 1625213531.976079
1578.5380859375 1625213531.983122
1581.6484375 1625213531.990257
1588.1434326171875 1625213531.997985
1593.75 1625213532.004928
1593.1142578125 1625213532.01197
1578.5380859375 1625213532.018924
1584.1121826171875 1625213532.026001
1584.1121826171875 1625213532.033017
1584.1121826171875 1625213532.03996
1586.58349609375 1625213532.04707
1572.9813232421875 1625213532.053922
1572.093017578125 1625213532.061031
1566.5634765625 1625213532.067806
1565.687744140625 1625213532.074761
1573.6434326171875 1625213532.081882
1577.6396484375 1625213532.08884
1582.554443359375 1625213532.095811
1569.659423828125 1625213532.102827
1569.659423828125 1625213532.109857
1582.554443359375 1625213532.116813
1583.4632568359375 1625213532.123777
1555.5555419921875 1625213532.130857
1551.617919921875 1625213532.137836
1548.3870849609375 1625213532.144885
1556.2403564453125 1625213532.151871
1555.3846435546875 1625213532.158933
1566.5634765625 1625213532.165851
1572.093017578125 1625213532.172915
1572.9813232421875 1625213532.179811
1574.5341796875 1625213532.186919
1570.542724609375 1625213532.193869
1568.1114501953125 1625213532.200862
1569.659423828125 1625213532.207822
1571.4285888671875 1625213532.214885
1575.1937255859375 1625213532.221812
1573.6434326171875 1625213532.228752
1586.58349609375 1625213532.235713
1568.1114501953125 1625213532.24301
1568.779052734375 1625213532.250018
1572.093017578125 1625213532.257062
1572.093017578125 1625213532.264279
1574.5341796875 1625213532.270993
1561.7283935546875 1625213532.277832
1568.1114501953125 1625213532.284806
1562.790771484375 1625213532.291757
1542.8134765625 1625213532.298836
1568.9923095703125 1625213532.305686
1572.093017578125 1625213532.312834
1566.5634765625 1625213532.31975
1568.1114501953125 1625213532.326794
1571.2073974609375 1625213532.333763
1582.554443359375 1625213532.340705
1565.015380859375 1625213532.348059
1558.64208984375 1625213532.355045
1569.875732421875 1625213532.362116
1538.343505859375 1625213532.3693
1527.43896484375 1625213532.377076
1522.79638671875 1625213532.3839
1519.7568359375 1625213532.390897
1518.237060546875 1625213532.397724
1521.276611328125 1625213532.404719
1534.24658203125 1625213532.411798
1535.2760009765625 1625213532.418929
1545.1761474609375 1625213532.425977
1557.78125 1625213532.432952
1563.944580078125 1625213532.439939
1568.9923095703125 1625213532.446942
1565.687744140625 1625213532.453731
1560.1851806640625 1625213532.460664
1549.9232177734375 1625213532.467692
1553.1588134765625 1625213532.474757
1549.9232177734375 1625213532.481741
1558.64208984375 1625213532.488686
1561.051025390625 1625213532.495753
1565.687744140625 1625213532.502692
1563.2716064453125 1625213532.509725
1565.687744140625 1625213532.516792
1558.64208984375 1625213532.523738
1551.4593505859375 1625213532.530763
1536.923095703125 1625213532.537705
1515.1514892578125 1625213532.544788
1517.45068359375 1625213532.551739
1517.45068359375 1625213532.558506
1512.1212158203125 1625213532.565586
1550.7691650390625 1625213532.572675
1555.5555419921875 1625213532.579649
1544.478515625 1625213532.58668
1544.478515625 1625213532.593639
1552.3077392578125 1625213532.600638
1553.8460693359375 1625213532.60762
1558.64208984375 1625213532.614693
1558.64208984375 1625213532.621666
1561.051025390625 1625213532.628715
1552.3077392578125 1625213532.635709
1566.5634765625 1625213532.642699
1556.2403564453125 1625213532.649664
1556.2403564453125 1625213532.656734
1554.6995849609375 1625213532.663744
1548.3870849609375 1625213532.670687
1552.3077392578125 1625213532.677783
1558.64208984375 1625213532.684716
1561.7283935546875 1625213532.691811
1564.1422119140625 1625213532.698799
1562.5965576171875 1625213532.705761
1564.1422119140625 1625213532.71277
1565.015380859375 1625213532.719573
1566.5634765625 1625213532.726537
1562.5965576171875 1625213532.733632
1557.0987548828125 1625213532.740552
1555.3846435546875 1625213532.747607
1554.6995849609375 1625213532.754645
1544.478515625 1625213532.7616
1550.7691650390625 1625213532.768614
1550.7691650390625 1625213532.775682
1552.3077392578125 1625213532.782626
1552.3077392578125 1625213532.789584
1552.3077392578125 1625213532.796624
1558.64208984375 1625213532.80363
1556.2403564453125 1625213532.810626
1553.1588134765625 1625213532.817619
1552.3077392578125 1625213532.824662
1557.0987548828125 1625213532.831724
1554.6995849609375 1625213532.838652
1556.2403564453125 1625213532.845649
1554.6995849609375 1625213532.85266
1555.5555419921875 1625213532.859723
1550.7691650390625 1625213532.866583
1550.7691650390625 1625213532.873656
1548.3870849609375 1625213532.880758
1548.3870849609375 1625213532.887717
1546.85107421875 1625213532.894756
1543.77880859375 1625213532.901602
1542.11328125 1625213532.90868
1546.85107421875 1625213532.915646
1542.94482421875 1625213532.922598
1548.3870849609375 1625213532.929639
1550.7691650390625 1625213532.936586
1538.343505859375 1625213532.943607
1520.485595703125 1625213532.950564
1525.9146728515625 1625213532.957567
1515.9332275390625 1625213532.964629
1515.9332275390625 1625213532.971551
1517.45068359375 1625213532.978634
1519.7568359375 1625213532.985572
1513.6363525390625 1625213532.992641
1513.6363525390625 1625213532.999546
1510.6060791015625 1625213533.006548
1503.770751953125 1625213533.013533
1498.4940185546875 1625213533.020559
1496.9879150390625 1625213533.027655
1500.754150390625 1625213533.034579
1502.262451171875 1625213533.041542
1498.4940185546875 1625213533.048548
1496.9879150390625 1625213533.055523
1500.754150390625 1625213533.062535
1504.53173828125 1625213533.069801
1493.2330322265625 1625213533.076915
1492.492431640625 1625213533.08395
1494.73681640625 1625213533.091907
1492.492431640625 1625213533.099801
1493.9940185546875 1625213533.106763
1490.990966796875 1625213533.113975
1493.2330322265625 1625213533.121849
1496.9879150390625 1625213533.128877
1496.9879150390625 1625213533.135843
1500.0 1625213533.142872
1504.53173828125 1625213533.149757
1503.770751953125 1625213533.156696
1508.3206787109375 1625213533.163741
1509.0634765625 1625213533.170702
1511.346435546875 1625213533.177731
1512.1212158203125 1625213533.184693
1519.7568359375 1625213533.19163
1501.5106201171875 1625213533.19874
1502.262451171875 1625213533.205651
1503.770751953125 1625213533.212733
1500.0 1625213533.219646
1503.770751953125 1625213533.226756
1504.53173828125 1625213533.233655
1502.262451171875 1625213533.240669
1498.4940185546875 1625213533.247658
1493.2330322265625 1625213533.25447
1496.2406005859375 1625213533.261491
1496.9879150390625 1625213533.268517
1486.4864501953125 1625213533.275492
1488.755615234375 1625213533.282579
1494.73681640625 1625213533.289461
1494.73681640625 1625213533.296543
1494.73681640625 1625213533.303568
1493.9940185546875 1625213533.310588
1493.975830078125 1625213533.317536
1490.2548828125 1625213533.324551
1487.25634765625 1625213533.331527
1483.532958984375 1625213533.338654
1493.2330322265625 1625213533.345674
1489.4893798828125 1625213533.352578
1487.988037109375 1625213533.359753
1485.0299072265625 1625213533.366613
1495.48193359375 1625213533.373672
1481.3154296875 1625213533.380709
1479.1044921875 1625213533.387662
1490.990966796875 1625213533.394779
1493.2330322265625 1625213533.401664
1496.9879150390625 1625213533.408686
1500.754150390625 1625213533.415716
1494.73681640625 1625213533.422474
1483.532958984375 1625213533.429628
1478.3258056640625 1625213533.43645
1479.1044921875 1625213533.443564
1495.48193359375 1625213533.450509
1494.73681640625 1625213533.457507
1490.990966796875 1625213533.464571
1487.25634765625 1625213533.471501
1484.2578125 1625213533.478567
1487.25634765625 1625213533.485561
1482.035888671875 1625213533.492616
1478.3258056640625 1625213533.499485
1483.532958984375 1625213533.506492
1485.757080078125 1625213533.513695
1487.25634765625 1625213533.52055
1489.4893798828125 1625213533.527599
1486.4864501953125 1625213533.534576
1481.3154296875 1625213533.541585
1488.755615234375 1625213533.548567
1492.492431640625 1625213533.555563
1490.990966796875 1625213533.562607
1489.4893798828125 1625213533.569578
1489.4893798828125 1625213533.576476
1483.532958984375 1625213533.583581
1486.4864501953125 1625213533.590534
1494.73681640625 1625213533.597423
1494.73681640625 1625213533.604455
1489.4893798828125 1625213533.611362
1487.25634765625 1625213533.618422
1490.990966796875 1625213533.625334
1488.755615234375 1625213533.632487
1490.990966796875 1625213533.639438
1498.4940185546875 1625213533.646409
1490.990966796875 1625213533.653483
1485.757080078125 1625213533.660415
1485.0299072265625 1625213533.667456
1487.25634765625 1625213533.674493
1487.25634765625 1625213533.681523
1483.532958984375 1625213533.68849
1477.6119384765625 1625213533.695554
1483.532958984375 1625213533.702483
1487.25634765625 1625213533.709511
1483.532958984375 1625213533.716477
1479.820556640625 1625213533.723449
1485.0299072265625 1625213533.730563
1487.25634765625 1625213533.737496
1487.25634765625 1625213533.744506
1490.990966796875 1625213533.751466
1485.757080078125 1625213533.758528
1487.988037109375 1625213533.765523
1485.757080078125 1625213533.772395
1485.0299072265625 1625213533.779449
1472.42919921875 1625213533.786464
1470.93896484375 1625213533.793405
1470.93896484375 1625213533.800333
1476.8310546875 1625213533.807365
1469.4486083984375 1625213533.814267
1463.5958251953125 1625213533.821284
1461.42431640625 1625213533.828369
1459.940673828125 1625213533.835351
1454.1419677734375 1625213533.84238
1458.45703125 1625213533.849292
1448.3775634765625 1625213533.856378
1443.9527587890625 1625213533.863386
1446.902587890625 1625213533.870295
1446.902587890625 1625213533.877405
1439.705810546875 1625213533.884309
1439.705810546875 1625213533.891399
1455.6212158203125 1625213533.898397
1454.1419677734375 1625213533.905379
1448.3775634765625 1625213533.912462
1447.5628662109375 1625213533.9194
1449.0399169921875 1625213533.926371
1446.902587890625 1625213533.933372
1450.5169677734375 1625213533.940394
1445.427734375 1625213533.947402
1431.0849609375 1625213533.954458
1434.017578125 1625213533.96138
1434.6549072265625 1625213533.968188
1445.427734375 1625213533.975285
1428.98974609375 1625213533.98237
1433.1865234375 1625213533.989212
1431.7181396484375 1625213533.996322
1436.1234130859375 1625213534.003312
1434.017578125 1625213534.010287
1436.1234130859375 1625213534.017264
1436.1234130859375 1625213534.024308
1432.55126953125 1625213534.031331
1428.98974609375 1625213534.038269
1423.9766845703125 1625213534.045335
1431.0849609375 1625213534.052279
1425.4385986328125 1625213534.059309
1432.55126953125 1625213534.066278
1433.1865234375 1625213534.073397
1434.6549072265625 1625213534.080322
1431.0849609375 1625213534.087235
1427.525634765625 1625213534.094237
1427.525634765625 1625213534.101202
1407.246337890625 1625213534.108307
1415.451904296875 1625213534.115285
1411.9359130859375 1625213534.122249
1418.367431640625 1625213534.129589
1430.453857421875 1625213534.136615
1457.7777099609375 1625213534.14364
1457.7777099609375 1625213534.151456
1459.940673828125 1625213534.158482
1454.8148193359375 1625213534.165253
1461.42431640625 1625213534.172164
1457.7777099609375 1625213534.1793
1457.7777099609375 1625213534.186254
1454.8148193359375 1625213534.19331
1455.6212158203125 1625213534.200264
1452.6627197265625 1625213534.207232
1450.5169677734375 1625213534.214242
1449.0399169921875 1625213534.221248
1439.705810546875 1625213534.228199
1437.591796875 1625213534.235229
1436.1234130859375 1625213534.24218
1439.705810546875 1625213534.249182
1430.453857421875 1625213534.256227
1424.8175048828125 1625213534.263233
1431.0849609375 1625213534.270229
1439.0601806640625 1625213534.277333
1440.353515625 1625213534.284292
1438.2352294921875 1625213534.291364
1434.6549072265625 1625213534.298329
1436.1234130859375 1625213534.305247
1436.1234130859375 1625213534.31217
1428.362548828125 1625213534.319153
1429.6187744140625 1625213534.3264
1418.367431640625 1625213534.333407
1431.0849609375 1625213534.340434
1440.353515625 1625213534.34739
1429.6187744140625 1625213534.35442
1420.43798828125 1625213534.361378
1418.367431640625 1625213534.368507
1418.9781494140625 1625213534.375244
1421.8978271484375 1625213534.382242
1422.5146484375 1625213534.389212
1416.3028564453125 1625213534.39614
1419.8250732421875 1625213534.40314
1406.385986328125 1625213534.410207
1414.84716796875 1625213534.417206
1423.357666015625 1625213534.424254
1420.43798828125 1625213534.431238
1423.9766845703125 1625213534.438289
1421.8978271484375 1625213534.445325
1416.9095458984375 1625213534.45224
1416.3028564453125 1625213534.459216
1421.8978271484375 1625213534.466469
1417.75830078125 1625213534.473459
1431.0849609375 1625213534.480485
1431.0849609375 1625213534.48736
1431.0849609375 1625213534.494375
1430.453857421875 1625213534.501357
1428.362548828125 1625213534.508329
1427.525634765625 1625213534.5152
1423.9766845703125 1625213534.52223
1418.367431640625 1625213534.529264
1428.98974609375 1625213534.536219
1429.6187744140625 1625213534.543292
