1610.68701171875 1637771192.165511
1610.68701171875 1637771192.32754
1610.68701171875 1637771192.489391
1610.68701171875 1637771192.651218
1610.68701171875 1637771192.813339
1610.68701171875 1637771192.975182
1610.68701171875 1637771193.137112
1610.68701171875 1637771193.299159
1610.68701171875 1637771193.461127
1610.68701171875 1637771193.623062
1610.68701171875 1637771193.785098
1610.68701171875 1637771193.946987
1610.68701171875 1637771194.108939
1610.68701171875 1637771194.2708
1610.68701171875 1637771194.432885
1610.68701171875 1637771194.594752
1610.68701171875 1637771194.756694
1610.68701171875 1637771194.918683
1610.68701171875 1637771195.080584
1610.68701171875 1637771195.242624
1610.68701171875 1637771195.404567
1610.68701171875 1637771195.56657
1610.68701171875 1637771195.728449
1610.68701171875 1637771195.890359
1610.68701171875 1637771196.052427
1610.68701171875 1637771196.214319
1610.68701171875 1637771196.376177
1610.68701171875 1637771196.538267
1610.68701171875 1637771196.700159
1610.68701171875 1637771196.862073
1610.68701171875 1637771197.024221
1610.68701171875 1637771197.186068
1610.68701171875 1637771197.347922
1610.68701171875 1637771197.510053
1610.68701171875 1637771197.67188
1610.68701171875 1637771197.83374
1610.68701171875 1637771197.9959
1610.68701171875 1637771198.157716
1610.68701171875 1637771198.319734
1610.68701171875 1637771198.481596
1610.68701171875 1637771198.643564
1610.68701171875 1637771198.805456
1610.68701171875 1637771198.967479
1610.68701171875 1637771199.129583
1610.68701171875 1637771199.291367
1610.68701171875 1637771199.453459
1610.68701171875 1637771199.615341
1610.68701171875 1637771199.777185
1610.68701171875 1637771199.939248
1610.68701171875 1637771200.101106
1610.68701171875 1637771200.263162
1610.68701171875 1637771200.425052
1610.68701171875 1637771200.587069
1610.68701171875 1637771200.749043
1610.68701171875 1637771200.910989
1610.68701171875 1637771201.072798
1610.68701171875 1637771201.23491
1610.68701171875 1637771201.39676
1610.68701171875 1637771201.558815
1610.68701171875 1637771201.72066
1610.68701171875 1637771201.882672
1610.68701171875 1637771202.044578
1610.68701171875 1637771202.206613
1610.68701171875 1637771202.368446
1610.68701171875 1637771202.530564
1610.68701171875 1637771202.692449
1610.68701171875 1637771202.85428
1610.68701171875 1637771203.016296
1610.68701171875 1637771203.178218
1610.68701171875 1637771203.34014
1610.68701171875 1637771203.502214
1610.68701171875 1637771203.66413
1610.68701171875 1637771203.826018
1610.68701171875 1637771203.988056
1610.68701171875 1637771204.149975
1610.68701171875 1637771204.311877
1610.68701171875 1637771204.473902
1610.68701171875 1637771204.635913
1610.68701171875 1637771204.797776
1610.68701171875 1637771204.959794
1610.68701171875 1637771205.121711
1610.68701171875 1637771205.28372
1610.68701171875 1637771205.445604
1610.68701171875 1637771205.607642
1610.68701171875 1637771205.76959
1610.68701171875 1637771205.931607
1610.68701171875 1637771206.093365
1610.68701171875 1637771206.255403
1610.68701171875 1637771206.4174
1610.68701171875 1637771206.579274
1610.68701171875 1637771206.741304
1610.68701171875 1637771206.903155
1610.68701171875 1637771207.065231
1610.68701171875 1637771207.227123
1610.68701171875 1637771207.388976
1610.68701171875 1637771207.551096
1610.68701171875 1637771207.713056
1610.68701171875 1637771207.874893
1610.68701171875 1637771208.036979
1610.68701171875 1637771208.198989
1610.68701171875 1637771208.36071
1610.68701171875 1637771208.522628
1610.68701171875 1637771208.684791
1610.68701171875 1637771208.846615
1610.68701171875 1637771209.008614
1610.68701171875 1637771209.17047
1610.68701171875 1637771209.332615
1610.68701171875 1637771209.494413
1610.68701171875 1637771209.656325
1610.68701171875 1637771209.818359
1610.68701171875 1637771209.980273
1610.68701171875 1637771210.142173
1610.68701171875 1637771210.304227
1610.68701171875 1637771210.466152
1610.68701171875 1637771210.628262
1610.68701171875 1637771210.79009
1610.68701171875 1637771210.952009
1610.68701171875 1637771211.113861
1610.68701171875 1637771211.275904
1610.68701171875 1637771211.43781
1610.68701171875 1637771211.599849
1610.68701171875 1637771211.761727
1610.68701171875 1637771211.923769
1610.68701171875 1637771212.085713
1610.68701171875 1637771212.247628
1610.68701171875 1637771212.409662
1610.68701171875 1637771212.571511
1610.68701171875 1637771212.73339
1610.68701171875 1637771212.895435
1610.68701171875 1637771213.057409
1610.68701171875 1637771213.219271
1610.68701171875 1637771213.381333
1610.68701171875 1637771213.543225
1610.68701171875 1637771213.705127
1610.68701171875 1637771213.867161
1610.68701171875 1637771214.029032
1610.68701171875 1637771214.191129
1610.68701171875 1637771214.352941
1610.68701171875 1637771214.515013
1610.68701171875 1637771214.67687
1610.68701171875 1637771214.838776
1610.68701171875 1637771215.000825
1610.68701171875 1637771215.162775
1610.68701171875 1637771215.324674
1610.68701171875 1637771215.486726
1610.68701171875 1637771215.648641
1610.68701171875 1637771215.810667
1610.68701171875 1637771215.972497
1610.68701171875 1637771216.134531
1610.68701171875 1637771216.29647
1610.68701171875 1637771216.458357
1610.68701171875 1637771216.620403
1610.68701171875 1637771216.782278
1610.68701171875 1637771216.944223
1610.68701171875 1637771217.106156
1610.68701171875 1637771217.26826
1610.68701171875 1637771217.43014
1610.68701171875 1637771217.592014
1610.68701171875 1637771217.754031
1610.68701171875 1637771217.916033
1610.68701171875 1637771218.078023
1610.68701171875 1637771218.239889
1610.68701171875 1637771218.401941
1610.68701171875 1637771218.563825
1610.68701171875 1637771218.725797
1610.68701171875 1637771218.887668
1610.68701171875 1637771219.049687
1610.68701171875 1637771219.21153
1610.68701171875 1637771219.373761
1610.68701171875 1637771219.535454
1610.68701171875 1637771219.697367
1610.68701171875 1637771219.859423
1610.68701171875 1637771220.021268
1610.68701171875 1637771220.183297
1610.68701171875 1637771220.345207
1610.68701171875 1637771220.507279
1610.68701171875 1637771220.669193
1610.68701171875 1637771220.831075
1610.68701171875 1637771220.99313
1610.68701171875 1637771221.155057
1610.68701171875 1637771221.317106
1610.68701171875 1637771221.479012
1610.68701171875 1637771221.640863
1610.68701171875 1637771221.802841
1610.68701171875 1637771221.964707
1610.68701171875 1637771222.126744
1610.68701171875 1637771222.288677
1610.68701171875 1637771222.45069
1610.68701171875 1637771222.612579
1610.68701171875 1637771222.774584
1610.68701171875 1637771222.936558
1610.68701171875 1637771223.098498
1610.68701171875 1637771223.260578
1610.68701171875 1637771223.422355
1610.68701171875 1637771223.584359
1610.68701171875 1637771223.746255
1610.68701171875 1637771223.908163
1610.68701171875 1637771224.070226
1610.68701171875 1637771224.232074
1610.68701171875 1637771224.394147
1610.68701171875 1637771224.555925
1610.68701171875 1637771224.718003
1610.68701171875 1637771224.879917
1610.68701171875 1637771225.041957
1610.68701171875 1637771225.203847
1610.68701171875 1637771225.365844
1610.68701171875 1637771225.527731
1610.68701171875 1637771225.689774
1610.68701171875 1637771225.851761
1610.68701171875 1637771226.013537
1610.68701171875 1637771226.175699
1610.68701171875 1637771226.337547
1610.68701171875 1637771226.499398
1610.68701171875 1637771226.661469
1610.68701171875 1637771226.823294
1610.68701171875 1637771226.985325
1610.68701171875 1637771227.147249
1610.68701171875 1637771227.309158
1610.68701171875 1637771227.471227
1610.68701171875 1637771227.633214
1610.68701171875 1637771227.795062
1610.68701171875 1637771227.957151
1610.68701171875 1637771228.119049
1610.68701171875 1637771228.28097
1610.68701171875 1637771228.443011
1610.68701171875 1637771228.604758
1610.68701171875 1637771228.766898
1610.68701171875 1637771228.928734
1610.68701171875 1637771229.090754
1610.68701171875 1637771229.252805
1610.68701171875 1637771229.414531
1610.68701171875 1637771229.576569
1610.68701171875 1637771229.738431
1610.68701171875 1637771229.900475
1610.68701171875 1637771230.062447
1610.68701171875 1637771230.224333
1610.68701171875 1637771230.386302
1610.68701171875 1637771230.548285
1610.68701171875 1637771230.710329
1610.68701171875 1637771230.872146
1610.68701171875 1637771231.034151
1610.68701171875 1637771231.196027
1610.68701171875 1637771231.358001
1610.68701171875 1637771231.520006
1610.68701171875 1637771231.681872
1610.68701171875 1637771231.843881
1610.68701171875 1637771232.005867
1610.68701171875 1637771232.167884
1610.68701171875 1637771232.329707
1610.68701171875 1637771232.491764
1610.68701171875 1637771232.653712
1610.68701171875 1637771232.815743
1610.68701171875 1637771232.977488
1610.68701171875 1637771233.139632
1610.68701171875 1637771233.30161
1610.68701171875 1637771233.463423
1610.68701171875 1637771233.625411
1610.68701171875 1637771233.787326
1610.68701171875 1637771233.949291
1610.68701171875 1637771234.111163
1610.68701171875 1637771234.273183
1610.68701171875 1637771234.435154
1610.68701171875 1637771234.597211
1610.68701171875 1637771234.758988
1610.68701171875 1637771234.921034
1610.68701171875 1637771235.083059
1610.68701171875 1637771235.244856
1610.68701171875 1637771235.406771
1610.68701171875 1637771235.568788
1610.68701171875 1637771235.730775
1610.68701171875 1637771235.892789
1610.68701171875 1637771236.054715
1610.68701171875 1637771236.21656
1610.68701171875 1637771236.378587
1610.68701171875 1637771236.540666
1610.68701171875 1637771236.702425
1610.68701171875 1637771236.864387
1610.68701171875 1637771237.026397
1610.68701171875 1637771237.188409
1610.68701171875 1637771237.350228
1610.68701171875 1637771237.512223
1610.68701171875 1637771237.674215
1610.68701171875 1637771237.836191
1610.68701171875 1637771237.998137
1610.68701171875 1637771238.161146
1610.68701171875 1637771238.323087
1610.68701171875 1637771238.48506
1610.68701171875 1637771238.64699
1610.68701171875 1637771238.808866
1610.68701171875 1637771238.97088
1610.68701171875 1637771239.132805
1610.68701171875 1637771239.294728
1610.68701171875 1637771239.456706
1610.68701171875 1637771239.618603
1610.68701171875 1637771239.780601
1610.68701171875 1637771239.942467
1610.68701171875 1637771240.104502
1610.68701171875 1637771240.266487
1610.68701171875 1637771240.428375
1610.68701171875 1637771240.590374
1610.68701171875 1637771240.752212
1610.68701171875 1637771240.914244
1610.68701171875 1637771241.076259
1610.68701171875 1637771241.238125
1610.68701171875 1637771241.400098
1610.68701171875 1637771241.5621
1610.68701171875 1637771241.724062
1610.68701171875 1637771241.885939
1610.68701171875 1637771242.047906
1610.68701171875 1637771242.209915
1610.68701171875 1637771242.371953
1610.68701171875 1637771242.53383
1610.68701171875 1637771242.69582
1610.68701171875 1637771242.857613
1610.68701171875 1637771243.019616
1610.68701171875 1637771243.181573
1610.68701171875 1637771243.343563
1610.68701171875 1637771243.505532
1610.68701171875 1637771243.66741
1610.68701171875 1637771243.829365
1610.68701171875 1637771243.991365
1610.68701171875 1637771244.153242
1610.68701171875 1637771244.315232
1610.68701171875 1637771244.477234
1610.68701171875 1637771244.639135
1610.68701171875 1637771244.801132
1610.68701171875 1637771244.963182
1610.68701171875 1637771245.125003
1610.68701171875 1637771245.286997
1610.68701171875 1637771245.448995
1610.68701171875 1637771245.610898
1610.68701171875 1637771245.772724
1610.68701171875 1637771245.934763
1610.68701171875 1637771246.096665
1610.68701171875 1637771246.258684
1610.68701171875 1637771246.420763
1610.68701171875 1637771246.582554
1610.68701171875 1637771246.744563
1610.68701171875 1637771246.906567
1610.68701171875 1637771247.06843
1610.68701171875 1637771247.230458
1610.68701171875 1637771247.392287
1610.68701171875 1637771247.554343
1610.68701171875 1637771247.716197
1610.68701171875 1637771247.878197
1610.68701171875 1637771248.040209
1610.68701171875 1637771248.202218
1610.68701171875 1637771248.364136
1610.68701171875 1637771248.526099
1610.68701171875 1637771248.687903
1610.68701171875 1637771248.849945
1610.68701171875 1637771249.011906
1610.68701171875 1637771249.173784
1610.68701171875 1637771249.335767
1610.68701171875 1637771249.497793
1610.68701171875 1637771249.659628
1610.68701171875 1637771249.821583
1610.68701171875 1637771249.983567
1610.68701171875 1637771250.14549
1610.68701171875 1637771250.30756
1610.68701171875 1637771250.469408
1610.68701171875 1637771250.631406
1610.68701171875 1637771250.793412
1610.68701171875 1637771250.955284
1610.68701171875 1637771251.117376
1610.68701171875 1637771251.279213
1610.68701171875 1637771251.441137
1610.68701171875 1637771251.603179
1610.68701171875 1637771251.765073
1610.68701171875 1637771251.927083
1610.68701171875 1637771252.089099
1610.68701171875 1637771252.250945
1610.68701171875 1637771252.412945
1610.68701171875 1637771252.574808
1610.68701171875 1637771252.736805
1610.68701171875 1637771252.898839
1610.68701171875 1637771253.060687
1610.68701171875 1637771253.222685
1610.68701171875 1637771253.38475
1610.68701171875 1637771253.546596
1610.68701171875 1637771253.708594
1610.68701171875 1637771253.870435
1610.68701171875 1637771254.03241
1610.68701171875 1637771254.194465
1610.68701171875 1637771254.356333
1610.68701171875 1637771254.518374
1610.68701171875 1637771254.680191
1610.68701171875 1637771254.842176
1610.68701171875 1637771255.004037
1610.68701171875 1637771255.166094
1610.68701171875 1637771255.328113
1610.68701171875 1637771255.48997
1610.68701171875 1637771255.652005
1610.68701171875 1637771255.813902
1610.68701171875 1637771255.97592
1610.68701171875 1637771256.137827
1610.68701171875 1637771256.299768
1610.68701171875 1637771256.46169
1610.68701171875 1637771256.623712
1610.68701171875 1637771256.785535
1610.68701171875 1637771256.94759
1610.68701171875 1637771257.109438
1610.68701171875 1637771257.271421
1610.68701171875 1637771257.433464
1610.68701171875 1637771257.595317
1610.68701171875 1637771257.757317
1610.68701171875 1637771257.91933
1610.68701171875 1637771258.0812
1610.68701171875 1637771258.243213
1610.68701171875 1637771258.405227
1610.68701171875 1637771258.56706
1610.68701171875 1637771258.729115
1610.68701171875 1637771258.891007
1610.68701171875 1637771259.052895
1610.68701171875 1637771259.214815
1610.68701171875 1637771259.376868
1610.68701171875 1637771259.538898
1610.68701171875 1637771259.700804
1610.68701171875 1637771259.862645
1610.68701171875 1637771260.024688
1610.68701171875 1637771260.186608
1610.68701171875 1637771260.348624
1610.68701171875 1637771260.510452
1610.68701171875 1637771260.672494
1610.68701171875 1637771260.834336
1610.68701171875 1637771260.996375
1610.68701171875 1637771261.158394
1610.68701171875 1637771261.320207
1610.68701171875 1637771261.482236
1610.68701171875 1637771261.644243
1610.68701171875 1637771261.80609
1610.68701171875 1637771261.968126
1610.68701171875 1637771262.130149
1610.68701171875 1637771262.292004
1610.68701171875 1637771262.454005
1610.68701171875 1637771262.615864
1610.68701171875 1637771262.777837
1610.68701171875 1637771262.939851
1610.68701171875 1637771263.101847
1610.68701171875 1637771263.263741
1610.68701171875 1637771263.425705
1610.68701171875 1637771263.587558
1610.68701171875 1637771263.749556
1610.68701171875 1637771263.911558
1610.68701171875 1637771264.073456
1610.68701171875 1637771264.235479
1610.68701171875 1637771264.397431
1610.68701171875 1637771264.559391
1610.68701171875 1637771264.721279
1610.68701171875 1637771264.883272
1610.68701171875 1637771265.045163
1610.68701171875 1637771265.20708
1610.68701171875 1637771265.369135
1610.68701171875 1637771265.530992
1610.68701171875 1637771265.693037
1610.68701171875 1637771265.854976
1610.68701171875 1637771266.017013
1610.68701171875 1637771266.178931
1610.68701171875 1637771266.34091
1610.68701171875 1637771266.502873
1610.68701171875 1637771266.664672
1610.68701171875 1637771266.826785
1610.68701171875 1637771266.988592
1610.68701171875 1637771267.150667
1610.68701171875 1637771267.312477
1610.68701171875 1637771267.474533
1610.68701171875 1637771267.63638
1610.68701171875 1637771267.798442
