-1.94 1624946909.289979 start_exp
-1.94 1624946909.594095 start_0_iteration
-1.94 1624946910.386884
-1.94 1624946910.390527
-1.94 1624946910.394267
-1.94 1624946910.397852
-1.94 1624946910.40148
-1.94 1624946910.405
-1.94 1624946910.408552
-1.94 1624946910.412282
-1.94 1624946910.415821
-1.94 1624946910.419334
-1.94 1624946910.422987
-1.94 1624946910.426615
-1.94 1624946910.430281
-1.94 1624946910.433838
-1.94 1624946910.437396
-1.94 1624946910.441045
-1.94 1624946910.444635
-1.94 1624946910.448281
-1.94 1624946910.451999
-1.94 1624946910.455684
-1.94 1624946910.459246
-1.94 1624946910.462875
-1.94 1624946910.466486
-1.94 1624946910.470031
-1.94 1624946910.473611
-1.94 1624946910.477164
-1.94 1624946910.480887
-1.94 1624946910.48447
-1.94 1624946910.491601
-1.94 1624946910.49525
-1.94 1624946910.498854
-1.94 1624946910.502476
-1.94 1624946910.506015
-1.94 1624946910.509577
-1.94 1624946910.513265
-1.94 1624946910.516876
-1.94 1624946910.520484
-1.94 1624946910.524047
-1.94 1624946910.527655
-1.94 1624946910.531317
-1.94 1624946910.535024
-1.94 1624946910.538637
-1.94 1624946910.542212
-1.94 1624946910.545841
-1.94 1624946910.549328
-1.94 1624946910.552929
-1.94 1624946910.5566
-1.94 1624946910.560255
-1.94 1624946910.563849
-1.94 1624946910.567363
-1.94 1624946910.570935
-1.94 1624946910.574528
-1.94 1624946910.578153
-1.94 1624946910.581714
-1.94 1624946910.585314
-1.94 1624946910.588867
-1.94 1624946910.592435
-1.94 1624946910.596013
-1.94 1624946910.599587
-1.94 1624946910.60327
-1.94 1624946910.606912
-1.94 1624946910.61045
-1.94 1624946910.614041
-1.94 1624946910.617561
-1.94 1624946910.621169
-1.94 1624946910.624853
-1.94 1624946910.628392
-1.94 1624946910.631966
-1.94 1624946910.635598
-1.94 1624946910.639319
-1.94 1624946910.642869
-1.94 1624946910.646458
-1.94 1624946910.650062
-1.94 1624946910.653686
-1.94 1624946910.657297
-1.94 1624946910.66089
-1.94 1624946910.664471
-1.94 1624946910.66806
-1.94 1624946910.671556
-1.94 1624946910.675145
-1.94 1624946910.678748
-1.94 1624946910.683264
-1.94 1624946910.686849
-1.94 1624946910.690398
-1.94 1624946910.694001
-1.94 1624946910.69767
-1.94 1624946910.701184
-1.94 1624946910.704702
-1.94 1624946910.708245
-1.94 1624946910.711862
-1.94 1624946910.715415
-1.94 1624946910.719063
-1.94 1624946910.722637
-1.94 1624946910.726156
-1.94 1624946910.729834
-1.94 1624946910.733411
-1.94 1624946910.736968
-1.94 1624946910.740568
-1.94 1624946910.744139
-1.94 1624946910.747626
-1.94 1624946910.751242
-1.94 1624946910.754866
-1.94 1624946910.758442
-1.94 1624946910.762029
-1.94 1624946910.765573
-1.94 1624946910.769182
-1.94 1624946910.77273
-1.94 1624946910.77625
-1.94 1624946910.779813
-1.94 1624946910.783393
-1.94 1624946910.78696
-1.94 1624946910.790531
-1.94 1624946910.794053
-1.94 1624946910.797642
-1.94 1624946910.801185
-1.94 1624946910.804827
-1.94 1624946910.808459
-1.94 1624946910.812121
-1.94 1624946910.815648
-1.94 1624946910.819193
-1.94 1624946910.822683
-1.94 1624946910.826261
-1.94 1624946910.829818
-1.94 1624946910.833414
-1.94 1624946910.836958
-1.94 1624946910.840554
-1.94 1624946910.844239
-1.94 1624946910.847861
-1.94 1624946910.851452
-1.94 1624946910.855044
-1.94 1624946910.858519
-1.94 1624946910.862226
-1.94 1624946910.86583
-1.94 1624946910.869498
-1.94 1624946910.873028
-1.94 1624946910.876587
-1.94 1624946910.880182
-1.94 1624946910.883703
-1.94 1624946910.887255
-1.94 1624946910.890862
-1.94 1624946910.894369
-1.94 1624946910.898085
-1.94 1624946910.901649
-1.94 1624946910.905223
-1.94 1624946910.908816
-1.94 1624946910.912325
-1.94 1624946910.915924
-1.94 1624946910.919512
-1.94 1624946910.923263
-1.94 1624946910.926857
-1.94 1624946910.930327
-1.94 1624946910.933912
-1.94 1624946910.937483
-1.94 1624946910.94109
-1.94 1624946910.944734
-1.94 1624946910.948314
-1.94 1624946910.951951
-1.94 1624946910.955537
-1.94 1624946910.959216
-1.94 1624946910.962793
-1.94 1624946910.966498
-1.94 1624946910.970474
-1.94 1624946910.974316
-1.94 1624946910.978101
-1.94 1624946910.98187
-1.94 1624946910.987161
-1.94 1624946910.990985
-1.94 1624946910.99476
-1.94 1624946910.998588
-1.94 1624946911.002308
-1.94 1624946911.006034
-1.94 1624946911.00984
-1.94 1624946911.013614
-1.94 1624946911.017352
-1.94 1624946911.021134
-1.94 1624946911.02481
-1.94 1624946911.028511
-1.94 1624946911.032326
-1.94 1624946911.036136
-1.94 1624946911.039931
-1.94 1624946911.043694
-1.94 1624946911.04745
-1.94 1624946911.051193
-1.94 1624946911.055013
-1.94 1624946911.058825
-1.94 1624946911.06263
-1.94 1624946911.066598
-1.94 1624946911.070514
-1.94 1624946911.074433
-1.94 1624946911.078408
-1.94 1624946911.082405
-1.94 1624946911.087921
-1.94 1624946911.091725
-1.94 1624946911.095488
-1.94 1624946911.099257
-1.94 1624946911.103055
-1.94 1624946911.106978
-1.94 1624946911.110789
-1.94 1624946911.114652
-1.94 1624946911.118501
-1.94 1624946911.122355
-1.94 1624946911.126179
-1.94 1624946911.129916
-1.94 1624946911.133709
-1.94 1624946911.13752
-1.94 1624946911.141379
-1.94 1624946911.145173
-1.63 1624946911.149012
0.23 1624946911.15313
3.45 1624946911.157148
3.2 1624946911.192109 touch_grd
-1.94 1624946914.406499 go_up_roll
-1.94 1624946915.503429 start_1_iteration
-1.94 1624946916.304286
-1.94 1624946916.307893
-1.94 1624946916.31152
-1.94 1624946916.315033
-1.94 1624946916.31858
-1.94 1624946916.322272
-1.94 1624946916.325858
-1.94 1624946916.329446
-1.94 1624946916.33299
-1.94 1624946916.33653
-1.94 1624946916.340165
-1.94 1624946916.343684
-1.94 1624946916.347203
-1.94 1624946916.350828
-1.94 1624946916.354343
-1.94 1624946916.357934
-1.94 1624946916.361489
-1.94 1624946916.365045
-1.94 1624946916.368614
-1.94 1624946916.372254
-1.94 1624946916.375905
-1.94 1624946916.379464
-1.94 1624946916.382974
-1.94 1624946916.386578
-1.94 1624946916.390238
-1.94 1624946916.39378
-1.94 1624946916.397339
-1.94 1624946916.400918
-1.94 1624946916.404447
-1.94 1624946916.408038
-1.94 1624946916.411602
-1.94 1624946916.415198
-1.94 1624946916.418678
-1.94 1624946916.4222
-1.94 1624946916.425799
-1.94 1624946916.429305
-1.94 1624946916.432878
-1.94 1624946916.436466
-1.94 1624946916.440166
-1.94 1624946916.443638
-1.94 1624946916.447231
-1.94 1624946916.450826
-1.94 1624946916.454408
-1.94 1624946916.458015
-1.94 1624946916.461584
-1.94 1624946916.465273
-1.94 1624946916.468821
-1.94 1624946916.472398
-1.94 1624946916.475951
-1.94 1624946916.47951
-1.94 1624946916.483058
-1.94 1624946916.486671
-1.94 1624946916.490258
-1.94 1624946916.49388
-1.94 1624946916.497449
-1.94 1624946916.501088
-1.94 1624946916.504701
-1.94 1624946916.50826
-1.94 1624946916.511775
-1.94 1624946916.515263
-1.94 1624946916.518859
-1.94 1624946916.522418
-1.94 1624946916.525974
-1.94 1624946916.529526
-1.94 1624946916.533242
-1.94 1624946916.536917
-1.94 1624946916.540466
-1.94 1624946916.544156
-1.94 1624946916.547703
-1.94 1624946916.551308
-1.94 1624946916.554931
-1.94 1624946916.558484
-1.94 1624946916.562063
-1.94 1624946916.565613
-1.94 1624946916.569354
-1.94 1624946916.572882
-1.94 1624946916.576392
-1.94 1624946916.579956
-1.94 1624946916.583593
-1.94 1624946916.587251
-1.94 1624946916.590792
-1.94 1624946916.594323
-1.94 1624946916.597929
-1.94 1624946916.601442
-1.94 1624946916.605056
-1.94 1624946916.608631
-1.94 1624946916.612239
-1.94 1624946916.615729
-1.94 1624946916.619301
-1.94 1624946916.622935
-1.94 1624946916.626535
-1.94 1624946916.630057
-1.94 1624946916.633688
-1.94 1624946916.637431
-1.94 1624946916.640996
-1.94 1624946916.644671
-1.94 1624946916.64822
-1.94 1624946916.651817
-1.94 1624946916.655392
-1.94 1624946916.658929
-1.94 1624946916.662571
-1.94 1624946916.666291
-1.94 1624946916.669965
-1.94 1624946916.673532
-1.94 1624946916.677253
-1.94 1624946916.680866
-1.94 1624946916.68444
-1.94 1624946916.688015
-1.94 1624946916.691543
-1.94 1624946916.695105
-1.94 1624946916.698684
-1.94 1624946916.70227
-1.94 1624946916.705819
-1.94 1624946916.709349
-1.94 1624946916.712951
-1.94 1624946916.716538
-1.94 1624946916.720179
-1.94 1624946916.723791
-1.94 1624946916.727444
-1.94 1624946916.731001
-1.94 1624946916.734528
-1.94 1624946916.738228
-1.94 1624946916.741833
-1.94 1624946916.745457
-1.94 1624946916.749122
-1.94 1624946916.752706
-1.94 1624946916.756379
-1.94 1624946916.759945
-1.94 1624946916.763501
-1.94 1624946916.76708
-1.94 1624946916.770816
-1.94 1624946916.774411
-1.94 1624946916.777954
-1.94 1624946916.781547
-1.94 1624946916.785225
-1.94 1624946916.788828
-1.94 1624946916.792331
-1.94 1624946916.795904
-1.94 1624946916.799439
-1.94 1624946916.803059
-1.94 1624946916.806578
-1.94 1624946916.810148
-1.94 1624946916.813678
-1.94 1624946916.817257
-1.94 1624946916.820836
-1.94 1624946916.824491
-1.94 1624946916.828328
-1.94 1624946916.831992
-1.94 1624946916.835595
-1.94 1624946916.839385
-1.94 1624946916.842916
-1.94 1624946916.846569
-1.94 1624946916.85028
-1.94 1624946916.853905
-1.94 1624946916.857503
-1.94 1624946916.861226
-1.94 1624946916.864879
-1.94 1624946916.868513
-1.94 1624946916.872364
-1.94 1624946916.876026
-1.94 1624946916.87958
-1.94 1624946916.883229
-1.94 1624946916.886829
-1.94 1624946916.890351
-1.94 1624946916.89392
-1.94 1624946916.897491
-1.94 1624946916.901068
-1.94 1624946916.904602
-1.94 1624946916.908149
-1.94 1624946916.911821
-1.94 1624946916.915392
-1.94 1624946916.918917
-1.94 1624946916.922591
-1.94 1624946916.926199
-1.94 1624946916.929801
-1.94 1624946916.933365
-1.94 1624946916.936907
-1.94 1624946916.940545
-1.94 1624946916.944277
-1.94 1624946916.947811
-1.94 1624946916.951438
-1.94 1624946916.955112
-1.94 1624946916.958632
-1.94 1624946916.962231
-1.94 1624946916.965829
-1.94 1624946916.969438
-1.94 1624946916.973033
-1.94 1624946916.976551
-1.94 1624946916.980236
-1.94 1624946916.983845
-1.94 1624946916.98736
-1.94 1624946916.990929
-1.94 1624946916.99451
-1.94 1624946916.998069
-1.94 1624946917.002758
-1.94 1624946917.006446
-1.94 1624946917.009942
-1.94 1624946917.013429
-1.94 1624946917.016984
-1.94 1624946917.020555
-1.94 1624946917.024224
-1.94 1624946917.027828
-1.94 1624946917.031372
-1.94 1624946917.034903
-1.94 1624946917.038508
-1.94 1624946917.04224
-1.94 1624946917.045869
-1.94 1624946917.049394
-1.94 1624946917.052962
-1.94 1624946917.056567
-1.94 1624946917.060249
-1.94 1624946917.063836
-1.57 1624946917.067391
2.15 1624946917.07103
3.57 1624946917.106354 touch_grd
-1.94 1624946920.321267 go_up_roll
-1.94 1624946921.423484 start_2_iteration
-1.94 1624946922.222043
-1.94 1624946922.225752
-1.94 1624946922.229224
-1.94 1624946922.232824
-1.94 1624946922.236217
-1.94 1624946922.239774
-1.94 1624946922.243283
-1.94 1624946922.246843
-1.94 1624946922.250425
-1.94 1624946922.253967
-1.94 1624946922.25751
-1.94 1624946922.26108
-1.94 1624946922.264528
-1.94 1624946922.268116
-1.94 1624946922.271681
-1.94 1624946922.275249
-1.94 1624946922.278827
-1.94 1624946922.282388
-1.94 1624946922.285979
-1.94 1624946922.289504
-1.94 1624946922.293044
-1.94 1624946922.296682
-1.94 1624946922.300303
-1.94 1624946922.303844
-1.94 1624946922.307441
-1.94 1624946922.310974
-1.94 1624946922.314479
-1.94 1624946922.318883
-1.94 1624946922.3224
-1.94 1624946922.325973
-1.94 1624946922.329651
-1.94 1624946922.333313
-1.94 1624946922.336851
-1.94 1624946922.340436
-1.94 1624946922.344143
-1.94 1624946922.347892
-1.94 1624946922.351448
-1.94 1624946922.35498
-1.94 1624946922.358576
-1.94 1624946922.362168
-1.94 1624946922.365666
-1.94 1624946922.369238
-1.94 1624946922.372863
-1.94 1624946922.376428
-1.94 1624946922.379964
-1.94 1624946922.38355
-1.94 1624946922.387278
-1.94 1624946922.390866
-1.94 1624946922.394417
-1.94 1624946922.398031
-1.94 1624946922.40166
-1.94 1624946922.405228
-1.94 1624946922.408794
-1.94 1624946922.412362
-1.94 1624946922.415931
-1.94 1624946922.419466
-1.94 1624946922.423044
-1.94 1624946922.426571
-1.94 1624946922.430177
-1.94 1624946922.433746
-1.94 1624946922.437318
-1.94 1624946922.440918
-1.94 1624946922.444534
-1.94 1624946922.448115
-1.94 1624946922.451706
-1.94 1624946922.455211
-1.94 1624946922.458808
-1.94 1624946922.462345
-1.94 1624946922.465912
-1.94 1624946922.469509
-1.94 1624946922.47318
-1.94 1624946922.476662
-1.94 1624946922.480255
-1.94 1624946922.483867
-1.94 1624946922.487368
-1.94 1624946922.49097
-1.94 1624946922.494525
-1.94 1624946922.4981
-1.94 1624946922.501619
-1.94 1624946922.505226
-1.94 1624946922.508773
-1.94 1624946922.512333
-1.94 1624946922.515912
-1.94 1624946922.519464
-1.94 1624946922.523004
-1.94 1624946922.526574
-1.94 1624946922.530173
-1.94 1624946922.533761
-1.94 1624946922.537285
-1.94 1624946922.540839
-1.94 1624946922.544419
-1.94 1624946922.547983
-1.94 1624946922.551543
-1.94 1624946922.55524
-1.94 1624946922.558766
-1.94 1624946922.562322
-1.94 1624946922.565879
-1.94 1624946922.569488
-1.94 1624946922.573208
-1.94 1624946922.576775
-1.94 1624946922.580349
-1.94 1624946922.583981
-1.94 1624946922.587646
-1.94 1624946922.591228
-1.94 1624946922.594778
-1.94 1624946922.598293
-1.94 1624946922.601904
-1.94 1624946922.605438
-1.94 1624946922.608991
-1.94 1624946922.612565
-1.94 1624946922.616247
-1.94 1624946922.619819
-1.94 1624946922.623318
-1.94 1624946922.626759
-1.94 1624946922.630233
-1.94 1624946922.633821
-1.94 1624946922.637371
-1.94 1624946922.640962
-1.94 1624946922.644517
-1.94 1624946922.64819
-1.94 1624946922.651776
-1.94 1624946922.655275
-1.94 1624946922.658778
-1.94 1624946922.662335
-1.94 1624946922.665918
-1.94 1624946922.669593
-1.94 1624946922.673231
-1.94 1624946922.676763
-1.94 1624946922.680279
-1.94 1624946922.683962
-1.94 1624946922.687504
-1.94 1624946922.69116
-1.94 1624946922.694791
-1.94 1624946922.698375
-1.94 1624946922.701956
-1.94 1624946922.705529
-1.94 1624946922.709171
-1.94 1624946922.712597
-1.94 1624946922.716096
-1.94 1624946922.719967
-1.94 1624946922.7236
-1.94 1624946922.727243
-1.94 1624946922.730788
-1.94 1624946922.734345
-1.94 1624946922.737915
-1.94 1624946922.7415
-1.94 1624946922.745167
-1.94 1624946922.748772
-1.94 1624946922.752282
-1.94 1624946922.75589
-1.94 1624946922.759396
-1.94 1624946922.762986
-1.94 1624946922.766546
-1.94 1624946922.770229
-1.94 1624946922.773784
-1.94 1624946922.777323
-1.94 1624946922.780899
-1.94 1624946922.784483
-1.94 1624946922.788057
-1.94 1624946922.791658
-1.94 1624946922.795181
-1.94 1624946922.798792
-1.94 1624946922.80254
-1.94 1624946922.806165
-1.94 1624946922.809764
-1.94 1624946922.813292
-1.94 1624946922.816949
-1.94 1624946922.820505
-1.94 1624946922.824086
-1.94 1624946922.827583
-1.94 1624946922.831286
-1.94 1624946922.834806
-1.94 1624946922.838366
-1.94 1624946922.841931
-1.94 1624946922.845462
-1.94 1624946922.849175
-1.94 1624946922.852773
-1.94 1624946922.856293
-1.94 1624946922.859868
-1.94 1624946922.863425
-1.94 1624946922.866971
-1.94 1624946922.870578
-1.94 1624946922.874194
-1.94 1624946922.877757
-1.94 1624946922.881523
-1.94 1624946922.885312
-1.94 1624946922.889047
-1.94 1624946922.892897
-1.94 1624946922.896707
-1.94 1624946922.900487
-1.94 1624946922.904429
-1.94 1624946922.908204
-1.94 1624946922.912013
-1.94 1624946922.915921
-1.94 1624946922.919755
-1.94 1624946922.923889
-1.94 1624946922.927726
-1.94 1624946922.931553
-1.94 1624946922.935433
-1.94 1624946922.93934
-1.94 1624946922.943217
-1.94 1624946922.947016
-1.94 1624946922.950836
-1.94 1624946922.95489
-1.94 1624946922.958667
-1.94 1624946922.962435
-1.94 1624946922.966198
-1.94 1624946922.970001
-1.94 1624946922.973929
-1.94 1624946922.97773
-1.94 1624946922.981478
-1.94 1624946922.985305
-1.94 1624946922.989049
-1.81 1624946922.992932
-0.7 1624946922.996821
2.52 1624946923.000817
0.6 1624946923.027026 touch_grd
-1.94 1624946926.238995 go_up_roll
-1.94 1624946927.341129 start_3_iteration
-1.94 1624946928.141739
-1.94 1624946928.145332
-1.94 1624946928.148986
-1.94 1624946928.152546
-1.94 1624946928.156159
-1.94 1624946928.159852
-1.94 1624946928.163488
-1.94 1624946928.167172
-1.94 1624946928.170782
-1.94 1624946928.174426
-1.94 1624946928.178059
-1.94 1624946928.181637
-1.94 1624946928.185182
-1.94 1624946928.188787
-1.94 1624946928.192408
-1.94 1624946928.196
-1.94 1624946928.199578
-1.94 1624946928.203144
-1.94 1624946928.206608
-1.94 1624946928.210137
-1.94 1624946928.213789
-1.94 1624946928.217373
-1.94 1624946928.220911
-1.94 1624946928.224487
-1.94 1624946928.228028
-1.94 1624946928.231652
-1.94 1624946928.235153
-1.94 1624946928.23874
-1.94 1624946928.242331
-1.94 1624946928.245851
-1.94 1624946928.249456
-1.94 1624946928.252959
-1.94 1624946928.256421
-1.94 1624946928.260004
-1.94 1624946928.263616
-1.94 1624946928.267261
-1.94 1624946928.270836
-1.94 1624946928.274376
-1.94 1624946928.277967
-1.94 1624946928.281505
-1.94 1624946928.285169
-1.94 1624946928.288783
-1.94 1624946928.292343
-1.94 1624946928.295869
-1.94 1624946928.299428
-1.94 1624946928.30298
-1.94 1624946928.306542
-1.94 1624946928.310163
-1.94 1624946928.313786
-1.94 1624946928.317357
-1.94 1624946928.320991
-1.94 1624946928.3246
-1.94 1624946928.328187
-1.94 1624946928.331766
-1.94 1624946928.335226
-1.94 1624946928.338747
-1.94 1624946928.342272
-1.94 1624946928.345881
-1.94 1624946928.349409
-1.94 1624946928.352923
-1.94 1624946928.35643
-1.94 1624946928.359951
-1.94 1624946928.363442
-1.94 1624946928.367011
-1.94 1624946928.370569
-1.94 1624946928.374163
-1.94 1624946928.377745
-1.94 1624946928.381432
-1.94 1624946928.384967
-1.94 1624946928.388477
-1.94 1624946928.392064
-1.94 1624946928.39565
-1.94 1624946928.399176
-1.94 1624946928.402808
-1.94 1624946928.406482
-1.94 1624946928.410213
-1.94 1624946928.413831
-1.94 1624946928.417326
-1.94 1624946928.420934
-1.94 1624946928.424555
-1.94 1624946928.428137
-1.94 1624946928.431748
-1.94 1624946928.435289
-1.94 1624946928.438829
-1.94 1624946928.442418
-1.94 1624946928.44598
-1.94 1624946928.449502
-1.94 1624946928.45321
-1.94 1624946928.456753
-1.94 1624946928.460322
-1.94 1624946928.463873
-1.94 1624946928.467438
-1.94 1624946928.470984
-1.94 1624946928.474436
-1.94 1624946928.478029
-1.94 1624946928.48162
-1.94 1624946928.485186
-1.94 1624946928.488738
-1.94 1624946928.492256
-1.94 1624946928.49585
-1.94 1624946928.49942
-1.94 1624946928.503005
-1.94 1624946928.506512
-1.94 1624946928.510155
-1.94 1624946928.513659
-1.94 1624946928.517232
-1.94 1624946928.520803
-1.94 1624946928.524368
-1.94 1624946928.527919
-1.94 1624946928.531555
-1.94 1624946928.535245
-1.94 1624946928.538784
-1.94 1624946928.542422
-1.94 1624946928.546063
-1.94 1624946928.54968
-1.94 1624946928.553241
-1.94 1624946928.556778
-1.94 1624946928.560457
-1.94 1624946928.564345
-1.94 1624946928.568115
-1.94 1624946928.571893
-1.94 1624946928.575697
-1.94 1624946928.579566
-1.94 1624946928.583256
-1.94 1624946928.587096
-1.94 1624946928.590853
-1.94 1624946928.594542
-1.94 1624946928.598292
-1.94 1624946928.602135
-1.94 1624946928.605922
-1.94 1624946928.609735
-1.94 1624946928.613562
-1.94 1624946928.617324
-1.94 1624946928.621063
-1.94 1624946928.624939
-1.94 1624946928.628856
-1.94 1624946928.632617
-1.94 1624946928.636362
-1.94 1624946928.642373
-1.94 1624946928.646531
-1.94 1624946928.650548
-1.94 1624946928.654416
-1.94 1624946928.658293
-1.94 1624946928.662092
-1.94 1624946928.665882
-1.94 1624946928.669591
-1.94 1624946928.673331
-1.94 1624946928.677138
-1.94 1624946928.680922
-1.94 1624946928.684686
-1.94 1624946928.688457
-1.94 1624946928.692258
-1.94 1624946928.696091
-1.94 1624946928.700004
-1.94 1624946928.703918
-1.94 1624946928.707648
-1.94 1624946928.711443
-1.94 1624946928.715169
-1.94 1624946928.719042
-1.94 1624946928.72293
-1.94 1624946928.726918
-1.94 1624946928.730739
-1.94 1624946928.734617
-1.94 1624946928.738351
-1.94 1624946928.742706
-1.94 1624946928.746431
-1.94 1624946928.750181
-1.94 1624946928.753976
-1.94 1624946928.757868
-1.94 1624946928.761725
-1.94 1624946928.765514
-1.94 1624946928.769417
-1.94 1624946928.773292
-1.94 1624946928.777191
-1.94 1624946928.781419
-1.94 1624946928.78533
-1.94 1624946928.78921
-1.94 1624946928.79294
-1.94 1624946928.796665
-1.94 1624946928.800336
-1.94 1624946928.804206
-1.94 1624946928.807976
-1.94 1624946928.811698
-1.94 1624946928.815455
-1.94 1624946928.819258
-1.94 1624946928.822944
-1.94 1624946928.826569
-1.94 1624946928.83023
-1.94 1624946928.834013
-1.94 1624946928.837775
-1.94 1624946928.842189
-1.94 1624946928.845906
-1.94 1624946928.849651
-1.94 1624946928.853355
-1.94 1624946928.85705
-1.94 1624946928.860719
-1.94 1624946928.86436
-1.94 1624946928.868119
-1.94 1624946928.871934
-1.94 1624946928.875639
-1.94 1624946928.879344
-1.94 1624946928.882955
-1.94 1624946928.886694
-1.94 1624946928.890483
-1.94 1624946928.894157
-1.94 1624946928.897802
-1.94 1624946928.901455
-1.94 1624946928.905261
-1.81 1624946928.909047
-0.51 1624946928.912834
3.02 1624946928.916663
2.15 1624946928.946415 touch_grd
-1.94 1624946932.1581 go_up_roll
-1.94 1624946933.261806 start_4_iteration
-1.94 1624946934.062717
-1.94 1624946934.066276
-1.94 1624946934.069961
-1.94 1624946934.073564
-1.94 1624946934.077171
-1.94 1624946934.080755
-1.94 1624946934.084366
-1.94 1624946934.088029
-1.94 1624946934.091636
-1.94 1624946934.095185
-1.94 1624946934.098715
-1.94 1624946934.102308
-1.94 1624946934.105851
-1.94 1624946934.109445
-1.94 1624946934.113146
-1.94 1624946934.116732
-1.94 1624946934.120329
-1.94 1624946934.123894
-1.94 1624946934.127461
-1.94 1624946934.131038
-1.94 1624946934.134593
-1.94 1624946934.138142
-1.94 1624946934.141704
-1.94 1624946934.145284
-1.94 1624946934.148853
-1.94 1624946934.152388
-1.94 1624946934.156006
-1.94 1624946934.159754
-1.94 1624946934.163368
-1.94 1624946934.16693
-1.94 1624946934.170485
-1.94 1624946934.174131
-1.94 1624946934.177714
-1.94 1624946934.181283
-1.94 1624946934.184897
-1.94 1624946934.188483
-1.94 1624946934.1921
-1.94 1624946934.195631
-1.94 1624946934.199183
-1.94 1624946934.20281
-1.94 1624946934.206436
-1.94 1624946934.210089
-1.94 1624946934.213519
-1.94 1624946934.217119
-1.94 1624946934.220741
-1.94 1624946934.224276
-1.94 1624946934.227814
-1.94 1624946934.231357
-1.94 1624946934.234943
-1.94 1624946934.238501
-1.94 1624946934.242204
-1.94 1624946934.245847
-1.94 1624946934.249486
-1.94 1624946934.253252
-1.94 1624946934.256822
-1.94 1624946934.260332
-1.94 1624946934.263902
-1.94 1624946934.267533
-1.94 1624946934.271184
-1.94 1624946934.27479
-1.94 1624946934.278386
-1.94 1624946934.282056
-1.94 1624946934.285639
-1.94 1624946934.289189
-1.94 1624946934.292776
-1.94 1624946934.296304
-1.94 1624946934.299842
-1.94 1624946934.303484
-1.94 1624946934.307123
-1.94 1624946934.310746
-1.94 1624946934.314388
-1.94 1624946934.317978
-1.94 1624946934.321567
-1.94 1624946934.32517
-1.94 1624946934.328738
-1.94 1624946934.332216
-1.94 1624946934.335809
-1.94 1624946934.339379
-1.94 1624946934.342967
-1.94 1624946934.346541
-1.94 1624946934.350108
-1.94 1624946934.35371
-1.94 1624946934.357375
-1.94 1624946934.360891
-1.94 1624946934.364427
-1.94 1624946934.36812
-1.94 1624946934.371931
-1.94 1624946934.375682
-1.94 1624946934.379473
-1.94 1624946934.383301
-1.94 1624946934.387098
-1.94 1624946934.390889
-1.94 1624946934.394647
-1.94 1624946934.398479
-1.94 1624946934.402239
-1.94 1624946934.405928
-1.94 1624946934.409779
-1.94 1624946934.413607
-1.94 1624946934.41753
-1.94 1624946934.421251
-1.94 1624946934.425173
-1.94 1624946934.428976
-1.94 1624946934.432977
-1.94 1624946934.436809
-1.94 1624946934.44059
-1.94 1624946934.444426
-1.94 1624946934.44827
-1.94 1624946934.45211
-1.94 1624946934.455902
-1.94 1624946934.462058
-1.94 1624946934.465836
-1.94 1624946934.469702
-1.94 1624946934.473532
-1.94 1624946934.4775
-1.94 1624946934.481352
-1.94 1624946934.485225
-1.94 1624946934.489044
-1.94 1624946934.492912
-1.94 1624946934.496682
-1.94 1624946934.500512
-1.94 1624946934.504246
-1.94 1624946934.507945
-1.94 1624946934.511768
-1.94 1624946934.515665
-1.94 1624946934.519393
-1.94 1624946934.523252
-1.94 1624946934.527053
-1.94 1624946934.531001
-1.94 1624946934.534851
-1.94 1624946934.53861
-1.94 1624946934.542399
-1.94 1624946934.546239
-1.94 1624946934.550088
-1.94 1624946934.553833
-1.94 1624946934.557649
-1.94 1624946934.562887
-1.94 1624946934.566604
-1.94 1624946934.570428
-1.94 1624946934.574167
-1.94 1624946934.577972
-1.94 1624946934.582122
-1.94 1624946934.58597
-1.94 1624946934.589871
-1.94 1624946934.593647
-1.94 1624946934.597425
-1.94 1624946934.601322
-1.94 1624946934.605322
-1.94 1624946934.609236
-1.94 1624946934.612995
-1.94 1624946934.616894
-1.94 1624946934.620494
-1.94 1624946934.624169
-1.94 1624946934.62783
-1.94 1624946934.631392
-1.94 1624946934.635079
-1.94 1624946934.638779
-1.94 1624946934.642416
-1.94 1624946934.646063
-1.94 1624946934.649613
-1.94 1624946934.653186
-1.94 1624946934.656755
-1.94 1624946934.660817
-1.94 1624946934.664367
-1.94 1624946934.668001
-1.94 1624946934.671565
-1.94 1624946934.675175
-1.94 1624946934.678741
-1.94 1624946934.682243
-1.94 1624946934.685851
-1.94 1624946934.689384
-1.94 1624946934.693006
-1.94 1624946934.696716
-1.94 1624946934.700265
-1.94 1624946934.703905
-1.94 1624946934.707554
-1.94 1624946934.711126
-1.94 1624946934.714729
-1.94 1624946934.718291
-1.94 1624946934.72188
-1.94 1624946934.725509
-1.94 1624946934.729152
-1.94 1624946934.732714
-1.94 1624946934.736277
-1.94 1624946934.739787
-1.94 1624946934.743394
-1.94 1624946934.747076
-1.94 1624946934.750655
-1.94 1624946934.754254
-1.94 1624946934.757847
-1.94 1624946934.761398
-1.94 1624946934.764998
-1.94 1624946934.768613
-1.94 1624946934.772228
-1.94 1624946934.775808
-1.94 1624946934.779372
-1.94 1624946934.782898
-1.94 1624946934.78646
-1.94 1624946934.790051
-1.94 1624946934.793625
-1.94 1624946934.797201
-1.94 1624946934.800763
-1.94 1624946934.804303
-1.94 1624946934.807938
-1.94 1624946934.811548
-1.94 1624946934.815152
-1.94 1624946934.818722
-1.94 1624946934.822309
-1.94 1624946934.825901
-1.57 1624946934.829479
1.72 1624946934.833224
2.89 1624946934.864734 touch_grd
-1.94 1624946938.078847 go_up_roll
-1.94 1624946939.185077 start_5_iteration
-1.94 1624946939.980719
-1.94 1624946939.984398
-1.94 1624946939.988048
-1.94 1624946939.991611
-1.94 1624946939.995157
-1.94 1624946939.998736
-1.94 1624946940.002736
-1.94 1624946940.006298
-1.94 1624946940.009915
-1.94 1624946940.013732
-1.94 1624946940.017299
-1.94 1624946940.02087
-1.94 1624946940.024458
-1.94 1624946940.028185
-1.94 1624946940.031732
-1.94 1624946940.035378
-1.94 1624946940.038907
-1.94 1624946940.042453
-1.94 1624946940.046074
-1.94 1624946940.049712
-1.94 1624946940.053307
-1.94 1624946940.056858
-1.94 1624946940.060428
-1.94 1624946940.064101
-1.94 1624946940.067707
-1.94 1624946940.071262
-1.94 1624946940.074908
-1.94 1624946940.078565
-1.94 1624946940.082137
-1.94 1624946940.085711
-1.94 1624946940.08924
-1.94 1624946940.09277
-1.94 1624946940.096217
-1.94 1624946940.099859
-1.94 1624946940.103493
-1.94 1624946940.107216
-1.94 1624946940.110823
-1.94 1624946940.114355
-1.94 1624946940.11782
-1.94 1624946940.121392
-1.94 1624946940.124875
-1.94 1624946940.128454
-1.94 1624946940.13211
-1.94 1624946940.135727
-1.94 1624946940.139235
-1.94 1624946940.142793
-1.94 1624946940.146381
-1.94 1624946940.149902
-1.94 1624946940.153338
-1.94 1624946940.156945
-1.94 1624946940.160507
-1.94 1624946940.164141
-1.94 1624946940.167765
-1.94 1624946940.171292
-1.94 1624946940.174881
-1.94 1624946940.178432
-1.94 1624946940.182023
-1.94 1624946940.18557
-1.94 1624946940.189178
-1.94 1624946940.19283
-1.94 1624946940.196382
-1.94 1624946940.200105
-1.94 1624946940.203682
-1.94 1624946940.207314
-1.94 1624946940.210891
-1.94 1624946940.214381
-1.94 1624946940.217859
-1.94 1624946940.22143
-1.94 1624946940.225027
-1.94 1624946940.228667
-1.94 1624946940.232194
-1.94 1624946940.235767
-1.94 1624946940.239322
-1.94 1624946940.24292
-1.94 1624946940.246482
-1.94 1624946940.250181
-1.94 1624946940.253691
-1.94 1624946940.257293
-1.94 1624946940.260835
-1.94 1624946940.264371
-1.94 1624946940.267996
-1.94 1624946940.271574
-1.94 1624946940.275172
-1.94 1624946940.278774
-1.94 1624946940.282354
-1.94 1624946940.285894
-1.94 1624946940.289437
-1.94 1624946940.293031
-1.94 1624946940.296708
-1.94 1624946940.300257
-1.94 1624946940.303835
-1.94 1624946940.307437
-1.94 1624946940.311232
-1.94 1624946940.314829
-1.94 1624946940.318433
-1.94 1624946940.322088
-1.94 1624946940.325679
-1.94 1624946940.329206
-1.94 1624946940.332768
-1.94 1624946940.336343
-1.94 1624946940.339888
-1.94 1624946940.343543
-1.94 1624946940.347039
-1.94 1624946940.350597
-1.94 1624946940.35417
-1.94 1624946940.357722
-1.94 1624946940.361265
-1.94 1624946940.364868
-1.94 1624946940.368393
-1.94 1624946940.371958
-1.94 1624946940.37556
-1.94 1624946940.37912
-1.94 1624946940.3827
-1.94 1624946940.386249
-1.94 1624946940.389786
-1.94 1624946940.393361
-1.94 1624946940.396897
-1.94 1624946940.400503
-1.94 1624946940.404151
-1.94 1624946940.407771
-1.94 1624946940.411393
-1.94 1624946940.415104
-1.94 1624946940.41865
-1.94 1624946940.42215
-1.94 1624946940.425796
-1.94 1624946940.42933
-1.94 1624946940.432871
-1.94 1624946940.436448
-1.94 1624946940.440016
-1.94 1624946940.443613
-1.94 1624946940.447151
-1.94 1624946940.450845
-1.94 1624946940.454395
-1.94 1624946940.45807
-1.94 1624946940.46173
-1.94 1624946940.465274
-1.94 1624946940.468827
-1.94 1624946940.472276
-1.94 1624946940.475923
-1.94 1624946940.47953
-1.94 1624946940.483053
-1.94 1624946940.486554
-1.94 1624946940.49013
-1.94 1624946940.493685
-1.94 1624946940.497247
-1.94 1624946940.500828
-1.94 1624946940.50432
-1.94 1624946940.507933
-1.94 1624946940.511492
-1.94 1624946940.515125
-1.94 1624946940.518824
-1.94 1624946940.522401
-1.94 1624946940.525963
-1.94 1624946940.529643
-1.94 1624946940.533163
-1.94 1624946940.536758
-1.94 1624946940.540389
-1.94 1624946940.544045
-1.94 1624946940.54769
-1.94 1624946940.551275
-1.94 1624946940.554855
-1.94 1624946940.558474
-1.94 1624946940.562106
-1.94 1624946940.565792
-1.94 1624946940.569402
-1.94 1624946940.573109
-1.94 1624946940.576731
-1.94 1624946940.580287
-1.94 1624946940.583902
-1.94 1624946940.587436
-1.94 1624946940.590981
-1.94 1624946940.594557
-1.94 1624946940.598161
-1.94 1624946940.601697
-1.94 1624946940.605267
-1.94 1624946940.608816
-1.94 1624946940.612388
-1.94 1624946940.616107
-1.94 1624946940.619691
-1.94 1624946940.62319
-1.94 1624946940.626734
-1.94 1624946940.630293
-1.94 1624946940.633883
-1.94 1624946940.637428
-1.94 1624946940.641037
-1.94 1624946940.644583
-1.94 1624946940.648131
-1.94 1624946940.651698
-1.94 1624946940.655216
-1.94 1624946940.658814
-1.94 1624946940.662385
-1.94 1624946940.666056
-1.94 1624946940.669798
-1.94 1624946940.673354
-1.94 1624946940.676951
-1.94 1624946940.680606
-1.94 1624946940.68422
-1.94 1624946940.687876
-1.94 1624946940.691533
-1.94 1624946940.695017
-1.94 1624946940.698579
-1.94 1624946940.702132
-1.94 1624946940.705688
-1.94 1624946940.709344
-1.94 1624946940.71294
-1.94 1624946940.716442
-1.94 1624946940.720105
-1.94 1624946940.723681
-1.94 1624946940.727227
-1.94 1624946940.730745
-1.94 1624946940.734341
-1.94 1624946940.737872
-1.88 1624946940.7415
-0.08 1624946940.745256
2.96 1624946940.748954
2.83 1624946940.783273 touch_grd
-1.94 1624946943.99687 go_up_roll
-1.94 1624946945.107005 start_6_iteration
-1.94 1624946945.899542
-1.94 1624946945.903077
-1.94 1624946945.906663
-1.94 1624946945.910235
-1.94 1624946945.913759
-1.94 1624946945.917319
-1.94 1624946945.920914
-1.94 1624946945.924516
-1.94 1624946945.928125
-1.94 1624946945.931688
-1.94 1624946945.935261
-1.94 1624946945.938892
-1.94 1624946945.942528
-1.94 1624946945.946208
-1.94 1624946945.949727
-1.94 1624946945.953288
-1.94 1624946945.956849
-1.94 1624946945.960474
-1.94 1624946945.964111
-1.94 1624946945.967716
-1.94 1624946945.971207
-1.94 1624946945.974813
-1.94 1624946945.978446
-1.94 1624946945.981977
-1.94 1624946945.985502
-1.94 1624946945.98915
-1.94 1624946945.99274
-1.94 1624946945.996401
-1.94 1624946946.000099
-1.94 1624946946.00367
-1.94 1624946946.007332
-1.94 1624946946.010852
-1.94 1624946946.014399
-1.94 1624946946.017901
-1.94 1624946946.021458
-1.94 1624946946.02499
-1.94 1624946946.028559
-1.94 1624946946.032121
-1.94 1624946946.035727
-1.94 1624946946.039284
-1.94 1624946946.042872
-1.94 1624946946.04645
-1.94 1624946946.050062
-1.94 1624946946.053657
-1.94 1624946946.057312
-1.94 1624946946.06083
-1.94 1624946946.064452
-1.94 1624946946.067997
-1.94 1624946946.071558
-1.94 1624946946.075143
-1.94 1624946946.078738
-1.94 1624946946.082224
-1.94 1624946946.085731
-1.94 1624946946.089298
-1.94 1624946946.092795
-1.94 1624946946.096389
-1.94 1624946946.100004
-1.94 1624946946.103581
-1.94 1624946946.107105
-1.94 1624946946.11065
-1.94 1624946946.11417
-1.94 1624946946.117769
-1.94 1624946946.121352
-1.94 1624946946.124933
-1.94 1624946946.128411
-1.94 1624946946.131982
-1.94 1624946946.135432
-1.94 1624946946.139098
-1.94 1624946946.142592
-1.94 1624946946.146155
-1.94 1624946946.149761
-1.94 1624946946.153274
-1.94 1624946946.156883
-1.94 1624946946.160643
-1.94 1624946946.164177
-1.94 1624946946.16776
-1.94 1624946946.171319
-1.94 1624946946.174943
-1.94 1624946946.178601
-1.94 1624946946.182204
-1.94 1624946946.185788
-1.94 1624946946.189374
-1.94 1624946946.192938
-1.94 1624946946.196657
-1.94 1624946946.200126
-1.94 1624946946.203751
-1.94 1624946946.207271
-1.94 1624946946.210875
-1.94 1624946946.2144
-1.94 1624946946.21809
-1.94 1624946946.221665
-1.94 1624946946.225208
-1.94 1624946946.228794
-1.94 1624946946.232321
-1.94 1624946946.235895
-1.94 1624946946.239515
-1.94 1624946946.243061
-1.94 1624946946.246649
-1.94 1624946946.250128
-1.94 1624946946.25374
-1.94 1624946946.257334
-1.94 1624946946.260838
-1.94 1624946946.264446
-1.94 1624946946.26809
-1.94 1624946946.27166
-1.94 1624946946.27525
-1.94 1624946946.278926
-1.94 1624946946.282582
-1.94 1624946946.286094
-1.94 1624946946.289703
-1.94 1624946946.293377
-1.94 1624946946.297039
-1.94 1624946946.300714
-1.94 1624946946.304296
-1.94 1624946946.307815
-1.94 1624946946.31129
-1.94 1624946946.314863
-1.94 1624946946.318463
-1.94 1624946946.321982
-1.94 1624946946.325609
-1.94 1624946946.329219
-1.94 1624946946.332959
-1.94 1624946946.336767
-1.94 1624946946.340614
-1.94 1624946946.344327
-1.94 1624946946.348154
-1.94 1624946946.351937
-1.94 1624946946.355861
-1.94 1624946946.359675
-1.94 1624946946.363562
-1.94 1624946946.367297
-1.94 1624946946.371046
-1.94 1624946946.374853
-1.94 1624946946.378531
-1.94 1624946946.382338
-1.94 1624946946.386159
-1.94 1624946946.389947
-1.94 1624946946.393799
-1.94 1624946946.398717
-1.94 1624946946.402516
-1.94 1624946946.406367
-1.94 1624946946.410115
-1.94 1624946946.41386
-1.94 1624946946.417579
-1.94 1624946946.421355
-1.94 1624946946.425244
-1.94 1624946946.429017
-1.94 1624946946.43293
-1.94 1624946946.436759
-1.94 1624946946.440494
-1.94 1624946946.444388
-1.94 1624946946.448191
-1.94 1624946946.451889
-1.94 1624946946.455713
-1.94 1624946946.459593
-1.94 1624946946.463399
-1.94 1624946946.467184
-1.94 1624946946.470988
-1.94 1624946946.474906
-1.94 1624946946.478769
-1.94 1624946946.482572
-1.94 1624946946.486198
-1.94 1624946946.493467
-1.94 1624946946.497732
-1.94 1624946946.501407
-1.94 1624946946.505159
-1.94 1624946946.508836
-1.94 1624946946.512432
-1.94 1624946946.516033
-1.94 1624946946.519741
-1.94 1624946946.523503
-1.94 1624946946.527162
-1.94 1624946946.53078
-1.94 1624946946.534442
-1.94 1624946946.538122
-1.94 1624946946.541788
-1.94 1624946946.545374
-1.94 1624946946.549035
-1.94 1624946946.552724
-1.94 1624946946.556252
-1.94 1624946946.559863
-1.94 1624946946.563677
-1.94 1624946946.567335
-1.94 1624946946.571307
-1.94 1624946946.57487
-1.94 1624946946.578434
-1.94 1624946946.582142
-1.94 1624946946.585818
-1.94 1624946946.589491
-1.94 1624946946.59314
-1.94 1624946946.596809
-1.94 1624946946.6004
-1.94 1624946946.604165
-1.94 1624946946.607684
-1.94 1624946946.611264
-1.94 1624946946.61497
-1.94 1624946946.618542
-1.94 1624946946.622211
-1.94 1624946946.625878
-1.94 1624946946.629454
-1.94 1624946946.633095
-1.94 1624946946.636724
-1.94 1624946946.640371
-1.94 1624946946.644066
-1.94 1624946946.647726
-1.94 1624946946.651386
-1.94 1624946946.655255
-1.94 1624946946.658891
-1.94 1624946946.662533
-1.94 1624946946.666207
-1.94 1624946946.669873
-1.5 1624946946.673556
1.41 1624946946.677358
0.17 1624946946.702594 touch_grd
-1.94 1624946949.916286 go_up_roll
-1.94 1624946951.020296 start_7_iteration
-1.94 1624946951.816761
-1.94 1624946951.8203
-1.94 1624946951.823788
-1.94 1624946951.827347
-1.94 1624946951.831012
-1.94 1624946951.834605
-1.94 1624946951.838145
-1.94 1624946951.841732
-1.94 1624946951.845269
-1.94 1624946951.848868
-1.94 1624946951.852384
-1.94 1624946951.855999
-1.94 1624946951.859643
-1.94 1624946951.86323
-1.94 1624946951.866759
-1.94 1624946951.870311
-1.94 1624946951.873871
-1.94 1624946951.877441
-1.94 1624946951.881107
-1.94 1624946951.884658
-1.94 1624946951.888286
-1.94 1624946951.891943
-1.94 1624946951.895524
-1.94 1624946951.899082
-1.94 1624946951.902701
-1.94 1624946951.906305
-1.94 1624946951.909894
-1.94 1624946951.913432
-1.94 1624946951.917003
-1.94 1624946951.920532
-1.94 1624946951.924171
-1.94 1624946951.927794
-1.94 1624946951.931413
-1.94 1624946951.935064
-1.94 1624946951.93873
-1.94 1624946951.942387
-1.94 1624946951.946156
-1.94 1624946951.949958
-1.94 1624946951.953738
-1.94 1624946951.957485
-1.94 1624946951.961316
-1.94 1624946951.965211
-1.94 1624946951.968981
-1.94 1624946951.972825
-1.94 1624946951.976619
-1.94 1624946951.980344
-1.94 1624946951.984135
-1.94 1624946951.987843
-1.94 1624946951.991581
-1.94 1624946951.995342
-1.94 1624946951.999131
-1.94 1624946952.002905
-1.94 1624946952.006844
-1.94 1624946952.010699
-1.94 1624946952.016035
-1.94 1624946952.019842
-1.94 1624946952.023635
-1.94 1624946952.027503
-1.94 1624946952.031306
-1.94 1624946952.035199
-1.94 1624946952.039065
-1.94 1624946952.042904
-1.94 1624946952.046575
-1.94 1624946952.050373
-1.94 1624946952.054242
-1.94 1624946952.058181
-1.94 1624946952.061904
-1.94 1624946952.06575
-1.94 1624946952.069557
-1.94 1624946952.073289
-1.94 1624946952.077052
-1.94 1624946952.080739
-1.94 1624946952.084581
-1.94 1624946952.08858
-1.94 1624946952.092421
-1.94 1624946952.096205
-1.94 1624946952.099906
-1.94 1624946952.104115
-1.94 1624946952.107933
-1.94 1624946952.111762
-1.94 1624946952.116352
-1.94 1624946952.120464
-1.94 1624946952.124139
-1.94 1624946952.127908
-1.94 1624946952.131612
-1.94 1624946952.135558
-1.94 1624946952.139463
-1.94 1624946952.144054
-1.94 1624946952.14811
-1.94 1624946952.152799
-1.94 1624946952.156496
-1.94 1624946952.160166
-1.94 1624946952.163954
-1.94 1624946952.167744
-1.94 1624946952.171441
-1.94 1624946952.175202
-1.94 1624946952.178875
-1.94 1624946952.182508
-1.94 1624946952.186165
-1.94 1624946952.189887
-1.94 1624946952.193508
-1.94 1624946952.197146
-1.94 1624946952.200977
-1.94 1624946952.204753
-1.94 1624946952.20862
-1.94 1624946952.212258
-1.94 1624946952.215937
-1.94 1624946952.219647
-1.94 1624946952.223308
-1.94 1624946952.227126
-1.94 1624946952.230892
-1.94 1624946952.234608
-1.94 1624946952.238295
-1.94 1624946952.241991
-1.94 1624946952.245739
-1.94 1624946952.249547
-1.94 1624946952.253248
-1.94 1624946952.256926
-1.94 1624946952.260734
-1.94 1624946952.264402
-1.94 1624946952.268131
-1.94 1624946952.271851
-1.94 1624946952.275539
-1.94 1624946952.279245
-1.94 1624946952.282897
-1.94 1624946952.286603
-1.94 1624946952.29037
-1.94 1624946952.294109
-1.94 1624946952.297836
-1.94 1624946952.301522
-1.94 1624946952.305278
-1.94 1624946952.308961
-1.94 1624946952.312693
-1.94 1624946952.316412
-1.94 1624946952.32014
-1.94 1624946952.323927
-1.94 1624946952.327724
-1.94 1624946952.331325
-1.94 1624946952.335074
-1.94 1624946952.338839
-1.94 1624946952.342598
-1.94 1624946952.346294
-1.94 1624946952.350137
-1.94 1624946952.353898
-1.94 1624946952.357562
-1.94 1624946952.361375
-1.94 1624946952.365123
-1.94 1624946952.368864
-1.94 1624946952.372534
-1.94 1624946952.376194
-1.94 1624946952.379927
-1.94 1624946952.383569
-1.94 1624946952.387286
-1.94 1624946952.390993
-1.94 1624946952.394594
-1.94 1624946952.398245
-1.94 1624946952.402048
-1.94 1624946952.405768
-1.94 1624946952.40944
-1.94 1624946952.413234
-1.94 1624946952.416881
-1.94 1624946952.420713
-1.94 1624946952.42436
-1.94 1624946952.428066
-1.94 1624946952.431724
-1.94 1624946952.435397
-1.94 1624946952.439171
-1.94 1624946952.442865
-1.94 1624946952.446519
-1.94 1624946952.450182
-1.94 1624946952.45388
-1.94 1624946952.457579
-1.94 1624946952.461331
-1.94 1624946952.465112
-1.94 1624946952.468837
-1.94 1624946952.472573
-1.94 1624946952.476245
-1.94 1624946952.480075
-1.94 1624946952.483709
-1.94 1624946952.487411
-1.94 1624946952.491179
-1.94 1624946952.494926
-1.94 1624946952.498679
-1.94 1624946952.502322
-1.94 1624946952.506093
-1.94 1624946952.509783
-1.94 1624946952.513395
-1.94 1624946952.516967
-1.94 1624946952.520552
-1.94 1624946952.524188
-1.94 1624946952.527795
-1.94 1624946952.531442
-1.94 1624946952.535133
-1.94 1624946952.538771
-1.94 1624946952.542431
-1.94 1624946952.546087
-1.94 1624946952.549687
-1.94 1624946952.553242
-1.94 1624946952.556841
-1.94 1624946952.560509
-1.94 1624946952.564018
-1.94 1624946952.567639
-1.94 1624946952.571162
-1.94 1624946952.574757
-1.94 1624946952.578258
-1.94 1624946952.581791
-1.69 1624946952.585362
0.35 1624946952.589177
3.7 1624946952.592803
1.16 1624946952.619672 touch_grd
-1.94 1624946955.831986 go_up_roll
-1.94 1624946956.937714 start_8_iteration
-1.94 1624946957.735776
-1.94 1624946957.73934
-1.94 1624946957.742996
-1.94 1624946957.746607
-1.94 1624946957.750329
-1.94 1624946957.753933
-1.94 1624946957.757519
-1.94 1624946957.76103
-1.94 1624946957.764602
-1.94 1624946957.768187
-1.94 1624946957.771782
-1.94 1624946957.77541
-1.94 1624946957.779112
-1.94 1624946957.782694
-1.94 1624946957.786299
-1.94 1624946957.789758
-1.94 1624946957.793398
-1.94 1624946957.797084
-1.94 1624946957.800661
-1.94 1624946957.804223
-1.94 1624946957.807786
-1.94 1624946957.811363
-1.94 1624946957.814951
-1.94 1624946957.818536
-1.94 1624946957.82214
-1.94 1624946957.825786
-1.94 1624946957.829297
-1.94 1624946957.833311
-1.94 1624946957.836914
-1.94 1624946957.840526
-1.94 1624946957.844035
-1.94 1624946957.847589
-1.94 1624946957.851176
-1.94 1624946957.854708
-1.94 1624946957.858272
-1.94 1624946957.861871
-1.94 1624946957.865413
-1.94 1624946957.869046
-1.94 1624946957.872519
-1.94 1624946957.876066
-1.94 1624946957.879754
-1.94 1624946957.883343
-1.94 1624946957.887047
-1.94 1624946957.890617
-1.94 1624946957.897658
-1.94 1624946957.901211
-1.94 1624946957.904805
-1.94 1624946957.908341
-1.94 1624946957.911959
-1.94 1624946957.915556
-1.94 1624946957.919194
-1.94 1624946957.922745
-1.94 1624946957.926321
-1.94 1624946957.930039
-1.94 1624946957.933626
-1.94 1624946957.937225
-1.94 1624946957.94078
-1.94 1624946957.94437
-1.94 1624946957.947948
-1.94 1624946957.951506
-1.94 1624946957.955218
-1.94 1624946957.958854
-1.94 1624946957.962373
-1.94 1624946957.966065
-1.94 1624946957.969654
-1.94 1624946957.97317
-1.94 1624946957.976755
-1.94 1624946957.980318
-1.94 1624946957.983885
-1.94 1624946957.987491
-1.94 1624946957.991039
-1.94 1624946957.994631
-1.94 1624946957.998155
-1.94 1624946958.001687
-1.94 1624946958.005363
-1.94 1624946958.008979
-1.94 1624946958.012575
-1.94 1624946958.016069
-1.94 1624946958.019718
-1.94 1624946958.023318
-1.94 1624946958.026915
-1.94 1624946958.030515
-1.94 1624946958.034306
-1.94 1624946958.038063
-1.94 1624946958.041802
-1.94 1624946958.045461
-1.94 1624946958.049163
-1.94 1624946958.05291
-1.94 1624946958.056634
-1.94 1624946958.060265
-1.94 1624946958.063967
-1.94 1624946958.067715
-1.94 1624946958.071413
-1.94 1624946958.075102
-1.94 1624946958.078856
-1.94 1624946958.08279
-1.94 1624946958.086425
-1.94 1624946958.090113
-1.94 1624946958.093819
-1.94 1624946958.097626
-1.94 1624946958.101237
-1.94 1624946958.104928
-1.94 1624946958.108703
-1.94 1624946958.112431
-1.94 1624946958.116187
-1.94 1624946958.119887
-1.94 1624946958.12357
-1.94 1624946958.127272
-1.94 1624946958.130932
-1.94 1624946958.135887
-1.94 1624946958.139549
-1.94 1624946958.143129
-1.94 1624946958.146818
-1.94 1624946958.150495
-1.94 1624946958.154202
-1.94 1624946958.157793
-1.94 1624946958.161397
-1.94 1624946958.16509
-1.94 1624946958.168787
-1.94 1624946958.172475
-1.94 1624946958.176219
-1.94 1624946958.179866
-1.94 1624946958.183495
-1.94 1624946958.18712
-1.94 1624946958.19075
-1.94 1624946958.194364
-1.94 1624946958.198136
-1.94 1624946958.201878
-1.94 1624946958.205601
-1.94 1624946958.209205
-1.94 1624946958.212849
-1.94 1624946958.216527
-1.94 1624946958.220229
-1.94 1624946958.22391
-1.94 1624946958.227562
-1.94 1624946958.23126
-1.94 1624946958.234896
-1.94 1624946958.238514
-1.94 1624946958.242147
-1.94 1624946958.245797
-1.94 1624946958.249505
-1.94 1624946958.253254
-1.94 1624946958.256929
-1.94 1624946958.260841
-1.94 1624946958.264662
-1.94 1624946958.268347
-1.94 1624946958.272003
-1.94 1624946958.275743
-1.94 1624946958.279454
-1.94 1624946958.28318
-1.94 1624946958.286758
-1.94 1624946958.290419
-1.94 1624946958.29399
-1.94 1624946958.297614
-1.94 1624946958.301271
-1.94 1624946958.304956
-1.94 1624946958.308454
-1.94 1624946958.312037
-1.94 1624946958.315691
-1.94 1624946958.319139
-1.94 1624946958.322684
-1.94 1624946958.326149
-1.94 1624946958.329743
-1.94 1624946958.33326
-1.94 1624946958.336838
-1.94 1624946958.340308
-1.94 1624946958.343905
-1.94 1624946958.347435
-1.94 1624946958.351042
-1.94 1624946958.354674
-1.94 1624946958.3583
-1.94 1624946958.361802
-1.94 1624946958.365402
-1.94 1624946958.369082
-1.94 1624946958.372619
-1.94 1624946958.376216
-1.94 1624946958.379835
-1.94 1624946958.383463
-1.94 1624946958.387011
-1.94 1624946958.390477
-1.94 1624946958.394072
-1.94 1624946958.397695
-1.94 1624946958.401239
-1.94 1624946958.404802
-1.94 1624946958.408394
-1.94 1624946958.411999
-1.94 1624946958.415576
-1.94 1624946958.419112
-1.94 1624946958.422693
-1.94 1624946958.426237
-1.94 1624946958.429832
-1.94 1624946958.433456
-1.94 1624946958.437072
-1.94 1624946958.440691
-1.94 1624946958.444229
-1.94 1624946958.447763
-1.94 1624946958.45129
-1.94 1624946958.454886
-1.94 1624946958.458431
-1.94 1624946958.462028
-1.94 1624946958.465617
-1.94 1624946958.469133
-1.94 1624946958.472702
-1.94 1624946958.476261
-1.94 1624946958.479846
-1.94 1624946958.483373
-1.94 1624946958.486917
-1.94 1624946958.490434
-1.94 1624946958.494026
-1.94 1624946958.497512
-1.88 1624946958.50107
-0.58 1624946958.504826
2.46 1624946958.508506
2.27 1624946958.538336 touch_grd
-1.94 1624946961.853543 go_up_roll
-1.94 1624946963.0559 start_9_iteration
-1.94 1624946963.855105
-1.94 1624946963.858703
-1.94 1624946963.86227
-1.94 1624946963.865956
-1.94 1624946963.869583
-1.94 1624946963.873198
-1.94 1624946963.87676
-1.94 1624946963.880316
-1.94 1624946963.883945
-1.94 1624946963.887621
-1.94 1624946963.891097
-1.94 1624946963.89466
-1.94 1624946963.898239
-1.94 1624946963.901913
-1.94 1624946963.905463
-1.94 1624946963.909051
-1.94 1624946963.912596
-1.94 1624946963.916147
-1.94 1624946963.919745
-1.94 1624946963.923378
-1.94 1624946963.926994
-1.94 1624946963.930602
-1.94 1624946963.934202
-1.94 1624946963.937753
-1.94 1624946963.941357
-1.94 1624946963.94505
-1.94 1624946963.948572
-1.94 1624946963.952148
-1.94 1624946963.955805
-1.94 1624946963.959349
-1.94 1624946963.96292
-1.94 1624946963.966523
-1.94 1624946963.970218
-1.94 1624946963.973855
-1.94 1624946963.977387
-1.94 1624946963.981007
-1.94 1624946963.984618
-1.94 1624946963.988229
-1.94 1624946963.991807
-1.94 1624946963.995303
-1.94 1624946963.998794
-1.94 1624946964.002368
-1.94 1624946964.005999
-1.94 1624946964.009658
-1.94 1624946964.013297
-1.94 1624946964.017025
-1.94 1624946964.020604
-1.94 1624946964.024187
-1.94 1624946964.027789
-1.94 1624946964.031469
-1.94 1624946964.035301
-1.94 1624946964.039011
-1.94 1624946964.042604
-1.94 1624946964.04626
-1.94 1624946964.049819
-1.94 1624946964.053511
-1.94 1624946964.057194
-1.94 1624946964.060771
-1.94 1624946964.064469
-1.94 1624946964.068077
-1.94 1624946964.071683
-1.94 1624946964.075216
-1.94 1624946964.078769
-1.94 1624946964.082382
-1.94 1624946964.086018
-1.94 1624946964.0896
-1.94 1624946964.093255
-1.94 1624946964.096819
-1.94 1624946964.100385
-1.94 1624946964.103957
-1.94 1624946964.107496
-1.94 1624946964.111076
-1.94 1624946964.114679
-1.94 1624946964.1183
-1.94 1624946964.122028
-1.94 1624946964.125621
-1.94 1624946964.12921
-1.94 1624946964.132792
-1.94 1624946964.136302
-1.94 1624946964.140006
-1.94 1624946964.143631
-1.94 1624946964.147314
-1.94 1624946964.151059
-1.94 1624946964.154737
-1.94 1624946964.158262
-1.94 1624946964.16192
-1.94 1624946964.165493
-1.94 1624946964.169088
-1.94 1624946964.172632
-1.94 1624946964.176206
-1.94 1624946964.179768
-1.94 1624946964.183339
-1.94 1624946964.187025
-1.94 1624946964.190564
-1.94 1624946964.194146
-1.94 1624946964.197687
-1.94 1624946964.201358
-1.94 1624946964.204893
-1.94 1624946964.208469
-1.94 1624946964.212021
-1.94 1624946964.215542
-1.94 1624946964.21909
-1.94 1624946964.222653
-1.94 1624946964.226217
-1.94 1624946964.229795
-1.94 1624946964.233506
-1.94 1624946964.237149
-1.94 1624946964.240775
-1.94 1624946964.244344
-1.94 1624946964.24806
-1.94 1624946964.252634
-1.94 1624946964.256196
-1.94 1624946964.259825
-1.94 1624946964.263423
-1.94 1624946964.26698
-1.94 1624946964.270654
-1.94 1624946964.274288
-1.94 1624946964.277861
-1.94 1624946964.281455
-1.94 1624946964.285119
-1.94 1624946964.288676
-1.94 1624946964.292245
-1.94 1624946964.295832
-1.94 1624946964.299369
-1.94 1624946964.303024
-1.94 1624946964.306629
-1.94 1624946964.310168
-1.94 1624946964.313752
-1.94 1624946964.317388
-1.94 1624946964.321063
-1.94 1624946964.324657
-1.94 1624946964.328227
-1.94 1624946964.331818
-1.94 1624946964.335491
-1.94 1624946964.339185
-1.94 1624946964.342825
-1.94 1624946964.346515
-1.94 1624946964.350193
-1.94 1624946964.353814
-1.94 1624946964.357388
-1.94 1624946964.361068
-1.94 1624946964.364677
-1.94 1624946964.368243
-1.94 1624946964.372027
-1.94 1624946964.375658
-1.94 1624946964.379181
-1.94 1624946964.382828
-1.94 1624946964.38647
-1.94 1624946964.390078
-1.94 1624946964.393681
-1.94 1624946964.39728
-1.94 1624946964.400957
-1.94 1624946964.404642
-1.94 1624946964.408306
-1.94 1624946964.412051
-1.94 1624946964.415687
-1.94 1624946964.419319
-1.94 1624946964.423038
-1.94 1624946964.426688
-1.94 1624946964.430212
-1.94 1624946964.43379
-1.94 1624946964.437351
-1.94 1624946964.441067
-1.94 1624946964.444673
-1.94 1624946964.44829
-1.94 1624946964.451855
-1.94 1624946964.455536
-1.94 1624946964.4591
-1.94 1624946964.462795
-1.94 1624946964.466413
-1.94 1624946964.470027
-1.94 1624946964.473653
-1.94 1624946964.477198
-1.94 1624946964.480807
-1.94 1624946964.484498
-1.94 1624946964.488013
-1.94 1624946964.491594
-1.94 1624946964.495173
-1.94 1624946964.498822
-1.94 1624946964.502412
-1.94 1624946964.506103
-1.94 1624946964.50963
-1.94 1624946964.513275
-1.94 1624946964.517008
-1.94 1624946964.520647
-1.94 1624946964.524261
-1.94 1624946964.527882
-1.94 1624946964.531438
-1.94 1624946964.53506
-1.94 1624946964.538688
-1.94 1624946964.542242
-1.94 1624946964.545824
-1.94 1624946964.549388
-1.94 1624946964.553571
-1.94 1624946964.557158
-1.94 1624946964.560714
-1.94 1624946964.564304
-1.94 1624946964.568069
-1.94 1624946964.57173
-1.94 1624946964.575331
-1.94 1624946964.579051
-1.94 1624946964.582686
-1.94 1624946964.586251
-1.94 1624946964.589809
-1.94 1624946964.59352
-1.94 1624946964.597185
-1.94 1624946964.600742
-1.94 1624946964.604267
-1.94 1624946964.607975
-1.94 1624946964.611606
-1.94 1624946964.615225
-1.81 1624946964.61882
1.65 1624946964.622626
2.77 1624946964.657375 touch_grd
-1.94 1624946967.869187 go_up_roll
