1610.68701171875 1637770465.529332
1610.68701171875 1637770465.691088
1610.68701171875 1637770465.853179
1610.68701171875 1637770466.015134
1610.68701171875 1637770466.177027
1610.68701171875 1637770466.339053
1610.68701171875 1637770466.500936
1610.68701171875 1637770466.662815
1610.68701171875 1637770466.824758
1610.68701171875 1637770466.986741
1610.68701171875 1637770467.14878
1610.68701171875 1637770467.31073
1610.68701171875 1637770467.472644
1610.68701171875 1637770467.634722
1610.68701171875 1637770467.796624
1610.68701171875 1637770467.958527
1610.68701171875 1637770468.120462
1610.68701171875 1637770468.282824
1610.68701171875 1637770468.445494
1610.68701171875 1637770468.607349
1610.68701171875 1637770468.769214
1610.68701171875 1637770468.93128
1610.68701171875 1637770469.093154
1610.68701171875 1637770469.255258
1610.68701171875 1637770469.417152
1610.68701171875 1637770469.579025
1610.68701171875 1637770469.741053
1610.68701171875 1637770469.903011
1610.68701171875 1637770470.065022
1610.68701171875 1637770470.226983
1610.68701171875 1637770470.388796
1610.68701171875 1637770470.550696
1610.68701171875 1637770470.712764
1610.68701171875 1637770470.874722
1610.68701171875 1637770471.036639
1610.68701171875 1637770471.19852
1610.68701171875 1637770471.360582
1610.68701171875 1637770471.522478
1610.68701171875 1637770471.684349
1610.68701171875 1637770471.846436
1610.68701171875 1637770472.008404
1610.68701171875 1637770472.170352
1610.68701171875 1637770472.332325
1610.68701171875 1637770472.494118
1610.68701171875 1637770472.656218
1610.68701171875 1637770472.818058
1610.68701171875 1637770472.980099
1610.68701171875 1637770473.14199
1610.68701171875 1637770473.304044
1610.68701171875 1637770473.465984
1610.68701171875 1637770473.627821
1610.68701171875 1637770473.789874
1610.68701171875 1637770473.951737
1610.68701171875 1637770474.113773
1610.68701171875 1637770474.275654
1610.68701171875 1637770474.437686
1610.68701171875 1637770474.599627
1610.68701171875 1637770474.761522
1610.68701171875 1637770474.923598
1610.68701171875 1637770475.085389
1610.68701171875 1637770475.247388
1610.68701171875 1637770475.409456
1610.68701171875 1637770475.571297
1610.68701171875 1637770475.733377
1610.68701171875 1637770475.895145
1610.68701171875 1637770476.057198
1610.68701171875 1637770476.219188
1610.68701171875 1637770476.381136
1610.68701171875 1637770476.54304
1610.68701171875 1637770476.70497
1610.68701171875 1637770476.866883
1610.68701171875 1637770477.028892
1610.68701171875 1637770477.190932
1610.68701171875 1637770477.352851
1610.68701171875 1637770477.514741
1610.68701171875 1637770477.676738
1610.68701171875 1637770477.838565
1610.68701171875 1637770478.000696
1610.68701171875 1637770478.162573
1610.68701171875 1637770478.324471
1610.68701171875 1637770478.486531
1610.68701171875 1637770478.648437
1610.68701171875 1637770478.810301
1610.68701171875 1637770478.972321
1610.68701171875 1637770479.134354
1610.68701171875 1637770479.296265
1610.68701171875 1637770479.458131
1610.68701171875 1637770479.620138
1610.68701171875 1637770479.782558
1610.68701171875 1637770479.945043
1610.68701171875 1637770480.107078
1610.68701171875 1637770480.269064
1610.68701171875 1637770480.430946
1610.68701171875 1637770480.592868
1610.68701171875 1637770480.75474
1610.68701171875 1637770480.916824
1610.68701171875 1637770481.078925
1610.68701171875 1637770481.240665
1610.68701171875 1637770481.402584
1610.68701171875 1637770481.564625
1610.68701171875 1637770481.726481
1610.68701171875 1637770481.888564
1610.68701171875 1637770482.050409
1610.68701171875 1637770482.212438
1610.68701171875 1637770482.374383
1610.68701171875 1637770482.536277
1610.68701171875 1637770482.698181
1610.68701171875 1637770482.860079
1610.68701171875 1637770483.022253
1610.68701171875 1637770483.184185
1610.68701171875 1637770483.346055
1610.68701171875 1637770483.508071
1610.68701171875 1637770483.669954
1610.68701171875 1637770483.831847
1610.68701171875 1637770483.993933
1610.68701171875 1637770484.155874
1610.68701171875 1637770484.317903
1610.68701171875 1637770484.479738
1610.68701171875 1637770484.641642
1610.68701171875 1637770484.803549
1610.68701171875 1637770484.965638
1610.68701171875 1637770485.12749
1610.68701171875 1637770485.289442
1610.68701171875 1637770485.451506
1610.68701171875 1637770485.613391
1610.68701171875 1637770485.775294
1610.68701171875 1637770485.937219
1610.68701171875 1637770486.099312
1610.68701171875 1637770486.261205
1610.68701171875 1637770486.423126
1610.68701171875 1637770486.585113
1610.68701171875 1637770486.747149
1610.68701171875 1637770486.909103
1610.68701171875 1637770487.070949
1610.68701171875 1637770487.233042
1610.68701171875 1637770487.394848
1610.68701171875 1637770487.556924
1610.68701171875 1637770487.718789
1610.68701171875 1637770487.880728
1610.68701171875 1637770488.042655
1610.68701171875 1637770488.204568
1610.68701171875 1637770488.366696
1610.68701171875 1637770488.528529
1610.68701171875 1637770488.690438
1610.68701171875 1637770488.852504
1610.68701171875 1637770489.014423
1610.68701171875 1637770489.176305
1610.68701171875 1637770489.338233
1610.68701171875 1637770489.500333
1610.68701171875 1637770489.662237
1610.68701171875 1637770489.824134
1610.68701171875 1637770489.986091
1610.68701171875 1637770490.148146
1610.68701171875 1637770490.310136
1610.68701171875 1637770490.472079
1610.68701171875 1637770490.634107
1610.68701171875 1637770490.795872
1610.68701171875 1637770490.957864
1610.68701171875 1637770491.11968
1610.68701171875 1637770491.28174
1610.68701171875 1637770491.443682
1610.68701171875 1637770491.60568
1610.68701171875 1637770491.767707
1610.68701171875 1637770491.929533
1610.68701171875 1637770492.091521
1610.68701171875 1637770492.253485
1610.68701171875 1637770492.415357
1610.68701171875 1637770492.577423
1610.68701171875 1637770492.739237
1610.68701171875 1637770492.901293
1610.68701171875 1637770493.063149
1610.68701171875 1637770493.22519
1610.68701171875 1637770493.387217
1610.68701171875 1637770493.549099
1610.68701171875 1637770493.711008
1610.68701171875 1637770493.872913
1610.68701171875 1637770494.035016
1610.68701171875 1637770494.196865
1610.68701171875 1637770494.358926
1610.68701171875 1637770494.520808
1610.68701171875 1637770494.682698
1610.68701171875 1637770494.844741
1610.68701171875 1637770495.006606
1610.68701171875 1637770495.168641
1610.68701171875 1637770495.330531
1610.68701171875 1637770495.49255
1610.68701171875 1637770495.654414
1610.68701171875 1637770495.816453
1610.68701171875 1637770495.978377
1610.68701171875 1637770496.140441
1610.68701171875 1637770496.302267
1610.68701171875 1637770496.464307
1610.68701171875 1637770496.626183
1610.68701171875 1637770496.788156
1610.68701171875 1637770496.950126
1610.68701171875 1637770497.111999
1610.68701171875 1637770497.274151
1610.68701171875 1637770497.435976
1610.68701171875 1637770497.597884
1610.68701171875 1637770497.759922
1610.68701171875 1637770497.9218
1610.68701171875 1637770498.083786
1610.68701171875 1637770498.245745
1610.68701171875 1637770498.407866
1610.68701171875 1637770498.569565
1610.68701171875 1637770498.731643
1610.68701171875 1637770498.893457
1610.68701171875 1637770499.055499
1610.68701171875 1637770499.217591
1610.68701171875 1637770499.37934
1610.68701171875 1637770499.541429
1610.68701171875 1637770499.703265
1610.68701171875 1637770499.86528
1610.68701171875 1637770500.027127
1610.68701171875 1637770500.189208
1610.68701171875 1637770500.351148
1610.68701171875 1637770500.513136
1610.68701171875 1637770500.675059
1610.68701171875 1637770500.836899
1610.68701171875 1637770500.998957
1610.68701171875 1637770501.160876
1610.68701171875 1637770501.322956
1610.68701171875 1637770501.484804
1610.68701171875 1637770501.646671
1610.68701171875 1637770501.808773
1610.68701171875 1637770501.97063
1610.68701171875 1637770502.132642
1610.68701171875 1637770502.294499
1610.68701171875 1637770502.456599
1610.68701171875 1637770502.618425
1610.68701171875 1637770502.780401
1610.68701171875 1637770502.942313
1610.68701171875 1637770503.104372
1610.68701171875 1637770503.266266
1610.68701171875 1637770503.428154
1610.68701171875 1637770503.590222
1610.68701171875 1637770503.752159
1610.68701171875 1637770503.914079
1610.68701171875 1637770504.076062
1610.68701171875 1637770504.238005
1610.68701171875 1637770504.399949
1610.68701171875 1637770504.561974
1610.68701171875 1637770504.723922
1610.68701171875 1637770504.885791
1610.68701171875 1637770505.047888
1610.68701171875 1637770505.209827
1610.68701171875 1637770505.371642
1610.68701171875 1637770505.533698
1610.68701171875 1637770505.6956
1610.68701171875 1637770505.857526
1610.68701171875 1637770506.019427
1610.68701171875 1637770506.181469
1610.68701171875 1637770506.343359
1610.68701171875 1637770506.505254
1610.68701171875 1637770506.667297
1610.68701171875 1637770506.829263
1610.68701171875 1637770506.991235
1610.68701171875 1637770507.153085
1610.68701171875 1637770507.315186
1610.68701171875 1637770507.476982
1610.68701171875 1637770507.639033
1610.68701171875 1637770507.800875
1610.68701171875 1637770507.962913
1610.68701171875 1637770508.124917
1610.68701171875 1637770508.286772
1610.68701171875 1637770508.448848
1610.68701171875 1637770508.610722
1610.68701171875 1637770508.772725
1610.68701171875 1637770508.934643
1610.68701171875 1637770509.096568
1610.68701171875 1637770509.258638
1610.68701171875 1637770509.42046
1610.68701171875 1637770509.582494
1610.68701171875 1637770509.744402
1610.68701171875 1637770509.906382
1610.68701171875 1637770510.068252
1610.68701171875 1637770510.230305
1610.68701171875 1637770510.392127
1610.68701171875 1637770510.554093
1610.68701171875 1637770510.7162
1610.68701171875 1637770510.878009
1610.68701171875 1637770511.040037
1610.68701171875 1637770511.201899
1610.68701171875 1637770511.363867
1610.68701171875 1637770511.525894
1610.68701171875 1637770511.687866
1610.68701171875 1637770511.84975
1610.68701171875 1637770512.01173
1610.68701171875 1637770512.173784
1610.68701171875 1637770512.335625
1610.68701171875 1637770512.497613
1610.68701171875 1637770512.659513
1610.68701171875 1637770512.82157
1610.68701171875 1637770512.983403
1610.68701171875 1637770513.145452
1610.68701171875 1637770513.307313
1610.68701171875 1637770513.469375
1610.68701171875 1637770513.631232
1610.68701171875 1637770513.793254
1610.68701171875 1637770513.955244
1610.68701171875 1637770514.117026
1610.68701171875 1637770514.279164
1610.68701171875 1637770514.44102
1610.68701171875 1637770514.602947
1610.68701171875 1637770514.765032
1610.68701171875 1637770514.926828
1610.68701171875 1637770515.088841
1610.68701171875 1637770515.250721
1610.68701171875 1637770515.412739
1610.68701171875 1637770515.574616
1610.68701171875 1637770515.73672
1610.68701171875 1637770515.89853
1610.68701171875 1637770516.060619
1610.68701171875 1637770516.222419
1610.68701171875 1637770516.38449
1610.68701171875 1637770516.546473
1610.68701171875 1637770516.70831
1610.68701171875 1637770516.870259
1610.68701171875 1637770517.032292
1610.68701171875 1637770517.194119
1610.68701171875 1637770517.356229
1610.68701171875 1637770517.518241
1610.68701171875 1637770517.680005
1610.68701171875 1637770517.842032
1610.68701171875 1637770518.003974
1610.68701171875 1637770518.165985
1610.68701171875 1637770518.327951
1610.68701171875 1637770518.489775
1610.68701171875 1637770518.651761
1610.68701171875 1637770518.81378
1610.68701171875 1637770518.975795
1610.68701171875 1637770519.137615
1610.68701171875 1637770519.299717
1610.68701171875 1637770519.461475
1610.68701171875 1637770519.62354
1610.68701171875 1637770519.785606
1610.68701171875 1637770519.947437
1610.68701171875 1637770520.109465
1610.68701171875 1637770520.271321
1610.68701171875 1637770520.433334
1610.68701171875 1637770520.595246
1610.68701171875 1637770520.757138
1610.68701171875 1637770520.919233
1610.68701171875 1637770521.080986
1610.68701171875 1637770521.243002
1610.68701171875 1637770521.404993
1610.68701171875 1637770521.567062
1610.68701171875 1637770521.72886
1610.68701171875 1637770521.890962
1610.68701171875 1637770522.052786
1610.68701171875 1637770522.214839
1610.68701171875 1637770522.376658
1610.68701171875 1637770522.538696
1610.68701171875 1637770522.70065
1610.68701171875 1637770522.862524
1610.68701171875 1637770523.024563
1610.68701171875 1637770523.186422
1610.68701171875 1637770523.348531
1610.68701171875 1637770523.510372
1610.68701171875 1637770523.67242
1610.68701171875 1637770523.83428
1610.68701171875 1637770523.996174
1610.68701171875 1637770524.158184
1610.68701171875 1637770524.320285
1610.68701171875 1637770524.482076
1610.68701171875 1637770524.644048
1610.68701171875 1637770524.805993
1610.68701171875 1637770524.967885
1610.68701171875 1637770525.130053
1610.68701171875 1637770525.29191
1610.68701171875 1637770525.453783
1610.68701171875 1637770525.615921
1610.68701171875 1637770525.777805
1610.68701171875 1637770525.939685
1610.68701171875 1637770526.101593
1610.68701171875 1637770526.263629
1610.68701171875 1637770526.425497
1610.68701171875 1637770526.587565
1610.68701171875 1637770526.749453
1610.68701171875 1637770526.911495
1610.68701171875 1637770527.073357
1610.68701171875 1637770527.235206
1610.68701171875 1637770527.397322
1610.68701171875 1637770527.559321
1610.68701171875 1637770527.721139
1610.68701171875 1637770527.883032
1610.68701171875 1637770528.045109
1610.68701171875 1637770528.206988
1610.68701171875 1637770528.369075
1610.68701171875 1637770528.530917
1610.68701171875 1637770528.692814
1610.68701171875 1637770528.854955
1610.68701171875 1637770529.016777
1610.68701171875 1637770529.178683
1610.68701171875 1637770529.340778
1610.68701171875 1637770529.502651
1610.68701171875 1637770529.664602
1610.68701171875 1637770529.826577
1610.68701171875 1637770529.988457
1610.68701171875 1637770530.150551
1610.68701171875 1637770530.312397
1610.68701171875 1637770530.474339
1610.68701171875 1637770530.636364
1610.68701171875 1637770530.798315
1610.68701171875 1637770530.960187
1610.68701171875 1637770531.122235
1610.68701171875 1637770531.284276
1610.68701171875 1637770531.446016
1610.68701171875 1637770531.607996
1610.68701171875 1637770531.770058
1610.68701171875 1637770531.931994
1610.68701171875 1637770532.093847
1610.68701171875 1637770532.255908
1610.68701171875 1637770532.417771
1610.68701171875 1637770532.579794
1610.68701171875 1637770532.741649
1610.68701171875 1637770532.90369
1610.68701171875 1637770533.065575
1610.68701171875 1637770533.227615
1610.68701171875 1637770533.389453
1610.68701171875 1637770533.551487
1610.68701171875 1637770533.713546
1610.68701171875 1637770533.875325
1610.68701171875 1637770534.037363
1610.68701171875 1637770534.199244
1610.68701171875 1637770534.361361
1610.68701171875 1637770534.523132
1610.68701171875 1637770534.685174
1610.68701171875 1637770534.847121
1610.68701171875 1637770535.009015
1610.68701171875 1637770535.170978
1610.68701171875 1637770535.333029
1610.68701171875 1637770535.494926
1610.68701171875 1637770535.65687
1610.68701171875 1637770535.818793
1610.68701171875 1637770535.980643
1610.68701171875 1637770536.142734
1610.68701171875 1637770536.304586
1610.68701171875 1637770536.466637
1610.68701171875 1637770536.628453
1610.68701171875 1637770536.790709
1610.68701171875 1637770536.95241
1610.68701171875 1637770537.114448
1610.68701171875 1637770537.276343
1610.68701171875 1637770537.438383
1610.68701171875 1637770537.600375
1610.68701171875 1637770537.762373
1610.68701171875 1637770537.924204
1610.68701171875 1637770538.08622
1610.68701171875 1637770538.248109
1610.68701171875 1637770538.409978
1610.68701171875 1637770538.572088
1610.68701171875 1637770538.733929
1610.68701171875 1637770538.89595
1610.68701171875 1637770539.057796
1610.68701171875 1637770539.219776
1610.68701171875 1637770539.381916
1610.68701171875 1637770539.543688
1610.68701171875 1637770539.705705
1610.68701171875 1637770539.867579
1610.68701171875 1637770540.029654
1610.68701171875 1637770540.191664
1610.68701171875 1637770540.353443
1610.68701171875 1637770540.515443
1610.68701171875 1637770540.677449
1610.68701171875 1637770540.839391
1610.68701171875 1637770541.001357
1610.68701171875 1637770541.163229
