1610.68701171875 1637770375.731464
1610.68701171875 1637770375.893441
1610.68701171875 1637770376.055154
1610.68701171875 1637770376.217133
1610.68701171875 1637770376.379026
1610.68701171875 1637770376.541044
1610.68701171875 1637770376.703068
1610.68701171875 1637770376.864861
1610.68701171875 1637770377.026954
1610.68701171875 1637770377.188949
1610.68701171875 1637770377.350807
1610.68701171875 1637770377.512814
1610.68701171875 1637770377.674644
1610.68701171875 1637770377.836726
1610.68701171875 1637770377.998727
1610.68701171875 1637770378.160569
1610.68701171875 1637770378.322565
1610.68701171875 1637770378.484466
1610.68701171875 1637770378.64655
1610.68701171875 1637770378.80845
1610.68701171875 1637770378.970447
1610.68701171875 1637770379.132457
1610.68701171875 1637770379.294266
1610.68701171875 1637770379.456327
1610.68701171875 1637770379.618156
1610.68701171875 1637770379.780193
1610.68701171875 1637770379.942072
1610.68701171875 1637770380.104097
1610.68701171875 1637770380.265973
1610.68701171875 1637770380.427994
1610.68701171875 1637770380.589905
1610.68701171875 1637770380.751877
1610.68701171875 1637770380.913824
1610.68701171875 1637770381.075756
1610.68701171875 1637770381.237668
1610.68701171875 1637770381.399687
1610.68701171875 1637770381.561671
1610.68701171875 1637770381.723513
1610.68701171875 1637770381.88554
1610.68701171875 1637770382.047521
1610.68701171875 1637770382.20934
1610.68701171875 1637770382.37133
1610.68701171875 1637770382.533347
1610.68701171875 1637770382.695356
1610.68701171875 1637770382.857214
1610.68701171875 1637770383.019217
1610.68701171875 1637770383.181127
1610.68701171875 1637770383.343134
1610.68701171875 1637770383.505029
1610.68701171875 1637770383.667053
1610.68701171875 1637770383.828995
1610.68701171875 1637770383.990968
1610.68701171875 1637770384.152816
1610.68701171875 1637770384.314834
1610.68701171875 1637770384.476718
1610.68701171875 1637770384.638717
1610.68701171875 1637770384.800763
1610.68701171875 1637770384.962522
1610.68701171875 1637770385.124572
1610.68701171875 1637770385.286564
1610.68701171875 1637770385.448519
1610.68701171875 1637770385.610504
1610.68701171875 1637770385.772556
1610.68701171875 1637770385.934349
1610.68701171875 1637770386.096326
1610.68701171875 1637770386.258333
1610.68701171875 1637770386.420174
1610.68701171875 1637770386.582184
1610.68701171875 1637770386.744046
1610.68701171875 1637770386.906129
1610.68701171875 1637770387.067918
1610.68701171875 1637770387.229973
1610.68701171875 1637770387.392087
1610.68701171875 1637770387.553916
1610.68701171875 1637770387.715921
1610.68701171875 1637770387.877694
1610.68701171875 1637770388.039699
1610.68701171875 1637770388.201748
1610.68701171875 1637770388.36359
1610.68701171875 1637770388.525652
1610.68701171875 1637770388.687522
1610.68701171875 1637770388.849488
1610.68701171875 1637770389.011527
1610.68701171875 1637770389.173403
1610.68701171875 1637770389.335306
1610.68701171875 1637770389.497304
1610.68701171875 1637770389.659344
1610.68701171875 1637770389.821215
1610.68701171875 1637770389.983239
1610.68701171875 1637770390.145181
1610.68701171875 1637770390.307032
1610.68701171875 1637770390.46896
1610.68701171875 1637770390.631028
1610.68701171875 1637770390.79285
1610.68701171875 1637770390.954951
1610.68701171875 1637770391.116807
1610.68701171875 1637770391.278937
1610.68701171875 1637770391.440718
1610.68701171875 1637770391.602671
1610.68701171875 1637770391.764649
1610.68701171875 1637770391.926544
1610.68701171875 1637770392.088575
1610.68701171875 1637770392.250567
1610.68701171875 1637770392.412466
1610.68701171875 1637770392.574388
1610.68701171875 1637770392.736333
1610.68701171875 1637770392.898366
1610.68701171875 1637770393.060269
1610.68701171875 1637770393.222262
1610.68701171875 1637770393.384238
1610.68701171875 1637770393.546049
1610.68701171875 1637770393.708079
1610.68701171875 1637770393.870003
1610.68701171875 1637770394.032011
1610.68701171875 1637770394.193931
1610.68701171875 1637770394.355949
1610.68701171875 1637770394.517908
1610.68701171875 1637770394.679788
1610.68701171875 1637770394.841683
1610.68701171875 1637770395.003758
1610.68701171875 1637770395.165625
1610.68701171875 1637770395.327668
1610.68701171875 1637770395.489529
1610.68701171875 1637770395.65161
1610.68701171875 1637770395.813552
1610.68701171875 1637770395.97538
1610.68701171875 1637770396.137428
1610.68701171875 1637770396.299305
1610.68701171875 1637770396.461351
1610.68701171875 1637770396.623176
1610.68701171875 1637770396.785283
1610.68701171875 1637770396.947157
1610.68701171875 1637770397.109062
1610.68701171875 1637770397.27106
1610.68701171875 1637770397.433075
1610.68701171875 1637770397.595067
1610.68701171875 1637770397.756912
1610.68701171875 1637770397.918814
1610.68701171875 1637770398.080974
1610.68701171875 1637770398.242754
1610.68701171875 1637770398.404704
1610.68701171875 1637770398.566675
1610.68701171875 1637770398.728579
1610.68701171875 1637770398.890754
1610.68701171875 1637770399.05255
1610.68701171875 1637770399.214421
1610.68701171875 1637770399.37648
1610.68701171875 1637770399.538397
1610.68701171875 1637770399.700707
1610.68701171875 1637770399.86331
1610.68701171875 1637770400.025173
1610.68701171875 1637770400.187212
1610.68701171875 1637770400.349147
1610.68701171875 1637770400.511183
1610.68701171875 1637770400.673238
1610.68701171875 1637770400.834964
1610.68701171875 1637770400.996992
1610.68701171875 1637770401.158879
1610.68701171875 1637770401.320933
1610.68701171875 1637770401.482767
1610.68701171875 1637770401.644827
1610.68701171875 1637770401.806696
1610.68701171875 1637770401.968728
1610.68701171875 1637770402.13056
1610.68701171875 1637770402.292606
1610.68701171875 1637770402.454561
1610.68701171875 1637770402.6166
1610.68701171875 1637770402.778391
1610.68701171875 1637770402.940432
1610.68701171875 1637770403.102448
1610.68701171875 1637770403.264412
1610.68701171875 1637770403.42622
1610.68701171875 1637770403.5883
1610.68701171875 1637770403.75011
1610.68701171875 1637770403.912146
1610.68701171875 1637770404.074169
1610.68701171875 1637770404.236096
1610.68701171875 1637770404.397972
1610.68701171875 1637770404.55991
1610.68701171875 1637770404.721978
1610.68701171875 1637770404.883865
1610.68701171875 1637770405.04577
1610.68701171875 1637770405.207682
1610.68701171875 1637770405.36964
1610.68701171875 1637770405.531747
1610.68701171875 1637770405.693619
1610.68701171875 1637770405.855609
1610.68701171875 1637770406.017603
1610.68701171875 1637770406.179424
1610.68701171875 1637770406.341368
1610.68701171875 1637770406.5034
1610.68701171875 1637770406.665248
1610.68701171875 1637770406.827268
1610.68701171875 1637770406.989177
1610.68701171875 1637770407.15124
1610.68701171875 1637770407.314993
1610.68701171875 1637770407.477024
1610.68701171875 1637770407.639054
1610.68701171875 1637770407.80109
1610.68701171875 1637770407.962958
1610.68701171875 1637770408.124993
1610.68701171875 1637770408.286869
1610.68701171875 1637770408.448842
1610.68701171875 1637770408.610783
1610.68701171875 1637770408.772689
1610.68701171875 1637770408.934774
1610.68701171875 1637770409.096681
1610.68701171875 1637770409.258659
1610.68701171875 1637770409.420624
1610.68701171875 1637770409.582473
1610.68701171875 1637770409.744514
1610.68701171875 1637770409.906363
1610.68701171875 1637770410.068451
1610.68701171875 1637770410.230378
1610.68701171875 1637770410.392235
1610.68701171875 1637770410.554147
1610.68701171875 1637770410.716184
1610.68701171875 1637770410.878092
1610.68701171875 1637770411.040132
1610.68701171875 1637770411.202055
1610.68701171875 1637770411.363935
1610.68701171875 1637770411.525979
1610.68701171875 1637770411.687892
1610.68701171875 1637770411.849747
1610.68701171875 1637770412.011825
1610.68701171875 1637770412.173683
1610.68701171875 1637770412.335767
1610.68701171875 1637770412.497697
1610.68701171875 1637770412.659546
1610.68701171875 1637770412.821669
1610.68701171875 1637770412.983644
1610.68701171875 1637770413.14543
1610.68701171875 1637770413.307452
1610.68701171875 1637770413.469457
1610.68701171875 1637770413.631313
1610.68701171875 1637770413.793266
1610.68701171875 1637770413.955185
1610.68701171875 1637770414.117335
1610.68701171875 1637770414.279141
1610.68701171875 1637770414.441164
1610.68701171875 1637770414.603107
1610.68701171875 1637770414.764921
1610.68701171875 1637770414.926987
1610.68701171875 1637770415.08888
1610.68701171875 1637770415.250872
1610.68701171875 1637770415.412739
1610.68701171875 1637770415.574748
1610.68701171875 1637770415.736687
1610.68701171875 1637770415.898696
1610.68701171875 1637770416.060642
1610.68701171875 1637770416.222432
1610.68701171875 1637770416.384491
1610.68701171875 1637770416.546505
1610.68701171875 1637770416.708383
1610.68701171875 1637770416.870355
1610.68701171875 1637770417.032411
1610.68701171875 1637770417.194236
1610.68701171875 1637770417.356157
1610.68701171875 1637770417.518169
1610.68701171875 1637770417.680207
1610.68701171875 1637770417.842072
1610.68701171875 1637770418.004075
1610.68701171875 1637770418.16599
1610.68701171875 1637770418.328025
1610.68701171875 1637770418.489865
1610.68701171875 1637770418.651914
1610.68701171875 1637770418.813876
1610.68701171875 1637770418.975802
1610.68701171875 1637770419.137787
1610.68701171875 1637770419.29983
1610.68701171875 1637770419.461681
1610.68701171875 1637770419.623608
1610.68701171875 1637770419.785518
1610.68701171875 1637770419.947466
1610.68701171875 1637770420.109528
1610.68701171875 1637770420.27133
1610.68701171875 1637770420.433392
1610.68701171875 1637770420.595268
1610.68701171875 1637770420.757304
1610.68701171875 1637770420.919117
1610.68701171875 1637770421.081182
1610.68701171875 1637770421.243054
1610.68701171875 1637770421.404941
1610.68701171875 1637770421.56695
1610.68701171875 1637770421.72904
1610.68701171875 1637770421.890914
1610.68701171875 1637770422.052931
1610.68701171875 1637770422.214788
1610.68701171875 1637770422.376716
1610.68701171875 1637770422.53875
1610.68701171875 1637770422.70073
1610.68701171875 1637770422.86256
1610.68701171875 1637770423.02468
1610.68701171875 1637770423.186751
1610.68701171875 1637770423.348494
1610.68701171875 1637770423.510431
1610.68701171875 1637770423.672328
1610.68701171875 1637770423.834396
1610.68701171875 1637770423.99628
1610.68701171875 1637770424.158272
1610.68701171875 1637770424.320173
1610.68701171875 1637770424.482216
1610.68701171875 1637770424.644075
1610.68701171875 1637770424.806073
1610.68701171875 1637770424.967984
1610.68701171875 1637770425.129896
1610.68701171875 1637770425.292064
1610.68701171875 1637770425.453834
1610.68701171875 1637770425.61592
1610.68701171875 1637770425.777812
1610.68701171875 1637770425.939753
1610.68701171875 1637770426.101609
1610.68701171875 1637770426.26373
1610.68701171875 1637770426.425577
1610.68701171875 1637770426.587594
1610.68701171875 1637770426.749467
1610.68701171875 1637770426.91152
1610.68701171875 1637770427.073427
1610.68701171875 1637770427.235356
1610.68701171875 1637770427.397295
1610.68701171875 1637770427.559223
1610.68701171875 1637770427.721249
1610.68701171875 1637770427.883176
1610.68701171875 1637770428.045063
1610.68701171875 1637770428.207136
1610.68701171875 1637770428.369054
1610.68701171875 1637770428.531021
1610.68701171875 1637770428.693003
1610.68701171875 1637770428.854896
1610.68701171875 1637770429.016827
1610.68701171875 1637770429.178947
1610.68701171875 1637770429.340838
1610.68701171875 1637770429.502708
1610.68701171875 1637770429.66466
1610.68701171875 1637770429.826693
1610.68701171875 1637770429.988579
1610.68701171875 1637770430.150525
1610.68701171875 1637770430.312372
1610.68701171875 1637770430.474427
1610.68701171875 1637770430.636275
1610.68701171875 1637770430.798438
1610.68701171875 1637770430.960232
1610.68701171875 1637770431.122292
1610.68701171875 1637770431.284179
1610.68701171875 1637770431.446074
1610.68701171875 1637770431.60818
1610.68701171875 1637770431.770037
1610.68701171875 1637770431.932087
1610.68701171875 1637770432.093901
1610.68701171875 1637770432.255941
1610.68701171875 1637770432.417804
1610.68701171875 1637770432.579808
1610.68701171875 1637770432.741795
1610.68701171875 1637770432.90367
1610.68701171875 1637770433.065763
1610.68701171875 1637770433.227514
1610.68701171875 1637770433.389599
1610.68701171875 1637770433.551434
1610.68701171875 1637770433.713512
1610.68701171875 1637770433.875391
1610.68701171875 1637770434.03743
1610.68701171875 1637770434.199265
1610.68701171875 1637770434.361333
1610.68701171875 1637770434.523193
1610.68701171875 1637770434.685273
1610.68701171875 1637770434.847161
1610.68701171875 1637770435.009038
1610.68701171875 1637770435.17113
1610.68701171875 1637770435.333045
1610.68701171875 1637770435.494918
1610.68701171875 1637770435.65683
1610.68701171875 1637770435.818952
1610.68701171875 1637770435.98075
1610.68701171875 1637770436.142801
1610.68701171875 1637770436.304767
1610.68701171875 1637770436.4666
1610.68701171875 1637770436.628655
1610.68701171875 1637770436.79066
1610.68701171875 1637770436.952469
1610.68701171875 1637770437.114506
1610.68701171875 1637770437.276548
1610.68701171875 1637770437.438382
1610.68701171875 1637770437.600411
1610.68701171875 1637770437.762198
1610.68701171875 1637770437.924266
1610.68701171875 1637770438.086265
1610.68701171875 1637770438.248154
1610.68701171875 1637770438.410032
1610.68701171875 1637770438.572066
1610.68701171875 1637770438.734054
1610.68701171875 1637770438.896093
1610.68701171875 1637770439.058024
1610.68701171875 1637770439.219884
1610.68701171875 1637770439.381923
1610.68701171875 1637770439.543842
1610.68701171875 1637770439.705667
1610.68701171875 1637770439.867813
1610.68701171875 1637770440.029618
1610.68701171875 1637770440.191537
1610.68701171875 1637770440.353625
1610.68701171875 1637770440.515533
1610.68701171875 1637770440.677413
1610.68701171875 1637770440.839474
1610.68701171875 1637770441.001357
1610.68701171875 1637770441.163285
1610.68701171875 1637770441.325172
1610.68701171875 1637770441.48711
1610.68701171875 1637770441.649245
1610.68701171875 1637770441.811155
1610.68701171875 1637770441.973089
1610.68701171875 1637770442.135008
1610.68701171875 1637770442.296878
1610.68701171875 1637770442.458955
1610.68701171875 1637770442.620861
1610.68701171875 1637770442.782818
1610.68701171875 1637770442.944842
1610.68701171875 1637770443.106721
1610.68701171875 1637770443.268694
1610.68701171875 1637770443.430652
1610.68701171875 1637770443.592559
1610.68701171875 1637770443.754594
1610.68701171875 1637770443.916523
1610.68701171875 1637770444.078583
1610.68701171875 1637770444.240463
1610.68701171875 1637770444.40232
1610.68701171875 1637770444.564411
1610.68701171875 1637770444.726204
1610.68701171875 1637770444.888332
1610.68701171875 1637770445.050205
1610.68701171875 1637770445.212074
1610.68701171875 1637770445.374206
1610.68701171875 1637770445.536034
1610.68701171875 1637770445.697935
1610.68701171875 1637770445.860012
1610.68701171875 1637770446.021868
1610.68701171875 1637770446.183815
1610.68701171875 1637770446.345828
1610.68701171875 1637770446.507819
1610.68701171875 1637770446.669654
1610.68701171875 1637770446.83174
1610.68701171875 1637770446.993668
1610.68701171875 1637770447.15555
1610.68701171875 1637770447.317602
1610.68701171875 1637770447.479471
1610.68701171875 1637770447.641523
1610.68701171875 1637770447.803407
1610.68701171875 1637770447.965336
1610.68701171875 1637770448.127155
1610.68701171875 1637770448.289302
1610.68701171875 1637770448.451237
1610.68701171875 1637770448.613113
1610.68701171875 1637770448.775155
1610.68701171875 1637770448.937039
1610.68701171875 1637770449.098996
1610.68701171875 1637770449.261047
1610.68701171875 1637770449.423023
1610.68701171875 1637770449.584851
1610.68701171875 1637770449.746872
1610.68701171875 1637770449.90877
1610.68701171875 1637770450.070848
1610.68701171875 1637770450.23276
1610.68701171875 1637770450.394532
1610.68701171875 1637770450.556724
1610.68701171875 1637770450.718522
1610.68701171875 1637770450.8804
1610.68701171875 1637770451.042505
1610.68701171875 1637770451.204355
1610.68701171875 1637770451.366377
1610.68701171875 1637770451.52823
