1610.68701171875 1637771593.262771
1610.68701171875 1637771593.424598
1610.68701171875 1637771593.586601
1610.68701171875 1637771593.74857
1610.68701171875 1637771593.910398
1610.68701171875 1637771594.072455
1610.68701171875 1637771594.234309
1610.68701171875 1637771594.396316
1610.68701171875 1637771594.558159
1610.68701171875 1637771594.720159
1610.68701171875 1637771594.882215
1610.68701171875 1637771595.044011
1610.68701171875 1637771595.206002
1610.68701171875 1637771595.367993
1610.68701171875 1637771595.529977
1610.68701171875 1637771595.691862
1610.68701171875 1637771595.853841
1610.68701171875 1637771596.01586
1610.68701171875 1637771596.177745
1610.68701171875 1637771596.339685
1610.68701171875 1637771596.501697
1610.68701171875 1637771596.663544
1610.68701171875 1637771596.825512
1610.68701171875 1637771596.987626
1610.68701171875 1637771597.149549
1610.68701171875 1637771597.311516
1610.68701171875 1637771597.473339
1610.68701171875 1637771597.635293
1610.68701171875 1637771597.797314
1610.68701171875 1637771597.959096
1610.68701171875 1637771598.121108
1610.68701171875 1637771598.2831
1610.68701171875 1637771598.444959
1610.68701171875 1637771598.607003
1610.68701171875 1637771598.769041
1610.68701171875 1637771598.930908
1610.68701171875 1637771599.092904
1610.68701171875 1637771599.25477
1610.68701171875 1637771599.416831
1610.68701171875 1637771599.578678
1610.68701171875 1637771599.740685
1610.68701171875 1637771599.902646
1610.68701171875 1637771600.064486
1610.68701171875 1637771600.226544
1610.68701171875 1637771600.388355
1610.68701171875 1637771600.550366
1610.68701171875 1637771600.712467
1610.68701171875 1637771600.8743
1610.68701171875 1637771601.036222
1610.68701171875 1637771601.198263
1610.68701171875 1637771601.360146
1610.68701171875 1637771601.521981
1610.68701171875 1637771601.684043
1610.68701171875 1637771601.845918
1610.68701171875 1637771602.007902
1610.68701171875 1637771602.169999
1610.68701171875 1637771602.331846
1610.68701171875 1637771602.493749
1610.68701171875 1637771602.655772
1610.68701171875 1637771602.817695
1610.68701171875 1637771602.97969
1610.68701171875 1637771603.141565
1610.68701171875 1637771603.303782
1610.68701171875 1637771603.465512
1610.68701171875 1637771603.627459
1610.68701171875 1637771603.789287
1610.68701171875 1637771603.951313
1610.68701171875 1637771604.113414
1610.68701171875 1637771604.275285
1610.68701171875 1637771604.437177
1610.68701171875 1637771604.599164
1610.68701171875 1637771604.761027
1610.68701171875 1637771604.923025
1610.68701171875 1637771605.085136
1610.68701171875 1637771605.246839
1610.68701171875 1637771605.408946
1610.68701171875 1637771605.570904
1610.68701171875 1637771605.73277
1610.68701171875 1637771605.894665
1610.68701171875 1637771606.056709
1610.68701171875 1637771606.218552
1610.68701171875 1637771606.380606
1610.68701171875 1637771606.542535
1610.68701171875 1637771606.704406
1610.68701171875 1637771606.86641
1610.68701171875 1637771607.028437
1610.68701171875 1637771607.190232
1610.68701171875 1637771607.352217
1610.68701171875 1637771607.514206
1610.68701171875 1637771607.676209
1610.68701171875 1637771607.838111
1610.68701171875 1637771608.000107
1610.68701171875 1637771608.161971
1610.68701171875 1637771608.323984
1610.68701171875 1637771608.485878
1610.68701171875 1637771608.647943
1610.68701171875 1637771608.809767
1610.68701171875 1637771608.971702
1610.68701171875 1637771609.133759
1610.68701171875 1637771609.295768
1610.68701171875 1637771609.457678
1610.68701171875 1637771609.619509
1610.68701171875 1637771609.781586
1610.68701171875 1637771609.943527
1610.68701171875 1637771610.105339
1610.68701171875 1637771610.267351
1610.68701171875 1637771610.429308
1610.68701171875 1637771610.591298
1610.68701171875 1637771610.753146
1610.68701171875 1637771610.91521
1610.68701171875 1637771611.077079
1610.68701171875 1637771611.238963
1610.68701171875 1637771611.400998
1610.68701171875 1637771611.562937
1610.68701171875 1637771611.724989
1610.68701171875 1637771611.886816
1610.68701171875 1637771612.048742
1610.68701171875 1637771612.210768
1610.68701171875 1637771612.372632
1610.68701171875 1637771612.534696
1610.68701171875 1637771612.696605
1610.68701171875 1637771612.8586
1610.68701171875 1637771613.020568
1610.68701171875 1637771613.182365
1610.68701171875 1637771613.344517
1610.68701171875 1637771613.506347
1610.68701171875 1637771613.668364
1610.68701171875 1637771613.830255
1610.68701171875 1637771613.992221
1610.68701171875 1637771614.154136
1610.68701171875 1637771614.316205
1610.68701171875 1637771614.478054
1610.68701171875 1637771614.639934
1610.68701171875 1637771614.802018
1610.68701171875 1637771614.963916
1610.68701171875 1637771615.125943
1610.68701171875 1637771615.287764
1610.68701171875 1637771615.449806
1610.68701171875 1637771615.61166
1610.68701171875 1637771615.773736
1610.68701171875 1637771615.935551
1610.68701171875 1637771616.09743
1610.68701171875 1637771616.259514
1610.68701171875 1637771616.421361
1610.68701171875 1637771616.583441
1610.68701171875 1637771616.745324
1610.68701171875 1637771616.907345
1610.68701171875 1637771617.069249
1610.68701171875 1637771617.231266
1610.68701171875 1637771617.393202
1610.68701171875 1637771617.555194
1610.68701171875 1637771617.717084
1610.68701171875 1637771617.878892
1610.68701171875 1637771618.041087
1610.68701171875 1637771618.202816
1610.68701171875 1637771618.364849
1610.68701171875 1637771618.52679
1610.68701171875 1637771618.688739
1610.68701171875 1637771618.850779
1610.68701171875 1637771619.012647
1610.68701171875 1637771619.174501
1610.68701171875 1637771619.336499
1610.68701171875 1637771619.4984
1610.68701171875 1637771619.660529
1610.68701171875 1637771619.822352
1610.68701171875 1637771619.984435
1610.68701171875 1637771620.14632
1610.68701171875 1637771620.308225
1610.68701171875 1637771620.470168
1610.68701171875 1637771620.632156
1610.68701171875 1637771620.794007
1610.68701171875 1637771620.956079
1610.68701171875 1637771621.117995
1610.68701171875 1637771621.27993
1610.68701171875 1637771621.441922
1610.68701171875 1637771621.603818
1610.68701171875 1637771621.765813
1610.68701171875 1637771621.927685
1610.68701171875 1637771622.089755
1610.68701171875 1637771622.251626
1610.68701171875 1637771622.413459
1610.68701171875 1637771622.575508
1610.68701171875 1637771622.737549
1610.68701171875 1637771622.899399
1610.68701171875 1637771623.061415
1610.68701171875 1637771623.223272
1610.68701171875 1637771623.38523
1610.68701171875 1637771623.547238
1610.68701171875 1637771623.70912
1610.68701171875 1637771623.871112
1610.68701171875 1637771624.033076
1610.68701171875 1637771624.194977
1610.68701171875 1637771624.356996
1610.68701171875 1637771624.518907
1610.68701171875 1637771624.680887
1610.68701171875 1637771624.842701
1610.68701171875 1637771625.004773
1610.68701171875 1637771625.166682
1610.68701171875 1637771625.328672
1610.68701171875 1637771625.490585
1610.68701171875 1637771625.652655
1610.68701171875 1637771625.814444
1610.68701171875 1637771625.976356
1610.68701171875 1637771626.138405
1610.68701171875 1637771626.300368
1610.68701171875 1637771626.462224
1610.68701171875 1637771626.624207
1610.68701171875 1637771626.786222
1610.68701171875 1637771626.948061
1610.68701171875 1637771627.110133
1610.68701171875 1637771627.272041
1610.68701171875 1637771627.434061
1610.68701171875 1637771627.596036
1610.68701171875 1637771627.75805
1610.68701171875 1637771627.919837
1610.68701171875 1637771628.081712
1610.68701171875 1637771628.243737
1610.68701171875 1637771628.405655
1610.68701171875 1637771628.567691
1610.68701171875 1637771628.729583
1610.68701171875 1637771628.891641
1610.68701171875 1637771629.053485
1610.68701171875 1637771629.215409
1610.68701171875 1637771629.377487
1610.68701171875 1637771629.539428
1610.68701171875 1637771629.701352
1610.68701171875 1637771629.863317
1610.68701171875 1637771630.025122
1610.68701171875 1637771630.187205
1610.68701171875 1637771630.349046
1610.68701171875 1637771630.511064
1610.68701171875 1637771630.672967
1610.68701171875 1637771630.834976
1610.68701171875 1637771630.996882
