-1.94 1624947543.390111 start_exp
-1.94 1624947543.673106 start_0_iteration
-1.94 1624947544.473218
-1.94 1624947544.47673
-1.94 1624947544.480307
-1.94 1624947544.483917
-1.94 1624947544.487468
-1.94 1624947544.491011
-1.94 1624947544.494605
-1.94 1624947544.49816
-1.94 1624947544.501733
-1.94 1624947544.505239
-1.94 1624947544.508824
-1.94 1624947544.512394
-1.94 1624947544.51612
-1.94 1624947544.519819
-1.94 1624947544.523582
-1.94 1624947544.527358
-1.94 1624947544.531082
-1.94 1624947544.53506
-1.94 1624947544.539009
-1.94 1624947544.542788
-1.94 1624947544.546771
-1.94 1624947544.550493
-1.94 1624947544.554648
-1.94 1624947544.558686
-1.94 1624947544.562499
-1.94 1624947544.566269
-1.94 1624947544.573207
-1.94 1624947544.576926
-1.94 1624947544.58073
-1.94 1624947544.58475
-1.94 1624947544.58876
-1.94 1624947544.592532
-1.94 1624947544.596273
-1.94 1624947544.600188
-1.94 1624947544.603909
-1.94 1624947544.607765
-1.94 1624947544.611585
-1.94 1624947544.615419
-1.94 1624947544.619265
-1.94 1624947544.623137
-1.94 1624947544.627
-1.94 1624947544.630743
-1.94 1624947544.634494
-1.94 1624947544.638212
-1.94 1624947544.641966
-1.94 1624947544.645677
-1.94 1624947544.649385
-1.94 1624947544.653104
-1.94 1624947544.656762
-1.94 1624947544.660462
-1.94 1624947544.664116
-1.94 1624947544.667797
-1.94 1624947544.672706
-1.94 1624947544.67634
-1.94 1624947544.680071
-1.94 1624947544.683704
-1.94 1624947544.68737
-1.94 1624947544.691065
-1.94 1624947544.694747
-1.94 1624947544.69861
-1.94 1624947544.702325
-1.94 1624947544.706075
-1.94 1624947544.709831
-1.94 1624947544.713537
-1.94 1624947544.717236
-1.94 1624947544.720915
-1.94 1624947544.724635
-1.94 1624947544.728239
-1.94 1624947544.731892
-1.94 1624947544.735593
-1.94 1624947544.739336
-1.94 1624947544.743012
-1.94 1624947544.746689
-1.94 1624947544.750421
-1.94 1624947544.754136
-1.94 1624947544.757769
-1.94 1624947544.761491
-1.94 1624947544.765153
-1.94 1624947544.768938
-1.94 1624947544.772753
-1.94 1624947544.776519
-1.94 1624947544.780164
-1.94 1624947544.783853
-1.94 1624947544.787817
-1.94 1624947544.791509
-1.94 1624947544.795213
-1.94 1624947544.798842
-1.94 1624947544.802548
-1.94 1624947544.8062
-1.94 1624947544.809906
-1.94 1624947544.813701
-1.94 1624947544.817437
-1.94 1624947544.821092
-1.94 1624947544.824716
-1.94 1624947544.828379
-1.94 1624947544.832093
-1.94 1624947544.835921
-1.94 1624947544.839813
-1.94 1624947544.843569
-1.94 1624947544.847322
-1.94 1624947544.851025
-1.94 1624947544.854673
-1.94 1624947544.858384
-1.94 1624947544.862171
-1.94 1624947544.86583
-1.94 1624947544.86949
-1.94 1624947544.873205
-1.94 1624947544.876982
-1.94 1624947544.880694
-1.94 1624947544.884463
-1.94 1624947544.888136
-1.94 1624947544.891762
-1.94 1624947544.895498
-1.94 1624947544.899231
-1.94 1624947544.90297
-1.94 1624947544.90658
-1.94 1624947544.9103
-1.94 1624947544.914099
-1.94 1624947544.917836
-1.94 1624947544.921545
-1.94 1624947544.925572
-1.94 1624947544.929297
-1.94 1624947544.933102
-1.94 1624947544.936731
-1.94 1624947544.940442
-1.94 1624947544.944085
-1.94 1624947544.947805
-1.94 1624947544.951525
-1.94 1624947544.955344
-1.94 1624947544.959086
-1.94 1624947544.962859
-1.94 1624947544.966646
-1.94 1624947544.973515
-1.94 1624947544.977102
-1.94 1624947544.980805
-1.94 1624947544.984469
-1.94 1624947544.988189
-1.94 1624947544.991939
-1.94 1624947544.995679
-1.94 1624947544.999377
-1.94 1624947545.00306
-1.94 1624947545.006766
-1.94 1624947545.01053
-1.94 1624947545.014335
-1.94 1624947545.017965
-1.94 1624947545.021646
-1.94 1624947545.025348
-1.94 1624947545.028997
-1.94 1624947545.032736
-1.94 1624947545.040408
-1.94 1624947545.044093
-1.94 1624947545.047861
-1.94 1624947545.051473
-1.94 1624947545.055152
-1.94 1624947545.058735
-1.94 1624947545.062451
-1.94 1624947545.066057
-1.94 1624947545.069849
-1.94 1624947545.074237
-1.94 1624947545.077905
-1.94 1624947545.081709
-1.94 1624947545.085447
-1.94 1624947545.088999
-1.94 1624947545.092715
-1.94 1624947545.096395
-1.94 1624947545.100063
-1.94 1624947545.103708
-1.94 1624947545.107353
-1.94 1624947545.111127
-1.94 1624947545.114843
-1.94 1624947545.118636
-1.94 1624947545.12257
-1.94 1624947545.126256
-1.94 1624947545.129931
-1.94 1624947545.133737
-1.94 1624947545.137357
-1.94 1624947545.141079
-1.94 1624947545.144663
-1.94 1624947545.148236
-1.94 1624947545.151802
-1.94 1624947545.155426
-1.94 1624947545.159049
-1.94 1624947545.162584
-1.94 1624947545.166245
-1.94 1624947545.170066
-1.94 1624947545.173683
-1.94 1624947545.17721
-1.94 1624947545.180737
-1.94 1624947545.184356
-1.94 1624947545.18791
-1.94 1624947545.191487
-1.94 1624947545.19505
-1.44 1624947545.19859
0.29 1624947545.202298
0.85 1624947545.206079
9.03 1624947545.276438 touch_grd
1.1 1624947548.592127 go_up_roll
-1.94 1624947549.807908 start_1_iteration
-1.94 1624947550.600738
-1.94 1624947550.604354
-1.94 1624947550.608029
-1.94 1624947550.611615
-1.94 1624947550.615213
-1.94 1624947550.618707
-1.94 1624947550.622314
-1.94 1624947550.625927
-1.94 1624947550.629508
-1.94 1624947550.633091
-1.94 1624947550.636788
-1.94 1624947550.6404
-1.94 1624947550.644034
-1.94 1624947550.647624
-1.94 1624947550.651235
-1.94 1624947550.654734
-1.94 1624947550.658241
-1.94 1624947550.661785
-1.94 1624947550.665363
-1.94 1624947550.668948
-1.94 1624947550.672497
-1.94 1624947550.676
-1.94 1624947550.679506
-1.94 1624947550.683076
-1.94 1624947550.686647
-1.94 1624947550.690203
-1.94 1624947550.693735
-1.94 1624947550.697253
-1.94 1624947550.700886
-1.94 1624947550.704491
-1.94 1624947550.708031
-1.94 1624947550.711725
-1.94 1624947550.715394
-1.94 1624947550.719011
-1.94 1624947550.722608
-1.94 1624947550.726141
-1.94 1624947550.729725
-1.94 1624947550.733307
-1.94 1624947550.736956
-1.94 1624947550.7406
-1.94 1624947550.744259
-1.94 1624947550.747801
-1.94 1624947550.751349
-1.94 1624947550.754976
-1.94 1624947550.758466
-1.94 1624947550.762121
-1.94 1624947550.765683
-1.94 1624947550.76928
-1.94 1624947550.772797
-1.94 1624947550.776362
-1.94 1624947550.780027
-1.94 1624947550.783583
-1.94 1624947550.787052
-1.94 1624947550.790699
-1.94 1624947550.794222
-1.94 1624947550.798141
-1.94 1624947550.801728
-1.94 1624947550.805387
-1.94 1624947550.809075
-1.94 1624947550.81263
-1.94 1624947550.816208
-1.94 1624947550.819849
-1.94 1624947550.823404
-1.94 1624947550.826933
-1.94 1624947550.830414
-1.94 1624947550.834037
-1.94 1624947550.837615
-1.94 1624947550.841197
-1.94 1624947550.844822
-1.94 1624947550.848499
-1.94 1624947550.852022
-1.94 1624947550.855634
-1.94 1624947550.85929
-1.94 1624947550.862816
-1.94 1624947550.866408
-1.94 1624947550.87008
-1.94 1624947550.873624
-1.94 1624947550.87716
-1.94 1624947550.880742
-1.94 1624947550.884357
-1.94 1624947550.888035
-1.94 1624947550.891601
-1.94 1624947550.895118
-1.94 1624947550.898683
-1.94 1624947550.90226
-1.94 1624947550.905872
-1.94 1624947550.909504
-1.94 1624947550.91319
-1.94 1624947550.916768
-1.94 1624947550.924086
-1.94 1624947550.927764
-1.94 1624947550.931359
-1.94 1624947550.935104
-1.94 1624947550.938732
-1.94 1624947550.942314
-1.94 1624947550.945859
-1.94 1624947550.949398
-1.94 1624947550.953095
-1.94 1624947550.95662
-1.94 1624947550.960191
-1.94 1624947550.963794
-1.94 1624947550.967433
-1.94 1624947550.971071
-1.94 1624947550.974717
-1.94 1624947550.978351
-1.94 1624947550.982017
-1.94 1624947550.985666
-1.94 1624947550.98928
-1.94 1624947550.992803
-1.94 1624947550.996451
-1.94 1624947551.00028
-1.94 1624947551.004066
-1.94 1624947551.007772
-1.94 1624947551.011495
-1.94 1624947551.015146
-1.94 1624947551.018834
-1.94 1624947551.022509
-1.94 1624947551.026136
-1.94 1624947551.029795
-1.94 1624947551.033675
-1.94 1624947551.037271
-1.94 1624947551.040986
-1.94 1624947551.044766
-1.94 1624947551.04843
-1.94 1624947551.052124
-1.94 1624947551.05577
-1.94 1624947551.05936
-1.94 1624947551.063032
-1.94 1624947551.066734
-1.94 1624947551.070348
-1.94 1624947551.074034
-1.94 1624947551.077722
-1.94 1624947551.081384
-1.94 1624947551.085064
-1.94 1624947551.088612
-1.94 1624947551.092127
-1.94 1624947551.095775
-1.94 1624947551.099677
-1.94 1624947551.103356
-1.94 1624947551.107072
-1.94 1624947551.110701
-1.94 1624947551.114453
-1.94 1624947551.118179
-1.94 1624947551.125326
-1.94 1624947551.129045
-1.94 1624947551.132703
-1.94 1624947551.136304
-1.94 1624947551.13994
-1.94 1624947551.143524
-1.94 1624947551.147048
-1.94 1624947551.150613
-1.94 1624947551.154191
-1.94 1624947551.15792
-1.94 1624947551.161667
-1.94 1624947551.165285
-1.94 1624947551.169027
-1.94 1624947551.172709
-1.94 1624947551.176289
-1.94 1624947551.179804
-1.94 1624947551.183499
-1.94 1624947551.187189
-1.94 1624947551.190877
-1.94 1624947551.194555
-1.94 1624947551.198539
-1.94 1624947551.20435
-1.94 1624947551.208063
-1.94 1624947551.211735
-1.94 1624947551.215376
-1.94 1624947551.219058
-1.94 1624947551.222652
-1.94 1624947551.226228
-1.94 1624947551.230046
-1.94 1624947551.233622
-1.94 1624947551.237208
-1.94 1624947551.24079
-1.94 1624947551.244469
-1.94 1624947551.248124
-1.94 1624947551.251787
-1.94 1624947551.25544
-1.94 1624947551.259036
-1.94 1624947551.262667
-1.94 1624947551.266325
-1.94 1624947551.270076
-1.94 1624947551.273759
-1.94 1624947551.277374
-1.94 1624947551.281085
-1.94 1624947551.284679
-1.94 1624947551.288361
-1.94 1624947551.292
-1.94 1624947551.295662
-1.94 1624947551.301328
-1.94 1624947551.305081
-1.94 1624947551.308723
-1.94 1624947551.312231
-1.94 1624947551.315708
-1.94 1624947551.31931
-1.94 1624947551.323163
-1.94 1624947551.326745
-1.94 1624947551.330455
-1.94 1624947551.334096
3.45 1624947551.33781
9.71 1624947551.404913 touch_grd
0.91 1624947554.72452 go_up_roll
-1.94 1624947555.93275 start_2_iteration
-1.94 1624947556.727696
-1.94 1624947556.731337
-1.94 1624947556.735028
-1.94 1624947556.7386
-1.94 1624947556.742049
-1.94 1624947556.745577
-1.94 1624947556.749488
-1.94 1624947556.753117
-1.94 1624947556.756709
-1.94 1624947556.760274
-1.94 1624947556.763947
-1.94 1624947556.767614
-1.94 1624947556.771168
-1.94 1624947556.774707
-1.94 1624947556.778315
-1.94 1624947556.782021
-1.94 1624947556.78558
-1.94 1624947556.789089
-1.94 1624947556.792667
-1.94 1624947556.796239
-1.94 1624947556.799784
-1.94 1624947556.803325
-1.94 1624947556.806909
-1.94 1624947556.810427
-1.94 1624947556.814067
-1.94 1624947556.81772
-1.94 1624947556.821265
-1.94 1624947556.824853
-1.94 1624947556.828392
-1.94 1624947556.831993
-1.94 1624947556.835581
-1.94 1624947556.839115
-1.94 1624947556.842642
-1.94 1624947556.846217
-1.94 1624947556.849756
-1.94 1624947556.853338
-1.94 1624947556.856998
-1.94 1624947556.860627
-1.94 1624947556.864165
-1.94 1624947556.867703
-1.94 1624947556.871252
-1.94 1624947556.874824
-1.94 1624947556.878384
-1.94 1624947556.88204
-1.94 1624947556.885636
-1.94 1624947556.889225
-1.94 1624947556.892776
-1.94 1624947556.896461
-1.94 1624947556.899994
-1.94 1624947556.90365
-1.94 1624947556.907245
-1.94 1624947556.910787
-1.94 1624947556.91438
-1.94 1624947556.917916
-1.94 1624947556.921512
-1.94 1624947556.925143
-1.94 1624947556.928695
-1.94 1624947556.932326
-1.94 1624947556.936096
-1.94 1624947556.939833
-1.94 1624947556.943553
-1.94 1624947556.947241
-1.94 1624947556.951104
-1.94 1624947556.955057
-1.94 1624947556.959174
-1.94 1624947556.963075
-1.94 1624947556.967012
-1.94 1624947556.970885
-1.94 1624947556.974679
-1.94 1624947556.978427
-1.94 1624947556.982257
-1.94 1624947556.986169
-1.94 1624947556.989896
-1.94 1624947556.993682
-1.94 1624947556.997537
-1.94 1624947557.001462
-1.94 1624947557.005243
-1.94 1624947557.009141
-1.94 1624947557.013031
-1.94 1624947557.016854
-1.94 1624947557.020751
-1.94 1624947557.027233
-1.94 1624947557.031238
-1.94 1624947557.035095
-1.94 1624947557.038785
-1.94 1624947557.042478
-1.94 1624947557.046371
-1.94 1624947557.050235
-1.94 1624947557.054119
-1.94 1624947557.057908
-1.94 1624947557.061733
-1.94 1624947557.065598
-1.94 1624947557.069331
-1.94 1624947557.073109
-1.94 1624947557.07712
-1.94 1624947557.080941
-1.94 1624947557.084634
-1.94 1624947557.088397
-1.94 1624947557.092214
-1.94 1624947557.096202
-1.94 1624947557.100147
-1.94 1624947557.103886
-1.94 1624947557.107622
-1.94 1624947557.111425
-1.94 1624947557.115295
-1.94 1624947557.119219
-1.94 1624947557.125753
-1.94 1624947557.133047
-1.94 1624947557.136843
-1.94 1624947557.140681
-1.94 1624947557.144519
-1.94 1624947557.148263
-1.94 1624947557.152017
-1.94 1624947557.155629
-1.94 1624947557.159207
-1.94 1624947557.162756
-1.94 1624947557.166308
-1.94 1624947557.170001
-1.94 1624947557.173611
-1.94 1624947557.177257
-1.94 1624947557.18095
-1.94 1624947557.184442
-1.94 1624947557.188031
-1.94 1624947557.191628
-1.94 1624947557.195318
-1.94 1624947557.199072
-1.94 1624947557.202634
-1.94 1624947557.206175
-1.94 1624947557.209803
-1.94 1624947557.213493
-1.94 1624947557.217141
-1.94 1624947557.220702
-1.94 1624947557.225532
-1.94 1624947557.229156
-1.94 1624947557.232665
-1.94 1624947557.236242
-1.94 1624947557.239845
-1.94 1624947557.243366
-1.94 1624947557.247048
-1.94 1624947557.250603
-1.94 1624947557.254207
-1.94 1624947557.257863
-1.94 1624947557.261438
-1.94 1624947557.265115
-1.94 1624947557.268695
-1.94 1624947557.272328
-1.94 1624947557.275974
-1.94 1624947557.279638
-1.94 1624947557.283249
-1.94 1624947557.287001
-1.94 1624947557.290638
-1.94 1624947557.294188
-1.94 1624947557.297827
-1.94 1624947557.301386
-1.94 1624947557.305029
-1.94 1624947557.308705
-1.94 1624947557.312379
-1.94 1624947557.316027
-1.94 1624947557.319611
-1.94 1624947557.323185
-1.94 1624947557.326739
-1.94 1624947557.330332
-1.94 1624947557.333983
-1.94 1624947557.337576
-1.94 1624947557.341146
-1.94 1624947557.344734
-1.94 1624947557.348457
-1.94 1624947557.352093
-1.94 1624947557.355608
-1.94 1624947557.359205
-1.94 1624947557.362968
-1.94 1624947557.366677
-1.94 1624947557.370348
-1.94 1624947557.374002
-1.94 1624947557.37763
-1.94 1624947557.381241
-1.94 1624947557.384847
-1.94 1624947557.388402
-1.94 1624947557.39196
-1.94 1624947557.39573
-1.94 1624947557.399534
-1.94 1624947557.403129
-1.94 1624947557.40678
-1.94 1624947557.410467
-1.94 1624947557.41759
-1.94 1624947557.421162
-1.94 1624947557.426408
-1.94 1624947557.430107
-1.94 1624947557.433823
-1.94 1624947557.437426
-1.94 1624947557.441096
-1.94 1624947557.444676
-1.94 1624947557.448403
-1.94 1624947557.452008
-1.88 1624947557.455633
0.97 1624947557.459434
9.09 1624947557.53079 touch_grd
2.21 1624947560.859234 go_up_roll
-1.94 1624947562.053691 start_3_iteration
-1.94 1624947562.852328
-1.94 1624947562.855996
-1.94 1624947562.859598
-1.94 1624947562.863246
-1.94 1624947562.867001
-1.94 1624947562.870566
-1.94 1624947562.874108
-1.94 1624947562.877653
-1.94 1624947562.881256
-1.94 1624947562.88489
-1.94 1624947562.888438
-1.94 1624947562.892009
-1.94 1624947562.895583
-1.94 1624947562.899169
-1.94 1624947562.90272
-1.94 1624947562.906265
-1.94 1624947562.909849
-1.94 1624947562.913424
-1.94 1624947562.916965
-1.94 1624947562.920561
-1.94 1624947562.924143
-1.94 1624947562.927824
-1.94 1624947562.93144
-1.94 1624947562.935018
-1.94 1624947562.93859
-1.94 1624947562.942184
-1.94 1624947562.945891
-1.94 1624947562.949388
-1.94 1624947562.952982
-1.94 1624947562.956579
-1.94 1624947562.960198
-1.94 1624947562.963731
-1.94 1624947562.967324
-1.94 1624947562.970973
-1.94 1624947562.974588
-1.94 1624947562.97813
-1.94 1624947562.981716
-1.94 1624947562.985364
-1.94 1624947562.988977
-1.94 1624947562.992617
-1.94 1624947562.996167
-1.94 1624947562.999729
-1.94 1624947563.003272
-1.94 1624947563.006861
-1.94 1624947563.010423
-1.94 1624947563.017568
-1.94 1624947563.021115
-1.94 1624947563.02468
-1.94 1624947563.028259
-1.94 1624947563.031878
-1.94 1624947563.035499
-1.94 1624947563.039018
-1.94 1624947563.042571
-1.94 1624947563.046174
-1.94 1624947563.049662
-1.94 1624947563.053146
-1.94 1624947563.056731
-1.94 1624947563.060272
-1.94 1624947563.063998
-1.94 1624947563.06768
-1.94 1624947563.071236
-1.94 1624947563.074757
-1.94 1624947563.07836
-1.94 1624947563.081894
-1.94 1624947563.08542
-1.94 1624947563.088905
-1.94 1624947563.092359
-1.94 1624947563.09598
-1.94 1624947563.099672
-1.94 1624947563.103183
-1.94 1624947563.106707
-1.94 1624947563.110376
-1.94 1624947563.114029
-1.94 1624947563.117654
-1.94 1624947563.121222
-1.94 1624947563.124776
-1.94 1624947563.128327
-1.94 1624947563.131991
-1.94 1624947563.135824
-1.94 1624947563.139404
-1.94 1624947563.143094
-1.94 1624947563.146749
-1.94 1624947563.151267
-1.94 1624947563.155053
-1.94 1624947563.158864
-1.94 1624947563.162642
-1.94 1624947563.166258
-1.94 1624947563.169938
-1.94 1624947563.173605
-1.94 1624947563.177275
-1.94 1624947563.181036
-1.94 1624947563.184757
-1.94 1624947563.188411
-1.94 1624947563.192069
-1.94 1624947563.195794
-1.94 1624947563.199436
-1.94 1624947563.20314
-1.94 1624947563.206832
-1.94 1624947563.210399
-1.94 1624947563.214023
-1.94 1624947563.217689
-1.94 1624947563.221277
-1.94 1624947563.225069
-1.94 1624947563.228706
-1.94 1624947563.232428
-1.94 1624947563.236226
-1.94 1624947563.240069
-1.94 1624947563.243733
-1.94 1624947563.247348
-1.94 1624947563.25166
-1.94 1624947563.255388
-1.94 1624947563.259083
-1.94 1624947563.262629
-1.94 1624947563.266309
-1.94 1624947563.270063
-1.94 1624947563.273805
-1.94 1624947563.277422
-1.94 1624947563.281097
-1.94 1624947563.284764
-1.94 1624947563.288467
-1.94 1624947563.29216
-1.94 1624947563.29582
-1.94 1624947563.299494
-1.94 1624947563.303115
-1.94 1624947563.306733
-1.94 1624947563.310439
-1.94 1624947563.314054
-1.94 1624947563.317701
-1.94 1624947563.321391
-1.94 1624947563.325123
-1.94 1624947563.328873
-1.94 1624947563.332646
-1.94 1624947563.336271
-1.94 1624947563.340087
-1.94 1624947563.34369
-1.94 1624947563.347429
-1.94 1624947563.351753
-1.94 1624947563.355395
-1.94 1624947563.359096
-1.94 1624947563.362829
-1.94 1624947563.366529
-1.94 1624947563.370187
-1.94 1624947563.373856
-1.94 1624947563.377612
-1.94 1624947563.381222
-1.94 1624947563.384985
-1.94 1624947563.388718
-1.94 1624947563.392479
-1.94 1624947563.396105
-1.94 1624947563.399768
-1.94 1624947563.403429
-1.94 1624947563.407181
-1.94 1624947563.410837
-1.94 1624947563.414649
-1.94 1624947563.41846
-1.94 1624947563.422157
-1.94 1624947563.425764
-1.94 1624947563.429438
-1.94 1624947563.4332
-1.94 1624947563.436807
-1.94 1624947563.440472
-1.94 1624947563.444105
-1.94 1624947563.447749
-1.94 1624947563.451843
-1.94 1624947563.455624
-1.94 1624947563.459319
-1.94 1624947563.462995
-1.94 1624947563.466617
-1.94 1624947563.470225
-1.94 1624947563.473916
-1.94 1624947563.477681
-1.94 1624947563.481376
-1.94 1624947563.485021
-1.94 1624947563.48861
-1.94 1624947563.492274
-1.94 1624947563.495932
-1.94 1624947563.499631
-1.94 1624947563.503314
-1.94 1624947563.507102
-1.94 1624947563.510752
-1.94 1624947563.514446
-1.94 1624947563.518105
-1.94 1624947563.521674
-1.94 1624947563.525261
-1.94 1624947563.528929
-1.94 1624947563.532608
-1.94 1624947563.536257
-1.94 1624947563.539906
-1.94 1624947563.54353
-1.94 1624947563.547055
-1.94 1624947563.551253
-1.94 1624947563.554951
-1.94 1624947563.55856
-1.94 1624947563.562128
-1.94 1624947563.565746
-1.94 1624947563.569307
-1.32 1624947563.572989
-0.27 1624947563.576737
-0.2 1624947563.580441
0.79 1624947563.58416
9.52 1624947563.655298 touch_grd
-0.33 1624947566.970161 go_up_roll
-1.94 1624947568.177979 start_4_iteration
-1.94 1624947568.978102
-1.94 1624947568.981726
-1.94 1624947568.985268
-1.94 1624947568.988957
-1.94 1624947568.99259
-1.94 1624947568.996231
-1.94 1624947568.999752
-1.94 1624947569.003332
-1.94 1624947569.006897
-1.94 1624947569.010447
-1.94 1624947569.014027
-1.94 1624947569.017779
-1.94 1624947569.021367
-1.94 1624947569.02498
-1.94 1624947569.028589
-1.94 1624947569.032154
-1.94 1624947569.035737
-1.94 1624947569.039347
-1.94 1624947569.042941
-1.94 1624947569.046567
-1.94 1624947569.050072
-1.94 1624947569.053647
-1.94 1624947569.0572
-1.94 1624947569.060773
-1.94 1624947569.064358
-1.94 1624947569.068021
-1.94 1624947569.071659
-1.94 1624947569.075257
-1.94 1624947569.078902
-1.94 1624947569.082535
-1.94 1624947569.086184
-1.94 1624947569.089733
-1.94 1624947569.093301
-1.94 1624947569.096966
-1.94 1624947569.100562
-1.94 1624947569.104249
-1.94 1624947569.108015
-1.94 1624947569.11189
-1.94 1624947569.115708
-1.94 1624947569.119573
-1.94 1624947569.123348
-1.94 1624947569.127232
-1.94 1624947569.13111
-1.94 1624947569.135057
-1.94 1624947569.138921
-1.94 1624947569.142753
-1.94 1624947569.146591
-1.94 1624947569.150306
-1.94 1624947569.154151
-1.94 1624947569.158107
-1.94 1624947569.161891
-1.94 1624947569.165743
-1.94 1624947569.169625
-1.94 1624947569.177086
-1.94 1624947569.180895
-1.94 1624947569.184673
-1.94 1624947569.188553
-1.94 1624947569.192389
-1.94 1624947569.196135
-1.94 1624947569.200037
-1.94 1624947569.203807
-1.94 1624947569.207678
-1.94 1624947569.211555
-1.94 1624947569.215328
-1.94 1624947569.219124
-1.94 1624947569.222977
-1.94 1624947569.226854
-1.94 1624947569.230634
-1.94 1624947569.2343
-1.94 1624947569.237968
-1.94 1624947569.241685
-1.94 1624947569.245343
-1.94 1624947569.249142
-1.94 1624947569.252988
-1.94 1624947569.256701
-1.94 1624947569.260358
-1.94 1624947569.264058
-1.94 1624947569.267761
-1.94 1624947569.271424
-1.94 1624947569.276548
-1.94 1624947569.280285
-1.94 1624947569.284059
-1.94 1624947569.287812
-1.94 1624947569.291498
-1.94 1624947569.295146
-1.94 1624947569.29893
-1.94 1624947569.302646
-1.94 1624947569.306315
-1.94 1624947569.309957
-1.94 1624947569.313739
-1.94 1624947569.317387
-1.94 1624947569.321105
-1.94 1624947569.324746
-1.94 1624947569.328495
-1.94 1624947569.33223
-1.94 1624947569.336012
-1.94 1624947569.339681
-1.94 1624947569.343411
-1.94 1624947569.347203
-1.94 1624947569.350967
-1.94 1624947569.354609
-1.94 1624947569.358297
-1.94 1624947569.362012
-1.94 1624947569.365896
-1.94 1624947569.369613
-1.94 1624947569.376759
-1.94 1624947569.380502
-1.94 1624947569.384141
-1.94 1624947569.38792
-1.94 1624947569.391595
-1.94 1624947569.395212
-1.94 1624947569.399024
-1.94 1624947569.402702
-1.94 1624947569.406379
-1.94 1624947569.410137
-1.94 1624947569.413829
-1.94 1624947569.41748
-1.94 1624947569.421164
-1.94 1624947569.424947
-1.94 1624947569.428659
-1.94 1624947569.432307
-1.94 1624947569.436069
-1.94 1624947569.439782
-1.94 1624947569.443431
-1.94 1624947569.447108
-1.94 1624947569.450814
-1.94 1624947569.454634
-1.94 1624947569.458325
-1.94 1624947569.462048
-1.94 1624947569.465717
-1.94 1624947569.469387
-1.94 1624947569.47305
-1.94 1624947569.47826
-1.94 1624947569.482036
-1.94 1624947569.485863
-1.94 1624947569.489633
-1.94 1624947569.493333
-1.94 1624947569.497052
-1.94 1624947569.50078
-1.94 1624947569.504524
-1.94 1624947569.508097
-1.94 1624947569.511718
-1.94 1624947569.515362
-1.94 1624947569.519122
-1.94 1624947569.522852
-1.94 1624947569.526524
-1.94 1624947569.530251
-1.94 1624947569.533991
-1.94 1624947569.537629
-1.94 1624947569.541324
-1.94 1624947569.545075
-1.94 1624947569.548772
-1.94 1624947569.552473
-1.94 1624947569.556192
-1.94 1624947569.560017
-1.94 1624947569.563755
-1.94 1624947569.567437
-1.94 1624947569.571108
-1.94 1624947569.576914
-1.94 1624947569.580604
-1.94 1624947569.584282
-1.94 1624947569.588023
-1.94 1624947569.591685
-1.94 1624947569.595455
-1.94 1624947569.599198
-1.94 1624947569.602942
-1.94 1624947569.606665
-1.94 1624947569.610343
-1.94 1624947569.614079
-1.94 1624947569.617734
-1.94 1624947569.621421
-1.94 1624947569.625316
-1.94 1624947569.629096
-1.94 1624947569.632772
-1.94 1624947569.636508
-1.94 1624947569.640192
-1.94 1624947569.644018
-1.94 1624947569.647721
-1.94 1624947569.651476
-1.94 1624947569.655236
-1.94 1624947569.659089
-1.94 1624947569.662769
-1.94 1624947569.666844
-1.94 1624947569.670696
-1.94 1624947569.674615
-1.94 1624947569.678276
-1.94 1624947569.68205
-1.94 1624947569.685753
-1.94 1624947569.689498
-1.94 1624947569.693172
-1.94 1624947569.696853
-1.94 1624947569.700678
-1.94 1624947569.704373
-1.94 1624947569.708128
-1.94 1624947569.711801
1.1 1624947569.71563
8.9 1624947569.781749 touch_grd
1.47 1624947572.998679 go_up_roll
-1.94 1624947574.105466 start_5_iteration
-1.94 1624947574.901967
-1.94 1624947574.905607
-1.94 1624947574.909105
-1.94 1624947574.912637
-1.94 1624947574.916139
-1.94 1624947574.919733
-1.94 1624947574.923287
-1.94 1624947574.926969
-1.94 1624947574.930527
-1.94 1624947574.934073
-1.94 1624947574.937693
-1.94 1624947574.941343
-1.94 1624947574.944911
-1.94 1624947574.948574
-1.94 1624947574.952129
-1.94 1624947574.955724
-1.94 1624947574.959377
-1.94 1624947574.962904
-1.94 1624947574.966537
-1.94 1624947574.970174
-1.94 1624947574.973722
-1.94 1624947574.977343
-1.94 1624947574.980849
-1.94 1624947574.984416
-1.94 1624947574.988018
-1.94 1624947574.995129
-1.94 1624947574.998682
-1.94 1624947575.002222
-1.94 1624947575.00584
-1.94 1624947575.009422
-1.94 1624947575.013091
-1.94 1624947575.016586
-1.94 1624947575.020124
-1.94 1624947575.023714
-1.94 1624947575.027281
-1.94 1624947575.030875
-1.94 1624947575.034526
-1.94 1624947575.03811
-1.94 1624947575.041687
-1.94 1624947575.045342
-1.94 1624947575.048985
-1.94 1624947575.052623
-1.94 1624947575.056265
-1.94 1624947575.060006
-1.94 1624947575.063652
-1.94 1624947575.067177
-1.94 1624947575.07075
-1.94 1624947575.074317
-1.94 1624947575.077996
-1.94 1624947575.085081
-1.94 1624947575.088677
-1.94 1624947575.092223
-1.94 1624947575.09578
-1.94 1624947575.099728
-1.94 1624947575.103439
-1.94 1624947575.107039
-1.94 1624947575.110613
-1.94 1624947575.114172
-1.94 1624947575.117725
-1.94 1624947575.121355
-1.94 1624947575.125008
-1.94 1624947575.12864
-1.94 1624947575.132225
-1.94 1624947575.136037
-1.94 1624947575.139699
-1.94 1624947575.143247
-1.94 1624947575.146919
-1.94 1624947575.150597
-1.94 1624947575.154233
-1.94 1624947575.157938
-1.94 1624947575.161549
-1.94 1624947575.165165
-1.94 1624947575.168728
-1.94 1624947575.172321
-1.94 1624947575.175999
-1.94 1624947575.179648
-1.94 1624947575.183241
-1.94 1624947575.186902
-1.94 1624947575.190498
-1.94 1624947575.194117
-1.94 1624947575.197707
-1.94 1624947575.201365
-1.94 1624947575.205019
-1.94 1624947575.208627
-1.94 1624947575.212178
-1.94 1624947575.21572
-1.94 1624947575.219297
-1.94 1624947575.223015
-1.94 1624947575.226585
-1.94 1624947575.230201
-1.94 1624947575.233865
-1.94 1624947575.237485
-1.94 1624947575.241119
-1.94 1624947575.244662
-1.94 1624947575.24824
-1.94 1624947575.251984
-1.94 1624947575.255657
-1.94 1624947575.259218
-1.94 1624947575.262874
-1.94 1624947575.266401
-1.94 1624947575.270009
-1.94 1624947575.273563
-1.94 1624947575.277209
-1.94 1624947575.280815
-1.94 1624947575.284354
-1.94 1624947575.288
-1.94 1624947575.291579
-1.94 1624947575.295143
-1.94 1624947575.298713
-1.94 1624947575.302252
-1.94 1624947575.305955
-1.94 1624947575.309551
-1.94 1624947575.313061
-1.94 1624947575.316618
-1.94 1624947575.320172
-1.94 1624947575.323827
-1.94 1624947575.327463
-1.94 1624947575.331154
-1.94 1624947575.334817
-1.94 1624947575.341935
-1.94 1624947575.345566
-1.94 1624947575.34911
-1.94 1624947575.352747
-1.94 1624947575.356406
-1.94 1624947575.359975
-1.94 1624947575.363646
-1.94 1624947575.367207
-1.94 1624947575.370851
-1.94 1624947575.374546
-1.94 1624947575.378096
-1.94 1624947575.38163
-1.94 1624947575.385215
-1.94 1624947575.389009
-1.94 1624947575.392574
-1.94 1624947575.396151
-1.94 1624947575.400894
-1.94 1624947575.404547
-1.94 1624947575.408088
-1.94 1624947575.411615
-1.94 1624947575.415188
-1.94 1624947575.418822
-1.94 1624947575.422461
-1.94 1624947575.426138
-1.94 1624947575.429676
-1.94 1624947575.433242
-1.94 1624947575.43699
-1.94 1624947575.440567
-1.94 1624947575.444152
-1.94 1624947575.44782
-1.94 1624947575.451401
-1.94 1624947575.454947
-1.94 1624947575.458596
-1.94 1624947575.462196
-1.94 1624947575.465743
-1.94 1624947575.469306
-1.94 1624947575.473064
-1.94 1624947575.476686
-1.94 1624947575.480189
-1.94 1624947575.483649
-1.94 1624947575.48713
-1.94 1624947575.490708
-1.94 1624947575.494343
-1.94 1624947575.497969
-1.94 1624947575.501611
-1.94 1624947575.50516
-1.94 1624947575.508731
-1.94 1624947575.512437
-1.94 1624947575.515992
-1.94 1624947575.519652
-1.94 1624947575.52325
-1.94 1624947575.526911
-1.94 1624947575.53056
-1.94 1624947575.534095
-1.94 1624947575.537721
-1.94 1624947575.541325
-1.94 1624947575.544993
-1.94 1624947575.548633
-1.94 1624947575.552275
-1.94 1624947575.555901
-1.94 1624947575.559577
-1.94 1624947575.563196
-1.94 1624947575.566738
-1.94 1624947575.570368
-1.94 1624947575.574048
-1.94 1624947575.577647
-1.94 1624947575.581259
-1.94 1624947575.585005
-1.94 1624947575.588621
-1.94 1624947575.592263
-1.94 1624947575.595964
-1.94 1624947575.599564
-1.94 1624947575.603087
-1.94 1624947575.606629
-1.94 1624947575.610206
-1.94 1624947575.61386
-1.94 1624947575.617479
-1.94 1624947575.621137
-1.94 1624947575.624796
-1.94 1624947575.628354
-1.94 1624947575.631982
-1.44 1624947575.635701
2.27 1624947575.639612
9.15 1624947575.70636 touch_grd
1.28 1624947579.021037 go_up_roll
-1.94 1624947580.229581 start_6_iteration
-1.94 1624947581.028571
-1.94 1624947581.032139
-1.94 1624947581.035703
-1.94 1624947581.039283
-1.94 1624947581.042923
-1.94 1624947581.04656
-1.94 1624947581.050031
-1.94 1624947581.053673
-1.94 1624947581.05727
-1.94 1624947581.060955
-1.94 1624947581.064546
-1.94 1624947581.068116
-1.94 1624947581.071685
-1.94 1624947581.075258
-1.94 1624947581.078942
-1.94 1624947581.082513
-1.94 1624947581.086093
-1.94 1624947581.089729
-1.94 1624947581.093237
-1.94 1624947581.096835
-1.94 1624947581.100345
-1.94 1624947581.10394
-1.94 1624947581.107534
-1.94 1624947581.111047
-1.94 1624947581.114503
-1.94 1624947581.118021
-1.94 1624947581.121654
-1.94 1624947581.125428
-1.94 1624947581.128912
-1.94 1624947581.132531
-1.94 1624947581.136145
-1.94 1624947581.139693
-1.94 1624947581.143267
-1.94 1624947581.146968
-1.94 1624947581.150523
-1.94 1624947581.15411
-1.94 1624947581.157619
-1.94 1624947581.161196
-1.94 1624947581.164828
-1.94 1624947581.168457
-1.94 1624947581.172032
-1.94 1624947581.175674
-1.94 1624947581.179213
-1.94 1624947581.182777
-1.94 1624947581.186524
-1.94 1624947581.189985
-1.94 1624947581.193499
-1.94 1624947581.19703
-1.94 1624947581.200604
-1.94 1624947581.204185
-1.94 1624947581.207759
-1.94 1624947581.211321
-1.94 1624947581.214956
-1.94 1624947581.21851
-1.94 1624947581.2221
-1.94 1624947581.225741
-1.94 1624947581.229709
-1.94 1624947581.233464
-1.94 1624947581.236983
-1.94 1624947581.240566
-1.94 1624947581.244129
-1.94 1624947581.247677
-1.94 1624947581.251357
-1.94 1624947581.255085
-1.94 1624947581.258811
-1.94 1624947581.262511
-1.94 1624947581.266083
-1.94 1624947581.269674
-1.94 1624947581.273325
-1.94 1624947581.276902
-1.94 1624947581.280533
-1.94 1624947581.284145
-1.94 1624947581.287922
-1.94 1624947581.29153
-1.94 1624947581.295219
-1.94 1624947581.298776
-1.94 1624947581.305858
-1.94 1624947581.309389
-1.94 1624947581.312982
-1.94 1624947581.316534
-1.94 1624947581.320353
-1.94 1624947581.32395
-1.94 1624947581.327522
-1.94 1624947581.331122
-1.94 1624947581.334723
-1.94 1624947581.33836
-1.94 1624947581.34194
-1.94 1624947581.345521
-1.94 1624947581.349067
-1.94 1624947581.352602
-1.94 1624947581.356147
-1.94 1624947581.359732
-1.94 1624947581.363287
-1.94 1624947581.366997
-1.94 1624947581.370658
-1.94 1624947581.374201
-1.94 1624947581.377722
-1.94 1624947581.381358
-1.94 1624947581.384867
-1.94 1624947581.388312
-1.94 1624947581.391923
-1.94 1624947581.395546
-1.94 1624947581.399006
-1.94 1624947581.402507
-1.94 1624947581.406028
-1.94 1624947581.409584
-1.94 1624947581.413155
-1.94 1624947581.416758
-1.94 1624947581.420292
-1.94 1624947581.423859
-1.94 1624947581.427393
-1.94 1624947581.430984
-1.94 1624947581.43457
-1.94 1624947581.438138
-1.94 1624947581.441813
-1.94 1624947581.445364
-1.94 1624947581.448861
-1.94 1624947581.452527
-1.94 1624947581.456064
-1.94 1624947581.459584
-1.94 1624947581.463152
-1.94 1624947581.46677
-1.94 1624947581.4705
-1.94 1624947581.474001
-1.94 1624947581.477512
-1.94 1624947581.481069
-1.94 1624947581.484671
-1.94 1624947581.488308
-1.94 1624947581.491919
-1.94 1624947581.4955
-1.94 1624947581.498979
-1.94 1624947581.50257
-1.94 1624947581.506152
-1.94 1624947581.509712
-1.94 1624947581.51334
-1.94 1624947581.516937
-1.94 1624947581.520561
-1.94 1624947581.524088
-1.94 1624947581.527736
-1.94 1624947581.531308
-1.94 1624947581.534968
-1.94 1624947581.538606
-1.94 1624947581.542105
-1.94 1624947581.545693
-1.94 1624947581.549223
-1.94 1624947581.552847
-1.94 1624947581.556412
-1.94 1624947581.560016
-1.94 1624947581.563526
-1.94 1624947581.567099
-1.94 1624947581.570668
-1.94 1624947581.574312
-1.94 1624947581.577964
-1.94 1624947581.581682
-1.94 1624947581.585223
-1.94 1624947581.58885
-1.94 1624947581.592343
-1.94 1624947581.59588
-1.94 1624947581.59952
-1.94 1624947581.603019
-1.94 1624947581.606606
-1.94 1624947581.610208
-1.94 1624947581.613682
-1.94 1624947581.617259
-1.94 1624947581.620868
-1.94 1624947581.62437
-1.94 1624947581.627882
-1.94 1624947581.631406
-1.94 1624947581.635006
-1.94 1624947581.638634
-1.94 1624947581.642215
-1.94 1624947581.645795
-1.94 1624947581.649384
-1.94 1624947581.65293
-1.94 1624947581.65652
-1.94 1624947581.660012
-1.94 1624947581.663585
-1.94 1624947581.667192
-1.94 1624947581.670728
-1.94 1624947581.674307
-1.94 1624947581.677976
-1.94 1624947581.681513
-1.94 1624947581.685146
-1.94 1624947581.688779
-1.94 1624947581.69232
-1.94 1624947581.695928
-1.94 1624947581.699586
-1.94 1624947581.703145
-1.94 1624947581.706726
-1.94 1624947581.710259
-1.94 1624947581.713821
-1.94 1624947581.71728
-1.94 1624947581.720867
-1.94 1624947581.724384
-1.94 1624947581.727998
-1.94 1624947581.731623
-1.94 1624947581.73515
-1.94 1624947581.738732
-1.94 1624947581.742229
-1.94 1624947581.745864
-1.94 1624947581.749368
-1.94 1624947581.752899
-0.39 1624947581.756656
1.34 1624947581.760384
9.58 1624947581.832172 touch_grd
2.21 1624947585.147616 go_up_roll
-1.94 1624947586.355351 start_7_iteration
-1.94 1624947587.154843
-1.94 1624947587.158515
-1.94 1624947587.162128
-1.94 1624947587.165743
-1.94 1624947587.169369
-1.94 1624947587.17291
-1.94 1624947587.176493
-1.94 1624947587.180091
-1.94 1624947587.183684
-1.94 1624947587.187344
-1.94 1624947587.190946
-1.94 1624947587.194578
-1.94 1624947587.198128
-1.94 1624947587.201657
-1.94 1624947587.205288
-1.94 1624947587.209013
-1.94 1624947587.212672
-1.94 1624947587.216434
-1.94 1624947587.220349
-1.94 1624947587.224231
-1.94 1624947587.228053
-1.94 1624947587.231929
-1.94 1624947587.235732
-1.94 1624947587.239673
-1.94 1624947587.243622
-1.94 1624947587.247329
-1.94 1624947587.253775
-1.94 1624947587.257523
-1.94 1624947587.261229
-1.94 1624947587.265064
-1.94 1624947587.268825
-1.94 1624947587.272568
-1.94 1624947587.276422
-1.94 1624947587.280182
-1.94 1624947587.284065
-1.94 1624947587.287953
-1.94 1624947587.291764
-1.94 1624947587.29551
-1.94 1624947587.300174
-1.94 1624947587.30409
-1.94 1624947587.308057
-1.94 1624947587.311913
-1.94 1624947587.315721
-1.94 1624947587.319454
-1.94 1624947587.323258
-1.94 1624947587.327041
-1.94 1624947587.330884
-1.94 1624947587.334708
-1.94 1624947587.338571
-1.94 1624947587.342465
-1.94 1624947587.346342
-1.94 1624947587.354357
-1.94 1624947587.35815
-1.94 1624947587.362029
-1.94 1624947587.365852
-1.94 1624947587.369599
-1.94 1624947587.373375
-1.94 1624947587.377044
-1.94 1624947587.380854
-1.94 1624947587.384642
-1.94 1624947587.388366
-1.94 1624947587.392135
-1.94 1624947587.396102
-1.94 1624947587.399909
-1.94 1624947587.40375
-1.94 1624947587.407442
-1.94 1624947587.411116
-1.94 1624947587.414906
-1.94 1624947587.418917
-1.94 1624947587.422843
-1.94 1624947587.42661
-1.94 1624947587.430304
-1.94 1624947587.434172
-1.94 1624947587.43802
-1.94 1624947587.441784
-1.94 1624947587.445631
-1.94 1624947587.449417
-1.94 1624947587.45512
-1.94 1624947587.459012
-1.94 1624947587.462793
-1.94 1624947587.467038
-1.94 1624947587.470759
-1.94 1624947587.474619
-1.94 1624947587.478437
-1.94 1624947587.482295
-1.94 1624947587.486009
-1.94 1624947587.489698
-1.94 1624947587.493351
-1.94 1624947587.497116
-1.94 1624947587.501098
-1.94 1624947587.505
-1.94 1624947587.508808
-1.94 1624947587.512634
-1.94 1624947587.516351
-1.94 1624947587.520154
-1.94 1624947587.52392
-1.94 1624947587.527719
-1.94 1624947587.53161
-1.94 1624947587.535415
-1.94 1624947587.543066
-1.94 1624947587.546768
-1.94 1624947587.550617
-1.94 1624947587.554293
-1.94 1624947587.557923
-1.94 1624947587.561618
-1.94 1624947587.565149
-1.94 1624947587.56872
-1.94 1624947587.572276
-1.94 1624947587.575967
-1.94 1624947587.579581
-1.94 1624947587.583071
-1.94 1624947587.58666
-1.94 1624947587.590207
-1.94 1624947587.5939
-1.94 1624947587.597481
-1.94 1624947587.601047
-1.94 1624947587.604581
-1.94 1624947587.608128
-1.94 1624947587.611697
-1.94 1624947587.615247
-1.94 1624947587.618931
-1.94 1624947587.622495
-1.94 1624947587.626047
-1.94 1624947587.629639
-1.94 1624947587.63322
-1.94 1624947587.636921
-1.94 1624947587.640554
-1.94 1624947587.644124
-1.94 1624947587.647669
-1.94 1624947587.652356
-1.94 1624947587.656137
-1.94 1624947587.659684
-1.94 1624947587.663252
-1.94 1624947587.66686
-1.94 1624947587.670499
-1.94 1624947587.674091
-1.94 1624947587.67774
-1.94 1624947587.681292
-1.94 1624947587.684926
-1.94 1624947587.688495
-1.94 1624947587.692077
-1.94 1624947587.695628
-1.94 1624947587.699089
-1.94 1624947587.702669
-1.94 1624947587.706244
-1.94 1624947587.709908
-1.94 1624947587.71348
-1.94 1624947587.71706
-1.94 1624947587.720621
-1.94 1624947587.724137
-1.94 1624947587.727735
-1.94 1624947587.731325
-1.94 1624947587.734867
-1.94 1624947587.738531
-1.94 1624947587.742104
-1.94 1624947587.745691
-1.94 1624947587.749234
-1.94 1624947587.75364
-1.94 1624947587.757252
-1.94 1624947587.760924
-1.94 1624947587.764551
-1.94 1624947587.768153
-1.94 1624947587.771735
-1.94 1624947587.77528
-1.94 1624947587.77892
-1.94 1624947587.782533
-1.94 1624947587.786111
-1.94 1624947587.789754
-1.94 1624947587.793351
-1.94 1624947587.797041
-1.94 1624947587.800599
-1.94 1624947587.804142
-1.94 1624947587.807637
-1.94 1624947587.811312
-1.94 1624947587.814941
-1.94 1624947587.818531
-1.94 1624947587.822069
-1.94 1624947587.825596
-1.94 1624947587.8292
-1.94 1624947587.832766
-1.94 1624947587.836326
-1.94 1624947587.83992
-1.94 1624947587.843536
-1.94 1624947587.84713
-1.94 1624947587.850791
-1.94 1624947587.854334
-1.94 1624947587.857915
-1.94 1624947587.861503
-1.94 1624947587.865042
-1.94 1624947587.868609
-1.94 1624947587.872148
0.35 1624947587.875916
-0.08 1624947587.879608
-0.2 1624947587.883298
0.54 1624947587.887114
9.34 1624947587.957958 touch_grd
-0.39 1624947591.27385 go_up_roll
-1.94 1624947592.484602 start_8_iteration
-1.94 1624947593.278288
-1.94 1624947593.281862
-1.94 1624947593.285452
-1.94 1624947593.288988
-1.94 1624947593.29258
-1.94 1624947593.296109
-1.94 1624947593.29973
-1.94 1624947593.303412
-1.94 1624947593.307005
-1.94 1624947593.310506
-1.94 1624947593.314051
-1.94 1624947593.317627
-1.94 1624947593.321171
-1.94 1624947593.324769
-1.94 1624947593.328557
-1.94 1624947593.332153
-1.94 1624947593.335619
-1.94 1624947593.339245
-1.94 1624947593.342877
-1.94 1624947593.346356
-1.94 1624947593.349908
-1.94 1624947593.353501
-1.94 1624947593.357023
-1.94 1624947593.360602
-1.94 1624947593.364217
-1.94 1624947593.367958
-1.94 1624947593.371557
-1.94 1624947593.375079
-1.94 1624947593.37868
-1.94 1624947593.382248
-1.94 1624947593.385916
-1.94 1624947593.389504
-1.94 1624947593.39306
-1.94 1624947593.396583
-1.94 1624947593.400133
-1.94 1624947593.40375
-1.94 1624947593.407393
-1.94 1624947593.410963
-1.94 1624947593.414523
-1.94 1624947593.418103
-1.94 1624947593.421633
-1.94 1624947593.425205
-1.94 1624947593.428908
-1.94 1624947593.432497
-1.94 1624947593.436009
-1.94 1624947593.439596
-1.94 1624947593.443135
-1.94 1624947593.44672
-1.94 1624947593.45028
-1.94 1624947593.453913
-1.94 1624947593.45749
-1.94 1624947593.461012
-1.94 1624947593.464503
-1.94 1624947593.468101
-1.94 1624947593.471604
-1.94 1624947593.475504
-1.94 1624947593.479045
-1.94 1624947593.482628
-1.94 1624947593.486286
-1.94 1624947593.489956
-1.94 1624947593.493586
-1.94 1624947593.497154
-1.94 1624947593.500752
-1.94 1624947593.504389
-1.94 1624947593.507919
-1.94 1624947593.511489
-1.94 1624947593.515053
-1.94 1624947593.518624
-1.94 1624947593.522182
-1.94 1624947593.525905
-1.94 1624947593.52951
-1.94 1624947593.533149
-1.94 1624947593.536646
-1.94 1624947593.540235
-1.94 1624947593.543939
-1.94 1624947593.54747
-1.94 1624947593.551049
-1.94 1624947593.554579
-1.94 1624947593.558144
-1.94 1624947593.561754
-1.94 1624947593.565342
-1.94 1624947593.569051
-1.94 1624947593.572624
-1.94 1624947593.576191
-1.94 1624947593.579789
-1.94 1624947593.583345
-1.94 1624947593.586881
-1.94 1624947593.590463
-1.94 1624947593.594045
-1.94 1624947593.597697
-1.94 1624947593.601207
-1.94 1624947593.604812
-1.94 1624947593.611934
-1.94 1624947593.615517
-1.94 1624947593.61908
-1.94 1624947593.622613
-1.94 1624947593.626177
-1.94 1624947593.629731
-1.94 1624947593.633312
-1.94 1624947593.63691
-1.94 1624947593.640467
-1.94 1624947593.64399
-1.94 1624947593.647587
-1.94 1624947593.651212
-1.94 1624947593.654813
-1.94 1624947593.658354
-1.94 1624947593.66198
-1.94 1624947593.665621
-1.94 1624947593.669163
-1.94 1624947593.672838
-1.94 1624947593.676494
-1.94 1624947593.680017
-1.94 1624947593.683498
-1.94 1624947593.687014
-1.94 1624947593.690569
-1.94 1624947593.694106
-1.94 1624947593.697687
-1.94 1624947593.701292
-1.94 1624947593.704824
-1.94 1624947593.708423
-1.94 1624947593.711939
-1.94 1624947593.715628
-1.94 1624947593.719205
-1.94 1624947593.722907
-1.94 1624947593.726468
-1.94 1624947593.730046
-1.94 1624947593.733615
-1.94 1624947593.737213
-1.94 1624947593.740785
-1.94 1624947593.744333
-1.94 1624947593.747914
-1.94 1624947593.751508
-1.94 1624947593.755042
-1.94 1624947593.758551
-1.94 1624947593.762143
-1.94 1624947593.765721
-1.94 1624947593.769264
-1.94 1624947593.772882
-1.94 1624947593.776466
-1.94 1624947593.780097
-1.94 1624947593.783669
-1.94 1624947593.787247
-1.94 1624947593.790895
-1.94 1624947593.794505
-1.94 1624947593.798052
-1.94 1624947593.801729
-1.94 1624947593.80536
-1.94 1624947593.808935
-1.94 1624947593.812497
-1.94 1624947593.816089
-1.94 1624947593.819617
-1.94 1624947593.823193
-1.94 1624947593.826751
-1.94 1624947593.830315
-1.94 1624947593.83393
-1.94 1624947593.837573
-1.94 1624947593.841075
-1.94 1624947593.84455
-1.94 1624947593.848138
-1.94 1624947593.851658
-1.94 1624947593.855285
-1.94 1624947593.858894
-1.94 1624947593.862384
-1.94 1624947593.865977
-1.94 1624947593.869492
-1.94 1624947593.873041
-1.94 1624947593.876803
-1.94 1624947593.880448
-1.94 1624947593.883987
-1.94 1624947593.887584
-1.94 1624947593.891099
-1.94 1624947593.894664
-1.94 1624947593.898261
-1.94 1624947593.901922
-1.94 1624947593.90549
-1.94 1624947593.909046
-1.94 1624947593.912628
-1.94 1624947593.916268
-1.94 1624947593.919911
-1.94 1624947593.923482
-1.94 1624947593.927153
-1.94 1624947593.930777
-1.94 1624947593.934344
-1.94 1624947593.937939
-1.94 1624947593.941568
-1.94 1624947593.945103
-1.94 1624947593.948706
-1.94 1624947593.952347
-1.94 1624947593.955904
-1.94 1624947593.959587
-1.94 1624947593.963251
-1.94 1624947593.966951
-1.94 1624947593.970457
-1.94 1624947593.973983
-1.94 1624947593.977645
-1.94 1624947593.98128
-1.94 1624947593.984947
-1.94 1624947593.988595
-1.94 1624947593.992086
-1.94 1624947593.995726
-1.94 1624947593.999351
-1.94 1624947594.002917
-1.94 1624947594.00646
-1.94 1624947594.010061
-1.69 1624947594.013637
1.78 1624947594.017343
8.53 1624947594.081643 touch_grd
0.91 1624947597.39963 go_up_roll
-1.94 1624947598.612928 start_9_iteration
-1.94 1624947599.40401
-1.94 1624947599.407614
-1.94 1624947599.411241
-1.94 1624947599.414926
-1.94 1624947599.418488
-1.94 1624947599.422042
-1.94 1624947599.429177
-1.94 1624947599.432877
-1.94 1624947599.436494
-1.94 1624947599.440052
-1.94 1624947599.443563
-1.94 1624947599.447149
-1.94 1624947599.450778
-1.94 1624947599.454467
-1.94 1624947599.458042
-1.94 1624947599.461548
-1.94 1624947599.465092
-1.94 1624947599.46871
-1.94 1624947599.47237
-1.94 1624947599.47593
-1.94 1624947599.479563
-1.94 1624947599.483189
-1.94 1624947599.486883
-1.94 1624947599.490477
-1.94 1624947599.493953
-1.94 1624947599.497484
-1.94 1624947599.500978
-1.94 1624947599.504545
-1.94 1624947599.508114
-1.94 1624947599.511687
-1.94 1624947599.515241
-1.94 1624947599.518781
-1.94 1624947599.522368
-1.94 1624947599.525994
-1.94 1624947599.529592
-1.94 1624947599.533183
-1.94 1624947599.53698
-1.94 1624947599.540521
-1.94 1624947599.544082
-1.94 1624947599.547638
-1.94 1624947599.551243
-1.94 1624947599.554777
-1.94 1624947599.55833
-1.94 1624947599.561906
-1.94 1624947599.565508
-1.94 1624947599.56902
-1.94 1624947599.572628
-1.94 1624947599.576191
-1.94 1624947599.57992
-1.94 1624947599.583543
-1.94 1624947599.587062
-1.94 1624947599.590655
-1.94 1624947599.594231
-1.94 1624947599.597881
-1.94 1624947599.601476
-1.94 1624947599.605036
-1.94 1624947599.608576
-1.94 1624947599.612169
-1.94 1624947599.615788
-1.94 1624947599.619376
-1.94 1624947599.622917
-1.94 1624947599.626482
-1.94 1624947599.630078
-1.94 1624947599.633576
-1.94 1624947599.63714
-1.94 1624947599.640661
-1.94 1624947599.644251
-1.94 1624947599.647855
-1.94 1624947599.651481
-1.94 1624947599.655003
-1.94 1624947599.65857
-1.94 1624947599.662141
-1.94 1624947599.665719
-1.94 1624947599.669293
-1.94 1624947599.672977
-1.94 1624947599.676594
-1.94 1624947599.680187
-1.94 1624947599.683894
-1.94 1624947599.687464
-1.94 1624947599.691092
-1.94 1624947599.694621
-1.94 1624947599.698223
-1.94 1624947599.701839
-1.94 1624947599.705291
-1.94 1624947599.708887
-1.94 1624947599.712487
-1.94 1624947599.716029
-1.94 1624947599.719589
-1.94 1624947599.723163
-1.94 1624947599.726706
-1.94 1624947599.730262
-1.94 1624947599.733836
-1.94 1624947599.73738
-1.94 1624947599.741003
-1.94 1624947599.744544
-1.94 1624947599.74806
-1.94 1624947599.751626
-1.94 1624947599.755264
-1.94 1624947599.758898
-1.94 1624947599.762494
-1.94 1624947599.766025
-1.94 1624947599.769571
-1.94 1624947599.773154
-1.94 1624947599.776919
-1.94 1624947599.780498
-1.94 1624947599.784029
-1.94 1624947599.787595
-1.94 1624947599.791205
-1.94 1624947599.79485
-1.94 1624947599.798495
-1.94 1624947599.802097
-1.94 1624947599.805636
-1.94 1624947599.809264
-1.94 1624947599.812791
-1.94 1624947599.816341
-1.94 1624947599.819946
-1.94 1624947599.823461
-1.94 1624947599.82704
-1.94 1624947599.83062
-1.94 1624947599.834259
-1.94 1624947599.837874
-1.94 1624947599.841483
-1.94 1624947599.845102
-1.94 1624947599.848629
-1.94 1624947599.852209
-1.94 1624947599.855805
-1.94 1624947599.859472
-1.94 1624947599.863041
-1.94 1624947599.866572
-1.94 1624947599.870126
-1.94 1624947599.8737
-1.94 1624947599.877263
-1.94 1624947599.881062
-1.94 1624947599.884745
-1.94 1624947599.892296
-1.94 1624947599.89757
-1.94 1624947599.902421
-1.94 1624947599.905955
-1.94 1624947599.909507
-1.94 1624947599.913077
-1.94 1624947599.91665
-1.94 1624947599.920218
-1.94 1624947599.923883
-1.94 1624947599.92813
-1.94 1624947599.932342
-1.94 1624947599.935968
-1.94 1624947599.943155
-1.94 1624947599.946667
-1.94 1624947599.950148
-1.94 1624947599.953934
-1.94 1624947599.957558
-1.94 1624947599.96108
-1.94 1624947599.964596
-1.94 1624947599.968117
-1.94 1624947599.97165
-1.94 1624947599.975222
-1.94 1624947599.978778
-1.94 1624947599.982328
-1.94 1624947599.985866
-1.94 1624947599.989344
-1.94 1624947599.992911
-1.94 1624947599.996461
-1.94 1624947599.999928
-1.94 1624947600.003481
-1.94 1624947600.007057
-1.94 1624947600.010637
-1.94 1624947600.014149
-1.94 1624947600.017795
-1.94 1624947600.021309
-1.94 1624947600.024884
-1.94 1624947600.02848
-1.94 1624947600.031968
-1.94 1624947600.03556
-1.94 1624947600.039106
-1.94 1624947600.042672
-1.94 1624947600.04625
-1.94 1624947600.049815
-1.94 1624947600.053347
-1.94 1624947600.05696
-1.94 1624947600.060553
-1.94 1624947600.064191
-1.94 1624947600.067903
-1.94 1624947600.071488
-1.94 1624947600.075073
-1.94 1624947600.078642
-1.94 1624947600.082268
-1.94 1624947600.085895
-1.94 1624947600.089493
-1.94 1624947600.093061
-1.94 1624947600.096683
-1.94 1624947600.100263
-1.94 1624947600.10389
-1.94 1624947600.107382
-1.94 1624947600.110899
-1.94 1624947600.114467
-1.94 1624947600.117949
-1.94 1624947600.121522
-1.94 1624947600.125108
-1.94 1624947600.128641
-1.94 1624947600.132222
-0.95 1624947600.135935
2.09 1624947600.139629
9.46 1624947600.207367 touch_grd
0.04 1624947603.525068 go_up_roll
