14.714898109436035 1624360815.322862 0.37
14.714898109436035 1624360815.329709 0.37
14.714898109436035 1624360815.336813 0.37
14.714898109436035 1624360815.343934 0.37
14.714898109436035 1624360815.350865 0.37
14.714898109436035 1624360815.357905 0.37
14.714898109436035 1624360815.364986 0.37
14.714898109436035 1624360815.37192 0.37
14.714898109436035 1624360815.378887 0.37
14.714898109436035 1624360815.38593 0.37
14.714898109436035 1624360815.392904 0.37
14.714898109436035 1624360815.399894 0.37
14.714898109436035 1624360815.406846 0.37
14.714898109436035 1624360815.413936 0.37
14.714898109436035 1624360815.420929 0.37
14.714898109436035 1624360815.427904 0.37
14.714898109436035 1624360815.434968 0.37
14.714898109436035 1624360815.441916 0.37
14.714898109436035 1624360815.448963 0.37
14.714898109436035 1624360815.455983 0.37
14.714898109436035 1624360815.462969 0.37
14.714898109436035 1624360815.469799 0.37
14.714898109436035 1624360815.476835 0.37
14.714898109436035 1624360815.483811 0.37
14.714898109436035 1624360815.490792 0.37
14.714898109436035 1624360815.497775 0.37
14.714898109436035 1624360815.504823 0.37
14.714898109436035 1624360815.511837 0.37
14.714898109436035 1624360815.51886 0.37
14.714898109436035 1624360815.525864 0.37
14.714898109436035 1624360815.532899 0.37
14.714898109436035 1624360815.539822 0.37
14.714898109436035 1624360815.546824 0.37
14.714898109436035 1624360815.553813 0.37
14.714898109436035 1624360815.560825 0.37
14.714898109436035 1624360815.567838 0.37
14.714898109436035 1624360815.574914 0.37
14.714898109436035 1624360815.581901 0.37
14.101778030395508 1624360815.588912 0.37
14.714898109436035 1624360815.595824 0.37
14.714898109436035 1624360815.602914 0.37
14.714898109436035 1624360815.609858 0.37
14.714898109436035 1624360815.61673 0.37
14.714898109436035 1624360815.623729 0.37
14.714898109436035 1624360815.630741 0.37
14.714898109436035 1624360815.637723 0.37
14.714898109436035 1624360815.644727 0.37
14.714898109436035 1624360815.651741 0.37
14.714898109436035 1624360815.658848 0.37
14.714898109436035 1624360815.665816 0.37
14.714898109436035 1624360815.672808 0.37
14.714898109436035 1624360815.679793 0.37
14.714898109436035 1624360815.686753 0.37
14.714898109436035 1624360815.693775 0.37
14.714898109436035 1624360815.700781 0.37
14.714898109436035 1624360815.707787 0.37
14.714898109436035 1624360815.71484 0.37
14.714898109436035 1624360815.721737 0.37
14.714898109436035 1624360815.728751 0.37
14.714898109436035 1624360815.735811 0.37
14.714898109436035 1624360815.74282 0.37
14.714898109436035 1624360815.749818 0.37
14.714898109436035 1624360815.756809 0.37
14.714898109436035 1624360815.763795 0.37
14.714898109436035 1624360815.77084 0.37
14.714898109436035 1624360815.777788 0.37
14.714898109436035 1624360815.784569 0.37
14.714898109436035 1624360815.791632 0.37
14.714898109436035 1624360815.798594 0.37
14.714898109436035 1624360815.805633 0.37
14.714898109436035 1624360815.812631 0.37
14.714898109436035 1624360815.819643 0.37
14.714898109436035 1624360815.826657 0.37
14.714898109436035 1624360815.833685 0.37
14.714898109436035 1624360815.840693 0.37
14.101778030395508 1624360815.847677 0.37
14.714898109436035 1624360815.854656 0.37
14.714898109436035 1624360815.861694 0.37
14.70588207244873 1624360815.868704 0.37
14.70588207244873 1624360815.8757 0.37
14.714898109436035 1624360815.88271 0.37
14.714898109436035 1624360815.889684 0.37
14.714898109436035 1624360815.89671 0.37
14.714898109436035 1624360815.903707 0.37
14.714898109436035 1624360815.910763 0.37
14.714898109436035 1624360815.917732 0.37
14.714898109436035 1624360815.924821 0.37
14.714898109436035 1624360815.93177 0.37
14.714898109436035 1624360815.93866 0.37
14.714898109436035 1624360815.945686 0.37
14.714898109436035 1624360815.952687 0.37
14.714898109436035 1624360815.959686 0.37
14.714898109436035 1624360815.96664 0.37
14.714898109436035 1624360815.973691 0.37
14.714898109436035 1624360815.980697 0.37
14.714898109436035 1624360815.987714 0.37
14.70588207244873 1624360815.994744 0.37
14.714898109436035 1624360816.001724 0.37
14.714898109436035 1624360816.008742 0.37
14.714898109436035 1624360816.015748 0.37
14.714898109436035 1624360816.022771 0.37
14.714898109436035 1624360816.029756 0.37
14.714898109436035 1624360816.036768 0.37
14.714898109436035 1624360816.043779 0.37
14.714898109436035 1624360816.050736 0.37
14.101778030395508 1624360816.057741 0.37
14.714898109436035 1624360816.064684 0.37
14.714898109436035 1624360816.071708 0.37
14.714898109436035 1624360816.078578 0.37
14.714898109436035 1624360816.085662 0.37
14.101778030395508 1624360816.092685 0.37
14.714898109436035 1624360816.099656 0.37
14.70588207244873 1624360816.106638 0.37
14.714898109436035 1624360816.113629 0.37
14.714898109436035 1624360816.120682 0.37
14.714898109436035 1624360816.127627 0.37
14.714898109436035 1624360816.13465 0.37
14.70588207244873 1624360816.14173 0.37
14.714898109436035 1624360816.148729 0.37
14.714898109436035 1624360816.155628 0.37
14.101778030395508 1624360816.16266 0.37
14.714898109436035 1624360816.169621 0.37
14.714898109436035 1624360816.176629 0.37
14.714898109436035 1624360816.183661 0.37
14.714898109436035 1624360816.190622 0.37
14.714898109436035 1624360816.197664 0.37
14.714898109436035 1624360816.204684 0.37
14.714898109436035 1624360816.211748 0.37
14.714898109436035 1624360816.218693 0.37
14.714898109436035 1624360816.225785 0.37
14.714898109436035 1624360816.232622 0.37
14.714898109436035 1624360816.239609 0.37
14.714898109436035 1624360816.246544 0.37
14.714898109436035 1624360816.253569 0.37
14.714898109436035 1624360816.260626 0.37
14.714898109436035 1624360816.267603 0.37
14.714898109436035 1624360816.274651 0.37
14.714898109436035 1624360816.281638 0.37
14.714898109436035 1624360816.288668 0.37
14.714898109436035 1624360816.295573 0.37
14.101778030395508 1624360816.302628 0.37
14.714898109436035 1624360816.30969 0.37
14.70588207244873 1624360816.316668 0.37
14.714898109436035 1624360816.32365 0.37
14.70588207244873 1624360816.330651 0.37
14.714898109436035 1624360816.337743 0.37
14.70588207244873 1624360816.344637 0.37
14.714898109436035 1624360816.351717 0.37
14.714898109436035 1624360816.358665 0.37
14.70588207244873 1624360816.365662 0.37
14.714898109436035 1624360816.372739 0.37
14.714898109436035 1624360816.379549 0.37
14.714898109436035 1624360816.386552 0.37
14.714898109436035 1624360816.393506 0.37
14.714898109436035 1624360816.400483 0.37
14.70588207244873 1624360816.407569 0.37
14.714898109436035 1624360816.414507 0.37
14.714898109436035 1624360816.421558 0.37
14.714898109436035 1624360816.428533 0.37
14.714898109436035 1624360816.435601 0.37
14.714898109436035 1624360816.442569 0.37
14.714898109436035 1624360816.449545 0.37
14.714898109436035 1624360816.45654 0.37
14.714898109436035 1624360816.463561 0.37
14.714898109436035 1624360816.470658 0.37
14.70588207244873 1624360816.477698 0.37
14.70588207244873 1624360816.484598 0.37
14.714898109436035 1624360816.491611 0.37
14.70588207244873 1624360816.498723 0.37
14.714898109436035 1624360816.505638 0.37
14.093137741088867 1624360816.51263 0.37
14.70588207244873 1624360816.519511 0.37
14.70588207244873 1624360816.52654 0.37
14.714898109436035 1624360816.533561 0.37
14.714898109436035 1624360816.540559 0.37
14.714898109436035 1624360816.547557 0.37
14.714898109436035 1624360816.554555 0.37
14.714898109436035 1624360816.561529 0.37
14.70588207244873 1624360816.568512 0.37
14.714898109436035 1624360816.575531 0.37
14.70588207244873 1624360816.582459 0.37
14.714898109436035 1624360816.589479 0.37
14.70588207244873 1624360816.596524 0.37
14.714898109436035 1624360816.603549 0.37
14.714898109436035 1624360816.610651 0.37
14.714898109436035 1624360816.617577 0.37
14.70588207244873 1624360816.624608 0.37
14.093137741088867 1624360816.631606 0.37
14.714898109436035 1624360816.638598 0.37
14.70588207244873 1624360816.645638 0.37
14.70588207244873 1624360816.652644 0.37
14.70588207244873 1624360816.659661 0.37
14.093137741088867 1624360816.666563 0.37
14.70588207244873 1624360816.673461 0.37
14.714898109436035 1624360816.680448 0.37
14.101778030395508 1624360816.687485 0.37
14.70588207244873 1624360816.694432 0.37
14.714898109436035 1624360816.701409 0.37
14.70588207244873 1624360816.708433 0.37
14.714898109436035 1624360816.715389 0.37
14.093137741088867 1624360816.722425 0.37
14.70588207244873 1624360816.729402 0.37
14.093137741088867 1624360816.736456 0.37
14.70588207244873 1624360816.743542 0.37
14.70588207244873 1624360816.750509 0.37
14.70588207244873 1624360816.757554 0.37
14.70588207244873 1624360816.76454 0.37
14.093137741088867 1624360816.771557 0.37
14.70588207244873 1624360816.778515 0.37
14.70588207244873 1624360816.785536 0.37
14.70588207244873 1624360816.792548 0.37
14.70588207244873 1624360816.799518 0.37
14.093137741088867 1624360816.806583 0.37
14.70588207244873 1624360816.813395 0.37
14.70588207244873 1624360816.820365 0.37
14.093137741088867 1624360816.827365 0.37
14.70588207244873 1624360816.834342 0.37
14.093137741088867 1624360816.841358 0.37
14.70588207244873 1624360816.848338 0.37
14.714898109436035 1624360816.855312 0.37
14.093137741088867 1624360816.862366 0.37
14.70588207244873 1624360816.869373 0.37
14.093137741088867 1624360816.876383 0.37
14.70588207244873 1624360816.883466 0.37
14.70588207244873 1624360816.890442 0.37
14.093137741088867 1624360816.897389 0.37
14.70588207244873 1624360816.904461 0.37
14.093137741088867 1624360816.911449 0.37
14.70588207244873 1624360816.918439 0.37
14.70588207244873 1624360816.925552 0.37
14.70588207244873 1624360816.932488 0.37
14.70588207244873 1624360816.939518 0.37
14.093137741088867 1624360816.946518 0.37
14.70588207244873 1624360816.953519 0.37
14.70588207244873 1624360816.960415 0.37
14.70588207244873 1624360816.96738 0.37
14.714898109436035 1624360816.974409 0.37
14.093137741088867 1624360816.981386 0.37
14.70588207244873 1624360816.988448 0.37
14.70588207244873 1624360816.995368 0.37
14.714898109436035 1624360817.002456 0.37
14.70588207244873 1624360817.009439 0.37
14.70588207244873 1624360817.016416 0.37
14.70588207244873 1624360817.023406 0.37
14.70588207244873 1624360817.030427 0.37
14.70588207244873 1624360817.037401 0.37
14.70588207244873 1624360817.044421 0.37
14.70588207244873 1624360817.051378 0.37
14.70588207244873 1624360817.058369 0.37
14.093137741088867 1624360817.065391 0.37
14.70588207244873 1624360817.072389 0.37
14.70588207244873 1624360817.079366 0.37
14.093137741088867 1624360817.086409 0.37
14.70588207244873 1624360817.093497 0.37
14.093137741088867 1624360817.100394 0.37
14.70588207244873 1624360817.107446 0.37
14.714898109436035 1624360817.114523 0.37
14.093137741088867 1624360817.121294 0.37
14.70588207244873 1624360817.128254 0.37
14.093137741088867 1624360817.135292 0.37
14.70588207244873 1624360817.142411 0.37
14.70588207244873 1624360817.149376 0.37
14.093137741088867 1624360817.156355 0.37
14.70588207244873 1624360817.163388 0.37
14.093137741088867 1624360817.170403 0.37
14.70588207244873 1624360817.177422 0.37
14.70588207244873 1624360817.184387 0.37
14.093137741088867 1624360817.191388 0.37
14.70588207244873 1624360817.198418 0.37
14.70588207244873 1624360817.20536 0.37
14.70588207244873 1624360817.212416 0.37
14.70588207244873 1624360817.219415 0.37
14.093137741088867 1624360817.226396 0.37
14.70588207244873 1624360817.233358 0.37
14.093137741088867 1624360817.240459 0.37
14.70588207244873 1624360817.247459 0.37
14.70588207244873 1624360817.254429 0.37
14.093137741088867 1624360817.261453 0.37
14.70588207244873 1624360817.26843 0.37
14.093137741088867 1624360817.275332 0.37
14.70588207244873 1624360817.28233 0.37
14.70588207244873 1624360817.289289 0.37
14.70588207244873 1624360817.296346 0.37
14.70588207244873 1624360817.303262 0.37
14.70588207244873 1624360817.31029 0.37
14.70588207244873 1624360817.317247 0.37
14.70588207244873 1624360817.324263 0.37
14.093137741088867 1624360817.331255 0.37
14.70588207244873 1624360817.338271 0.37
14.093137741088867 1624360817.345389 0.37
14.70588207244873 1624360817.35232 0.37
14.70588207244873 1624360817.359392 0.37
14.093137741088867 1624360817.366373 0.37
14.70588207244873 1624360817.373301 0.37
14.093137741088867 1624360817.380395 0.37
14.70588207244873 1624360817.387375 0.37
14.70588207244873 1624360817.394423 0.37
14.70588207244873 1624360817.401424 0.37
14.70588207244873 1624360817.408386 0.37
14.093137741088867 1624360817.415431 0.37
14.70588207244873 1624360817.422417 0.37
14.70588207244873 1624360817.429502 0.37
14.093137741088867 1624360817.436428 0.37
14.70588207244873 1624360817.443231 0.37
14.093137741088867 1624360817.450287 0.37
14.70588207244873 1624360817.457334 0.37
14.093137741088867 1624360817.464264 0.37
14.70588207244873 1624360817.471202 0.37
14.70588207244873 1624360817.478275 0.37
14.093137741088867 1624360817.485269 0.37
14.70588207244873 1624360817.492261 0.37
14.093137741088867 1624360817.499259 0.37
14.70588207244873 1624360817.506266 0.37
14.70588207244873 1624360817.513258 0.37
14.093137741088867 1624360817.520316 0.37
14.70588207244873 1624360817.527235 0.37
14.093137741088867 1624360817.534316 0.37
14.714898109436035 1624360817.541353 0.37
14.70588207244873 1624360817.548385 0.37
14.093137741088867 1624360817.555377 0.37
14.70588207244873 1624360817.562371 0.37
14.093137741088867 1624360817.56938 0.37
14.70588207244873 1624360817.576353 0.37
14.70588207244873 1624360817.583328 0.37
14.093137741088867 1624360817.590346 0.37
14.70588207244873 1624360817.597184 0.37
14.093137741088867 1624360817.604199 0.37
14.70588207244873 1624360817.611185 0.37
14.70588207244873 1624360817.61822 0.37
14.093137741088867 1624360817.625212 0.37
14.70588207244873 1624360817.632234 0.37
14.093137741088867 1624360817.639226 0.37
14.70588207244873 1624360817.646238 0.37
14.70588207244873 1624360817.653243 0.37
14.093137741088867 1624360817.660215 0.37
14.70588207244873 1624360817.667265 0.37
14.093137741088867 1624360817.674248 0.37
14.70588207244873 1624360817.681255 0.37
14.70588207244873 1624360817.688313 0.37
14.093137741088867 1624360817.695246 0.37
14.70588207244873 1624360817.702223 0.37
14.093137741088867 1624360817.709243 0.37
14.70588207244873 1624360817.716229 0.37
14.093137741088867 1624360817.72331 0.37
14.093137741088867 1624360817.730328 0.37
14.70588207244873 1624360817.737319 0.37
14.093137741088867 1624360817.744141 0.37
14.70588207244873 1624360817.751144 0.37
14.70588207244873 1624360817.758205 0.37
14.093137741088867 1624360817.765213 0.37
14.70588207244873 1624360817.77217 0.37
14.093137741088867 1624360817.779146 0.37
14.70588207244873 1624360817.786149 0.37
14.70588207244873 1624360817.793202 0.37
14.093137741088867 1624360817.80009 0.37
14.70588207244873 1624360817.807201 0.37
14.093137741088867 1624360817.814241 0.37
14.70588207244873 1624360817.821165 0.37
14.093137741088867 1624360817.828193 0.37
14.093137741088867 1624360817.835158 0.37
14.70588207244873 1624360817.842165 0.37
14.093137741088867 1624360817.849262 0.37
14.70588207244873 1624360817.856251 0.37
14.093137741088867 1624360817.863266 0.37
14.093137741088867 1624360817.870266 0.37
14.70588207244873 1624360817.87733 0.37
14.093137741088867 1624360817.884183 0.37
14.70588207244873 1624360817.891101 0.37
14.093137741088867 1624360817.898164 0.37
14.70588207244873 1624360817.905185 0.37
14.70588207244873 1624360817.912124 0.37
14.093137741088867 1624360817.919192 0.37
14.70588207244873 1624360817.926193 0.37
14.093137741088867 1624360817.933155 0.37
14.70588207244873 1624360817.94012 0.37
14.70588207244873 1624360817.947194 0.37
14.093137741088867 1624360817.954201 0.37
14.70588207244873 1624360817.961189 0.37
14.093137741088867 1624360817.968134 0.37
14.70588207244873 1624360817.975158 0.37
14.70588207244873 1624360817.9822 0.37
14.093137741088867 1624360817.989211 0.37
14.70588207244873 1624360817.996127 0.37
14.093137741088867 1624360818.00317 0.37
14.093137741088867 1624360818.010238 0.37
14.70588207244873 1624360818.017218 0.37
14.093137741088867 1624360818.024194 0.37
14.70588207244873 1624360818.031206 0.37
14.093137741088867 1624360818.038018 0.37
14.70588207244873 1624360818.045011 0.37
14.70588207244873 1624360818.052088 0.37
14.093137741088867 1624360818.059149 0.37
14.70588207244873 1624360818.066125 0.37
14.093137741088867 1624360818.073083 0.37
14.70588207244873 1624360818.080141 0.37
14.70588207244873 1624360818.087079 0.37
14.093137741088867 1624360818.094065 0.37
14.70588207244873 1624360818.101166 0.37
14.093137741088867 1624360818.108069 0.37
14.093137741088867 1624360818.115167 0.37
14.093137741088867 1624360818.122168 0.37
14.093137741088867 1624360818.129159 0.37
14.70588207244873 1624360818.136178 0.37
14.093137741088867 1624360818.143156 0.37
14.70588207244873 1624360818.150169 0.37
14.70588207244873 1624360818.157177 0.37
14.093137741088867 1624360818.164197 0.37
14.093137741088867 1624360818.171193 0.37
14.093137741088867 1624360818.178118 0.37
14.70588207244873 1624360818.184932 0.37
14.70588207244873 1624360818.191928 0.37
14.093137741088867 1624360818.198948 0.37
14.70588207244873 1624360818.206057 0.37
14.093137741088867 1624360818.212995 0.37
14.70588207244873 1624360818.220062 0.37
14.093137741088867 1624360818.227021 0.37
14.093137741088867 1624360818.233964 0.37
14.70588207244873 1624360818.241027 0.37
14.093137741088867 1624360818.248129 0.37
14.70588207244873 1624360818.255106 0.37
14.093137741088867 1624360818.262114 0.37
14.093137741088867 1624360818.269103 0.37
14.70588207244873 1624360818.27609 0.37
14.093137741088867 1624360818.283135 0.37
14.70588207244873 1624360818.2901 0.37
14.093137741088867 1624360818.297139 0.37
14.093137741088867 1624360818.304181 0.37
14.70588207244873 1624360818.311092 0.37
14.093137741088867 1624360818.318145 0.37
14.70588207244873 1624360818.325129 0.37
14.70588207244873 1624360818.332164 0.37
14.093137741088867 1624360818.338997 0.37
14.70588207244873 1624360818.345974 0.37
14.70588207244873 1624360818.352956 0.37
14.70588207244873 1624360818.359973 0.37
14.093137741088867 1624360818.366944 0.37
14.093137741088867 1624360818.373968 0.37
14.70588207244873 1624360818.380907 0.37
14.093137741088867 1624360818.387904 0.37
14.70588207244873 1624360818.394921 0.37
14.70588207244873 1624360818.401989 0.37
14.093137741088867 1624360818.408955 0.37
14.093137741088867 1624360818.415966 0.37
14.093137741088867 1624360818.423043 0.37
14.70588207244873 1624360818.429969 0.37
14.70588207244873 1624360818.436927 0.37
14.093137741088867 1624360818.444072 0.37
14.70588207244873 1624360818.451068 0.37
14.093137741088867 1624360818.458058 0.37
14.093137741088867 1624360818.465126 0.37
14.093137741088867 1624360818.472056 0.37
14.093137741088867 1624360818.47909 0.37
14.70588207244873 1624360818.486051 0.37
14.093137741088867 1624360818.493157 0.37
14.70588207244873 1624360818.50014 0.37
14.70588207244873 1624360818.507094 0.37
14.093137741088867 1624360818.513878 0.37
14.70588207244873 1624360818.520849 0.37
14.093137741088867 1624360818.527902 0.37
14.093137741088867 1624360818.534896 0.37
14.70588207244873 1624360818.541888 0.37
14.093137741088867 1624360818.548949 0.37
14.093137741088867 1624360818.556002 0.37
14.093137741088867 1624360818.563004 0.37
14.70588207244873 1624360818.569974 0.37
14.093137741088867 1624360818.576947 0.37
14.093137741088867 1624360818.583978 0.37
14.70588207244873 1624360818.590993 0.37
14.093137741088867 1624360818.598031 0.37
14.70588207244873 1624360818.605066 0.37
14.093137741088867 1624360818.612011 0.37
14.093137741088867 1624360818.619012 0.37
14.093137741088867 1624360818.62602 0.37
14.093137741088867 1624360818.632984 0.37
14.70588207244873 1624360818.640068 0.37
14.70588207244873 1624360818.647018 0.37
14.093137741088867 1624360818.654091 0.37
14.093137741088867 1624360818.66109 0.37
14.093137741088867 1624360818.667944 0.37
14.70588207244873 1624360818.674961 0.37
14.093137741088867 1624360818.681961 0.37
14.093137741088867 1624360818.688913 0.37
14.70588207244873 1624360818.695917 0.37
14.093137741088867 1624360818.702909 0.37
14.70588207244873 1624360818.709927 0.37
14.093137741088867 1624360818.716926 0.37
14.093137741088867 1624360818.723915 0.37
14.70588207244873 1624360818.730891 0.37
14.093137741088867 1624360818.737975 0.37
14.093137741088867 1624360818.744868 0.37
14.093137741088867 1624360818.751883 0.37
14.093137741088867 1624360818.758975 0.37
14.70588207244873 1624360818.76597 0.37
14.093137741088867 1624360818.773003 0.37
14.70588207244873 1624360818.779988 0.37
14.093137741088867 1624360818.786986 0.37
14.093137741088867 1624360818.793979 0.37
14.70588207244873 1624360818.800967 0.37
14.093137741088867 1624360818.807928 0.37
14.70588207244873 1624360818.814804 0.37
14.093137741088867 1624360818.821918 0.37
14.093137741088867 1624360818.828908 0.37
14.093137741088867 1624360818.835869 0.37
14.093137741088867 1624360818.842943 0.37
14.093137741088867 1624360818.849921 0.37
14.093137741088867 1624360818.856932 0.37
14.093137741088867 1624360818.863926 0.37
14.70588207244873 1624360818.870893 0.37
14.093137741088867 1624360818.877914 0.37
14.70588207244873 1624360818.884913 0.37
14.093137741088867 1624360818.891844 0.37
14.70588207244873 1624360818.898856 0.37
14.70588207244873 1624360818.905914 0.37
14.093137741088867 1624360818.912927 0.37
14.093137741088867 1624360818.919912 0.37
14.093137741088867 1624360818.926991 0.37
14.70588207244873 1624360818.933964 0.37
14.70588207244873 1624360818.940953 0.37
14.093137741088867 1624360818.94772 0.37
14.093137741088867 1624360818.954724 0.37
14.093137741088867 1624360818.961743 0.37
14.70588207244873 1624360818.968786 0.37
14.70588207244873 1624360818.975819 0.37
14.093137741088867 1624360818.982743 0.37
14.093137741088867 1624360818.98993 0.37
14.093137741088867 1624360818.996939 0.37
14.70588207244873 1624360819.003929 0.37
14.093137741088867 1624360819.010903 0.37
14.093137741088867 1624360819.01791 0.37
14.70588207244873 1624360819.024908 0.37
14.093137741088867 1624360819.031944 0.37
14.70588207244873 1624360819.038927 0.37
14.093137741088867 1624360819.04691 0.37
14.70588207244873 1624360819.053941 0.37
14.70588207244873 1624360819.060907 0.37
14.093137741088867 1624360819.067795 0.37
14.093137741088867 1624360819.074778 0.37
14.093137741088867 1624360819.08179 0.37
14.093137741088867 1624360819.08884 0.37
14.70588207244873 1624360819.095804 0.37
14.093137741088867 1624360819.102831 0.37
14.70588207244873 1624360819.109829 0.37
14.093137741088867 1624360819.116823 0.37
14.70588207244873 1624360819.123815 0.37
14.093137741088867 1624360819.13079 0.37
14.093137741088867 1624360819.137876 0.37
14.70588207244873 1624360819.144823 0.37
14.093137741088867 1624360819.151899 0.37
14.093137741088867 1624360819.158903 0.37
14.093137741088867 1624360819.16593 0.37
14.093137741088867 1624360819.172946 0.37
14.70588207244873 1624360819.179887 0.37
14.093137741088867 1624360819.186945 0.37
14.093137741088867 1624360819.193755 0.37
14.70588207244873 1624360819.200766 0.37
14.093137741088867 1624360819.207744 0.37
14.70588207244873 1624360819.21479 0.37
14.093137741088867 1624360819.221814 0.37
14.093137741088867 1624360819.228732 0.37
14.093137741088867 1624360819.23578 0.37
14.093137741088867 1624360819.242812 0.37
14.70588207244873 1624360819.249816 0.37
14.093137741088867 1624360819.256842 0.37
14.70588207244873 1624360819.263873 0.37
14.093137741088867 1624360819.270841 0.37
14.093137741088867 1624360819.277804 0.37
14.70588207244873 1624360819.284856 0.37
14.093137741088867 1624360819.291798 0.37
14.093137741088867 1624360819.298818 0.37
14.70588207244873 1624360819.305838 0.37
14.093137741088867 1624360819.312958 0.37
14.093137741088867 1624360819.31984 0.37
14.093137741088867 1624360819.326968 0.37
14.093137741088867 1624360819.33373 0.37
14.093137741088867 1624360819.340709 0.37
14.093137741088867 1624360819.347724 0.37
14.093137741088867 1624360819.354705 0.37
14.093137741088867 1624360819.36171 0.37
14.093137741088867 1624360819.36872 0.37
14.093137741088867 1624360819.375736 0.37
14.093137741088867 1624360819.382775 0.37
14.70588207244873 1624360819.38976 0.37
14.093137741088867 1624360819.396706 0.37
14.093137741088867 1624360819.403755 0.37
14.093137741088867 1624360819.410763 0.37
14.093137741088867 1624360819.417786 0.37
14.093137741088867 1624360819.424766 0.37
14.093137741088867 1624360819.431815 0.37
14.70588207244873 1624360819.43874 0.37
14.093137741088867 1624360819.445855 0.37
14.093137741088867 1624360819.452799 0.37
14.093137741088867 1624360819.459858 0.37
14.093137741088867 1624360819.466816 0.37
14.093137741088867 1624360819.473846 0.37
14.093137741088867 1624360819.481691 0.37
14.70588207244873 1624360819.488662 0.37
14.70588207244873 1624360819.49569 0.37
14.093137741088867 1624360819.502707 0.37
14.093137741088867 1624360819.509651 0.37
14.093137741088867 1624360819.51666 0.37
14.70588207244873 1624360819.52368 0.37
14.093137741088867 1624360819.530713 0.37
14.093137741088867 1624360819.537667 0.37
14.70588207244873 1624360819.544697 0.37
14.093137741088867 1624360819.551731 0.37
14.093137741088867 1624360819.558739 0.37
14.093137741088867 1624360819.56576 0.37
14.093137741088867 1624360819.572742 0.37
14.093137741088867 1624360819.579763 0.37
14.093137741088867 1624360819.586778 0.37
14.093137741088867 1624360819.593777 0.37
14.70588207244873 1624360819.600758 0.37
14.093137741088867 1624360819.607826 0.37
14.093137741088867 1624360819.614793 0.37
14.093137741088867 1624360819.621772 0.37
14.093137741088867 1624360819.628625 0.37
14.093137741088867 1624360819.635657 0.37
14.093137741088867 1624360819.642606 0.37
14.093137741088867 1624360819.649615 0.37
14.093137741088867 1624360819.656631 0.37
14.70588207244873 1624360819.663639 0.37
14.093137741088867 1624360819.670636 0.37
14.093137741088867 1624360819.677708 0.37
14.093137741088867 1624360819.684601 0.37
14.093137741088867 1624360819.691741 0.37
14.093137741088867 1624360819.698656 0.37
14.093137741088867 1624360819.705652 0.37
14.093137741088867 1624360819.71267 0.37
14.093137741088867 1624360819.719652 0.37
14.093137741088867 1624360819.726692 0.37
14.093137741088867 1624360819.733688 0.37
14.093137741088867 1624360819.740684 0.37
14.70588207244873 1624360819.747675 0.37
14.093137741088867 1624360819.754741 0.37
14.093137741088867 1624360819.761692 0.37
14.70588207244873 1624360819.768722 0.37
14.70588207244873 1624360819.775718 0.37
14.70588207244873 1624360819.782771 0.37
14.093137741088867 1624360819.789554 0.37
14.093137741088867 1624360819.796603 0.37
14.70588207244873 1624360819.803553 0.37
14.093137741088867 1624360819.810603 0.37
14.093137741088867 1624360819.817617 0.37
14.70588207244873 1624360819.824654 0.37
14.093137741088867 1624360819.831648 0.37
14.093137741088867 1624360819.838668 0.37
14.093137741088867 1624360819.845633 0.37
14.093137741088867 1624360819.852613 0.37
14.093137741088867 1624360819.85965 0.37
14.093137741088867 1624360819.866613 0.37
14.70588207244873 1624360819.873605 0.37
14.093137741088867 1624360819.880579 0.37
14.093137741088867 1624360819.887656 0.37
14.093137741088867 1624360819.894668 0.37
14.093137741088867 1624360819.901723 0.37
14.093137741088867 1624360819.908648 0.37
14.093137741088867 1624360819.91565 0.37
14.093137741088867 1624360819.922681 0.37
14.093137741088867 1624360819.929489 0.37
14.093137741088867 1624360819.936516 0.37
14.093137741088867 1624360819.943536 0.37
14.093137741088867 1624360819.950485 0.37
14.093137741088867 1624360819.957524 0.37
14.093137741088867 1624360819.964509 0.37
14.093137741088867 1624360819.971527 0.37
14.70588207244873 1624360819.978579 0.37
14.093137741088867 1624360819.985638 0.37
14.093137741088867 1624360819.992547 0.37
14.093137741088867 1624360819.999633 0.37
14.093137741088867 1624360820.006587 0.37
14.093137741088867 1624360820.013571 0.37
14.093137741088867 1624360820.020583 0.37
14.093137741088867 1624360820.027553 0.37
14.70588207244873 1624360820.034601 0.37
14.093137741088867 1624360820.041563 0.37
14.093137741088867 1624360820.04865 0.37
14.093137741088867 1624360820.055613 0.37
14.093137741088867 1624360820.062722 0.37
14.70588207244873 1624360820.069767 0.37
14.093137741088867 1624360820.076722 0.37
14.093137741088867 1624360820.083523 0.37
14.093137741088867 1624360820.090425 0.37
14.093137741088867 1624360820.097463 0.37
14.093137741088867 1624360820.104464 0.37
14.093137741088867 1624360820.111542 0.37
14.093137741088867 1624360820.118478 0.37
14.093137741088867 1624360820.125574 0.37
14.093137741088867 1624360820.132481 0.37
14.70588207244873 1624360820.139564 0.37
14.093137741088867 1624360820.14651 0.37
14.093137741088867 1624360820.153541 0.37
14.093137741088867 1624360820.160515 0.37
14.093137741088867 1624360820.167496 0.37
14.093137741088867 1624360820.17452 0.37
14.093137741088867 1624360820.181572 0.37
14.093137741088867 1624360820.188615 0.37
14.093137741088867 1624360820.195613 0.37
14.093137741088867 1624360820.202594 0.37
14.093137741088867 1624360820.209581 0.37
14.093137741088867 1624360820.216582 0.37
14.093137741088867 1624360820.223582 0.37
14.093137741088867 1624360820.230566 0.37
14.093137741088867 1624360820.23759 0.37
14.093137741088867 1624360820.244384 0.37
14.093137741088867 1624360820.25141 0.37
14.70588207244873 1624360820.258448 0.37
14.093137741088867 1624360820.265426 0.37
14.093137741088867 1624360820.272461 0.37
14.093137741088867 1624360820.279475 0.37
14.093137741088867 1624360820.286485 0.37
14.093137741088867 1624360820.293449 0.37
14.70588207244873 1624360820.300468 0.37
14.093137741088867 1624360820.307551 0.37
14.093137741088867 1624360820.31446 0.37
14.093137741088867 1624360820.321412 0.37
14.093137741088867 1624360820.328394 0.37
14.093137741088867 1624360820.335468 0.37
14.093137741088867 1624360820.342495 0.37
14.093137741088867 1624360820.349539 0.37
14.093137741088867 1624360820.356579 0.37
14.093137741088867 1624360820.36356 0.37
14.093137741088867 1624360820.370546 0.37
14.093137741088867 1624360820.377574 0.37
14.093137741088867 1624360820.384539 0.37
14.093137741088867 1624360820.39154 0.37
14.093137741088867 1624360820.398522 0.37
14.093137741088867 1624360820.40558 0.37
14.093137741088867 1624360820.412308 0.37
14.093137741088867 1624360820.419322 0.37
14.093137741088867 1624360820.426371 0.37
14.093137741088867 1624360820.433303 0.37
14.093137741088867 1624360820.440408 0.37
14.093137741088867 1624360820.447422 0.37
14.093137741088867 1624360820.454339 0.37
14.093137741088867 1624360820.461293 0.37
14.093137741088867 1624360820.46837 0.37
14.093137741088867 1624360820.475479 0.37
14.093137741088867 1624360820.482449 0.37
14.093137741088867 1624360820.489461 0.37
14.093137741088867 1624360820.496471 0.37
14.093137741088867 1624360820.503488 0.37
14.093137741088867 1624360820.510523 0.37
14.093137741088867 1624360820.517427 0.37
14.093137741088867 1624360820.524478 0.37
14.093137741088867 1624360820.531493 0.37
14.093137741088867 1624360820.538462 0.37
14.093137741088867 1624360820.545487 0.37
14.093137741088867 1624360820.552509 0.37
14.093137741088867 1624360820.559455 0.37
14.093137741088867 1624360820.566446 0.37
14.093137741088867 1624360820.573441 0.37
14.70588207244873 1624360820.580442 0.37
14.093137741088867 1624360820.587446 0.37
14.093137741088867 1624360820.594282 0.37
14.093137741088867 1624360820.601308 0.37
14.093137741088867 1624360820.60831 0.37
14.093137741088867 1624360820.615374 0.37
14.093137741088867 1624360820.622341 0.37
14.093137741088867 1624360820.629383 0.37
14.093137741088867 1624360820.636407 0.37
14.70588207244873 1624360820.643381 0.37
14.093137741088867 1624360820.650333 0.37
14.093137741088867 1624360820.657314 0.37
14.093137741088867 1624360820.664337 0.37
14.093137741088867 1624360820.67141 0.37
14.093137741088867 1624360820.678439 0.37
14.093137741088867 1624360820.685362 0.37
14.093137741088867 1624360820.692421 0.37
14.093137741088867 1624360820.699435 0.37
14.093137741088867 1624360820.706382 0.37
14.093137741088867 1624360820.713442 0.37
14.093137741088867 1624360820.72045 0.37
14.093137741088867 1624360820.727429 0.37
14.70588207244873 1624360820.734392 0.37
14.093137741088867 1624360820.741395 0.37
14.093137741088867 1624360820.748481 0.37
14.093137741088867 1624360820.75542 0.37
14.093137741088867 1624360820.762513 0.37
14.093137741088867 1624360820.769451 0.37
14.093137741088867 1624360820.776454 0.37
14.093137741088867 1624360820.783453 0.37
14.093137741088867 1624360820.790457 0.37
14.093137741088867 1624360820.797302 0.37
14.093137741088867 1624360820.80421 0.37
14.093137741088867 1624360820.811181 0.37
14.093137741088867 1624360820.818235 0.37
14.093137741088867 1624360820.825212 0.37
14.093137741088867 1624360820.832249 0.37
14.093137741088867 1624360820.839336 0.37
14.093137741088867 1624360820.846328 0.37
14.093137741088867 1624360820.853352 0.37
14.093137741088867 1624360820.860316 0.37
14.093137741088867 1624360820.867319 0.37
14.093137741088867 1624360820.874273 0.37
14.093137741088867 1624360820.881325 0.37
14.70588207244873 1624360820.88832 0.37
14.093137741088867 1624360820.895311 0.37
14.093137741088867 1624360820.902396 0.37
14.093137741088867 1624360820.909376 0.37
14.093137741088867 1624360820.91639 0.37
14.093137741088867 1624360820.923377 0.37
14.093137741088867 1624360820.930405 0.37
14.093137741088867 1624360820.937387 0.37
14.093137741088867 1624360820.944321 0.37
14.093137741088867 1624360820.9513 0.37
14.093137741088867 1624360820.958349 0.37
14.093137741088867 1624360820.96539 0.37
14.093137741088867 1624360820.972353 0.37
14.093137741088867 1624360820.979199 0.37
14.093137741088867 1624360820.986223 0.37
14.093137741088867 1624360820.993203 0.37
14.70588207244873 1624360821.000191 0.37
14.093137741088867 1624360821.007301 0.37
14.093137741088867 1624360821.014248 0.37
14.093137741088867 1624360821.021247 0.37
14.093137741088867 1624360821.028297 0.37
14.093137741088867 1624360821.03528 0.37
14.093137741088867 1624360821.042266 0.37
14.093137741088867 1624360821.049235 0.37
14.093137741088867 1624360821.056221 0.37
14.093137741088867 1624360821.063328 0.37
14.70588207244873 1624360821.070212 0.37
14.093137741088867 1624360821.077312 0.37
14.093137741088867 1624360821.0843 0.37
14.093137741088867 1624360821.091281 0.37
14.093137741088867 1624360821.098208 0.37
14.093137741088867 1624360821.105207 0.37
14.093137741088867 1624360821.112346 0.37
14.093137741088867 1624360821.119265 0.37
14.093137741088867 1624360821.126361 0.37
14.70588207244873 1624360821.133353 0.37
14.093137741088867 1624360821.140318 0.37
14.093137741088867 1624360821.147367 0.37
14.093137741088867 1624360821.154348 0.37
14.093137741088867 1624360821.161324 0.37
14.093137741088867 1624360821.168358 0.37
14.093137741088867 1624360821.175297 0.37
14.093137741088867 1624360821.182154 0.37
14.093137741088867 1624360821.189143 0.37
14.093137741088867 1624360821.196184 0.37
14.093137741088867 1624360821.203192 0.37
14.093137741088867 1624360821.210156 0.37
14.093137741088867 1624360821.217119 0.37
14.093137741088867 1624360821.224328 0.37
14.093137741088867 1624360821.23109 0.37
14.093137741088867 1624360821.238089 0.37
14.093137741088867 1624360821.245134 0.37
14.093137741088867 1624360821.25213 0.37
14.093137741088867 1624360821.259239 0.37
14.093137741088867 1624360821.266195 0.37
14.093137741088867 1624360821.273249 0.37
14.093137741088867 1624360821.28025 0.37
14.093137741088867 1624360821.287247 0.37
14.093137741088867 1624360821.294266 0.37
14.093137741088867 1624360821.301264 0.37
14.093137741088867 1624360821.308259 0.37
14.093137741088867 1624360821.31516 0.37
14.093137741088867 1624360821.3222 0.37
14.093137741088867 1624360821.329263 0.37
14.093137741088867 1624360821.336305 0.37
14.093137741088867 1624360821.343286 0.37
14.70588207244873 1624360821.350281 0.37
14.093137741088867 1624360821.357304 0.37
14.093137741088867 1624360821.364321 0.37
14.093137741088867 1624360821.37128 0.37
14.093137741088867 1624360821.378284 0.37
14.093137741088867 1624360821.385266 0.37
14.093137741088867 1624360821.392117 0.37
14.70588207244873 1624360821.399127 0.37
14.093137741088867 1624360821.406144 0.37
14.093137741088867 1624360821.413139 0.37
14.093137741088867 1624360821.42015 0.37
14.093137741088867 1624360821.427129 0.37
14.093137741088867 1624360821.434151 0.37
14.093137741088867 1624360821.441094 0.37
14.093137741088867 1624360821.448074 0.37
14.093137741088867 1624360821.455114 0.37
14.093137741088867 1624360821.46215 0.37
14.093137741088867 1624360821.469091 0.37
14.093137741088867 1624360821.476159 0.37
14.093137741088867 1624360821.483147 0.37
14.093137741088867 1624360821.490052 0.37
14.093137741088867 1624360821.497106 0.37
14.093137741088867 1624360821.504121 0.37
14.093137741088867 1624360821.511146 0.37
14.093137741088867 1624360821.518182 0.37
14.093137741088867 1624360821.525147 0.37
14.093137741088867 1624360821.532134 0.37
14.093137741088867 1624360821.539191 0.37
14.093137741088867 1624360821.546163 0.37
14.093137741088867 1624360821.553203 0.37
14.093137741088867 1624360821.560263 0.37
14.093137741088867 1624360821.567256 0.37
14.093137741088867 1624360821.57407 0.37
14.093137741088867 1624360821.581072 0.37
14.093137741088867 1624360821.588016 0.37
14.093137741088867 1624360821.595012 0.37
14.093137741088867 1624360821.601994 0.37
14.093137741088867 1624360821.609052 0.37
14.093137741088867 1624360821.61601 0.37
14.093137741088867 1624360821.623055 0.37
14.093137741088867 1624360821.630079 0.37
14.093137741088867 1624360821.637082 0.37
14.093137741088867 1624360821.64407 0.37
14.093137741088867 1624360821.65112 0.37
14.093137741088867 1624360821.658113 0.37
14.093137741088867 1624360821.665157 0.37
14.093137741088867 1624360821.672145 0.37
14.093137741088867 1624360821.679143 0.37
14.093137741088867 1624360821.686194 0.37
14.093137741088867 1624360821.6933 0.37
14.093137741088867 1624360821.700092 0.37
14.093137741088867 1624360821.707108 0.37
14.093137741088867 1624360821.714094 0.37
14.093137741088867 1624360821.721084 0.37
14.093137741088867 1624360821.728081 0.37
14.093137741088867 1624360821.735123 0.37
14.093137741088867 1624360821.742157 0.37
14.093137741088867 1624360821.749022 0.37
14.093137741088867 1624360821.75605 0.37
14.093137741088867 1624360821.76305 0.37
14.093137741088867 1624360821.770017 0.37
14.093137741088867 1624360821.77702 0.37
14.093137741088867 1624360821.784075 0.37
14.093137741088867 1624360821.79106 0.37
14.70588207244873 1624360821.798102 0.37
14.70588207244873 1624360821.805073 0.37
14.093137741088867 1624360821.812018 0.37
14.093137741088867 1624360821.819024 0.37
14.093137741088867 1624360821.825986 0.37
14.093137741088867 1624360821.833051 0.37
14.093137741088867 1624360821.840051 0.37
14.093137741088867 1624360821.847131 0.37
14.093137741088867 1624360821.85414 0.37
14.093137741088867 1624360821.861105 0.37
14.093137741088867 1624360821.868032 0.37
14.093137741088867 1624360821.875087 0.37
14.093137741088867 1624360821.882082 0.37
14.093137741088867 1624360821.889105 0.37
14.093137741088867 1624360821.896205 0.37
14.093137741088867 1624360821.903218 0.37
14.093137741088867 1624360821.910239 0.37
14.093137741088867 1624360821.916965 0.37
14.093137741088867 1624360821.923942 0.37
14.093137741088867 1624360821.93099 0.37
14.70588207244873 1624360821.93799 0.37
14.093137741088867 1624360821.944959 0.37
14.093137741088867 1624360821.952007 0.37
14.70588207244873 1624360821.958966 0.37
14.093137741088867 1624360821.966023 0.37
14.093137741088867 1624360821.972982 0.37
14.093137741088867 1624360821.979965 0.37
14.093137741088867 1624360821.986979 0.37
14.093137741088867 1624360821.993952 0.37
14.093137741088867 1624360822.00093 0.37
14.093137741088867 1624360822.007931 0.37
14.093137741088867 1624360822.01492 0.37
14.093137741088867 1624360822.021958 0.37
14.093137741088867 1624360822.028991 0.37
14.093137741088867 1624360822.036054 0.37
14.093137741088867 1624360822.043025 0.37
14.093137741088867 1624360822.050068 0.37
14.093137741088867 1624360822.056992 0.37
14.093137741088867 1624360822.064025 0.37
14.093137741088867 1624360822.071002 0.37
14.093137741088867 1624360822.078006 0.37
14.093137741088867 1624360822.085046 0.37
14.093137741088867 1624360822.091921 0.37
14.093137741088867 1624360822.098918 0.37
14.093137741088867 1624360822.105844 0.37
14.093137741088867 1624360822.112861 0.37
14.093137741088867 1624360822.119899 0.37
14.093137741088867 1624360822.126931 0.37
14.093137741088867 1624360822.13394 0.37
14.093137741088867 1624360822.140916 0.37
14.093137741088867 1624360822.147939 0.37
14.093137741088867 1624360822.154955 0.37
14.093137741088867 1624360822.161904 0.37
14.093137741088867 1624360822.168958 0.37
14.093137741088867 1624360822.175944 0.37
14.093137741088867 1624360822.183007 0.37
14.093137741088867 1624360822.189985 0.37
14.093137741088867 1624360822.19699 0.37
14.093137741088867 1624360822.204042 0.37
14.093137741088867 1624360822.211002 0.37
14.093137741088867 1624360822.217967 0.37
14.093137741088867 1624360822.224971 0.37
14.093137741088867 1624360822.232003 0.37
14.093137741088867 1624360822.239012 0.37
14.093137741088867 1624360822.245943 0.37
14.093137741088867 1624360822.252999 0.37
14.093137741088867 1624360822.259944 0.37
14.093137741088867 1624360822.266943 0.37
14.093137741088867 1624360822.273827 0.37
14.093137741088867 1624360822.280898 0.37
14.093137741088867 1624360822.287886 0.37
14.093137741088867 1624360822.294975 0.37
14.093137741088867 1624360822.301899 0.37
14.093137741088867 1624360822.308953 0.37
14.093137741088867 1624360822.315935 0.37
14.093137741088867 1624360822.322957 0.37
14.093137741088867 1624360822.329986 0.37
14.093137741088867 1624360822.336918 0.37
14.093137741088867 1624360822.34396 0.37
14.093137741088867 1624360822.35093 0.37
14.093137741088867 1624360822.357875 0.37
14.093137741088867 1624360822.364883 0.37
14.093137741088867 1624360822.371911 0.37
14.093137741088867 1624360822.378837 0.37
14.093137741088867 1624360822.385875 0.37
14.093137741088867 1624360822.39289 0.37
14.093137741088867 1624360822.399908 0.37
14.093137741088867 1624360822.406838 0.37
14.093137741088867 1624360822.413857 0.37
14.093137741088867 1624360822.420947 0.37
14.093137741088867 1624360822.428017 0.37
14.093137741088867 1624360822.43499 0.37
14.093137741088867 1624360822.441975 0.37
14.093137741088867 1624360822.448799 0.37
14.093137741088867 1624360822.455788 0.37
14.093137741088867 1624360822.46272 0.37
14.093137741088867 1624360822.469752 0.37
14.093137741088867 1624360822.476832 0.37
14.093137741088867 1624360822.483869 0.37
14.093137741088867 1624360822.490885 0.37
14.093137741088867 1624360822.49789 0.37
14.093137741088867 1624360822.504845 0.37
14.093137741088867 1624360822.511856 0.37
14.093137741088867 1624360822.518835 0.37
14.093137741088867 1624360822.525954 0.37
14.093137741088867 1624360822.532886 0.37
14.093137741088867 1624360822.539979 0.37
14.093137741088867 1624360822.546846 0.37
14.093137741088867 1624360822.553838 0.37
14.093137741088867 1624360822.560969 0.37
14.093137741088867 1624360822.568004 0.37
14.093137741088867 1624360822.574988 0.37
14.093137741088867 1624360822.581943 0.37
14.093137741088867 1624360822.58894 0.37
14.093137741088867 1624360822.595979 0.37
14.093137741088867 1624360822.60294 0.37
14.093137741088867 1624360822.60996 0.37
14.093137741088867 1624360822.616923 0.37
14.093137741088867 1624360822.623779 0.37
14.093137741088867 1624360822.630802 0.37
14.093137741088867 1624360822.637762 0.37
14.093137741088867 1624360822.644794 0.37
14.093137741088867 1624360822.651765 0.37
14.093137741088867 1624360822.658825 0.37
14.093137741088867 1624360822.665864 0.37
14.093137741088867 1624360822.672794 0.37
14.093137741088867 1624360822.679808 0.37
14.093137741088867 1624360822.686757 0.37
14.093137741088867 1624360822.693837 0.37
14.093137741088867 1624360822.700781 0.37
14.093137741088867 1624360822.707751 0.37
14.093137741088867 1624360822.714805 0.37
14.093137741088867 1624360822.721801 0.37
14.093137741088867 1624360822.728777 0.37
14.093137741088867 1624360822.735861 0.37
14.093137741088867 1624360822.74284 0.37
14.093137741088867 1624360822.749749 0.37
14.093137741088867 1624360822.756816 0.37
14.093137741088867 1624360822.76383 0.37
14.093137741088867 1624360822.770872 0.37
14.093137741088867 1624360822.777857 0.37
14.093137741088867 1624360822.784802 0.37
14.093137741088867 1624360822.7919 0.37
14.093137741088867 1624360822.798934 0.37
14.093137741088867 1624360822.805864 0.37
14.093137741088867 1624360822.8127 0.37
14.093137741088867 1624360822.81973 0.37
14.093137741088867 1624360822.826716 0.37
14.093137741088867 1624360822.833691 0.37
14.093137741088867 1624360822.840734 0.37
14.093137741088867 1624360822.847704 0.37
14.093137741088867 1624360822.854745 0.37
14.093137741088867 1624360822.861676 0.37
14.093137741088867 1624360822.868767 0.37
14.093137741088867 1624360822.875724 0.37
14.093137741088867 1624360822.88275 0.37
14.093137741088867 1624360822.889682 0.37
14.093137741088867 1624360822.896736 0.37
14.70588207244873 1624360822.903738 0.37
14.093137741088867 1624360822.91076 0.37
14.093137741088867 1624360822.917796 0.37
14.093137741088867 1624360822.92478 0.37
14.093137741088867 1624360822.931777 0.37
14.093137741088867 1624360822.938769 0.37
14.093137741088867 1624360822.945823 0.37
14.093137741088867 1624360822.952793 0.37
14.093137741088867 1624360822.959799 0.37
14.093137741088867 1624360822.966787 0.37
14.093137741088867 1624360822.97376 0.37
14.093137741088867 1624360822.980775 0.37
14.093137741088867 1624360822.987757 0.37
14.093137741088867 1624360822.99473 0.37
14.093137741088867 1624360823.00174 0.37
14.093137741088867 1624360823.008553 0.37
14.093137741088867 1624360823.015643 0.37
14.093137741088867 1624360823.022589 0.37
14.093137741088867 1624360823.02957 0.37
14.093137741088867 1624360823.036543 0.37
14.093137741088867 1624360823.043607 0.37
14.093137741088867 1624360823.050631 0.37
14.093137741088867 1624360823.057692 0.37
14.093137741088867 1624360823.064577 0.37
14.093137741088867 1624360823.071691 0.37
14.093137741088867 1624360823.07864 0.37
14.093137741088867 1624360823.085665 0.37
14.093137741088867 1624360823.092701 0.37
14.093137741088867 1624360823.099725 0.37
14.093137741088867 1624360823.106748 0.37
14.093137741088867 1624360823.113744 0.37
14.093137741088867 1624360823.120755 0.37
14.093137741088867 1624360823.127777 0.37
14.093137741088867 1624360823.134809 0.37
14.093137741088867 1624360823.141772 0.37
14.093137741088867 1624360823.148782 0.37
14.093137741088867 1624360823.155762 0.37
14.093137741088867 1624360823.162794 0.37
14.093137741088867 1624360823.16982 0.37
14.093137741088867 1624360823.176584 0.37
14.093137741088867 1624360823.183606 0.37
14.093137741088867 1624360823.190636 0.37
14.093137741088867 1624360823.197603 0.37
14.093137741088867 1624360823.204617 0.37
14.093137741088867 1624360823.211658 0.37
14.093137741088867 1624360823.218624 0.37
14.093137741088867 1624360823.225691 0.37
14.093137741088867 1624360823.232658 0.37
14.093137741088867 1624360823.239618 0.37
14.093137741088867 1624360823.246573 0.37
14.093137741088867 1624360823.25362 0.37
14.093137741088867 1624360823.260609 0.37
14.093137741088867 1624360823.267605 0.37
14.093137741088867 1624360823.27459 0.37
14.093137741088867 1624360823.281621 0.37
14.093137741088867 1624360823.288595 0.37
14.093137741088867 1624360823.295603 0.37
14.093137741088867 1624360823.302677 0.37
14.093137741088867 1624360823.309608 0.37
14.093137741088867 1624360823.316594 0.37
14.093137741088867 1624360823.323709 0.37
14.093137741088867 1624360823.330595 0.37
14.093137741088867 1624360823.337626 0.37
14.093137741088867 1624360823.344658 0.37
14.093137741088867 1624360823.351567 0.37
14.70588207244873 1624360823.358584 0.37
14.093137741088867 1624360823.365574 0.37
14.093137741088867 1624360823.37255 0.37
14.093137741088867 1624360823.379559 0.37
14.093137741088867 1624360823.386568 0.37
14.093137741088867 1624360823.393621 0.37
14.093137741088867 1624360823.400571 0.37
14.093137741088867 1624360823.407585 0.37
14.093137741088867 1624360823.414625 0.37
14.093137741088867 1624360823.421615 0.37
14.093137741088867 1624360823.428634 0.37
14.093137741088867 1624360823.435602 0.37
14.093137741088867 1624360823.442635 0.37
14.093137741088867 1624360823.449612 0.37
14.093137741088867 1624360823.456651 0.37
14.093137741088867 1624360823.463663 0.37
14.093137741088867 1624360823.470673 0.37
14.093137741088867 1624360823.477588 0.37
14.093137741088867 1624360823.484556 0.37
14.093137741088867 1624360823.49151 0.37
14.093137741088867 1624360823.498541 0.37
14.093137741088867 1624360823.505637 0.37
14.093137741088867 1624360823.512653 0.37
14.093137741088867 1624360823.519718 0.37
14.093137741088867 1624360823.526444 0.37
14.093137741088867 1624360823.533426 0.37
14.093137741088867 1624360823.540436 0.37
14.093137741088867 1624360823.547474 0.37
14.093137741088867 1624360823.55451 0.37
14.093137741088867 1624360823.561525 0.37
14.093137741088867 1624360823.568561 0.37
14.093137741088867 1624360823.575606 0.37
14.093137741088867 1624360823.583561 0.37
14.093137741088867 1624360823.590555 0.37
14.093137741088867 1624360823.59758 0.37
14.093137741088867 1624360823.604634 0.37
14.093137741088867 1624360823.611573 0.37
14.093137741088867 1624360823.618628 0.37
14.093137741088867 1624360823.62559 0.37
14.093137741088867 1624360823.632555 0.37
14.093137741088867 1624360823.639621 0.37
14.093137741088867 1624360823.646595 0.37
14.093137741088867 1624360823.653601 0.37
14.093137741088867 1624360823.660646 0.37
14.093137741088867 1624360823.667519 0.37
14.093137741088867 1624360823.674546 0.37
14.093137741088867 1624360823.681385 0.37
14.093137741088867 1624360823.688419 0.37
14.093137741088867 1624360823.695422 0.37
14.093137741088867 1624360823.702409 0.37
14.093137741088867 1624360823.709488 0.37
14.093137741088867 1624360823.716463 0.37
14.093137741088867 1624360823.723449 0.37
14.093137741088867 1624360823.730447 0.37
14.093137741088867 1624360823.73749 0.37
14.093137741088867 1624360823.744547 0.37
14.093137741088867 1624360823.751514 0.37
14.093137741088867 1624360823.758481 0.37
14.093137741088867 1624360823.765534 0.37
14.093137741088867 1624360823.772532 0.37
14.093137741088867 1624360823.779537 0.37
14.093137741088867 1624360823.78651 0.37
14.093137741088867 1624360823.793557 0.37
14.093137741088867 1624360823.800558 0.37
14.093137741088867 1624360823.807573 0.37
14.093137741088867 1624360823.814568 0.37
14.093137741088867 1624360823.821579 0.37
14.093137741088867 1624360823.828584 0.37
14.093137741088867 1624360823.835578 0.37
14.093137741088867 1624360823.842597 0.37
14.093137741088867 1624360823.849671 0.37
14.093137741088867 1624360823.856519 0.37
14.093137741088867 1624360823.863449 0.37
14.093137741088867 1624360823.870429 0.37
14.093137741088867 1624360823.877437 0.37
14.093137741088867 1624360823.884444 0.37
14.093137741088867 1624360823.891488 0.37
14.093137741088867 1624360823.898472 0.37
14.093137741088867 1624360823.90552 0.37
14.093137741088867 1624360823.912438 0.37
14.093137741088867 1624360823.919451 0.37
14.093137741088867 1624360823.9264 0.37
14.093137741088867 1624360823.933394 0.37
14.093137741088867 1624360823.940379 0.37
14.093137741088867 1624360823.947455 0.37
14.093137741088867 1624360823.95439 0.37
14.093137741088867 1624360823.961395 0.37
14.093137741088867 1624360823.968456 0.37
14.093137741088867 1624360823.975518 0.37
14.093137741088867 1624360823.982393 0.37
14.093137741088867 1624360823.98938 0.37
14.093137741088867 1624360823.996519 0.37
14.093137741088867 1624360824.003532 0.37
14.093137741088867 1624360824.010569 0.37
14.093137741088867 1624360824.017526 0.37
14.093137741088867 1624360824.024419 0.37
14.093137741088867 1624360824.031418 0.37
14.093137741088867 1624360824.038367 0.37
14.093137741088867 1624360824.045354 0.37
14.093137741088867 1624360824.05237 0.37
14.093137741088867 1624360824.059393 0.37
14.093137741088867 1624360824.066435 0.37
14.093137741088867 1624360824.073421 0.37
14.093137741088867 1624360824.080447 0.37
14.093137741088867 1624360824.087403 0.37
14.093137741088867 1624360824.094453 0.37
14.093137741088867 1624360824.101491 0.37
14.093137741088867 1624360824.108467 0.37
14.093137741088867 1624360824.115447 0.37
14.093137741088867 1624360824.122463 0.37
14.093137741088867 1624360824.129477 0.37
14.093137741088867 1624360824.136541 0.37
14.093137741088867 1624360824.143488 0.37
14.093137741088867 1624360824.150444 0.37
14.093137741088867 1624360824.157482 0.37
14.093137741088867 1624360824.164522 0.37
14.093137741088867 1624360824.171481 0.37
14.093137741088867 1624360824.178272 0.37
14.093137741088867 1624360824.185368 0.37
14.093137741088867 1624360824.192353 0.37
14.093137741088867 1624360824.199299 0.37
14.093137741088867 1624360824.206328 0.37
14.093137741088867 1624360824.213377 0.37
14.093137741088867 1624360824.220327 0.37
14.093137741088867 1624360824.227299 0.37
14.093137741088867 1624360824.234282 0.37
14.093137741088867 1624360824.241289 0.37
14.093137741088867 1624360824.248356 0.37
14.093137741088867 1624360824.255372 0.37
14.093137741088867 1624360824.262382 0.37
14.093137741088867 1624360824.269408 0.37
14.093137741088867 1624360824.276394 0.37
14.093137741088867 1624360824.283471 0.37
14.093137741088867 1624360824.290439 0.37
14.093137741088867 1624360824.297411 0.37
14.093137741088867 1624360824.304397 0.37
14.093137741088867 1624360824.31139 0.37
14.093137741088867 1624360824.318434 0.37
14.093137741088867 1624360824.325421 0.37
14.093137741088867 1624360824.332459 0.37
14.093137741088867 1624360824.339427 0.37
14.093137741088867 1624360824.346355 0.37
14.093137741088867 1624360824.353237 0.37
14.093137741088867 1624360824.360274 0.37
14.093137741088867 1624360824.367234 0.37
14.093137741088867 1624360824.374238 0.37
14.093137741088867 1624360824.381191 0.37
14.093137741088867 1624360824.388285 0.37
14.093137741088867 1624360824.395282 0.37
14.093137741088867 1624360824.402241 0.37
14.093137741088867 1624360824.409264 0.37
14.093137741088867 1624360824.416363 0.37
14.093137741088867 1624360824.423344 0.37
14.093137741088867 1624360824.430318 0.37
14.093137741088867 1624360824.437366 0.37
14.093137741088867 1624360824.444311 0.37
14.093137741088867 1624360824.451365 0.37
14.093137741088867 1624360824.458282 0.37
14.70588207244873 1624360824.465237 0.37
14.093137741088867 1624360824.472332 0.37
14.093137741088867 1624360824.479326 0.37
14.093137741088867 1624360824.48638 0.37
14.093137741088867 1624360824.493301 0.37
14.093137741088867 1624360824.500317 0.37
14.093137741088867 1624360824.507337 0.37
14.093137741088867 1624360824.514378 0.37
14.093137741088867 1624360824.521157 0.37
14.093137741088867 1624360824.528154 0.37
14.093137741088867 1624360824.535203 0.37
14.093137741088867 1624360824.542229 0.37
14.093137741088867 1624360824.54923 0.37
14.093137741088867 1624360824.556221 0.37
14.093137741088867 1624360824.563266 0.37
14.093137741088867 1624360824.57028 0.37
14.093137741088867 1624360824.577227 0.37
14.093137741088867 1624360824.584241 0.37
14.093137741088867 1624360824.591278 0.37
14.093137741088867 1624360824.59826 0.37
14.093137741088867 1624360824.605293 0.37
14.093137741088867 1624360824.61232 0.37
14.093137741088867 1624360824.619307 0.37
14.093137741088867 1624360824.626282 0.37
14.093137741088867 1624360824.633301 0.37
14.093137741088867 1624360824.640358 0.37
14.093137741088867 1624360824.647359 0.37
14.093137741088867 1624360824.65432 0.37
14.093137741088867 1624360824.6614 0.37
14.093137741088867 1624360824.668351 0.37
14.093137741088867 1624360824.67526 0.37
14.093137741088867 1624360824.682308 0.37
14.093137741088867 1624360824.68929 0.37
14.093137741088867 1624360824.696149 0.37
14.093137741088867 1624360824.703153 0.37
14.093137741088867 1624360824.710163 0.37
14.093137741088867 1624360824.717162 0.37
14.093137741088867 1624360824.724189 0.37
14.093137741088867 1624360824.731168 0.37
14.093137741088867 1624360824.73816 0.37
14.093137741088867 1624360824.745155 0.37
14.093137741088867 1624360824.752223 0.37
14.093137741088867 1624360824.7592 0.37
14.093137741088867 1624360824.766207 0.37
14.093137741088867 1624360824.773257 0.37
14.093137741088867 1624360824.780183 0.37
14.093137741088867 1624360824.787173 0.37
14.093137741088867 1624360824.794143 0.37
14.093137741088867 1624360824.801224 0.37
14.093137741088867 1624360824.808266 0.37
14.093137741088867 1624360824.815224 0.37
14.093137741088867 1624360824.822177 0.37
14.093137741088867 1624360824.829254 0.37
14.093137741088867 1624360824.836254 0.37
14.093137741088867 1624360824.84318 0.37
14.093137741088867 1624360824.850241 0.37
14.093137741088867 1624360824.857174 0.37
14.093137741088867 1624360824.864233 0.37
14.093137741088867 1624360824.871122 0.37
14.093137741088867 1624360824.878126 0.37
14.093137741088867 1624360824.885132 0.37
14.093137741088867 1624360824.891972 0.37
14.093137741088867 1624360824.899157 0.37
14.093137741088867 1624360824.906103 0.37
14.093137741088867 1624360824.913053 0.37
14.093137741088867 1624360824.920173 0.37
14.093137741088867 1624360824.927147 0.37
14.093137741088867 1624360824.934109 0.37
14.093137741088867 1624360824.941194 0.37
14.093137741088867 1624360824.948171 0.37
14.093137741088867 1624360824.955216 0.37
14.093137741088867 1624360824.962162 0.37
14.093137741088867 1624360824.969178 0.37
14.093137741088867 1624360824.97624 0.37
14.093137741088867 1624360824.98416 0.37
14.093137741088867 1624360824.991261 0.37
14.093137741088867 1624360824.998211 0.37
14.093137741088867 1624360825.005298 0.37
14.093137741088867 1624360825.012271 0.37
14.093137741088867 1624360825.019334 0.37
14.093137741088867 1624360825.026031 0.37
14.093137741088867 1624360825.033047 0.37
14.093137741088867 1624360825.040035 0.37
14.093137741088867 1624360825.04703 0.37
14.093137741088867 1624360825.054085 0.37
14.093137741088867 1624360825.061091 0.37
14.093137741088867 1624360825.068059 0.37
14.093137741088867 1624360825.075123 0.37
14.093137741088867 1624360825.082123 0.37
14.093137741088867 1624360825.089135 0.37
14.093137741088867 1624360825.096018 0.37
14.093137741088867 1624360825.103052 0.37
14.093137741088867 1624360825.110038 0.37
14.093137741088867 1624360825.117112 0.37
14.093137741088867 1624360825.124094 0.37
14.093137741088867 1624360825.131178 0.37
14.093137741088867 1624360825.138165 0.37
14.093137741088867 1624360825.145218 0.37
14.093137741088867 1624360825.152147 0.37
14.093137741088867 1624360825.159123 0.37
14.093137741088867 1624360825.166165 0.37
14.093137741088867 1624360825.173252 0.37
14.093137741088867 1624360825.180184 0.37
14.093137741088867 1624360825.187217 0.37
14.093137741088867 1624360825.19424 0.37
14.093137741088867 1624360825.201203 0.37
14.093137741088867 1624360825.208052 0.37
14.093137741088867 1624360825.215035 0.37
14.093137741088867 1624360825.222008 0.37
14.093137741088867 1624360825.229037 0.37
14.093137741088867 1624360825.236055 0.37
14.093137741088867 1624360825.242962 0.37
14.093137741088867 1624360825.249959 0.37
14.093137741088867 1624360825.257005 0.37
14.093137741088867 1624360825.263993 0.37
14.093137741088867 1624360825.271082 0.37
14.093137741088867 1624360825.278061 0.37
14.093137741088867 1624360825.285076 0.37
14.093137741088867 1624360825.291973 0.37
14.093137741088867 1624360825.298975 0.37
14.093137741088867 1624360825.305978 0.37
14.093137741088867 1624360825.313004 0.37
14.093137741088867 1624360825.319996 0.37
14.093137741088867 1624360825.327114 0.37
14.093137741088867 1624360825.334119 0.37
14.093137741088867 1624360825.341129 0.37
14.093137741088867 1624360825.34812 0.37
14.093137741088867 1624360825.355145 0.37
14.093137741088867 1624360825.362104 0.37
14.093137741088867 1624360825.369149 0.37
14.093137741088867 1624360825.376202 0.37
14.093137741088867 1624360825.383166 0.37
14.093137741088867 1624360825.390175 0.37
14.093137741088867 1624360825.396986 0.37
14.093137741088867 1624360825.404047 0.37
14.093137741088867 1624360825.410984 0.37
14.093137741088867 1624360825.418026 0.37
14.093137741088867 1624360825.425021 0.37
14.093137741088867 1624360825.432015 0.37
14.093137741088867 1624360825.439025 0.37
14.093137741088867 1624360825.445982 0.37
14.093137741088867 1624360825.452966 0.37
14.093137741088867 1624360825.459962 0.37
14.093137741088867 1624360825.466957 0.37
14.093137741088867 1624360825.474 0.37
14.093137741088867 1624360825.480945 0.37
14.093137741088867 1624360825.488032 0.37
14.093137741088867 1624360825.494985 0.37
14.093137741088867 1624360825.501999 0.37
14.093137741088867 1624360825.509086 0.37
14.093137741088867 1624360825.516084 0.37
14.093137741088867 1624360825.523054 0.37
14.093137741088867 1624360825.530108 0.37
14.093137741088867 1624360825.537051 0.37
14.093137741088867 1624360825.544065 0.37
14.093137741088867 1624360825.551096 0.37
14.093137741088867 1624360825.558103 0.37
14.093137741088867 1624360825.56503 0.37
14.093137741088867 1624360825.57185 0.37
14.093137741088867 1624360825.57909 0.37
14.093137741088867 1624360825.585986 0.37
14.093137741088867 1624360825.592975 0.37
14.093137741088867 1624360825.599996 0.37
14.093137741088867 1624360825.606953 0.37
14.093137741088867 1624360825.613957 0.37
14.093137741088867 1624360825.620962 0.37
14.093137741088867 1624360825.627938 0.37
14.093137741088867 1624360825.634917 0.37
14.093137741088867 1624360825.641961 0.37
14.093137741088867 1624360825.64897 0.37
14.093137741088867 1624360825.655984 0.37
14.093137741088867 1624360825.662942 0.37
14.093137741088867 1624360825.669977 0.37
14.093137741088867 1624360825.676957 0.37
14.093137741088867 1624360825.683938 0.37
14.093137741088867 1624360825.690904 0.37
14.093137741088867 1624360825.697943 0.37
14.093137741088867 1624360825.705021 0.37
14.093137741088867 1624360825.71204 0.37
14.093137741088867 1624360825.719024 0.37
14.093137741088867 1624360825.726086 0.37
14.093137741088867 1624360825.733075 0.37
14.093137741088867 1624360825.740075 0.37
14.093137741088867 1624360825.746846 0.37
14.093137741088867 1624360825.753995 0.37
14.093137741088867 1624360825.760894 0.37
14.093137741088867 1624360825.767978 0.37
14.093137741088867 1624360825.775009 0.37
14.093137741088867 1624360825.781968 0.37
14.093137741088867 1624360825.788944 0.37
14.093137741088867 1624360825.795999 0.37
14.093137741088867 1624360825.80297 0.37
14.093137741088867 1624360825.809977 0.37
14.093137741088867 1624360825.816981 0.37
14.093137741088867 1624360825.823934 0.37
14.093137741088867 1624360825.830922 0.37
14.093137741088867 1624360825.837952 0.37
14.093137741088867 1624360825.844942 0.37
14.093137741088867 1624360825.851912 0.37
14.093137741088867 1624360825.858999 0.37
14.093137741088867 1624360825.865965 0.37
14.093137741088867 1624360825.872946 0.37
14.093137741088867 1624360825.879912 0.37
14.093137741088867 1624360825.886913 0.37
14.093137741088867 1624360825.893979 0.37
14.093137741088867 1624360825.900998 0.37
14.093137741088867 1624360825.9078 0.37
14.093137741088867 1624360825.914798 0.37
14.093137741088867 1624360825.921827 0.37
14.093137741088867 1624360825.928844 0.37
14.093137741088867 1624360825.93581 0.37
14.093137741088867 1624360825.942817 0.37
14.093137741088867 1624360825.949787 0.37
14.093137741088867 1624360825.956804 0.37
14.093137741088867 1624360825.963847 0.37
14.093137741088867 1624360825.970817 0.37
14.093137741088867 1624360825.977874 0.37
14.093137741088867 1624360825.984865 0.37
14.093137741088867 1624360825.99178 0.37
14.093137741088867 1624360825.998916 0.37
14.093137741088867 1624360826.005962 0.37
14.093137741088867 1624360826.012957 0.37
14.093137741088867 1624360826.019941 0.37
14.093137741088867 1624360826.026967 0.37
14.093137741088867 1624360826.033937 0.37
14.093137741088867 1624360826.040954 0.37
14.093137741088867 1624360826.047913 0.37
14.093137741088867 1624360826.05487 0.37
14.093137741088867 1624360826.061963 0.37
14.093137741088867 1624360826.068954 0.37
14.093137741088867 1624360826.075885 0.37
14.093137741088867 1624360826.08295 0.37
14.093137741088867 1624360826.089706 0.37
14.093137741088867 1624360826.096738 0.37
14.093137741088867 1624360826.103687 0.37
14.093137741088867 1624360826.110723 0.37
14.093137741088867 1624360826.117727 0.37
14.093137741088867 1624360826.124816 0.37
14.093137741088867 1624360826.131831 0.37
14.093137741088867 1624360826.138836 0.37
14.093137741088867 1624360826.145821 0.37
14.093137741088867 1624360826.152854 0.37
14.093137741088867 1624360826.159814 0.37
14.093137741088867 1624360826.166771 0.37
14.093137741088867 1624360826.173847 0.37
14.093137741088867 1624360826.18091 0.37
14.093137741088867 1624360826.187874 0.37
14.093137741088867 1624360826.194893 0.37
14.093137741088867 1624360826.20186 0.37
14.093137741088867 1624360826.208953 0.37
14.093137741088867 1624360826.215897 0.37
14.093137741088867 1624360826.222871 0.37
14.093137741088867 1624360826.229887 0.37
14.093137741088867 1624360826.236897 0.37
14.093137741088867 1624360826.243919 0.37
14.093137741088867 1624360826.250873 0.37
14.093137741088867 1624360826.257661 0.37
14.093137741088867 1624360826.26468 0.37
14.093137741088867 1624360826.271613 0.37
14.093137741088867 1624360826.278667 0.37
14.093137741088867 1624360826.285698 0.37
14.093137741088867 1624360826.292671 0.37
14.093137741088867 1624360826.299676 0.37
14.093137741088867 1624360826.306721 0.37
14.093137741088867 1624360826.313821 0.37
14.093137741088867 1624360826.320711 0.37
14.093137741088867 1624360826.327762 0.37
14.093137741088867 1624360826.334829 0.37
14.093137741088867 1624360826.341802 0.37
14.093137741088867 1624360826.348745 0.37
14.093137741088867 1624360826.355771 0.37
14.093137741088867 1624360826.362813 0.37
14.093137741088867 1624360826.369776 0.37
14.093137741088867 1624360826.37677 0.37
14.093137741088867 1624360826.383849 0.37
14.093137741088867 1624360826.390808 0.37
14.093137741088867 1624360826.397834 0.37
14.093137741088867 1624360826.404846 0.37
14.093137741088867 1624360826.411762 0.37
14.093137741088867 1624360826.418754 0.37
14.093137741088867 1624360826.425848 0.37
14.093137741088867 1624360826.432791 0.37
14.093137741088867 1624360826.439775 0.37
14.093137741088867 1624360826.44663 0.37
14.093137741088867 1624360826.4536 0.37
14.093137741088867 1624360826.460657 0.37
14.093137741088867 1624360826.467572 0.37
14.093137741088867 1624360826.474609 0.37
14.093137741088867 1624360826.481667 0.37
14.093137741088867 1624360826.488698 0.37
14.093137741088867 1624360826.49562 0.37
14.093137741088867 1624360826.502767 0.37
14.093137741088867 1624360826.509778 0.37
14.093137741088867 1624360826.516706 0.37
14.093137741088867 1624360826.523694 0.37
14.093137741088867 1624360826.530709 0.37
14.093137741088867 1624360826.537755 0.37
14.093137741088867 1624360826.544703 0.37
14.093137741088867 1624360826.55168 0.37
14.093137741088867 1624360826.55866 0.37
14.093137741088867 1624360826.565643 0.37
14.093137741088867 1624360826.572654 0.37
14.093137741088867 1624360826.579639 0.37
14.093137741088867 1624360826.586661 0.37
14.093137741088867 1624360826.593695 0.37
14.093137741088867 1624360826.600696 0.37
14.093137741088867 1624360826.607698 0.37
14.093137741088867 1624360826.614712 0.37
14.093137741088867 1624360826.621518 0.37
14.093137741088867 1624360826.628519 0.37
14.093137741088867 1624360826.635561 0.37
14.093137741088867 1624360826.642596 0.37
14.093137741088867 1624360826.649684 0.37
14.093137741088867 1624360826.656682 0.37
14.093137741088867 1624360826.66365 0.37
14.093137741088867 1624360826.670648 0.37
14.093137741088867 1624360826.677649 0.37
14.093137741088867 1624360826.684713 0.37
14.093137741088867 1624360826.691633 0.37
14.093137741088867 1624360826.698672 0.37
14.093137741088867 1624360826.705635 0.37
14.093137741088867 1624360826.712718 0.37
14.093137741088867 1624360826.719724 0.37
14.093137741088867 1624360826.726734 0.37
14.093137741088867 1624360826.7337 0.37
14.093137741088867 1624360826.740688 0.37
14.093137741088867 1624360826.747712 0.37
14.093137741088867 1624360826.754717 0.37
14.093137741088867 1624360826.761722 0.37
14.093137741088867 1624360826.768712 0.37
14.093137741088867 1624360826.775772 0.37
14.093137741088867 1624360826.782711 0.37
14.093137741088867 1624360826.789719 0.37
14.093137741088867 1624360826.796741 0.37
14.093137741088867 1624360826.803788 0.37
14.093137741088867 1624360826.811547 0.37
14.093137741088867 1624360826.818614 0.37
14.093137741088867 1624360826.825619 0.37
14.093137741088867 1624360826.832594 0.37
14.093137741088867 1624360826.839579 0.37
14.093137741088867 1624360826.846516 0.37
14.093137741088867 1624360826.853618 0.37
14.093137741088867 1624360826.86054 0.37
14.093137741088867 1624360826.867501 0.37
14.093137741088867 1624360826.874506 0.37
14.093137741088867 1624360826.881555 0.37
14.093137741088867 1624360826.888633 0.37
14.093137741088867 1624360826.89562 0.37
14.093137741088867 1624360826.902628 0.37
14.093137741088867 1624360826.90965 0.37
14.093137741088867 1624360826.916583 0.37
14.093137741088867 1624360826.923656 0.37
14.093137741088867 1624360826.930661 0.37
14.093137741088867 1624360826.937629 0.37
14.093137741088867 1624360826.944627 0.37
14.093137741088867 1624360826.951568 0.37
14.093137741088867 1624360826.958568 0.37
14.093137741088867 1624360826.965575 0.37
14.093137741088867 1624360826.97262 0.37
14.093137741088867 1624360826.979703 0.37
14.093137741088867 1624360826.986648 0.37
14.093137741088867 1624360826.99367 0.37
14.093137741088867 1624360827.000693 0.37
14.093137741088867 1624360827.007624 0.37
14.093137741088867 1624360827.014684 0.37
14.093137741088867 1624360827.021686 0.37
14.093137741088867 1624360827.028638 0.37
14.093137741088867 1624360827.035694 0.37
14.093137741088867 1624360827.042545 0.37
14.093137741088867 1624360827.04951 0.37
14.093137741088867 1624360827.056588 0.37
14.093137741088867 1624360827.063502 0.37
14.093137741088867 1624360827.070463 0.37
14.093137741088867 1624360827.077473 0.37
14.093137741088867 1624360827.08446 0.37
14.093137741088867 1624360827.091488 0.37
14.093137741088867 1624360827.098476 0.37
14.093137741088867 1624360827.105574 0.37
14.093137741088867 1624360827.112607 0.37
14.093137741088867 1624360827.119604 0.37
14.093137741088867 1624360827.126553 0.37
14.093137741088867 1624360827.133549 0.37
14.093137741088867 1624360827.140528 0.37
14.093137741088867 1624360827.147713 0.37
14.093137741088867 1624360827.154558 0.37
14.093137741088867 1624360827.161586 0.37
14.093137741088867 1624360827.168544 0.37
14.093137741088867 1624360827.175566 0.37
14.093137741088867 1624360827.182573 0.37
14.093137741088867 1624360827.189539 0.37
14.093137741088867 1624360827.196535 0.37
14.093137741088867 1624360827.203567 0.37
14.093137741088867 1624360827.210563 0.37
14.093137741088867 1624360827.217554 0.37
14.093137741088867 1624360827.22455 0.37
14.093137741088867 1624360827.231513 0.37
14.093137741088867 1624360827.238577 0.37
14.093137741088867 1624360827.245518 0.37
14.093137741088867 1624360827.252602 0.37
14.093137741088867 1624360827.259589 0.37
14.093137741088867 1624360827.266423 0.37
14.093137741088867 1624360827.273407 0.37
14.093137741088867 1624360827.280475 0.37
14.093137741088867 1624360827.287396 0.37
14.093137741088867 1624360827.294469 0.37
14.093137741088867 1624360827.301443 0.37
14.093137741088867 1624360827.308488 0.37
14.093137741088867 1624360827.31545 0.37
14.093137741088867 1624360827.322464 0.37
14.093137741088867 1624360827.329474 0.37
14.093137741088867 1624360827.336435 0.37
14.093137741088867 1624360827.34341 0.37
14.093137741088867 1624360827.350373 0.37
14.093137741088867 1624360827.357355 0.37
14.093137741088867 1624360827.3644 0.37
14.093137741088867 1624360827.371419 0.37
14.093137741088867 1624360827.378499 0.37
14.093137741088867 1624360827.385542 0.37
14.093137741088867 1624360827.392459 0.37
14.093137741088867 1624360827.399421 0.37
14.093137741088867 1624360827.406531 0.37
14.093137741088867 1624360827.413503 0.37
14.093137741088867 1624360827.420603 0.37
14.093137741088867 1624360827.427597 0.37
14.093137741088867 1624360827.434402 0.37
14.093137741088867 1624360827.44137 0.37
14.093137741088867 1624360827.448384 0.37
14.093137741088867 1624360827.455358 0.37
14.093137741088867 1624360827.462386 0.37
14.093137741088867 1624360827.469471 0.37
14.093137741088867 1624360827.47642 0.37
14.093137741088867 1624360827.48344 0.37
14.093137741088867 1624360827.490444 0.37
14.093137741088867 1624360827.497462 0.37
14.093137741088867 1624360827.504491 0.37
14.093137741088867 1624360827.511476 0.37
14.093137741088867 1624360827.51844 0.37
14.093137741088867 1624360827.525424 0.37
14.093137741088867 1624360827.53246 0.37
14.093137741088867 1624360827.539492 0.37
14.093137741088867 1624360827.546443 0.37
14.093137741088867 1624360827.553536 0.37
14.093137741088867 1624360827.560453 0.37
14.093137741088867 1624360827.567437 0.37
14.093137741088867 1624360827.574449 0.37
14.093137741088867 1624360827.581481 0.37
14.093137741088867 1624360827.588505 0.37
14.093137741088867 1624360827.59555 0.37
14.093137741088867 1624360827.602481 0.37
14.093137741088867 1624360827.609424 0.37
14.093137741088867 1624360827.616309 0.37
14.093137741088867 1624360827.623353 0.37
14.093137741088867 1624360827.630335 0.37
14.093137741088867 1624360827.637359 0.37
14.093137741088867 1624360827.644348 0.37
14.093137741088867 1624360827.651405 0.37
14.093137741088867 1624360827.658421 0.37
14.093137741088867 1624360827.665363 0.37
14.093137741088867 1624360827.67241 0.37
14.093137741088867 1624360827.679356 0.37
14.093137741088867 1624360827.686378 0.37
14.093137741088867 1624360827.693403 0.37
14.093137741088867 1624360827.700423 0.37
14.093137741088867 1624360827.707425 0.37
14.093137741088867 1624360827.714397 0.37
14.093137741088867 1624360827.721383 0.37
14.093137741088867 1624360827.72844 0.37
14.093137741088867 1624360827.73541 0.37
14.093137741088867 1624360827.742399 0.37
14.093137741088867 1624360827.749416 0.37
14.093137741088867 1624360827.75647 0.37
14.093137741088867 1624360827.763474 0.37
14.093137741088867 1624360827.77045 0.37
14.093137741088867 1624360827.777487 0.37
14.093137741088867 1624360827.784496 0.37
14.093137741088867 1624360827.79152 0.37
14.093137741088867 1624360827.798289 0.37
14.093137741088867 1624360827.805274 0.37
14.093137741088867 1624360827.812316 0.37
14.093137741088867 1624360827.819312 0.37
14.093137741088867 1624360827.826327 0.37
14.093137741088867 1624360827.83322 0.37
14.093137741088867 1624360827.840249 0.37
14.093137741088867 1624360827.847236 0.37
14.093137741088867 1624360827.854243 0.37
14.093137741088867 1624360827.861209 0.37
14.093137741088867 1624360827.86829 0.37
14.093137741088867 1624360827.875238 0.37
14.093137741088867 1624360827.882261 0.37
14.093137741088867 1624360827.889281 0.37
14.093137741088867 1624360827.896243 0.37
14.093137741088867 1624360827.903291 0.37
14.093137741088867 1624360827.910259 0.37
14.093137741088867 1624360827.917327 0.37
14.093137741088867 1624360827.924276 0.37
14.093137741088867 1624360827.931339 0.37
14.093137741088867 1624360827.938342 0.37
14.093137741088867 1624360827.945329 0.37
14.093137741088867 1624360827.952311 0.37
14.093137741088867 1624360827.95927 0.37
14.093137741088867 1624360827.966162 0.37
14.093137741088867 1624360827.973151 0.37
14.093137741088867 1624360827.980133 0.37
14.093137741088867 1624360827.987183 0.37
14.093137741088867 1624360827.994193 0.37
14.093137741088867 1624360828.001173 0.37
14.093137741088867 1624360828.00817 0.37
14.093137741088867 1624360828.015226 0.37
14.093137741088867 1624360828.022314 0.37
14.093137741088867 1624360828.029268 0.37
14.093137741088867 1624360828.036292 0.37
14.093137741088867 1624360828.04333 0.37
14.093137741088867 1624360828.050313 0.37
14.093137741088867 1624360828.057321 0.37
14.093137741088867 1624360828.064345 0.37
14.093137741088867 1624360828.07132 0.37
14.093137741088867 1624360828.078357 0.37
14.093137741088867 1624360828.085375 0.37
14.093137741088867 1624360828.092402 0.37
14.093137741088867 1624360828.099395 0.37
14.093137741088867 1624360828.106362 0.37
14.093137741088867 1624360828.113409 0.37
14.093137741088867 1624360828.120345 0.37
14.093137741088867 1624360828.127173 0.37
14.093137741088867 1624360828.134132 0.37
14.093137741088867 1624360828.141154 0.37
14.093137741088867 1624360828.148173 0.37
14.093137741088867 1624360828.15526 0.37
14.093137741088867 1624360828.162218 0.37
14.093137741088867 1624360828.169237 0.37
14.093137741088867 1624360828.176164 0.37
14.093137741088867 1624360828.183235 0.37
14.093137741088867 1624360828.190213 0.37
14.093137741088867 1624360828.19724 0.37
14.093137741088867 1624360828.204275 0.37
14.093137741088867 1624360828.21125 0.37
14.093137741088867 1624360828.21828 0.37
14.093137741088867 1624360828.225267 0.37
14.093137741088867 1624360828.232287 0.37
14.093137741088867 1624360828.239242 0.37
14.093137741088867 1624360828.246295 0.37
14.093137741088867 1624360828.253288 0.37
14.093137741088867 1624360828.260243 0.37
14.093137741088867 1624360828.267354 0.37
14.093137741088867 1624360828.274291 0.37
14.093137741088867 1624360828.281241 0.37
14.093137741088867 1624360828.288384 0.37
14.093137741088867 1624360828.295124 0.37
14.093137741088867 1624360828.302131 0.37
14.093137741088867 1624360828.309174 0.37
14.093137741088867 1624360828.316138 0.37
14.093137741088867 1624360828.32314 0.37
14.093137741088867 1624360828.330094 0.37
14.093137741088867 1624360828.33714 0.37
14.093137741088867 1624360828.344129 0.37
14.093137741088867 1624360828.351193 0.37
14.093137741088867 1624360828.358192 0.37
14.093137741088867 1624360828.365212 0.37
14.093137741088867 1624360828.372186 0.37
14.093137741088867 1624360828.3792 0.37
14.093137741088867 1624360828.386236 0.37
14.093137741088867 1624360828.393251 0.37
14.093137741088867 1624360828.400237 0.37
14.093137741088867 1624360828.407169 0.37
14.093137741088867 1624360828.414229 0.37
14.093137741088867 1624360828.421256 0.37
14.093137741088867 1624360828.42824 0.37
14.093137741088867 1624360828.435252 0.37
14.093137741088867 1624360828.442311 0.37
14.093137741088867 1624360828.449214 0.37
14.093137741088867 1624360828.456019 0.37
14.093137741088867 1624360828.463076 0.37
14.093137741088867 1624360828.470128 0.37
14.093137741088867 1624360828.477119 0.37
14.093137741088867 1624360828.484152 0.37
14.093137741088867 1624360828.491169 0.37
14.093137741088867 1624360828.498121 0.37
14.093137741088867 1624360828.505152 0.37
14.093137741088867 1624360828.512163 0.37
14.093137741088867 1624360828.519127 0.37
14.093137741088867 1624360828.526152 0.37
14.093137741088867 1624360828.533151 0.37
14.093137741088867 1624360828.540164 0.37
14.093137741088867 1624360828.547174 0.37
14.093137741088867 1624360828.554191 0.37
14.093137741088867 1624360828.561226 0.37
14.093137741088867 1624360828.568228 0.37
14.093137741088867 1624360828.575185 0.37
14.093137741088867 1624360828.582174 0.37
14.093137741088867 1624360828.589218 0.37
14.093137741088867 1624360828.596121 0.37
14.093137741088867 1624360828.603186 0.37
14.093137741088867 1624360828.610248 0.37
14.093137741088867 1624360828.617206 0.37
14.093137741088867 1624360828.624165 0.37
14.093137741088867 1624360828.631058 0.37
14.093137741088867 1624360828.638058 0.37
14.093137741088867 1624360828.645052 0.37
14.093137741088867 1624360828.65207 0.37
14.093137741088867 1624360828.65904 0.37
14.093137741088867 1624360828.666068 0.37
14.093137741088867 1624360828.673016 0.37
14.093137741088867 1624360828.680019 0.37
14.093137741088867 1624360828.687007 0.37
14.093137741088867 1624360828.69403 0.37
14.093137741088867 1624360828.701029 0.37
14.093137741088867 1624360828.707982 0.37
14.093137741088867 1624360828.715099 0.37
14.093137741088867 1624360828.722111 0.37
14.093137741088867 1624360828.729105 0.37
14.093137741088867 1624360828.736074 0.37
14.093137741088867 1624360828.74302 0.37
14.093137741088867 1624360828.750024 0.37
14.093137741088867 1624360828.75713 0.37
14.093137741088867 1624360828.764079 0.37
14.093137741088867 1624360828.771113 0.37
14.093137741088867 1624360828.778146 0.37
14.093137741088867 1624360828.785082 0.37
14.093137741088867 1624360828.792091 0.37
14.093137741088867 1624360828.799081 0.37
14.093137741088867 1624360828.806106 0.37
14.093137741088867 1624360828.813142 0.37
14.093137741088867 1624360828.820006 0.37
14.093137741088867 1624360828.827071 0.37
14.093137741088867 1624360828.834074 0.37
14.093137741088867 1624360828.841016 0.37
14.093137741088867 1624360828.84807 0.37
14.093137741088867 1624360828.855013 0.37
14.093137741088867 1624360828.862081 0.37
14.093137741088867 1624360828.86909 0.37
14.093137741088867 1624360828.876077 0.37
14.093137741088867 1624360828.883108 0.37
14.093137741088867 1624360828.88995 0.37
14.093137741088867 1624360828.89699 0.37
14.093137741088867 1624360828.904067 0.37
14.093137741088867 1624360828.911054 0.37
14.093137741088867 1624360828.918046 0.37
14.093137741088867 1624360828.925082 0.37
14.093137741088867 1624360828.932055 0.37
14.093137741088867 1624360828.939119 0.37
14.093137741088867 1624360828.946057 0.37
14.093137741088867 1624360828.953116 0.37
14.093137741088867 1624360828.960101 0.37
14.093137741088867 1624360828.967089 0.37
14.093137741088867 1624360828.974146 0.37
14.093137741088867 1624360828.98113 0.37
14.093137741088867 1624360828.988051 0.37
14.093137741088867 1624360828.995099 0.37
14.093137741088867 1624360829.001974 0.37
14.093137741088867 1624360829.008996 0.37
14.093137741088867 1624360829.015925 0.37
14.093137741088867 1624360829.022894 0.37
14.093137741088867 1624360829.029958 0.37
14.093137741088867 1624360829.036924 0.37
14.093137741088867 1624360829.043975 0.37
14.093137741088867 1624360829.05094 0.37
14.093137741088867 1624360829.057965 0.37
14.093137741088867 1624360829.064917 0.37
14.093137741088867 1624360829.07191 0.37
14.093137741088867 1624360829.079027 0.37
14.093137741088867 1624360829.08597 0.37
14.093137741088867 1624360829.093049 0.37
14.093137741088867 1624360829.100077 0.37
14.093137741088867 1624360829.106996 0.37
14.093137741088867 1624360829.113979 0.37
14.093137741088867 1624360829.120988 0.37
14.093137741088867 1624360829.127999 0.37
14.093137741088867 1624360829.135009 0.37
14.093137741088867 1624360829.142147 0.37
14.093137741088867 1624360829.149041 0.37
14.093137741088867 1624360829.155978 0.37
14.093137741088867 1624360829.163002 0.37
14.093137741088867 1624360829.170013 0.37
14.093137741088867 1624360829.176982 0.37
14.093137741088867 1624360829.184007 0.37
14.093137741088867 1624360829.190793 0.37
14.093137741088867 1624360829.197877 0.37
14.093137741088867 1624360829.204919 0.37
14.093137741088867 1624360829.211976 0.37
14.093137741088867 1624360829.218971 0.37
14.093137741088867 1624360829.225935 0.37
14.093137741088867 1624360829.232954 0.37
14.093137741088867 1624360829.239971 0.37
14.093137741088867 1624360829.24696 0.37
14.093137741088867 1624360829.253996 0.37
14.093137741088867 1624360829.26096 0.37
14.093137741088867 1624360829.267889 0.37
14.093137741088867 1624360829.275012 0.37
14.093137741088867 1624360829.281968 0.37
14.093137741088867 1624360829.288971 0.37
14.093137741088867 1624360829.295886 0.37
14.093137741088867 1624360829.303057 0.37
14.093137741088867 1624360829.309918 0.37
14.093137741088867 1624360829.316903 0.37
14.093137741088867 1624360829.32393 0.37
14.093137741088867 1624360829.330943 0.37
14.093137741088867 1624360829.337968 0.37
14.093137741088867 1624360829.344974 0.37
14.093137741088867 1624360829.35193 0.37
14.093137741088867 1624360829.358978 0.37
14.093137741088867 1624360829.365953 0.37
14.093137741088867 1624360829.372998 0.37
14.093137741088867 1624360829.380061 0.37
14.093137741088867 1624360829.387001 0.37
14.093137741088867 1624360829.394096 0.37
14.093137741088867 1624360829.400798 0.37
14.093137741088867 1624360829.407816 0.37
14.093137741088867 1624360829.4148 0.37
14.093137741088867 1624360829.421796 0.37
14.093137741088867 1624360829.428812 0.37
14.093137741088867 1624360829.435754 0.37
14.093137741088867 1624360829.442826 0.37
14.093137741088867 1624360829.449886 0.37
14.093137741088867 1624360829.456839 0.37
14.093137741088867 1624360829.463819 0.37
14.093137741088867 1624360829.470795 0.37
14.093137741088867 1624360829.477888 0.37
14.093137741088867 1624360829.484819 0.37
14.093137741088867 1624360829.491839 0.37
14.093137741088867 1624360829.49887 0.37
14.093137741088867 1624360829.505896 0.37
14.093137741088867 1624360829.512948 0.37
14.093137741088867 1624360829.519869 0.37
14.093137741088867 1624360829.526991 0.37
14.093137741088867 1624360829.533907 0.37
14.093137741088867 1624360829.540984 0.37
14.093137741088867 1624360829.547982 0.37
14.093137741088867 1624360829.554992 0.37
14.093137741088867 1624360829.561987 0.37
14.093137741088867 1624360829.569003 0.37
14.093137741088867 1624360829.575886 0.37
14.093137741088867 1624360829.582896 0.37
14.093137741088867 1624360829.589865 0.37
14.093137741088867 1624360829.596779 0.37
14.093137741088867 1624360829.603699 0.37
14.093137741088867 1624360829.610747 0.37
14.093137741088867 1624360829.617678 0.37
14.093137741088867 1624360829.624713 0.37
14.093137741088867 1624360829.631722 0.37
14.093137741088867 1624360829.638691 0.37
14.093137741088867 1624360829.645705 0.37
14.093137741088867 1624360829.652818 0.37
14.093137741088867 1624360829.65982 0.37
14.093137741088867 1624360829.666711 0.37
14.093137741088867 1624360829.673743 0.37
14.093137741088867 1624360829.680756 0.37
14.093137741088867 1624360829.687876 0.37
14.093137741088867 1624360829.694796 0.37
14.093137741088867 1624360829.701833 0.37
14.093137741088867 1624360829.708843 0.37
14.093137741088867 1624360829.715848 0.37
14.093137741088867 1624360829.72287 0.37
14.093137741088867 1624360829.729864 0.37
14.093137741088867 1624360829.736876 0.37
14.093137741088867 1624360829.743851 0.37
14.093137741088867 1624360829.750887 0.37
14.093137741088867 1624360829.757862 0.37
14.093137741088867 1624360829.764886 0.37
14.093137741088867 1624360829.771666 0.37
14.093137741088867 1624360829.77865 0.37
14.093137741088867 1624360829.78566 0.37
14.093137741088867 1624360829.792692 0.37
14.093137741088867 1624360829.799753 0.37
14.093137741088867 1624360829.806687 0.37
14.093137741088867 1624360829.813778 0.37
14.093137741088867 1624360829.820665 0.37
14.093137741088867 1624360829.827642 0.37
14.093137741088867 1624360829.834752 0.37
14.093137741088867 1624360829.841747 0.37
14.093137741088867 1624360829.848769 0.37
14.093137741088867 1624360829.855794 0.37
14.093137741088867 1624360829.862781 0.37
14.093137741088867 1624360829.869819 0.37
14.093137741088867 1624360829.876796 0.37
14.093137741088867 1624360829.883803 0.37
14.093137741088867 1624360829.890823 0.37
14.093137741088867 1624360829.897797 0.37
14.093137741088867 1624360829.904795 0.37
14.093137741088867 1624360829.911769 0.37
14.093137741088867 1624360829.918836 0.37
14.093137741088867 1624360829.925805 0.37
14.093137741088867 1624360829.93282 0.37
14.093137741088867 1624360829.939817 0.37
14.093137741088867 1624360829.946691 0.37
14.093137741088867 1624360829.95369 0.37
14.093137741088867 1624360829.960707 0.37
14.093137741088867 1624360829.967677 0.37
14.093137741088867 1624360829.974804 0.37
14.093137741088867 1624360829.981666 0.37
14.093137741088867 1624360829.988702 0.37
14.093137741088867 1624360829.995678 0.37
14.093137741088867 1624360830.00271 0.37
14.093137741088867 1624360830.009707 0.37
14.093137741088867 1624360830.016708 0.37
14.093137741088867 1624360830.023687 0.37
14.093137741088867 1624360830.030604 0.37
14.093137741088867 1624360830.037681 0.37
14.093137741088867 1624360830.04472 0.37
14.093137741088867 1624360830.051747 0.37
14.093137741088867 1624360830.058744 0.37
14.093137741088867 1624360830.065751 0.37
14.093137741088867 1624360830.072761 0.37
14.093137741088867 1624360830.079745 0.37
14.093137741088867 1624360830.086768 0.37
14.093137741088867 1624360830.09376 0.37
14.093137741088867 1624360830.100816 0.37
14.08450698852539 1624360830.107818 0.37
14.093137741088867 1624360830.11483 0.37
14.093137741088867 1624360830.121677 0.37
14.093137741088867 1624360830.128627 0.37
14.093137741088867 1624360830.135633 0.37
14.093137741088867 1624360830.142657 0.37
14.093137741088867 1624360830.149698 0.37
14.093137741088867 1624360830.156666 0.37
14.093137741088867 1624360830.163657 0.37
13.480392456054688 1624360830.170685 0.37
14.093137741088867 1624360830.177689 0.37
14.08450698852539 1624360830.184616 0.37
14.093137741088867 1624360830.191608 0.37
14.093137741088867 1624360830.198648 0.37
14.093137741088867 1624360830.205593 0.37
14.093137741088867 1624360830.21258 0.37
14.093137741088867 1624360830.219641 0.37
14.093137741088867 1624360830.226709 0.37
14.093137741088867 1624360830.233617 0.37
14.093137741088867 1624360830.240581 0.37
14.093137741088867 1624360830.247704 0.37
14.08450698852539 1624360830.254682 0.37
14.08450698852539 1624360830.261693 0.37
14.093137741088867 1624360830.268756 0.37
14.093137741088867 1624360830.27574 0.37
14.093137741088867 1624360830.282706 0.37
14.093137741088867 1624360830.289542 0.37
14.093137741088867 1624360830.296626 0.37
14.093137741088867 1624360830.303574 0.37
14.093137741088867 1624360830.310623 0.37
14.093137741088867 1624360830.317597 0.37
