11.606596946716309 1624360842.439262 0.432
11.606596946716309 1624360842.446239 0.432
11.606596946716309 1624360842.453263 0.432
11.606596946716309 1624360842.460298 0.432
10.99572467803955 1624360842.467263 0.432
10.99572467803955 1624360842.474262 0.432
11.606596946716309 1624360842.481265 0.432
10.99572467803955 1624360842.488285 0.432
11.606596946716309 1624360842.495125 0.432
10.99572467803955 1624360842.502154 0.432
11.606596946716309 1624360842.509135 0.432
11.606596946716309 1624360842.516181 0.432
10.99572467803955 1624360842.523159 0.432
11.606596946716309 1624360842.530161 0.432
11.606596946716309 1624360842.537144 0.432
10.99572467803955 1624360842.544187 0.432
11.606596946716309 1624360842.551147 0.432
10.99572467803955 1624360842.558177 0.432
11.606596946716309 1624360842.565081 0.432
11.606596946716309 1624360842.572129 0.432
11.606596946716309 1624360842.579081 0.432
11.606596946716309 1624360842.586079 0.432
10.99572467803955 1624360842.593169 0.432
11.606596946716309 1624360842.600137 0.432
11.606596946716309 1624360842.607141 0.432
10.99572467803955 1624360842.614095 0.432
11.606596946716309 1624360842.621103 0.432
10.99572467803955 1624360842.628217 0.432
10.99572467803955 1624360842.635177 0.432
11.606596946716309 1624360842.642203 0.432
11.606596946716309 1624360842.649189 0.432
11.606596946716309 1624360842.656278 0.432
11.606596946716309 1624360842.663074 0.432
11.606596946716309 1624360842.670102 0.432
11.606596946716309 1624360842.677042 0.432
10.99572467803955 1624360842.684079 0.432
10.99572467803955 1624360842.691133 0.432
10.99572467803955 1624360842.698157 0.432
11.606596946716309 1624360842.705162 0.432
11.606596946716309 1624360842.71209 0.432
10.99572467803955 1624360842.71916 0.432
11.606596946716309 1624360842.726124 0.432
10.99572467803955 1624360842.73313 0.432
11.606596946716309 1624360842.740174 0.432
11.606596946716309 1624360842.747087 0.432
11.606596946716309 1624360842.754088 0.432
11.606596946716309 1624360842.761123 0.432
10.99572467803955 1624360842.768048 0.432
11.606596946716309 1624360842.775129 0.432
10.99572467803955 1624360842.782196 0.432
10.99572467803955 1624360842.789198 0.432
11.606596946716309 1624360842.796188 0.432
10.99572467803955 1624360842.803104 0.432
11.606596946716309 1624360842.81016 0.432
11.606596946716309 1624360842.817155 0.432
10.99572467803955 1624360842.824134 0.432
11.606596946716309 1624360842.83112 0.432
10.99572467803955 1624360842.838038 0.432
11.606596946716309 1624360842.845179 0.432
10.99572467803955 1624360842.852092 0.432
10.99572467803955 1624360842.859073 0.432
11.606596946716309 1624360842.866056 0.432
10.99572467803955 1624360842.873 0.432
11.606596946716309 1624360842.880005 0.432
11.606596946716309 1624360842.887008 0.432
10.99572467803955 1624360842.894028 0.432
10.99572467803955 1624360842.901016 0.432
10.99572467803955 1624360842.908038 0.432
11.606596946716309 1624360842.915076 0.432
11.606596946716309 1624360842.922088 0.432
10.99572467803955 1624360842.929035 0.432
11.606596946716309 1624360842.936017 0.432
10.99572467803955 1624360842.943107 0.432
11.606596946716309 1624360842.950041 0.432
11.606596946716309 1624360842.957076 0.432
10.99572467803955 1624360842.964085 0.432
11.606596946716309 1624360842.971153 0.432
10.99572467803955 1624360842.978111 0.432
11.606596946716309 1624360842.985142 0.432
11.606596946716309 1624360842.992058 0.432
10.99572467803955 1624360842.99909 0.432
11.606596946716309 1624360843.006102 0.432
10.99572467803955 1624360843.013131 0.432
11.606596946716309 1624360843.020131 0.432
11.606596946716309 1624360843.027181 0.432
10.99572467803955 1624360843.034177 0.432
11.606596946716309 1624360843.040981 0.432
10.99572467803955 1624360843.048058 0.432
11.606596946716309 1624360843.054966 0.432
10.99572467803955 1624360843.06206 0.432
10.99572467803955 1624360843.068943 0.432
11.606596946716309 1624360843.076066 0.432
10.99572467803955 1624360843.083079 0.432
11.606596946716309 1624360843.089981 0.432
11.606596946716309 1624360843.097004 0.432
10.99572467803955 1624360843.104066 0.432
11.606596946716309 1624360843.111078 0.432
10.99572467803955 1624360843.118048 0.432
11.606596946716309 1624360843.125096 0.432
11.606596946716309 1624360843.132045 0.432
10.99572467803955 1624360843.13902 0.432
11.606596946716309 1624360843.146076 0.432
11.606596946716309 1624360843.153025 0.432
10.99572467803955 1624360843.160092 0.432
11.606596946716309 1624360843.167085 0.432
10.99572467803955 1624360843.173994 0.432
11.606596946716309 1624360843.181112 0.432
10.99572467803955 1624360843.18806 0.432
11.606596946716309 1624360843.195116 0.432
11.606596946716309 1624360843.201867 0.432
10.99572467803955 1624360843.208854 0.432
11.606596946716309 1624360843.215875 0.432
11.606596946716309 1624360843.222927 0.432
11.606596946716309 1624360843.229919 0.432
11.606596946716309 1624360843.237027 0.432
10.99572467803955 1624360843.243866 0.432
11.606596946716309 1624360843.25097 0.432
10.99572467803955 1624360843.258046 0.432
11.606596946716309 1624360843.265013 0.432
11.606596946716309 1624360843.271908 0.432
10.99572467803955 1624360843.278969 0.432
11.606596946716309 1624360843.285922 0.432
11.606596946716309 1624360843.292966 0.432
11.606596946716309 1624360843.299944 0.432
11.606596946716309 1624360843.306954 0.432
10.99572467803955 1624360843.313971 0.432
11.606596946716309 1624360843.321041 0.432
11.606596946716309 1624360843.328044 0.432
10.99572467803955 1624360843.335033 0.432
10.99572467803955 1624360843.341962 0.432
10.99572467803955 1624360843.349029 0.432
11.606596946716309 1624360843.356009 0.432
10.99572467803955 1624360843.36305 0.432
11.606596946716309 1624360843.370005 0.432
11.606596946716309 1624360843.376873 0.432
10.99572467803955 1624360843.383848 0.432
11.606596946716309 1624360843.390852 0.432
10.99572467803955 1624360843.397897 0.432
11.606596946716309 1624360843.404907 0.432
11.606596946716309 1624360843.411823 0.432
10.99572467803955 1624360843.418874 0.432
11.606596946716309 1624360843.425882 0.432
10.99572467803955 1624360843.432913 0.432
11.606596946716309 1624360843.439843 0.432
11.606596946716309 1624360843.446899 0.432
10.99572467803955 1624360843.453901 0.432
11.606596946716309 1624360843.46095 0.432
11.606596946716309 1624360843.467921 0.432
11.606596946716309 1624360843.47487 0.432
10.99572467803955 1624360843.481938 0.432
10.99572467803955 1624360843.488919 0.432
11.606596946716309 1624360843.495902 0.432
11.606596946716309 1624360843.502912 0.432
10.99572467803955 1624360843.509963 0.432
11.606596946716309 1624360843.517006 0.432
10.99572467803955 1624360843.523888 0.432
10.99572467803955 1624360843.530919 0.432
11.606596946716309 1624360843.537963 0.432
10.99572467803955 1624360843.544986 0.432
10.99572467803955 1624360843.552009 0.432
10.99572467803955 1624360843.558805 0.432
11.606596946716309 1624360843.565986 0.432
10.99572467803955 1624360843.572843 0.432
11.606596946716309 1624360843.579887 0.432
10.99572467803955 1624360843.586825 0.432
10.99572467803955 1624360843.593809 0.432
11.606596946716309 1624360843.600855 0.432
10.99572467803955 1624360843.60779 0.432
10.99572467803955 1624360843.614873 0.432
10.99572467803955 1624360843.621854 0.432
10.99572467803955 1624360843.628883 0.432
10.99572467803955 1624360843.635874 0.432
10.99572467803955 1624360843.64288 0.432
10.99572467803955 1624360843.64986 0.432
11.606596946716309 1624360843.656868 0.432
10.99572467803955 1624360843.663897 0.432
11.606596946716309 1624360843.670922 0.432
11.606596946716309 1624360843.67795 0.432
11.606596946716309 1624360843.684904 0.432
10.99572467803955 1624360843.691938 0.432
10.99572467803955 1624360843.698916 0.432
11.606596946716309 1624360843.705957 0.432
10.99572467803955 1624360843.712908 0.432
10.99572467803955 1624360843.719995 0.432
11.606596946716309 1624360843.726812 0.432
10.99572467803955 1624360843.733802 0.432
11.606596946716309 1624360843.740842 0.432
11.606596946716309 1624360843.747734 0.432
11.606596946716309 1624360843.754732 0.432
10.99572467803955 1624360843.761705 0.432
10.99572467803955 1624360843.768701 0.432
11.606596946716309 1624360843.775714 0.432
10.99572467803955 1624360843.782826 0.432
10.99572467803955 1624360843.789756 0.432
11.606596946716309 1624360843.796827 0.432
10.99572467803955 1624360843.803813 0.432
11.606596946716309 1624360843.810727 0.432
11.606596946716309 1624360843.817784 0.432
10.99572467803955 1624360843.824784 0.432
11.606596946716309 1624360843.831779 0.432
10.99572467803955 1624360843.83883 0.432
11.606596946716309 1624360843.845902 0.432
11.606596946716309 1624360843.852949 0.432
10.99572467803955 1624360843.859914 0.432
10.99572467803955 1624360843.866846 0.432
10.99572467803955 1624360843.873904 0.432
11.606596946716309 1624360843.880877 0.432
11.606596946716309 1624360843.887727 0.432
10.99572467803955 1624360843.894709 0.432
11.606596946716309 1624360843.901795 0.432
10.99572467803955 1624360843.908806 0.432
11.606596946716309 1624360843.915734 0.432
11.606596946716309 1624360843.922797 0.432
10.99572467803955 1624360843.929756 0.432
10.99572467803955 1624360843.936726 0.432
10.99572467803955 1624360843.943764 0.432
11.606596946716309 1624360843.950738 0.432
10.99572467803955 1624360843.95775 0.432
10.99572467803955 1624360843.964682 0.432
11.606596946716309 1624360843.971688 0.432
10.99572467803955 1624360843.978722 0.432
10.99572467803955 1624360843.985687 0.432
10.99572467803955 1624360843.992691 0.432
10.99572467803955 1624360843.999779 0.432
11.606596946716309 1624360844.006727 0.432
10.99572467803955 1624360844.013717 0.432
10.99572467803955 1624360844.020749 0.432
11.606596946716309 1624360844.027873 0.432
10.99572467803955 1624360844.034864 0.432
11.606596946716309 1624360844.041857 0.432
10.99572467803955 1624360844.0487 0.432
10.99572467803955 1624360844.055667 0.432
11.606596946716309 1624360844.062636 0.432
10.99572467803955 1624360844.069686 0.432
11.606596946716309 1624360844.076719 0.432
10.99572467803955 1624360844.083718 0.432
11.606596946716309 1624360844.090706 0.432
11.606596946716309 1624360844.097706 0.432
10.99572467803955 1624360844.104764 0.432
11.606596946716309 1624360844.111766 0.432
10.99572467803955 1624360844.118771 0.432
11.606596946716309 1624360844.125767 0.432
10.99572467803955 1624360844.132757 0.432
10.99572467803955 1624360844.139732 0.432
11.606596946716309 1624360844.146821 0.432
10.99572467803955 1624360844.153738 0.432
11.606596946716309 1624360844.160764 0.432
10.99572467803955 1624360844.167797 0.432
10.99572467803955 1624360844.174809 0.432
11.606596946716309 1624360844.181779 0.432
10.99572467803955 1624360844.188815 0.432
10.99572467803955 1624360844.195585 0.432
11.606596946716309 1624360844.202653 0.432
10.99572467803955 1624360844.209576 0.432
11.606596946716309 1624360844.216601 0.432
10.99572467803955 1624360844.223592 0.432
11.606596946716309 1624360844.230556 0.432
10.99572467803955 1624360844.237662 0.432
10.99572467803955 1624360844.244626 0.432
11.606596946716309 1624360844.251705 0.432
10.99572467803955 1624360844.258618 0.432
10.99572467803955 1624360844.265712 0.432
11.606596946716309 1624360844.272734 0.432
10.99572467803955 1624360844.279742 0.432
11.606596946716309 1624360844.286716 0.432
10.99572467803955 1624360844.293716 0.432
10.99572467803955 1624360844.30074 0.432
10.99572467803955 1624360844.307714 0.432
10.99572467803955 1624360844.314744 0.432
10.99572467803955 1624360844.321775 0.432
11.606596946716309 1624360844.328691 0.432
10.99572467803955 1624360844.335707 0.432
10.99572467803955 1624360844.342545 0.432
10.99572467803955 1624360844.349692 0.432
10.99572467803955 1624360844.356657 0.432
10.99572467803955 1624360844.363651 0.432
10.99572467803955 1624360844.370572 0.432
11.606596946716309 1624360844.377582 0.432
10.99572467803955 1624360844.384589 0.432
10.99572467803955 1624360844.391586 0.432
11.606596946716309 1624360844.398562 0.432
10.99572467803955 1624360844.405636 0.432
10.99572467803955 1624360844.412715 0.432
10.99572467803955 1624360844.419693 0.432
11.606596946716309 1624360844.426691 0.432
11.606596946716309 1624360844.433618 0.432
10.99572467803955 1624360844.44058 0.432
11.606596946716309 1624360844.44766 0.432
10.99572467803955 1624360844.454674 0.432
10.99572467803955 1624360844.461633 0.432
10.99572467803955 1624360844.468687 0.432
10.99572467803955 1624360844.475734 0.432
11.606596946716309 1624360844.48269 0.432
10.99572467803955 1624360844.489733 0.432
10.99572467803955 1624360844.496718 0.432
11.606596946716309 1624360844.503689 0.432
10.99572467803955 1624360844.510578 0.432
10.99572467803955 1624360844.517592 0.432
10.99572467803955 1624360844.524515 0.432
11.606596946716309 1624360844.5316 0.432
11.606596946716309 1624360844.538576 0.432
11.606596946716309 1624360844.54558 0.432
11.606596946716309 1624360844.552542 0.432
10.99572467803955 1624360844.559565 0.432
11.606596946716309 1624360844.566515 0.432
10.99572467803955 1624360844.573562 0.432
10.99572467803955 1624360844.580597 0.432
10.99572467803955 1624360844.587558 0.432
10.99572467803955 1624360844.594599 0.432
11.606596946716309 1624360844.601575 0.432
10.99572467803955 1624360844.608573 0.432
10.99572467803955 1624360844.615494 0.432
11.606596946716309 1624360844.622538 0.432
10.99572467803955 1624360844.629656 0.432
11.606596946716309 1624360844.636585 0.432
11.606596946716309 1624360844.643634 0.432
10.99572467803955 1624360844.650645 0.432
11.606596946716309 1624360844.657715 0.432
10.99572467803955 1624360844.664617 0.432
10.99572467803955 1624360844.671614 0.432
10.99572467803955 1624360844.678647 0.432
10.99572467803955 1624360844.685677 0.432
11.606596946716309 1624360844.69251 0.432
10.99572467803955 1624360844.699541 0.432
10.99572467803955 1624360844.706515 0.432
10.99572467803955 1624360844.713537 0.432
10.99572467803955 1624360844.720483 0.432
11.606596946716309 1624360844.727538 0.432
10.99572467803955 1624360844.734489 0.432
10.99572467803955 1624360844.741538 0.432
10.99572467803955 1624360844.7485 0.432
10.99572467803955 1624360844.755506 0.432
10.99572467803955 1624360844.762553 0.432
10.99572467803955 1624360844.769549 0.432
11.606596946716309 1624360844.776536 0.432
10.99572467803955 1624360844.783514 0.432
10.99572467803955 1624360844.790584 0.432
10.99572467803955 1624360844.797607 0.432
10.99572467803955 1624360844.804571 0.432
10.99572467803955 1624360844.811553 0.432
10.99572467803955 1624360844.818545 0.432
10.99572467803955 1624360844.825581 0.432
10.99572467803955 1624360844.832563 0.432
10.99572467803955 1624360844.83956 0.432
11.606596946716309 1624360844.846523 0.432
11.606596946716309 1624360844.853561 0.432
10.99572467803955 1624360844.860532 0.432
10.99572467803955 1624360844.867565 0.432
10.99572467803955 1624360844.87453 0.432
10.99572467803955 1624360844.881583 0.432
10.99572467803955 1624360844.888499 0.432
10.99572467803955 1624360844.895443 0.432
10.99572467803955 1624360844.902432 0.432
10.99572467803955 1624360844.909354 0.432
10.99572467803955 1624360844.91646 0.432
11.606596946716309 1624360844.923451 0.432
10.99572467803955 1624360844.930448 0.432
10.99572467803955 1624360844.937442 0.432
10.99572467803955 1624360844.944476 0.432
10.99572467803955 1624360844.951468 0.432
11.606596946716309 1624360844.958424 0.432
10.99572467803955 1624360844.965416 0.432
10.99572467803955 1624360844.972451 0.432
10.99572467803955 1624360844.979431 0.432
10.99572467803955 1624360844.986385 0.432
10.99572467803955 1624360844.99347 0.432
10.99572467803955 1624360845.000453 0.432
11.606596946716309 1624360845.007519 0.432
10.99572467803955 1624360845.014479 0.432
10.99572467803955 1624360845.021502 0.432
10.99572467803955 1624360845.028452 0.432
10.99572467803955 1624360845.035485 0.432
10.99572467803955 1624360845.042505 0.432
10.99572467803955 1624360845.04947 0.432
10.99572467803955 1624360845.056499 0.432
10.99572467803955 1624360845.06344 0.432
10.99572467803955 1624360845.070406 0.432
11.606596946716309 1624360845.077417 0.432
10.99572467803955 1624360845.084411 0.432
10.99572467803955 1624360845.091521 0.432
11.606596946716309 1624360845.098496 0.432
10.99572467803955 1624360845.105495 0.432
11.606596946716309 1624360845.112538 0.432
10.99572467803955 1624360845.119514 0.432
10.99572467803955 1624360845.126368 0.432
10.99572467803955 1624360845.133389 0.432
10.99572467803955 1624360845.140383 0.432
11.606596946716309 1624360845.147351 0.432
10.99572467803955 1624360845.154381 0.432
10.99572467803955 1624360845.161393 0.432
11.606596946716309 1624360845.168445 0.432
10.99572467803955 1624360845.175504 0.432
11.606596946716309 1624360845.182388 0.432
10.99572467803955 1624360845.189353 0.432
11.606596946716309 1624360845.196364 0.432
10.99572467803955 1624360845.203338 0.432
10.99572467803955 1624360845.210459 0.432
10.99572467803955 1624360845.217479 0.432
10.99572467803955 1624360845.224423 0.432
10.99572467803955 1624360845.231482 0.432
11.606596946716309 1624360845.238436 0.432
10.99572467803955 1624360845.245365 0.432
11.606596946716309 1624360845.252391 0.432
10.99572467803955 1624360845.25939 0.432
11.606596946716309 1624360845.266427 0.432
11.606596946716309 1624360845.273414 0.432
10.99572467803955 1624360845.280421 0.432
10.99572467803955 1624360845.287459 0.432
10.99572467803955 1624360845.294458 0.432
10.99572467803955 1624360845.301524 0.432
11.606596946716309 1624360845.308536 0.432
10.99572467803955 1624360845.315323 0.432
10.99572467803955 1624360845.322246 0.432
10.99572467803955 1624360845.329292 0.432
10.99572467803955 1624360845.336293 0.432
10.99572467803955 1624360845.343278 0.432
10.99572467803955 1624360845.35034 0.432
10.99572467803955 1624360845.357353 0.432
10.99572467803955 1624360845.364348 0.432
11.606596946716309 1624360845.371366 0.432
10.99572467803955 1624360845.378382 0.432
10.99572467803955 1624360845.38534 0.432
10.99572467803955 1624360845.392352 0.432
10.99572467803955 1624360845.399368 0.432
10.99572467803955 1624360845.40639 0.432
11.606596946716309 1624360845.41351 0.432
10.99572467803955 1624360845.420386 0.432
10.99572467803955 1624360845.427366 0.432
10.99572467803955 1624360845.434408 0.432
10.99572467803955 1624360845.441395 0.432
11.606596946716309 1624360845.448415 0.432
10.99572467803955 1624360845.455396 0.432
10.99572467803955 1624360845.462436 0.432
11.606596946716309 1624360845.469437 0.432
10.99572467803955 1624360845.4764 0.432
10.99572467803955 1624360845.483311 0.432
10.99572467803955 1624360845.490333 0.432
11.606596946716309 1624360845.497359 0.432
11.606596946716309 1624360845.504383 0.432
10.99572467803955 1624360845.511443 0.432
10.99572467803955 1624360845.518448 0.432
10.99572467803955 1624360845.525335 0.432
11.606596946716309 1624360845.532282 0.432
10.99572467803955 1624360845.539305 0.432
10.99572467803955 1624360845.546275 0.432
10.99572467803955 1624360845.553318 0.432
10.99572467803955 1624360845.560301 0.432
11.606596946716309 1624360845.567266 0.432
10.99572467803955 1624360845.574304 0.432
11.606596946716309 1624360845.581246 0.432
10.99572467803955 1624360845.588195 0.432
10.99572467803955 1624360845.595346 0.432
10.99572467803955 1624360845.602299 0.432
10.99572467803955 1624360845.609311 0.432
10.99572467803955 1624360845.61632 0.432
10.99572467803955 1624360845.623265 0.432
10.99572467803955 1624360845.630226 0.432
11.606596946716309 1624360845.637321 0.432
10.99572467803955 1624360845.644337 0.432
10.99572467803955 1624360845.651351 0.432
10.99572467803955 1624360845.65834 0.432
10.99572467803955 1624360845.665333 0.432
11.606596946716309 1624360845.67234 0.432
10.99572467803955 1624360845.679342 0.432
10.99572467803955 1624360845.686306 0.432
10.99572467803955 1624360845.693319 0.432
10.99572467803955 1624360845.700355 0.432
11.606596946716309 1624360845.707363 0.432
10.99572467803955 1624360845.714403 0.432
10.99572467803955 1624360845.721418 0.432
10.99572467803955 1624360845.72834 0.432
10.99572467803955 1624360845.735193 0.432
10.99572467803955 1624360845.742147 0.432
10.99572467803955 1624360845.749243 0.432
10.99572467803955 1624360845.756164 0.432
11.606596946716309 1624360845.763199 0.432
10.99572467803955 1624360845.770262 0.432
11.606596946716309 1624360845.777194 0.432
10.99572467803955 1624360845.784229 0.432
10.99572467803955 1624360845.791247 0.432
10.99572467803955 1624360845.798223 0.432
10.99572467803955 1624360845.805213 0.432
11.606596946716309 1624360845.812171 0.432
10.99572467803955 1624360845.819152 0.432
10.99572467803955 1624360845.826204 0.432
11.606596946716309 1624360845.833185 0.432
10.99572467803955 1624360845.840175 0.432
10.99572467803955 1624360845.847282 0.432
10.99572467803955 1624360845.854267 0.432
11.606596946716309 1624360845.861293 0.432
11.606596946716309 1624360845.868299 0.432
10.99572467803955 1624360845.875318 0.432
10.99572467803955 1624360845.882286 0.432
10.99572467803955 1624360845.889291 0.432
10.99572467803955 1624360845.896302 0.432
11.606596946716309 1624360845.903281 0.432
10.99572467803955 1624360845.910238 0.432
10.99572467803955 1624360845.917403 0.432
10.99572467803955 1624360845.924323 0.432
10.99572467803955 1624360845.931162 0.432
10.99572467803955 1624360845.938167 0.432
10.99572467803955 1624360845.94515 0.432
11.606596946716309 1624360845.952163 0.432
10.99572467803955 1624360845.959143 0.432
10.99572467803955 1624360845.9662 0.432
10.99572467803955 1624360845.973184 0.432
10.99572467803955 1624360845.980198 0.432
11.606596946716309 1624360845.98713 0.432
10.99572467803955 1624360845.994156 0.432
10.99572467803955 1624360846.001226 0.432
11.606596946716309 1624360846.008191 0.432
10.99572467803955 1624360846.015165 0.432
10.99572467803955 1624360846.022194 0.432
10.99572467803955 1624360846.029179 0.432
10.99572467803955 1624360846.036191 0.432
10.99572467803955 1624360846.043185 0.432
10.99572467803955 1624360846.050213 0.432
11.606596946716309 1624360846.05722 0.432
11.606596946716309 1624360846.064196 0.432
10.99572467803955 1624360846.071184 0.432
10.99572467803955 1624360846.078179 0.432
10.99572467803955 1624360846.085197 0.432
10.99572467803955 1624360846.092208 0.432
11.606596946716309 1624360846.099162 0.432
10.99572467803955 1624360846.106172 0.432
10.99572467803955 1624360846.11321 0.432
10.99572467803955 1624360846.120047 0.432
11.606596946716309 1624360846.12701 0.432
10.99572467803955 1624360846.134112 0.432
10.99572467803955 1624360846.141106 0.432
10.99572467803955 1624360846.148223 0.432
10.99572467803955 1624360846.155088 0.432
10.99572467803955 1624360846.162146 0.432
10.99572467803955 1624360846.1691 0.432
10.99572467803955 1624360846.1761 0.432
10.99572467803955 1624360846.183157 0.432
10.99572467803955 1624360846.190102 0.432
11.606596946716309 1624360846.197188 0.432
10.99572467803955 1624360846.204144 0.432
10.99572467803955 1624360846.211148 0.432
11.606596946716309 1624360846.218195 0.432
10.99572467803955 1624360846.225172 0.432
10.99572467803955 1624360846.232127 0.432
10.99572467803955 1624360846.239141 0.432
10.99572467803955 1624360846.246144 0.432
10.99572467803955 1624360846.25322 0.432
10.99572467803955 1624360846.26019 0.432
10.99572467803955 1624360846.267197 0.432
10.99572467803955 1624360846.274199 0.432
10.99572467803955 1624360846.281212 0.432
10.99572467803955 1624360846.288167 0.432
10.99572467803955 1624360846.295068 0.432
10.99572467803955 1624360846.302019 0.432
11.606596946716309 1624360846.309075 0.432
10.99572467803955 1624360846.316086 0.432
10.99572467803955 1624360846.323075 0.432
10.99572467803955 1624360846.330076 0.432
10.99572467803955 1624360846.337086 0.432
10.99572467803955 1624360846.344096 0.432
10.99572467803955 1624360846.351141 0.432
10.99572467803955 1624360846.35812 0.432
10.99572467803955 1624360846.36511 0.432
10.99572467803955 1624360846.372132 0.432
10.99572467803955 1624360846.379108 0.432
10.99572467803955 1624360846.3861 0.432
11.606596946716309 1624360846.393136 0.432
10.99572467803955 1624360846.400183 0.432
11.606596946716309 1624360846.407097 0.432
10.99572467803955 1624360846.414161 0.432
10.99572467803955 1624360846.421145 0.432
11.606596946716309 1624360846.4281 0.432
10.99572467803955 1624360846.435107 0.432
10.99572467803955 1624360846.442118 0.432
10.99572467803955 1624360846.449196 0.432
10.99572467803955 1624360846.456068 0.432
10.99572467803955 1624360846.462992 0.432
10.99572467803955 1624360846.470017 0.432
10.99572467803955 1624360846.477068 0.432
10.99572467803955 1624360846.484028 0.432
10.99572467803955 1624360846.491017 0.432
11.606596946716309 1624360846.498045 0.432
10.99572467803955 1624360846.505069 0.432
10.99572467803955 1624360846.512004 0.432
10.99572467803955 1624360846.519074 0.432
10.99572467803955 1624360846.52608 0.432
10.99572467803955 1624360846.533152 0.432
10.99572467803955 1624360846.540104 0.432
10.99572467803955 1624360846.54705 0.432
10.99572467803955 1624360846.554072 0.432
10.99572467803955 1624360846.561041 0.432
11.606596946716309 1624360846.568039 0.432
10.99572467803955 1624360846.575097 0.432
10.99572467803955 1624360846.582024 0.432
10.99572467803955 1624360846.589126 0.432
10.99572467803955 1624360846.596151 0.432
11.606596946716309 1624360846.603201 0.432
10.99572467803955 1624360846.610162 0.432
10.99572467803955 1624360846.617045 0.432
11.606596946716309 1624360846.623979 0.432
10.99572467803955 1624360846.630943 0.432
10.99572467803955 1624360846.63793 0.432
10.99572467803955 1624360846.644964 0.432
10.99572467803955 1624360846.652037 0.432
10.99572467803955 1624360846.658941 0.432
10.99572467803955 1624360846.666041 0.432
10.99572467803955 1624360846.673077 0.432
10.99572467803955 1624360846.680051 0.432
10.99572467803955 1624360846.686964 0.432
10.99572467803955 1624360846.694044 0.432
10.99572467803955 1624360846.701024 0.432
10.99572467803955 1624360846.708097 0.432
10.99572467803955 1624360846.7151 0.432
10.99572467803955 1624360846.721996 0.432
11.606596946716309 1624360846.729091 0.432
10.99572467803955 1624360846.736056 0.432
10.99572467803955 1624360846.742997 0.432
10.99572467803955 1624360846.750056 0.432
10.99572467803955 1624360846.757062 0.432
10.99572467803955 1624360846.764072 0.432
10.99572467803955 1624360846.770888 0.432
10.99572467803955 1624360846.777904 0.432
10.99572467803955 1624360846.785008 0.432
10.99572467803955 1624360846.791912 0.432
10.99572467803955 1624360846.798956 0.432
10.99572467803955 1624360846.805965 0.432
10.99572467803955 1624360846.812938 0.432
10.99572467803955 1624360846.819915 0.432
10.99572467803955 1624360846.826905 0.432
10.99572467803955 1624360846.83393 0.432
10.99572467803955 1624360846.840974 0.432
10.99572467803955 1624360846.84799 0.432
10.99572467803955 1624360846.855023 0.432
10.99572467803955 1624360846.86206 0.432
11.606596946716309 1624360846.868995 0.432
10.99572467803955 1624360846.876004 0.432
10.99572467803955 1624360846.883083 0.432
10.99572467803955 1624360846.890078 0.432
10.99572467803955 1624360846.89709 0.432
11.606596946716309 1624360846.904071 0.432
10.99572467803955 1624360846.910827 0.432
11.606596946716309 1624360846.917797 0.432
11.606596946716309 1624360846.924808 0.432
10.99572467803955 1624360846.931845 0.432
10.99572467803955 1624360846.938839 0.432
10.99572467803955 1624360846.945884 0.432
10.99572467803955 1624360846.95289 0.432
10.99572467803955 1624360846.959896 0.432
10.99572467803955 1624360846.966959 0.432
10.99572467803955 1624360846.973945 0.432
10.99572467803955 1624360846.980921 0.432
10.99572467803955 1624360846.987885 0.432
10.99572467803955 1624360846.994894 0.432
10.99572467803955 1624360847.001941 0.432
10.99572467803955 1624360847.008909 0.432
10.99572467803955 1624360847.015938 0.432
10.99572467803955 1624360847.02299 0.432
10.99572467803955 1624360847.029976 0.432
10.99572467803955 1624360847.036979 0.432
10.99572467803955 1624360847.044013 0.432
10.99572467803955 1624360847.051003 0.432
11.606596946716309 1624360847.057988 0.432
10.99572467803955 1624360847.064845 0.432
10.99572467803955 1624360847.071764 0.432
10.99572467803955 1624360847.078847 0.432
10.99572467803955 1624360847.085812 0.432
10.99572467803955 1624360847.092769 0.432
10.99572467803955 1624360847.09972 0.432
10.99572467803955 1624360847.106847 0.432
11.606596946716309 1624360847.113862 0.432
10.99572467803955 1624360847.120821 0.432
10.99572467803955 1624360847.127811 0.432
10.99572467803955 1624360847.134877 0.432
10.99572467803955 1624360847.141902 0.432
10.99572467803955 1624360847.148864 0.432
10.99572467803955 1624360847.155837 0.432
11.606596946716309 1624360847.162876 0.432
10.99572467803955 1624360847.169881 0.432
10.99572467803955 1624360847.176941 0.432
10.99572467803955 1624360847.183889 0.432
10.99572467803955 1624360847.19089 0.432
10.99572467803955 1624360847.197909 0.432
10.99572467803955 1624360847.204905 0.432
10.99572467803955 1624360847.211791 0.432
10.99572467803955 1624360847.218761 0.432
10.99572467803955 1624360847.225818 0.432
11.606596946716309 1624360847.232782 0.432
10.99572467803955 1624360847.239729 0.432
10.99572467803955 1624360847.246744 0.432
10.99572467803955 1624360847.253722 0.432
10.99572467803955 1624360847.260745 0.432
10.99572467803955 1624360847.267738 0.432
10.99572467803955 1624360847.274752 0.432
10.99572467803955 1624360847.281823 0.432
10.99572467803955 1624360847.288845 0.432
10.99572467803955 1624360847.295818 0.432
11.606596946716309 1624360847.302813 0.432
11.606596946716309 1624360847.309857 0.432
10.99572467803955 1624360847.316885 0.432
10.99572467803955 1624360847.32392 0.432
10.99572467803955 1624360847.33095 0.432
10.99572467803955 1624360847.337904 0.432
11.606596946716309 1624360847.344908 0.432
10.99572467803955 1624360847.35191 0.432
10.99572467803955 1624360847.358934 0.432
10.99572467803955 1624360847.365737 0.432
11.606596946716309 1624360847.372745 0.432
10.99572467803955 1624360847.379795 0.432
10.99572467803955 1624360847.386807 0.432
11.606596946716309 1624360847.393814 0.432
10.99572467803955 1624360847.400796 0.432
10.99572467803955 1624360847.407781 0.432
10.99572467803955 1624360847.414764 0.432
10.99572467803955 1624360847.421774 0.432
10.99572467803955 1624360847.428797 0.432
10.99572467803955 1624360847.435763 0.432
10.99572467803955 1624360847.442762 0.432
10.99572467803955 1624360847.449842 0.432
10.99572467803955 1624360847.456766 0.432
11.606596946716309 1624360847.463735 0.432
10.99572467803955 1624360847.470718 0.432
10.99572467803955 1624360847.477749 0.432
10.99572467803955 1624360847.484742 0.432
10.99572467803955 1624360847.491738 0.432
10.99572467803955 1624360847.498733 0.432
10.99572467803955 1624360847.505709 0.432
10.99572467803955 1624360847.512722 0.432
10.99572467803955 1624360847.519785 0.432
10.99572467803955 1624360847.52673 0.432
10.99572467803955 1624360847.533705 0.432
11.606596946716309 1624360847.540798 0.432
10.99572467803955 1624360847.547817 0.432
11.606596946716309 1624360847.554654 0.432
10.99572467803955 1624360847.561676 0.432
10.99572467803955 1624360847.568684 0.432
11.606596946716309 1624360847.575712 0.432
10.99572467803955 1624360847.582674 0.432
10.99572467803955 1624360847.589695 0.432
10.99572467803955 1624360847.596678 0.432
10.99572467803955 1624360847.60359 0.432
10.99572467803955 1624360847.610681 0.432
10.99572467803955 1624360847.617634 0.432
10.99572467803955 1624360847.624612 0.432
10.99572467803955 1624360847.631641 0.432
10.99572467803955 1624360847.63864 0.432
10.99572467803955 1624360847.645631 0.432
10.99572467803955 1624360847.6527 0.432
10.99572467803955 1624360847.659661 0.432
10.99572467803955 1624360847.666622 0.432
10.99572467803955 1624360847.673662 0.432
11.606596946716309 1624360847.680652 0.432
10.99572467803955 1624360847.687686 0.432
10.99572467803955 1624360847.694727 0.432
11.606596946716309 1624360847.701803 0.432
10.99572467803955 1624360847.708697 0.432
10.99572467803955 1624360847.71577 0.432
10.99572467803955 1624360847.722807 0.432
10.99572467803955 1624360847.729784 0.432
10.99572467803955 1624360847.736798 0.432
10.99572467803955 1624360847.74374 0.432
10.99572467803955 1624360847.750818 0.432
10.99572467803955 1624360847.757759 0.432
10.99572467803955 1624360847.764761 0.432
11.606596946716309 1624360847.771739 0.432
10.99572467803955 1624360847.778785 0.432
10.99572467803955 1624360847.78561 0.432
10.99572467803955 1624360847.792533 0.432
10.99572467803955 1624360847.799627 0.432
10.99572467803955 1624360847.806572 0.432
10.99572467803955 1624360847.813644 0.432
10.99572467803955 1624360847.820636 0.432
10.99572467803955 1624360847.827597 0.432
10.99572467803955 1624360847.834608 0.432
10.99572467803955 1624360847.841663 0.432
10.99572467803955 1624360847.848651 0.432
10.99572467803955 1624360847.855682 0.432
10.99572467803955 1624360847.862572 0.432
10.99572467803955 1624360847.869543 0.432
10.99572467803955 1624360847.876583 0.432
10.99572467803955 1624360847.883581 0.432
11.606596946716309 1624360847.890557 0.432
10.99572467803955 1624360847.897541 0.432
10.99572467803955 1624360847.904539 0.432
10.99572467803955 1624360847.911565 0.432
10.99572467803955 1624360847.91862 0.432
10.99572467803955 1624360847.925688 0.432
10.99572467803955 1624360847.932672 0.432
10.99572467803955 1624360847.939619 0.432
10.99572467803955 1624360847.94666 0.432
10.99572467803955 1624360847.953615 0.432
10.99572467803955 1624360847.960667 0.432
10.99572467803955 1624360847.96762 0.432
10.99572467803955 1624360847.974654 0.432
10.99572467803955 1624360847.981649 0.432
10.99572467803955 1624360847.988621 0.432
10.99572467803955 1624360847.995646 0.432
10.99572467803955 1624360848.002672 0.432
10.99572467803955 1624360848.009699 0.432
11.606596946716309 1624360848.016646 0.432
10.99572467803955 1624360848.023696 0.432
10.99572467803955 1624360848.03071 0.432
10.99572467803955 1624360848.037662 0.432
10.99572467803955 1624360848.044692 0.432
10.99572467803955 1624360848.051494 0.432
10.99572467803955 1624360848.05849 0.432
10.99572467803955 1624360848.06554 0.432
10.99572467803955 1624360848.072581 0.432
10.99572467803955 1624360848.079559 0.432
10.99572467803955 1624360848.086605 0.432
10.99572467803955 1624360848.093536 0.432
10.99572467803955 1624360848.100597 0.432
10.99572467803955 1624360848.107595 0.432
10.99572467803955 1624360848.114564 0.432
10.99572467803955 1624360848.121538 0.432
10.99572467803955 1624360848.128628 0.432
10.99572467803955 1624360848.13553 0.432
10.99572467803955 1624360848.142542 0.432
10.99572467803955 1624360848.149593 0.432
10.99572467803955 1624360848.156592 0.432
10.99572467803955 1624360848.163587 0.432
10.99572467803955 1624360848.170556 0.432
10.99572467803955 1624360848.17758 0.432
10.99572467803955 1624360848.184642 0.432
10.99572467803955 1624360848.19159 0.432
10.99572467803955 1624360848.198594 0.432
10.99572467803955 1624360848.205629 0.432
10.99572467803955 1624360848.212618 0.432
10.99572467803955 1624360848.21948 0.432
10.99572467803955 1624360848.226417 0.432
10.99572467803955 1624360848.233522 0.432
10.99572467803955 1624360848.24048 0.432
10.99572467803955 1624360848.247514 0.432
10.99572467803955 1624360848.254524 0.432
10.99572467803955 1624360848.261534 0.432
11.606596946716309 1624360848.26859 0.432
10.99572467803955 1624360848.275509 0.432
10.99572467803955 1624360848.282523 0.432
10.99572467803955 1624360848.289489 0.432
10.99572467803955 1624360848.296622 0.432
10.99572467803955 1624360848.303539 0.432
10.99572467803955 1624360848.310604 0.432
10.99572467803955 1624360848.317599 0.432
10.99572467803955 1624360848.324565 0.432
10.99572467803955 1624360848.331603 0.432
10.99572467803955 1624360848.338611 0.432
10.99572467803955 1624360848.345611 0.432
10.99572467803955 1624360848.352607 0.432
10.99572467803955 1624360848.359605 0.432
10.99572467803955 1624360848.366434 0.432
10.99572467803955 1624360848.373493 0.432
10.99572467803955 1624360848.38051 0.432
10.99572467803955 1624360848.387486 0.432
10.99572467803955 1624360848.394462 0.432
10.99572467803955 1624360848.401459 0.432
10.99572467803955 1624360848.408505 0.432
10.99572467803955 1624360848.415513 0.432
10.99572467803955 1624360848.42253 0.432
10.99572467803955 1624360848.429535 0.432
10.99572467803955 1624360848.43652 0.432
10.99572467803955 1624360848.443534 0.432
10.99572467803955 1624360848.450559 0.432
10.99572467803955 1624360848.457561 0.432
10.99572467803955 1624360848.464583 0.432
10.99572467803955 1624360848.471526 0.432
10.99572467803955 1624360848.478528 0.432
10.99572467803955 1624360848.485585 0.432
11.606596946716309 1624360848.49258 0.432
10.99572467803955 1624360848.499583 0.432
10.99572467803955 1624360848.506391 0.432
10.99572467803955 1624360848.513497 0.432
10.99572467803955 1624360848.520389 0.432
11.606596946716309 1624360848.527392 0.432
10.99572467803955 1624360848.53448 0.432
10.99572467803955 1624360848.541476 0.432
11.606596946716309 1624360848.548421 0.432
10.99572467803955 1624360848.555457 0.432
10.99572467803955 1624360848.562377 0.432
10.99572467803955 1624360848.569472 0.432
10.99572467803955 1624360848.576403 0.432
10.99572467803955 1624360848.583451 0.432
10.99572467803955 1624360848.590493 0.432
10.99572467803955 1624360848.59748 0.432
10.99572467803955 1624360848.604515 0.432
10.99572467803955 1624360848.611489 0.432
10.99572467803955 1624360848.618523 0.432
10.99572467803955 1624360848.625505 0.432
10.99572467803955 1624360848.632577 0.432
10.99572467803955 1624360848.639338 0.432
10.99572467803955 1624360848.646414 0.432
10.99572467803955 1624360848.653414 0.432
10.99572467803955 1624360848.660368 0.432
10.99572467803955 1624360848.667423 0.432
11.606596946716309 1624360848.674389 0.432
10.99572467803955 1624360848.681382 0.432
10.99572467803955 1624360848.688463 0.432
10.99572467803955 1624360848.695391 0.432
11.606596946716309 1624360848.702386 0.432
10.99572467803955 1624360848.709444 0.432
10.99572467803955 1624360848.716478 0.432
10.99572467803955 1624360848.723429 0.432
10.99572467803955 1624360848.730432 0.432
10.99572467803955 1624360848.73741 0.432
10.99572467803955 1624360848.744406 0.432
10.99572467803955 1624360848.75141 0.432
10.99572467803955 1624360848.758501 0.432
10.99572467803955 1624360848.765464 0.432
10.99572467803955 1624360848.772488 0.432
10.99572467803955 1624360848.779484 0.432
10.99572467803955 1624360848.786453 0.432
10.99572467803955 1624360848.79343 0.432
10.99572467803955 1624360848.800252 0.432
10.99572467803955 1624360848.80725 0.432
10.99572467803955 1624360848.814366 0.432
10.99572467803955 1624360848.821259 0.432
10.99572467803955 1624360848.828363 0.432
10.99572467803955 1624360848.835392 0.432
10.99572467803955 1624360848.842359 0.432
10.99572467803955 1624360848.849284 0.432
10.99572467803955 1624360848.856348 0.432
10.99572467803955 1624360848.863378 0.432
10.99572467803955 1624360848.870429 0.432
10.99572467803955 1624360848.87741 0.432
10.99572467803955 1624360848.88443 0.432
10.99572467803955 1624360848.891391 0.432
10.99572467803955 1624360848.898425 0.432
10.99572467803955 1624360848.905381 0.432
10.99572467803955 1624360848.912453 0.432
10.99572467803955 1624360848.919462 0.432
10.99572467803955 1624360848.926409 0.432
10.99572467803955 1624360848.933451 0.432
10.99572467803955 1624360848.940484 0.432
10.99572467803955 1624360848.947494 0.432
10.99572467803955 1624360848.954335 0.432
10.99572467803955 1624360848.961261 0.432
10.99572467803955 1624360848.968269 0.432
10.99572467803955 1624360848.975259 0.432
10.99572467803955 1624360848.982341 0.432
10.99572467803955 1624360848.989316 0.432
10.99572467803955 1624360848.996343 0.432
10.99572467803955 1624360849.00334 0.432
10.99572467803955 1624360849.010325 0.432
10.99572467803955 1624360849.017337 0.432
10.99572467803955 1624360849.024379 0.432
10.99572467803955 1624360849.031362 0.432
10.99572467803955 1624360849.038324 0.432
10.99572467803955 1624360849.045343 0.432
10.99572467803955 1624360849.052413 0.432
11.606596946716309 1624360849.059311 0.432
10.99572467803955 1624360849.066419 0.432
10.99572467803955 1624360849.073552 0.432
10.99572467803955 1624360849.080425 0.432
10.99572467803955 1624360849.087426 0.432
10.99572467803955 1624360849.094387 0.432
10.99572467803955 1624360849.101376 0.432
10.99572467803955 1624360849.108372 0.432
10.99572467803955 1624360849.115417 0.432
10.99572467803955 1624360849.122422 0.432
11.606596946716309 1624360849.129233 0.432
10.99572467803955 1624360849.136232 0.432
10.99572467803955 1624360849.143193 0.432
10.99572467803955 1624360849.150165 0.432
10.99572467803955 1624360849.157156 0.432
10.99572467803955 1624360849.164202 0.432
10.99572467803955 1624360849.171174 0.432
10.99572467803955 1624360849.178169 0.432
10.99572467803955 1624360849.185179 0.432
10.99572467803955 1624360849.192171 0.432
10.99572467803955 1624360849.199171 0.432
10.99572467803955 1624360849.20624 0.432
10.99572467803955 1624360849.213251 0.432
10.99572467803955 1624360849.22025 0.432
10.99572467803955 1624360849.227271 0.432
10.99572467803955 1624360849.234241 0.432
10.99572467803955 1624360849.241346 0.432
10.99572467803955 1624360849.248332 0.432
10.99572467803955 1624360849.255265 0.432
10.99572467803955 1624360849.268327 0.432
10.99572467803955 1624360849.275308 0.432
10.99572467803955 1624360849.282277 0.432
10.99572467803955 1624360849.289267 0.432
10.99572467803955 1624360849.296297 0.432
10.99572467803955 1624360849.303267 0.432
10.99572467803955 1624360849.310349 0.432
10.99572467803955 1624360849.317328 0.432
11.606596946716309 1624360849.32436 0.432
10.99572467803955 1624360849.331054 0.432
10.99572467803955 1624360849.338095 0.432
10.99572467803955 1624360849.3451 0.432
10.99572467803955 1624360849.352199 0.432
11.606596946716309 1624360849.359126 0.432
10.99572467803955 1624360849.366149 0.432
10.99572467803955 1624360849.373272 0.432
10.99572467803955 1624360849.380193 0.432
10.99572467803955 1624360849.387185 0.432
10.99572467803955 1624360849.394242 0.432
10.99572467803955 1624360849.401202 0.432
10.99572467803955 1624360849.408239 0.432
10.99572467803955 1624360849.415248 0.432
10.99572467803955 1624360849.4223 0.432
10.99572467803955 1624360849.429294 0.432
10.99572467803955 1624360849.436314 0.432
10.99572467803955 1624360849.443261 0.432
10.99572467803955 1624360849.450257 0.432
10.99572467803955 1624360849.457257 0.432
10.99572467803955 1624360849.464269 0.432
10.99572467803955 1624360849.471233 0.432
10.99572467803955 1624360849.478318 0.432
10.99572467803955 1624360849.485281 0.432
10.99572467803955 1624360849.492296 0.432
10.99572467803955 1624360849.499101 0.432
10.99572467803955 1624360849.506106 0.432
10.99572467803955 1624360849.513087 0.432
10.99572467803955 1624360849.520035 0.432
10.99572467803955 1624360849.527179 0.432
10.99572467803955 1624360849.534095 0.432
10.99572467803955 1624360849.541108 0.432
10.99572467803955 1624360849.548095 0.432
10.99572467803955 1624360849.555157 0.432
10.99572467803955 1624360849.562185 0.432
10.99572467803955 1624360849.5692 0.432
10.99572467803955 1624360849.576174 0.432
10.99572467803955 1624360849.583176 0.432
10.99572467803955 1624360849.590222 0.432
10.99572467803955 1624360849.597232 0.432
10.99572467803955 1624360849.604189 0.432
10.99572467803955 1624360849.611201 0.432
10.99572467803955 1624360849.618205 0.432
10.99572467803955 1624360849.625237 0.432
10.99572467803955 1624360849.632156 0.432
10.99572467803955 1624360849.63924 0.432
10.99572467803955 1624360849.646246 0.432
10.99572467803955 1624360849.653312 0.432
10.99572467803955 1624360849.660276 0.432
10.99572467803955 1624360849.667225 0.432
10.99572467803955 1624360849.674036 0.432
10.99572467803955 1624360849.68105 0.432
10.99572467803955 1624360849.688059 0.432
10.99572467803955 1624360849.695055 0.432
10.99572467803955 1624360849.702133 0.432
10.99572467803955 1624360849.709099 0.432
10.99572467803955 1624360849.716068 0.432
10.99572467803955 1624360849.7231 0.432
10.99572467803955 1624360849.730167 0.432
10.99572467803955 1624360849.73708 0.432
10.99572467803955 1624360849.744078 0.432
10.99572467803955 1624360849.75111 0.432
10.99572467803955 1624360849.758124 0.432
10.99572467803955 1624360849.765122 0.432
10.99572467803955 1624360849.772093 0.432
10.99572467803955 1624360849.779114 0.432
10.99572467803955 1624360849.786078 0.432
10.99572467803955 1624360849.793121 0.432
10.99572467803955 1624360849.800112 0.432
10.99572467803955 1624360849.807141 0.432
10.99572467803955 1624360849.814153 0.432
10.99572467803955 1624360849.821079 0.432
10.99572467803955 1624360849.828105 0.432
10.99572467803955 1624360849.835089 0.432
10.99572467803955 1624360849.842106 0.432
10.99572467803955 1624360849.849178 0.432
10.99572467803955 1624360849.856172 0.432
10.99572467803955 1624360849.863184 0.432
10.99572467803955 1624360849.870225 0.432
10.99572467803955 1624360849.877171 0.432
10.99572467803955 1624360849.884079 0.432
10.99572467803955 1624360849.891047 0.432
10.99572467803955 1624360849.898113 0.432
10.99572467803955 1624360849.905086 0.432
10.99572467803955 1624360849.912014 0.432
10.99572467803955 1624360849.919016 0.432
10.99572467803955 1624360849.925982 0.432
10.99572467803955 1624360849.932985 0.432
10.99572467803955 1624360849.94003 0.432
10.99572467803955 1624360849.947043 0.432
10.99572467803955 1624360849.954003 0.432
10.99572467803955 1624360849.961043 0.432
10.99572467803955 1624360849.968012 0.432
10.99572467803955 1624360849.974994 0.432
10.99572467803955 1624360849.982083 0.432
10.99572467803955 1624360849.989038 0.432
10.99572467803955 1624360849.996043 0.432
10.99572467803955 1624360850.00308 0.432
10.99572467803955 1624360850.010096 0.432
10.99572467803955 1624360850.017066 0.432
10.99572467803955 1624360850.024069 0.432
10.99572467803955 1624360850.031054 0.432
10.99572467803955 1624360850.03806 0.432
10.99572467803955 1624360850.045174 0.432
11.606596946716309 1624360850.052063 0.432
10.99572467803955 1624360850.058948 0.432
10.99572467803955 1624360850.065992 0.432
10.99572467803955 1624360850.072984 0.432
10.99572467803955 1624360850.080027 0.432
10.99572467803955 1624360850.086963 0.432
10.99572467803955 1624360850.094033 0.432
10.99572467803955 1624360850.100998 0.432
10.99572467803955 1624360850.108134 0.432
10.99572467803955 1624360850.115048 0.432
10.99572467803955 1624360850.122102 0.432
10.99572467803955 1624360850.129166 0.432
10.99572467803955 1624360850.136088 0.432
10.99572467803955 1624360850.143038 0.432
10.99572467803955 1624360850.150077 0.432
10.99572467803955 1624360850.157098 0.432
10.99572467803955 1624360850.164087 0.432
10.99572467803955 1624360850.171065 0.432
10.99572467803955 1624360850.178091 0.432
10.99572467803955 1624360850.185117 0.432
10.99572467803955 1624360850.192091 0.432
10.99572467803955 1624360850.19904 0.432
10.99572467803955 1624360850.206049 0.432
10.99572467803955 1624360850.212995 0.432
10.99572467803955 1624360850.219867 0.432
10.99572467803955 1624360850.226923 0.432
10.99572467803955 1624360850.233976 0.432
10.99572467803955 1624360850.24098 0.432
10.99572467803955 1624360850.247991 0.432
10.99572467803955 1624360850.254963 0.432
10.99572467803955 1624360850.261957 0.432
10.99572467803955 1624360850.268964 0.432
10.99572467803955 1624360850.276051 0.432
10.99572467803955 1624360850.28302 0.432
10.99572467803955 1624360850.290004 0.432
10.99572467803955 1624360850.296986 0.432
10.99572467803955 1624360850.304008 0.432
10.99572467803955 1624360850.310986 0.432
10.99572467803955 1624360850.317981 0.432
10.99572467803955 1624360850.324963 0.432
10.99572467803955 1624360850.33189 0.432
10.99572467803955 1624360850.339038 0.432
10.99572467803955 1624360850.34606 0.432
10.99572467803955 1624360850.353053 0.432
10.99572467803955 1624360850.360063 0.432
10.99572467803955 1624360850.367104 0.432
10.99572467803955 1624360850.374114 0.432
10.99572467803955 1624360850.381097 0.432
10.99572467803955 1624360850.387821 0.432
10.99572467803955 1624360850.394935 0.432
10.99572467803955 1624360850.401955 0.432
10.99572467803955 1624360850.408874 0.432
10.99572467803955 1624360850.415868 0.432
10.99572467803955 1624360850.422914 0.432
10.99572467803955 1624360850.429913 0.432
11.606596946716309 1624360850.436864 0.432
10.99572467803955 1624360850.443848 0.432
10.99572467803955 1624360850.450856 0.432
10.99572467803955 1624360850.457877 0.432
10.99572467803955 1624360850.464914 0.432
10.99572467803955 1624360850.471912 0.432
10.99572467803955 1624360850.478906 0.432
10.99572467803955 1624360850.485992 0.432
10.99572467803955 1624360850.492915 0.432
10.99572467803955 1624360850.499972 0.432
10.99572467803955 1624360850.506972 0.432
10.99572467803955 1624360850.513924 0.432
10.99572467803955 1624360850.521058 0.432
10.99572467803955 1624360850.527899 0.432
10.99572467803955 1624360850.534939 0.432
10.99572467803955 1624360850.541953 0.432
10.99572467803955 1624360850.549048 0.432
10.99572467803955 1624360850.556008 0.432
10.99572467803955 1624360850.562866 0.432
10.99572467803955 1624360850.569846 0.432
10.99572467803955 1624360850.576862 0.432
11.606596946716309 1624360850.583784 0.432
10.99572467803955 1624360850.590809 0.432
10.99572467803955 1624360850.597829 0.432
10.99572467803955 1624360850.604843 0.432
10.99572467803955 1624360850.611832 0.432
10.99572467803955 1624360850.618833 0.432
10.99572467803955 1624360850.625843 0.432
10.99572467803955 1624360850.632873 0.432
10.99572467803955 1624360850.639888 0.432
10.99572467803955 1624360850.646861 0.432
10.99572467803955 1624360850.653928 0.432
10.99572467803955 1624360850.660943 0.432
10.99572467803955 1624360850.667986 0.432
10.99572467803955 1624360850.674907 0.432
10.99572467803955 1624360850.681832 0.432
10.99572467803955 1624360850.688837 0.432
10.99572467803955 1624360850.695811 0.432
10.99572467803955 1624360850.7028 0.432
10.99572467803955 1624360850.70992 0.432
10.99572467803955 1624360850.716927 0.432
10.99572467803955 1624360850.72388 0.432
10.99572467803955 1624360850.730848 0.432
10.99572467803955 1624360850.7379 0.432
10.99572467803955 1624360850.744725 0.432
10.99572467803955 1624360850.751688 0.432
10.99572467803955 1624360850.758724 0.432
10.99572467803955 1624360850.765736 0.432
10.99572467803955 1624360850.772805 0.432
10.99572467803955 1624360850.779827 0.432
10.99572467803955 1624360850.78688 0.432
10.99572467803955 1624360850.793835 0.432
10.99572467803955 1624360850.800852 0.432
10.99572467803955 1624360850.807854 0.432
10.99572467803955 1624360850.814825 0.432
10.99572467803955 1624360850.821859 0.432
10.99572467803955 1624360850.82889 0.432
10.99572467803955 1624360850.835802 0.432
10.99572467803955 1624360850.84291 0.432
10.99572467803955 1624360850.849907 0.432
10.99572467803955 1624360850.856885 0.432
10.99572467803955 1624360850.863874 0.432
10.99572467803955 1624360850.870881 0.432
10.99572467803955 1624360850.878024 0.432
10.99572467803955 1624360850.884844 0.432
10.99572467803955 1624360850.891887 0.432
10.99572467803955 1624360850.898886 0.432
10.99572467803955 1624360850.905772 0.432
10.99572467803955 1624360850.912733 0.432
10.99572467803955 1624360850.919648 0.432
10.99572467803955 1624360850.926713 0.432
10.99572467803955 1624360850.933679 0.432
10.99572467803955 1624360850.94074 0.432
10.99572467803955 1624360850.947731 0.432
10.99572467803955 1624360850.95474 0.432
10.99572467803955 1624360850.961747 0.432
10.99572467803955 1624360850.968768 0.432
10.99572467803955 1624360850.975759 0.432
10.99572467803955 1624360850.982766 0.432
10.99572467803955 1624360850.989779 0.432
10.99572467803955 1624360850.996778 0.432
10.99572467803955 1624360851.003772 0.432
10.99572467803955 1624360851.010718 0.432
10.99572467803955 1624360851.017731 0.432
10.99572467803955 1624360851.024724 0.432
10.99572467803955 1624360851.031658 0.432
10.99572467803955 1624360851.038753 0.432
10.99572467803955 1624360851.045726 0.432
10.99572467803955 1624360851.052708 0.432
10.99572467803955 1624360851.059711 0.432
10.99572467803955 1624360851.066746 0.432
10.99572467803955 1624360851.073747 0.432
10.99572467803955 1624360851.080582 0.432
10.99572467803955 1624360851.087664 0.432
10.99572467803955 1624360851.094633 0.432
10.99572467803955 1624360851.101612 0.432
10.99572467803955 1624360851.10868 0.432
10.99572467803955 1624360851.115648 0.432
10.99572467803955 1624360851.122663 0.432
10.99572467803955 1624360851.129758 0.432
10.99572467803955 1624360851.136759 0.432
10.99572467803955 1624360851.143749 0.432
10.99572467803955 1624360851.150744 0.432
10.99572467803955 1624360851.157676 0.432
10.99572467803955 1624360851.164737 0.432
10.99572467803955 1624360851.171716 0.432
10.99572467803955 1624360851.178721 0.432
10.99572467803955 1624360851.185757 0.432
10.99572467803955 1624360851.192765 0.432
10.99572467803955 1624360851.199782 0.432
10.99572467803955 1624360851.206782 0.432
10.99572467803955 1624360851.213784 0.432
10.99572467803955 1624360851.220767 0.432
11.606596946716309 1624360851.227802 0.432
10.99572467803955 1624360851.234784 0.432
10.99572467803955 1624360851.241802 0.432
10.99572467803955 1624360851.248813 0.432
10.99572467803955 1624360851.255784 0.432
10.99572467803955 1624360851.262803 0.432
10.99572467803955 1624360851.269609 0.432
10.99572467803955 1624360851.276582 0.432
10.99572467803955 1624360851.283676 0.432
10.99572467803955 1624360851.290666 0.432
10.99572467803955 1624360851.297595 0.432
11.606596946716309 1624360851.304679 0.432
10.99572467803955 1624360851.311567 0.432
10.99572467803955 1624360851.318605 0.432
10.99572467803955 1624360851.32559 0.432
10.99572467803955 1624360851.332701 0.432
10.99572467803955 1624360851.339677 0.432
10.99572467803955 1624360851.346745 0.432
10.99572467803955 1624360851.353602 0.432
10.99572467803955 1624360851.360725 0.432
10.99572467803955 1624360851.36774 0.432
10.99572467803955 1624360851.374678 0.432
10.99572467803955 1624360851.381643 0.432
10.99572467803955 1624360851.388702 0.432
10.99572467803955 1624360851.395656 0.432
10.99572467803955 1624360851.402711 0.432
10.99572467803955 1624360851.409681 0.432
10.99572467803955 1624360851.416712 0.432
10.99572467803955 1624360851.423723 0.432
10.99572467803955 1624360851.430746 0.432
10.99572467803955 1624360851.437801 0.432
10.99572467803955 1624360851.444572 0.432
10.99572467803955 1624360851.451572 0.432
10.99572467803955 1624360851.458616 0.432
11.606596946716309 1624360851.465577 0.432
10.99572467803955 1624360851.472619 0.432
10.99572467803955 1624360851.47962 0.432
10.99572467803955 1624360851.486661 0.432
10.99572467803955 1624360851.493652 0.432
10.99572467803955 1624360851.500664 0.432
10.99572467803955 1624360851.507643 0.432
10.99572467803955 1624360851.514614 0.432
10.99572467803955 1624360851.521647 0.432
10.99572467803955 1624360851.528592 0.432
10.99572467803955 1624360851.535669 0.432
10.99572467803955 1624360851.542615 0.432
10.99572467803955 1624360851.549584 0.432
10.99572467803955 1624360851.556663 0.432
10.99572467803955 1624360851.563643 0.432
10.99572467803955 1624360851.570656 0.432
10.99572467803955 1624360851.577547 0.432
10.99572467803955 1624360851.584571 0.432
10.99572467803955 1624360851.591592 0.432
10.99572467803955 1624360851.598587 0.432
10.99572467803955 1624360851.605589 0.432
10.99572467803955 1624360851.612684 0.432
10.99572467803955 1624360851.619691 0.432
10.99572467803955 1624360851.626742 0.432
10.99572467803955 1624360851.633539 0.432
10.99572467803955 1624360851.64053 0.432
10.99572467803955 1624360851.647534 0.432
10.99572467803955 1624360851.6545 0.432
10.99572467803955 1624360851.661522 0.432
10.99572467803955 1624360851.668546 0.432
10.99572467803955 1624360851.675524 0.432
10.99572467803955 1624360851.68255 0.432
10.99572467803955 1624360851.689537 0.432
10.99572467803955 1624360851.696581 0.432
10.99572467803955 1624360851.703494 0.432
10.99572467803955 1624360851.710566 0.432
10.99572467803955 1624360851.717584 0.432
10.99572467803955 1624360851.724604 0.432
10.99572467803955 1624360851.731562 0.432
10.99572467803955 1624360851.738592 0.432
10.99572467803955 1624360851.745575 0.432
10.99572467803955 1624360851.752576 0.432
10.99572467803955 1624360851.75959 0.432
10.99572467803955 1624360851.766593 0.432
10.99572467803955 1624360851.773617 0.432
10.99572467803955 1624360851.780645 0.432
10.99572467803955 1624360851.78765 0.432
10.99572467803955 1624360851.7946 0.432
10.99572467803955 1624360851.801625 0.432
10.99572467803955 1624360851.808635 0.432
10.99572467803955 1624360851.815635 0.432
10.99572467803955 1624360851.822653 0.432
10.99572467803955 1624360851.829593 0.432
10.99572467803955 1624360851.836574 0.432
10.99572467803955 1624360851.843498 0.432
10.99572467803955 1624360851.850473 0.432
10.99572467803955 1624360851.857465 0.432
10.99572467803955 1624360851.864479 0.432
10.99572467803955 1624360851.871501 0.432
10.99572467803955 1624360851.878399 0.432
10.99572467803955 1624360851.885456 0.432
10.99572467803955 1624360851.892467 0.432
10.99572467803955 1624360851.899425 0.432
10.99572467803955 1624360851.906415 0.432
10.99572467803955 1624360851.913434 0.432
10.99572467803955 1624360851.920394 0.432
10.99572467803955 1624360851.927437 0.432
10.99572467803955 1624360851.934529 0.432
10.99572467803955 1624360851.941526 0.432
10.99572467803955 1624360851.948526 0.432
10.99572467803955 1624360851.955496 0.432
10.99572467803955 1624360851.962534 0.432
10.99572467803955 1624360851.969526 0.432
10.99572467803955 1624360851.976525 0.432
10.99572467803955 1624360851.983589 0.432
10.99572467803955 1624360851.990551 0.432
10.99572467803955 1624360851.997538 0.432
10.99572467803955 1624360852.004573 0.432
10.99572467803955 1624360852.011556 0.432
10.99572467803955 1624360852.018567 0.432
10.99572467803955 1624360852.025624 0.432
10.99572467803955 1624360852.032599 0.432
10.99572467803955 1624360852.039405 0.432
10.99572467803955 1624360852.046392 0.432
10.99572467803955 1624360852.053395 0.432
10.99572467803955 1624360852.060377 0.432
10.99572467803955 1624360852.067435 0.432
10.99572467803955 1624360852.074419 0.432
10.99572467803955 1624360852.081426 0.432
10.99572467803955 1624360852.088419 0.432
10.99572467803955 1624360852.095437 0.432
10.99572467803955 1624360852.102429 0.432
10.99572467803955 1624360852.109441 0.432
10.99572467803955 1624360852.116477 0.432
10.99572467803955 1624360852.123461 0.432
10.99572467803955 1624360852.130465 0.432
10.99572467803955 1624360852.137466 0.432
10.99572467803955 1624360852.14443 0.432
10.99572467803955 1624360852.15147 0.432
10.99572467803955 1624360852.158508 0.432
10.99572467803955 1624360852.165475 0.432
10.99572467803955 1624360852.172475 0.432
10.99572467803955 1624360852.179448 0.432
10.99572467803955 1624360852.186485 0.432
10.99572467803955 1624360852.193518 0.432
10.99572467803955 1624360852.200512 0.432
10.99572467803955 1624360852.207485 0.432
10.99572467803955 1624360852.214556 0.432
10.99572467803955 1624360852.221539 0.432
10.99572467803955 1624360852.228535 0.432
10.99572467803955 1624360852.235319 0.432
10.99572467803955 1624360852.24238 0.432
10.99572467803955 1624360852.249394 0.432
10.99572467803955 1624360852.256355 0.432
10.99572467803955 1624360852.263364 0.432
10.99572467803955 1624360852.270364 0.432
10.99572467803955 1624360852.277336 0.432
10.99572467803955 1624360852.284347 0.432
10.99572467803955 1624360852.291328 0.432
10.99572467803955 1624360852.298343 0.432
10.99572467803955 1624360852.305384 0.432
10.99572467803955 1624360852.312332 0.432
10.99572467803955 1624360852.31934 0.432
10.99572467803955 1624360852.326365 0.432
10.99572467803955 1624360852.33343 0.432
10.99572467803955 1624360852.340419 0.432
10.99572467803955 1624360852.34738 0.432
10.99572467803955 1624360852.354374 0.432
10.99572467803955 1624360852.361432 0.432
10.99572467803955 1624360852.368523 0.432
10.99572467803955 1624360852.375399 0.432
10.99572467803955 1624360852.382433 0.432
10.99572467803955 1624360852.389453 0.432
10.99572467803955 1624360852.396463 0.432
10.99572467803955 1624360852.403422 0.432
10.99572467803955 1624360852.410453 0.432
10.99572467803955 1624360852.417492 0.432
10.99572467803955 1624360852.424501 0.432
10.99572467803955 1624360852.431447 0.432
10.99572467803955 1624360852.438444 0.432
10.99572467803955 1624360852.44546 0.432
10.99572467803955 1624360852.452426 0.432
10.99572467803955 1624360852.459283 0.432
10.99572467803955 1624360852.466274 0.432
10.99572467803955 1624360852.47331 0.432
10.99572467803955 1624360852.480303 0.432
10.99572467803955 1624360852.48731 0.432
10.99572467803955 1624360852.494318 0.432
10.99572467803955 1624360852.50128 0.432
10.99572467803955 1624360852.508331 0.432
10.99572467803955 1624360852.515286 0.432
10.99572467803955 1624360852.522318 0.432
10.99572467803955 1624360852.529314 0.432
10.99572467803955 1624360852.536364 0.432
10.99572467803955 1624360852.543329 0.432
10.99572467803955 1624360852.550286 0.432
10.99572467803955 1624360852.557348 0.432
10.99572467803955 1624360852.56436 0.432
10.99572467803955 1624360852.571365 0.432
10.99572467803955 1624360852.578342 0.432
10.99572467803955 1624360852.58532 0.432
10.99572467803955 1624360852.592388 0.432
10.99572467803955 1624360852.599318 0.432
10.99572467803955 1624360852.606314 0.432
10.99572467803955 1624360852.613422 0.432
10.99572467803955 1624360852.620337 0.432
10.99572467803955 1624360852.627402 0.432
10.99572467803955 1624360852.634361 0.432
10.99572467803955 1624360852.641332 0.432
10.99572467803955 1624360852.648288 0.432
10.99572467803955 1624360852.655336 0.432
10.99572467803955 1624360852.662355 0.432
10.99572467803955 1624360852.669378 0.432
10.99572467803955 1624360852.676387 0.432
10.99572467803955 1624360852.683238 0.432
10.99572467803955 1624360852.69019 0.432
10.99572467803955 1624360852.697328 0.432
10.99572467803955 1624360852.704196 0.432
10.99572467803955 1624360852.71121 0.432
10.99572467803955 1624360852.718198 0.432
10.99572467803955 1624360852.725215 0.432
10.99572467803955 1624360852.732286 0.432
10.99572467803955 1624360852.739241 0.432
10.99572467803955 1624360852.746313 0.432
10.99572467803955 1624360852.753238 0.432
10.99572467803955 1624360852.760223 0.432
10.99572467803955 1624360852.767262 0.432
10.99572467803955 1624360852.774295 0.432
10.99572467803955 1624360852.781233 0.432
10.99572467803955 1624360852.788299 0.432
10.99572467803955 1624360852.795225 0.432
10.99572467803955 1624360852.802324 0.432
10.99572467803955 1624360852.809334 0.432
10.99572467803955 1624360852.816289 0.432
10.99572467803955 1624360852.823371 0.432
10.99572467803955 1624360852.830358 0.432
10.99572467803955 1624360852.837309 0.432
10.99572467803955 1624360852.844347 0.432
10.99572467803955 1624360852.851278 0.432
10.99572467803955 1624360852.85828 0.432
10.99572467803955 1624360852.865316 0.432
10.99572467803955 1624360852.872314 0.432
10.99572467803955 1624360852.879325 0.432
10.99572467803955 1624360852.886287 0.432
10.99572467803955 1624360852.89318 0.432
10.99572467803955 1624360852.900156 0.432
10.99572467803955 1624360852.907169 0.432
10.99572467803955 1624360852.914116 0.432
10.99572467803955 1624360852.921099 0.432
10.99572467803955 1624360852.928189 0.432
10.99572467803955 1624360852.935191 0.432
10.99572467803955 1624360852.942252 0.432
10.99572467803955 1624360852.949233 0.432
10.99572467803955 1624360852.956196 0.432
10.99572467803955 1624360852.963253 0.432
10.99572467803955 1624360852.970232 0.432
10.99572467803955 1624360852.977157 0.432
10.99572467803955 1624360852.98427 0.432
10.99572467803955 1624360852.991232 0.432
10.99572467803955 1624360852.998232 0.432
10.99572467803955 1624360853.005323 0.432
10.99572467803955 1624360853.012284 0.432
10.99572467803955 1624360853.019251 0.432
10.99572467803955 1624360853.026236 0.432
10.99572467803955 1624360853.03328 0.432
10.99572467803955 1624360853.040235 0.432
10.99572467803955 1624360853.04707 0.432
10.99572467803955 1624360853.054055 0.432
10.99572467803955 1624360853.06119 0.432
10.99572467803955 1624360853.068158 0.432
10.99572467803955 1624360853.075142 0.432
10.99572467803955 1624360853.082229 0.432
10.99572467803955 1624360853.089124 0.432
10.99572467803955 1624360853.096135 0.432
10.99572467803955 1624360853.103159 0.432
10.99572467803955 1624360853.110103 0.432
10.99572467803955 1624360853.117173 0.432
10.99572467803955 1624360853.124182 0.432
10.99572467803955 1624360853.131317 0.432
10.99572467803955 1624360853.13821 0.432
11.606596946716309 1624360853.14532 0.432
10.99572467803955 1624360853.152184 0.432
10.99572467803955 1624360853.159175 0.432
10.99572467803955 1624360853.166255 0.432
10.99572467803955 1624360853.17326 0.432
10.99572467803955 1624360853.180235 0.432
10.99572467803955 1624360853.18815 0.432
10.99572467803955 1624360853.195103 0.432
10.99572467803955 1624360853.20204 0.432
10.99572467803955 1624360853.209057 0.432
10.99572467803955 1624360853.216053 0.432
10.99572467803955 1624360853.223101 0.432
10.99572467803955 1624360853.230108 0.432
10.99572467803955 1624360853.237125 0.432
10.99572467803955 1624360853.244075 0.432
10.99572467803955 1624360853.251053 0.432
10.99572467803955 1624360853.258065 0.432
10.99572467803955 1624360853.265122 0.432
10.99572467803955 1624360853.272115 0.432
10.99572467803955 1624360853.279115 0.432
10.99572467803955 1624360853.286144 0.432
10.99572467803955 1624360853.293149 0.432
10.99572467803955 1624360853.300155 0.432
10.99572467803955 1624360853.307201 0.432
10.99572467803955 1624360853.314163 0.432
10.99572467803955 1624360853.321179 0.432
10.99572467803955 1624360853.328194 0.432
10.99572467803955 1624360853.335231 0.432
10.99572467803955 1624360853.342191 0.432
10.99572467803955 1624360853.349157 0.432
10.99572467803955 1624360853.356091 0.432
10.99572467803955 1624360853.363079 0.432
10.99572467803955 1624360853.370092 0.432
10.99572467803955 1624360853.377098 0.432
10.99572467803955 1624360853.384082 0.432
10.99572467803955 1624360853.391052 0.432
10.99572467803955 1624360853.398179 0.432
10.99572467803955 1624360853.405071 0.432
10.99572467803955 1624360853.41211 0.432
10.99572467803955 1624360853.419092 0.432
10.99572467803955 1624360853.42605 0.432
10.99572467803955 1624360853.433045 0.432
10.99572467803955 1624360853.440101 0.432
10.99572467803955 1624360853.447056 0.432
10.99572467803955 1624360853.454043 0.432
10.99572467803955 1624360853.461107 0.432
10.99572467803955 1624360853.468074 0.432
10.99572467803955 1624360853.475189 0.432
10.99572467803955 1624360853.482235 0.432
10.99572467803955 1624360853.489124 0.432
10.99572467803955 1624360853.496113 0.432
10.99572467803955 1624360853.503137 0.432
10.99572467803955 1624360853.509913 0.432
10.99572467803955 1624360853.516936 0.432
10.99572467803955 1624360853.523977 0.432
10.99572467803955 1624360853.531031 0.432
10.99572467803955 1624360853.538028 0.432
10.99572467803955 1624360853.545019 0.432
10.99572467803955 1624360853.55215 0.432
10.99572467803955 1624360853.559012 0.432
10.99572467803955 1624360853.566126 0.432
10.99572467803955 1624360853.573055 0.432
10.99572467803955 1624360853.580088 0.432
10.99572467803955 1624360853.587115 0.432
10.99572467803955 1624360853.594043 0.432
10.99572467803955 1624360853.601036 0.432
10.99572467803955 1624360853.608063 0.432
10.99572467803955 1624360853.615076 0.432
10.99572467803955 1624360853.622112 0.432
10.99572467803955 1624360853.629144 0.432
10.99572467803955 1624360853.636137 0.432
10.99572467803955 1624360853.643073 0.432
10.99572467803955 1624360853.650115 0.432
10.99572467803955 1624360853.657141 0.432
10.99572467803955 1624360853.66391 0.432
10.99572467803955 1624360853.67087 0.432
10.99572467803955 1624360853.677887 0.432
10.99572467803955 1624360853.684908 0.432
10.99572467803955 1624360853.691936 0.432
10.99572467803955 1624360853.69895 0.432
10.99572467803955 1624360853.705994 0.432
10.99572467803955 1624360853.712989 0.432
10.99572467803955 1624360853.720017 0.432
10.99572467803955 1624360853.726948 0.432
10.99572467803955 1624360853.733899 0.432
10.99572467803955 1624360853.740966 0.432
10.99572467803955 1624360853.747983 0.432
10.99572467803955 1624360853.75506 0.432
10.99572467803955 1624360853.762057 0.432
10.99572467803955 1624360853.769011 0.432
10.99572467803955 1624360853.776024 0.432
10.99572467803955 1624360853.783032 0.432
10.99572467803955 1624360853.790145 0.432
10.99572467803955 1624360853.797042 0.432
10.99572467803955 1624360853.804101 0.432
10.99572467803955 1624360853.811107 0.432
10.99572467803955 1624360853.818145 0.432
10.99572467803955 1624360853.825096 0.432
10.99572467803955 1624360853.832096 0.432
10.99572467803955 1624360853.83891 0.432
10.99572467803955 1624360853.845887 0.432
10.99572467803955 1624360853.852829 0.432
10.99572467803955 1624360853.859833 0.432
10.99572467803955 1624360853.866914 0.432
10.99572467803955 1624360853.873946 0.432
10.99572467803955 1624360853.880907 0.432
10.99572467803955 1624360853.888004 0.432
10.99572467803955 1624360853.894932 0.432
10.99572467803955 1624360853.901921 0.432
10.99572467803955 1624360853.90898 0.432
10.99572467803955 1624360853.91593 0.432
10.99572467803955 1624360853.922931 0.432
10.99572467803955 1624360853.929946 0.432
10.99572467803955 1624360853.936914 0.432
10.99572467803955 1624360853.94398 0.432
10.99572467803955 1624360853.950969 0.432
10.99572467803955 1624360853.957998 0.432
10.99572467803955 1624360853.96496 0.432
10.99572467803955 1624360853.971934 0.432
10.99572467803955 1624360853.978976 0.432
10.99572467803955 1624360853.986048 0.432
10.99572467803955 1624360853.992938 0.432
10.99572467803955 1624360853.999915 0.432
10.99572467803955 1624360854.006953 0.432
10.99572467803955 1624360854.014019 0.432
10.99572467803955 1624360854.020935 0.432
10.99572467803955 1624360854.028028 0.432
10.99572467803955 1624360854.034849 0.432
10.99572467803955 1624360854.0419 0.432
10.99572467803955 1624360854.048792 0.432
10.99572467803955 1624360854.055809 0.432
10.99572467803955 1624360854.062856 0.432
10.99572467803955 1624360854.069857 0.432
10.99572467803955 1624360854.076836 0.432
10.99572467803955 1624360854.083879 0.432
10.99572467803955 1624360854.090853 0.432
10.99572467803955 1624360854.097797 0.432
10.99572467803955 1624360854.104802 0.432
10.99572467803955 1624360854.111785 0.432
10.99572467803955 1624360854.118786 0.432
10.99572467803955 1624360854.125828 0.432
10.99572467803955 1624360854.132944 0.432
10.99572467803955 1624360854.139799 0.432
10.99572467803955 1624360854.146817 0.432
10.99572467803955 1624360854.153948 0.432
10.99572467803955 1624360854.16085 0.432
10.99572467803955 1624360854.167838 0.432
10.99572467803955 1624360854.174818 0.432
10.99572467803955 1624360854.181928 0.432
10.99572467803955 1624360854.188919 0.432
10.99572467803955 1624360854.195893 0.432
10.99572467803955 1624360854.202728 0.432
10.99572467803955 1624360854.209755 0.432
10.99572467803955 1624360854.216766 0.432
10.99572467803955 1624360854.223866 0.432
10.99572467803955 1624360854.230805 0.432
10.99572467803955 1624360854.237839 0.432
10.99572467803955 1624360854.244798 0.432
10.99572467803955 1624360854.251784 0.432
10.99572467803955 1624360854.258822 0.432
10.99572467803955 1624360854.265872 0.432
10.99572467803955 1624360854.272889 0.432
10.99572467803955 1624360854.279808 0.432
10.99572467803955 1624360854.286802 0.432
10.99572467803955 1624360854.293858 0.432
10.99572467803955 1624360854.300842 0.432
10.99572467803955 1624360854.307781 0.432
10.99572467803955 1624360854.314777 0.432
10.99572467803955 1624360854.321753 0.432
10.99572467803955 1624360854.328902 0.432
10.99572467803955 1624360854.335845 0.432
10.99572467803955 1624360854.342927 0.432
10.99572467803955 1624360854.349887 0.432
10.99572467803955 1624360854.357002 0.432
10.99572467803955 1624360854.363901 0.432
10.99572467803955 1624360854.370887 0.432
10.99572467803955 1624360854.377927 0.432
10.99572467803955 1624360854.38471 0.432
10.99572467803955 1624360854.391765 0.432
10.99572467803955 1624360854.398808 0.432
10.99572467803955 1624360854.40581 0.432
10.99572467803955 1624360854.412731 0.432
10.99572467803955 1624360854.419771 0.432
10.99572467803955 1624360854.426807 0.432
10.99572467803955 1624360854.433802 0.432
10.99572467803955 1624360854.440771 0.432
10.99572467803955 1624360854.447795 0.432
10.99572467803955 1624360854.454839 0.432
10.99572467803955 1624360854.461835 0.432
10.99572467803955 1624360854.468829 0.432
10.99572467803955 1624360854.475818 0.432
10.99572467803955 1624360854.482761 0.432
10.99572467803955 1624360854.489818 0.432
10.99572467803955 1624360854.496802 0.432
10.99572467803955 1624360854.503835 0.432
10.99572467803955 1624360854.510763 0.432
10.99572467803955 1624360854.517822 0.432
10.99572467803955 1624360854.524875 0.432
10.99572467803955 1624360854.531756 0.432
10.99572467803955 1624360854.538752 0.432
10.99572467803955 1624360854.545742 0.432
10.99572467803955 1624360854.552754 0.432
10.99572467803955 1624360854.55964 0.432
10.99572467803955 1624360854.566679 0.432
10.99572467803955 1624360854.573729 0.432
10.99572467803955 1624360854.580696 0.432
10.99572467803955 1624360854.587728 0.432
10.99572467803955 1624360854.594768 0.432
10.99572467803955 1624360854.601706 0.432
10.99572467803955 1624360854.608754 0.432
10.99572467803955 1624360854.615722 0.432
10.99572467803955 1624360854.622708 0.432
10.99572467803955 1624360854.629689 0.432
10.99572467803955 1624360854.636696 0.432
10.99572467803955 1624360854.643676 0.432
10.99572467803955 1624360854.650677 0.432
10.99572467803955 1624360854.657734 0.432
10.99572467803955 1624360854.664737 0.432
10.99572467803955 1624360854.671734 0.432
10.99572467803955 1624360854.678749 0.432
10.99572467803955 1624360854.685767 0.432
10.99572467803955 1624360854.692807 0.432
10.99572467803955 1624360854.699782 0.432
10.99572467803955 1624360854.706722 0.432
10.99572467803955 1624360854.713747 0.432
10.99572467803955 1624360854.72073 0.432
10.99572467803955 1624360854.727767 0.432
10.99572467803955 1624360854.734636 0.432
10.99572467803955 1624360854.741631 0.432
10.99572467803955 1624360854.748633 0.432
10.99572467803955 1624360854.755654 0.432
10.99572467803955 1624360854.762698 0.432
10.99572467803955 1624360854.769696 0.432
10.99572467803955 1624360854.776705 0.432
10.99572467803955 1624360854.783696 0.432
10.99572467803955 1624360854.79073 0.432
10.99572467803955 1624360854.797618 0.432
10.99572467803955 1624360854.804668 0.432
10.99572467803955 1624360854.811636 0.432
10.99572467803955 1624360854.81866 0.432
10.99572467803955 1624360854.825633 0.432
10.99572467803955 1624360854.832633 0.432
10.99572467803955 1624360854.839634 0.432
10.99572467803955 1624360854.846613 0.432
10.99572467803955 1624360854.853659 0.432
10.99572467803955 1624360854.860653 0.432
10.99572467803955 1624360854.867622 0.432
10.99572467803955 1624360854.874644 0.432
10.99572467803955 1624360854.881641 0.432
10.99572467803955 1624360854.888647 0.432
10.99572467803955 1624360854.89561 0.432
10.99572467803955 1624360854.902637 0.432
10.99572467803955 1624360854.909662 0.432
10.99572467803955 1624360854.916758 0.432
10.99572467803955 1624360854.923773 0.432
10.99572467803955 1624360854.930737 0.432
10.99572467803955 1624360854.937572 0.432
10.99572467803955 1624360854.944614 0.432
10.99572467803955 1624360854.951574 0.432
10.99572467803955 1624360854.958663 0.432
10.99572467803955 1624360854.965565 0.432
10.99572467803955 1624360854.972591 0.432
10.99572467803955 1624360854.979557 0.432
10.99572467803955 1624360854.986538 0.432
10.99572467803955 1624360854.993574 0.432
10.99572467803955 1624360855.000563 0.432
10.99572467803955 1624360855.007547 0.432
10.99572467803955 1624360855.014594 0.432
10.99572467803955 1624360855.02163 0.432
10.99572467803955 1624360855.028578 0.432
10.99572467803955 1624360855.035613 0.432
10.99572467803955 1624360855.042566 0.432
10.99572467803955 1624360855.049626 0.432
10.99572467803955 1624360855.056609 0.432
10.99572467803955 1624360855.0636 0.432
10.99572467803955 1624360855.070629 0.432
10.99572467803955 1624360855.077682 0.432
10.99572467803955 1624360855.084601 0.432
10.99572467803955 1624360855.091646 0.432
10.99572467803955 1624360855.098661 0.432
10.99572467803955 1624360855.105642 0.432
10.99572467803955 1624360855.112605 0.432
10.99572467803955 1624360855.119581 0.432
10.99572467803955 1624360855.126586 0.432
10.99572467803955 1624360855.133611 0.432
10.99572467803955 1624360855.140611 0.432
10.99572467803955 1624360855.147654 0.432
10.99572467803955 1624360855.154639 0.432
10.99572467803955 1624360855.161566 0.432
10.99572467803955 1624360855.16858 0.432
10.99572467803955 1624360855.175564 0.432
10.99572467803955 1624360855.182586 0.432
10.99572467803955 1624360855.189572 0.432
10.99572467803955 1624360855.196634 0.432
10.99572467803955 1624360855.203576 0.432
10.99572467803955 1624360855.210686 0.432
10.99572467803955 1624360855.217723 0.432
10.99572467803955 1624360855.224669 0.432
10.99572467803955 1624360855.231689 0.432
10.99572467803955 1624360855.2385 0.432
10.99572467803955 1624360855.245485 0.432
10.99572467803955 1624360855.252474 0.432
10.99572467803955 1624360855.259497 0.432
10.99572467803955 1624360855.266525 0.432
10.99572467803955 1624360855.273522 0.432
10.99572467803955 1624360855.280535 0.432
10.99572467803955 1624360855.287558 0.432
10.99572467803955 1624360855.294511 0.432
10.99572467803955 1624360855.301549 0.432
10.99572467803955 1624360855.30853 0.432
10.99572467803955 1624360855.315479 0.432
10.99572467803955 1624360855.322468 0.432
10.99572467803955 1624360855.329558 0.432
10.99572467803955 1624360855.336457 0.432
10.99572467803955 1624360855.343496 0.432
10.99572467803955 1624360855.350512 0.432
10.99572467803955 1624360855.357562 0.432
10.99572467803955 1624360855.364547 0.432
10.99572467803955 1624360855.371606 0.432
10.99572467803955 1624360855.378557 0.432
10.99572467803955 1624360855.385589 0.432
10.99572467803955 1624360855.392521 0.432
10.99572467803955 1624360855.399614 0.432
10.99572467803955 1624360855.406587 0.432
10.99572467803955 1624360855.413538 0.432
10.99572467803955 1624360855.42057 0.432
10.99572467803955 1624360855.427499 0.432
10.99572467803955 1624360855.434606 0.432
10.99572467803955 1624360855.44155 0.432
10.99572467803955 1624360855.448503 0.432
10.99572467803955 1624360855.455571 0.432
10.99572467803955 1624360855.46246 0.432
10.99572467803955 1624360855.469472 0.432
10.99572467803955 1624360855.476428 0.432
10.99572467803955 1624360855.483463 0.432
10.99572467803955 1624360855.49052 0.432
10.99572467803955 1624360855.497549 0.432
10.99572467803955 1624360855.504536 0.432
10.99572467803955 1624360855.511527 0.432
10.99572467803955 1624360855.518496 0.432
10.99572467803955 1624360855.525452 0.432
10.99572467803955 1624360855.532468 0.432
10.99572467803955 1624360855.539534 0.432
10.99572467803955 1624360855.54667 0.432
10.99572467803955 1624360855.553587 0.432
10.99572467803955 1624360855.560678 0.432
10.99572467803955 1624360855.567587 0.432
10.99572467803955 1624360855.574415 0.432
10.99572467803955 1624360855.581553 0.432
10.99572467803955 1624360855.588351 0.432
10.99572467803955 1624360855.59542 0.432
10.99572467803955 1624360855.602376 0.432
10.99572467803955 1624360855.609395 0.432
10.99572467803955 1624360855.616389 0.432
10.99572467803955 1624360855.623359 0.432
10.99572467803955 1624360855.630337 0.432
10.99572467803955 1624360855.637341 0.432
10.99572467803955 1624360855.644323 0.432
10.99572467803955 1624360855.651334 0.432
10.99572467803955 1624360855.658339 0.432
10.99572467803955 1624360855.665345 0.432
10.99572467803955 1624360855.672382 0.432
10.99572467803955 1624360855.679389 0.432
10.99572467803955 1624360855.68641 0.432
10.99572467803955 1624360855.693402 0.432
10.99572467803955 1624360855.700428 0.432
10.99572467803955 1624360855.707399 0.432
10.99572467803955 1624360855.714455 0.432
10.99572467803955 1624360855.721504 0.432
10.99572467803955 1624360855.728472 0.432
10.99572467803955 1624360855.735467 0.432
10.99572467803955 1624360855.74244 0.432
10.99572467803955 1624360855.749512 0.432
10.99572467803955 1624360855.756438 0.432
10.99572467803955 1624360855.763516 0.432
10.99572467803955 1624360855.770449 0.432
10.99572467803955 1624360855.777476 0.432
10.99572467803955 1624360855.784263 0.432
10.99572467803955 1624360855.791344 0.432
10.99572467803955 1624360855.798287 0.432
10.99572467803955 1624360855.80528 0.432
10.99572467803955 1624360855.812298 0.432
10.99572467803955 1624360855.819343 0.432
10.99572467803955 1624360855.82634 0.432
10.99572467803955 1624360855.833346 0.432
10.99572467803955 1624360855.840404 0.432
10.99572467803955 1624360855.847414 0.432
10.99572467803955 1624360855.854478 0.432
10.99572467803955 1624360855.861401 0.432
10.99572467803955 1624360855.868379 0.432
10.99572467803955 1624360855.875394 0.432
10.99572467803955 1624360855.882375 0.432
10.99572467803955 1624360855.889382 0.432
10.99572467803955 1624360855.896398 0.432
10.99572467803955 1624360855.903338 0.432
10.99572467803955 1624360855.910401 0.432
10.99572467803955 1624360855.917311 0.432
10.99572467803955 1624360855.924388 0.432
10.99572467803955 1624360855.931379 0.432
10.99572467803955 1624360855.938335 0.432
10.99572467803955 1624360855.945321 0.432
10.99572467803955 1624360855.952312 0.432
10.99572467803955 1624360855.959326 0.432
10.99572467803955 1624360855.966269 0.432
10.99572467803955 1624360855.973338 0.432
10.99572467803955 1624360855.980335 0.432
10.99572467803955 1624360855.987406 0.432
10.99572467803955 1624360855.994405 0.432
10.99572467803955 1624360856.001312 0.432
10.99572467803955 1624360856.008349 0.432
10.99572467803955 1624360856.015365 0.432
10.99572467803955 1624360856.022439 0.432
10.99572467803955 1624360856.029404 0.432
10.99572467803955 1624360856.03642 0.432
10.99572467803955 1624360856.043426 0.432
10.99572467803955 1624360856.050421 0.432
10.99572467803955 1624360856.057414 0.432
10.99572467803955 1624360856.064414 0.432
10.99572467803955 1624360856.071425 0.432
10.99572467803955 1624360856.078418 0.432
10.99572467803955 1624360856.085422 0.432
10.99572467803955 1624360856.09241 0.432
10.99572467803955 1624360856.099405 0.432
10.99572467803955 1624360856.106372 0.432
10.99572467803955 1624360856.113338 0.432
10.99572467803955 1624360856.120359 0.432
10.99572467803955 1624360856.127157 0.432
10.99572467803955 1624360856.134158 0.432
10.99572467803955 1624360856.14118 0.432
10.99572467803955 1624360856.148229 0.432
10.99572467803955 1624360856.15525 0.432
10.99572467803955 1624360856.162159 0.432
10.99572467803955 1624360856.169134 0.432
10.99572467803955 1624360856.176196 0.432
10.99572467803955 1624360856.183225 0.432
10.99572467803955 1624360856.190298 0.432
10.99572467803955 1624360856.197277 0.432
10.99572467803955 1624360856.204301 0.432
10.99572467803955 1624360856.211264 0.432
10.99572467803955 1624360856.218241 0.432
10.99572467803955 1624360856.225197 0.432
10.99572467803955 1624360856.232188 0.432
10.99572467803955 1624360856.239242 0.432
10.99572467803955 1624360856.246383 0.432
10.99572467803955 1624360856.253274 0.432
10.99572467803955 1624360856.260303 0.432
10.99572467803955 1624360856.267249 0.432
10.99572467803955 1624360856.274342 0.432
10.99572467803955 1624360856.281268 0.432
10.99572467803955 1624360856.288298 0.432
10.99572467803955 1624360856.295315 0.432
10.99572467803955 1624360856.302321 0.432
10.99572467803955 1624360856.309332 0.432
10.99572467803955 1624360856.316329 0.432
10.99572467803955 1624360856.323299 0.432
10.99572467803955 1624360856.330335 0.432
10.99572467803955 1624360856.337329 0.432
10.99572467803955 1624360856.344314 0.432
10.99572467803955 1624360856.351279 0.432
10.99572467803955 1624360856.358308 0.432
10.99572467803955 1624360856.365251 0.432
10.99572467803955 1624360856.372256 0.432
10.99572467803955 1624360856.379338 0.432
10.99572467803955 1624360856.386287 0.432
10.99572467803955 1624360856.393243 0.432
10.99572467803955 1624360856.400318 0.432
10.99572467803955 1624360856.407265 0.432
10.99572467803955 1624360856.414231 0.432
10.99572467803955 1624360856.421292 0.432
10.99572467803955 1624360856.428249 0.432
10.99572467803955 1624360856.435311 0.432
10.99572467803955 1624360856.442323 0.432
10.99572467803955 1624360856.449175 0.432
10.99572467803955 1624360856.456119 0.432
10.99572467803955 1624360856.463192 0.432
10.99572467803955 1624360856.470171 0.432
10.99572467803955 1624360856.477179 0.432
10.99572467803955 1624360856.48416 0.432
10.99572467803955 1624360856.491213 0.432
10.38485050201416 1624360856.498234 0.432
10.99572467803955 1624360856.505234 0.432
10.99572467803955 1624360856.512137 0.432
10.99572467803955 1624360856.519184 0.432
10.99572467803955 1624360856.526212 0.432
10.99572467803955 1624360856.533207 0.432
10.99572467803955 1624360856.540188 0.432
10.99572467803955 1624360856.547137 0.432
10.99572467803955 1624360856.554224 0.432
10.99572467803955 1624360856.561247 0.432
10.99572467803955 1624360856.568207 0.432
10.99572467803955 1624360856.5752 0.432
10.99572467803955 1624360856.582198 0.432
10.99572467803955 1624360856.589247 0.432
10.99572467803955 1624360856.596204 0.432
10.99572467803955 1624360856.603088 0.432
10.99572467803955 1624360856.610199 0.432
10.99572467803955 1624360856.617109 0.432
10.99572467803955 1624360856.624112 0.432
10.99572467803955 1624360856.631159 0.432
10.99572467803955 1624360856.638229 0.432
10.99572467803955 1624360856.645262 0.432
10.99572467803955 1624360856.652263 0.432
10.99572467803955 1624360856.659221 0.432
10.99572467803955 1624360856.666245 0.432
10.99572467803955 1624360856.673273 0.432
10.99572467803955 1624360856.680276 0.432
10.99572467803955 1624360856.68725 0.432
10.99572467803955 1624360856.694168 0.432
10.99572467803955 1624360856.701114 0.432
10.99572467803955 1624360856.70807 0.432
10.99572467803955 1624360856.715027 0.432
10.99572467803955 1624360856.72201 0.432
10.99572467803955 1624360856.729021 0.432
10.99572467803955 1624360856.736052 0.432
10.99572467803955 1624360856.743122 0.432
10.99572467803955 1624360856.750088 0.432
10.99572467803955 1624360856.757073 0.432
10.99572467803955 1624360856.764138 0.432
10.99572467803955 1624360856.77105 0.432
10.99572467803955 1624360856.778106 0.432
10.99572467803955 1624360856.785121 0.432
10.99572467803955 1624360856.792049 0.432
10.99572467803955 1624360856.799155 0.432
10.99572467803955 1624360856.806185 0.432
10.99572467803955 1624360856.813194 0.432
10.99572467803955 1624360856.820224 0.432
10.99572467803955 1624360856.827165 0.432
10.99572467803955 1624360856.834183 0.432
10.99572467803955 1624360856.841189 0.432
10.99572467803955 1624360856.848192 0.432
10.99572467803955 1624360856.855166 0.432
10.99572467803955 1624360856.862177 0.432
10.99572467803955 1624360856.8692 0.432
10.99572467803955 1624360856.87619 0.432
10.99572467803955 1624360856.883155 0.432
10.99572467803955 1624360856.89017 0.432
10.99572467803955 1624360856.897159 0.432
10.99572467803955 1624360856.904164 0.432
10.99572467803955 1624360856.911001 0.432
10.99572467803955 1624360856.918032 0.432
10.99572467803955 1624360856.92507 0.432
10.99572467803955 1624360856.932053 0.432
10.99572467803955 1624360856.939078 0.432
10.99572467803955 1624360856.946081 0.432
10.99572467803955 1624360856.953049 0.432
10.99572467803955 1624360856.959982 0.432
10.99572467803955 1624360856.967001 0.432
10.99572467803955 1624360856.973954 0.432
10.99572467803955 1624360856.980969 0.432
10.99572467803955 1624360856.987985 0.432
10.99572467803955 1624360856.995154 0.432
10.99572467803955 1624360857.002148 0.432
10.99572467803955 1624360857.009139 0.432
10.99572467803955 1624360857.016017 0.432
10.99572467803955 1624360857.023117 0.432
10.99572467803955 1624360857.030112 0.432
10.99572467803955 1624360857.037135 0.432
10.99572467803955 1624360857.044115 0.432
10.99572467803955 1624360857.051088 0.432
10.99572467803955 1624360857.058083 0.432
10.99572467803955 1624360857.06504 0.432
10.99572467803955 1624360857.072026 0.432
10.99572467803955 1624360857.079115 0.432
10.99572467803955 1624360857.086098 0.432
10.99572467803955 1624360857.093052 0.432
10.99572467803955 1624360857.100067 0.432
10.99572467803955 1624360857.107078 0.432
10.99572467803955 1624360857.11404 0.432
10.99572467803955 1624360857.12109 0.432
10.99572467803955 1624360857.127863 0.432
10.99572467803955 1624360857.134896 0.432
10.99572467803955 1624360857.141904 0.432
10.99572467803955 1624360857.149 0.432
10.99572467803955 1624360857.156024 0.432
10.99572467803955 1624360857.162985 0.432
10.99572467803955 1624360857.170013 0.432
10.99572467803955 1624360857.177005 0.432
10.99572467803955 1624360857.184008 0.432
10.99572467803955 1624360857.191022 0.432
10.99572467803955 1624360857.197902 0.432
10.99572467803955 1624360857.204944 0.432
10.99572467803955 1624360857.211892 0.432
10.99572467803955 1624360857.218913 0.432
10.99572467803955 1624360857.226053 0.432
10.99572467803955 1624360857.23304 0.432
10.99572467803955 1624360857.240077 0.432
10.99572467803955 1624360857.247044 0.432
10.99572467803955 1624360857.254019 0.432
10.99572467803955 1624360857.260939 0.432
10.99572467803955 1624360857.267964 0.432
10.99572467803955 1624360857.275064 0.432
10.99572467803955 1624360857.282124 0.432
10.99572467803955 1624360857.288964 0.432
10.99572467803955 1624360857.296171 0.432
10.99572467803955 1624360857.30312 0.432
10.99572467803955 1624360857.310117 0.432
10.99572467803955 1624360857.316876 0.432
10.99572467803955 1624360857.323876 0.432
10.99572467803955 1624360857.330885 0.432
10.99572467803955 1624360857.337887 0.432
10.99572467803955 1624360857.344912 0.432
10.99572467803955 1624360857.351843 0.432
10.99572467803955 1624360857.358884 0.432
10.99572467803955 1624360857.365985 0.432
10.99572467803955 1624360857.372891 0.432
10.99572467803955 1624360857.379874 0.432
10.99572467803955 1624360857.386882 0.432
10.99572467803955 1624360857.393878 0.432
10.99572467803955 1624360857.400924 0.432
10.99572467803955 1624360857.407968 0.432
10.99572467803955 1624360857.414952 0.432
10.99572467803955 1624360857.421926 0.432
10.99572467803955 1624360857.429111 0.432
10.99572467803955 1624360857.436034 0.432
