10.378510475158691 1624361022.648163 0.867
10.378510475158691 1624361022.655234 0.867
10.378510475158691 1624361022.662231 0.867
10.378510475158691 1624361022.669193 0.867
10.378510475158691 1624361022.676205 0.867
10.378510475158691 1624361022.6832 0.867
10.378510475158691 1624361022.690198 0.867
10.378510475158691 1624361022.697223 0.867
10.378510475158691 1624361022.704147 0.867
10.378510475158691 1624361022.711194 0.867
10.378510475158691 1624361022.718218 0.867
10.378510475158691 1624361022.725228 0.867
10.378510475158691 1624361022.732213 0.867
10.378510475158691 1624361022.73922 0.867
10.378510475158691 1624361022.746276 0.867
10.378510475158691 1624361022.753222 0.867
10.378510475158691 1624361022.760216 0.867
10.378510475158691 1624361022.767181 0.867
10.378510475158691 1624361022.774144 0.867
10.378510475158691 1624361022.781238 0.867
10.378510475158691 1624361022.788222 0.867
10.378510475158691 1624361022.795005 0.867
10.378510475158691 1624361022.802032 0.867
10.378510475158691 1624361022.809018 0.867
10.378510475158691 1624361022.815959 0.867
10.378510475158691 1624361022.823049 0.867
10.378510475158691 1624361022.829973 0.867
10.378510475158691 1624361022.837101 0.867
10.378510475158691 1624361022.844121 0.867
10.378510475158691 1624361022.851149 0.867
10.378510475158691 1624361022.858195 0.867
10.378510475158691 1624361022.865117 0.867
10.378510475158691 1624361022.872194 0.867
10.378510475158691 1624361022.879169 0.867
10.378510475158691 1624361022.886116 0.867
10.378510475158691 1624361022.893125 0.867
10.378510475158691 1624361022.900178 0.867
10.378510475158691 1624361022.907187 0.867
10.378510475158691 1624361022.914252 0.867
10.378510475158691 1624361022.921246 0.867
10.378510475158691 1624361022.928215 0.867
10.378510475158691 1624361022.935319 0.867
10.378510475158691 1624361022.942062 0.867
10.378510475158691 1624361022.94908 0.867
10.378510475158691 1624361022.956099 0.867
10.378510475158691 1624361022.963073 0.867
10.378510475158691 1624361022.970069 0.867
10.378510475158691 1624361022.977105 0.867
10.378510475158691 1624361022.984112 0.867
10.378510475158691 1624361022.991122 0.867
10.378510475158691 1624361022.99809 0.867
10.378510475158691 1624361023.005085 0.867
10.378510475158691 1624361023.012075 0.867
10.378510475158691 1624361023.019123 0.867
10.378510475158691 1624361023.02606 0.867
10.378510475158691 1624361023.033187 0.867
10.378510475158691 1624361023.040197 0.867
10.378510475158691 1624361023.047187 0.867
10.378510475158691 1624361023.054223 0.867
10.378510475158691 1624361023.061176 0.867
10.378510475158691 1624361023.068113 0.867
10.378510475158691 1624361023.075173 0.867
10.378510475158691 1624361023.082205 0.867
10.378510475158691 1624361023.089222 0.867
10.378510475158691 1624361023.096055 0.867
10.378510475158691 1624361023.103025 0.867
10.378510475158691 1624361023.110043 0.867
10.378510475158691 1624361023.117038 0.867
10.378510475158691 1624361023.12402 0.867
10.378510475158691 1624361023.131037 0.867
10.378510475158691 1624361023.138022 0.867
10.378510475158691 1624361023.144971 0.867
10.378510475158691 1624361023.152012 0.867
10.378510475158691 1624361023.158988 0.867
10.378510475158691 1624361023.166023 0.867
10.378510475158691 1624361023.173075 0.867
10.378510475158691 1624361023.180086 0.867
10.378510475158691 1624361023.187091 0.867
10.378510475158691 1624361023.194119 0.867
10.378510475158691 1624361023.2011 0.867
10.378510475158691 1624361023.208095 0.867
10.378510475158691 1624361023.215125 0.867
10.378510475158691 1624361023.222111 0.867
10.378510475158691 1624361023.229093 0.867
10.378510475158691 1624361023.236205 0.867
10.378510475158691 1624361023.243144 0.867
10.378510475158691 1624361023.250177 0.867
10.378510475158691 1624361023.257045 0.867
10.378510475158691 1624361023.263923 0.867
10.378510475158691 1624361023.270948 0.867
10.378510475158691 1624361023.277952 0.867
10.378510475158691 1624361023.284944 0.867
10.378510475158691 1624361023.292048 0.867
10.378510475158691 1624361023.299004 0.867
10.378510475158691 1624361023.306016 0.867
10.378510475158691 1624361023.313039 0.867
10.378510475158691 1624361023.320043 0.867
10.378510475158691 1624361023.327019 0.867
10.378510475158691 1624361023.33402 0.867
10.378510475158691 1624361023.341065 0.867
10.378510475158691 1624361023.348019 0.867
10.378510475158691 1624361023.354974 0.867
10.378510475158691 1624361023.362073 0.867
10.378510475158691 1624361023.369089 0.867
10.378510475158691 1624361023.376062 0.867
10.378510475158691 1624361023.38302 0.867
10.378510475158691 1624361023.390026 0.867
10.378510475158691 1624361023.397033 0.867
10.378510475158691 1624361023.404085 0.867
10.378510475158691 1624361023.411052 0.867
10.378510475158691 1624361023.418011 0.867
10.378510475158691 1624361023.424995 0.867
10.378510475158691 1624361023.431795 0.867
10.378510475158691 1624361023.43884 0.867
10.378510475158691 1624361023.445949 0.867
10.378510475158691 1624361023.452877 0.867
10.378510475158691 1624361023.459902 0.867
10.378510475158691 1624361023.466928 0.867
10.378510475158691 1624361023.473901 0.867
10.378510475158691 1624361023.480965 0.867
10.378510475158691 1624361023.487938 0.867
10.378510475158691 1624361023.495013 0.867
10.378510475158691 1624361023.501932 0.867
10.378510475158691 1624361023.509027 0.867
10.378510475158691 1624361023.515981 0.867
10.378510475158691 1624361023.522991 0.867
10.378510475158691 1624361023.530005 0.867
10.378510475158691 1624361023.537 0.867
10.378510475158691 1624361023.544053 0.867
10.378510475158691 1624361023.551014 0.867
10.378510475158691 1624361023.557997 0.867
10.378510475158691 1624361023.565037 0.867
10.378510475158691 1624361023.572012 0.867
10.378510475158691 1624361023.579015 0.867
10.378510475158691 1624361023.585965 0.867
10.378510475158691 1624361023.59302 0.867
10.378510475158691 1624361023.600066 0.867
10.378510475158691 1624361023.606921 0.867
10.378510475158691 1624361023.613919 0.867
10.378510475158691 1624361023.620855 0.867
10.378510475158691 1624361023.62792 0.867
10.378510475158691 1624361023.634892 0.867
10.378510475158691 1624361023.641912 0.867
10.378510475158691 1624361023.648846 0.867
10.378510475158691 1624361023.655888 0.867
10.378510475158691 1624361023.662929 0.867
10.378510475158691 1624361023.669926 0.867
10.378510475158691 1624361023.676813 0.867
10.378510475158691 1624361023.683839 0.867
10.378510475158691 1624361023.690851 0.867
10.378510475158691 1624361023.697902 0.867
10.378510475158691 1624361023.704858 0.867
10.378510475158691 1624361023.711839 0.867
10.378510475158691 1624361023.718889 0.867
10.378510475158691 1624361023.725978 0.867
10.378510475158691 1624361023.732986 0.867
10.378510475158691 1624361023.739919 0.867
10.378510475158691 1624361023.747015 0.867
10.378510475158691 1624361023.753956 0.867
10.378510475158691 1624361023.76095 0.867
10.378510475158691 1624361023.767787 0.867
10.378510475158691 1624361023.774776 0.867
10.378510475158691 1624361023.781831 0.867
10.378510475158691 1624361023.788879 0.867
10.378510475158691 1624361023.795876 0.867
10.378510475158691 1624361023.802879 0.867
10.378510475158691 1624361023.809807 0.867
10.378510475158691 1624361023.816895 0.867
10.378510475158691 1624361023.823878 0.867
10.378510475158691 1624361023.830878 0.867
10.378510475158691 1624361023.83789 0.867
10.378510475158691 1624361023.844918 0.867
10.378510475158691 1624361023.851905 0.867
10.378510475158691 1624361023.858933 0.867
10.378510475158691 1624361023.865829 0.867
10.378510475158691 1624361023.872822 0.867
10.378510475158691 1624361023.879819 0.867
9.768010139465332 1624361023.886827 0.867
10.378510475158691 1624361023.893816 0.867
10.378510475158691 1624361023.900882 0.867
10.378510475158691 1624361023.907962 0.867
10.378510475158691 1624361023.914939 0.867
10.378510475158691 1624361023.921842 0.867
10.378510475158691 1624361023.928936 0.867
10.378510475158691 1624361023.935674 0.867
10.372178077697754 1624361023.942805 0.867
10.378510475158691 1624361023.949805 0.867
10.378510475158691 1624361023.95678 0.867
10.378510475158691 1624361023.963782 0.867
10.378510475158691 1624361023.970723 0.867
10.378510475158691 1624361023.977817 0.867
10.378510475158691 1624361023.984802 0.867
10.378510475158691 1624361023.991804 0.867
10.378510475158691 1624361023.998794 0.867
10.378510475158691 1624361024.005856 0.867
10.378510475158691 1624361024.012969 0.867
10.378510475158691 1624361024.019899 0.867
10.378510475158691 1624361024.026843 0.867
9.768010139465332 1624361024.033855 0.867
10.378510475158691 1624361024.040813 0.867
10.378510475158691 1624361024.047809 0.867
10.378510475158691 1624361024.054867 0.867
10.378510475158691 1624361024.061854 0.867
10.378510475158691 1624361024.068922 0.867
10.378510475158691 1624361024.075878 0.867
10.378510475158691 1624361024.082914 0.867
10.378510475158691 1624361024.089691 0.867
10.372178077697754 1624361024.096781 0.867
10.378510475158691 1624361024.103719 0.867
10.378510475158691 1624361024.110732 0.867
10.378510475158691 1624361024.117695 0.867
10.378510475158691 1624361024.124689 0.867
10.378510475158691 1624361024.131748 0.867
10.378510475158691 1624361024.138748 0.867
10.378510475158691 1624361024.145745 0.867
10.378510475158691 1624361024.152706 0.867
10.378510475158691 1624361024.159638 0.867
10.378510475158691 1624361024.166643 0.867
10.378510475158691 1624361024.173681 0.867
10.378510475158691 1624361024.180666 0.867
10.378510475158691 1624361024.187693 0.867
10.378510475158691 1624361024.194734 0.867
10.378510475158691 1624361024.201816 0.867
10.378510475158691 1624361024.208761 0.867
10.378510475158691 1624361024.215772 0.867
10.378510475158691 1624361024.222829 0.867
10.372178077697754 1624361024.229832 0.867
10.378510475158691 1624361024.236789 0.867
10.378510475158691 1624361024.243809 0.867
10.378510475158691 1624361024.250831 0.867
10.378510475158691 1624361024.257877 0.867
10.378510475158691 1624361024.264723 0.867
10.378510475158691 1624361024.271687 0.867
10.378510475158691 1624361024.278743 0.867
10.378510475158691 1624361024.285682 0.867
10.378510475158691 1624361024.292631 0.867
10.378510475158691 1624361024.299656 0.867
10.378510475158691 1624361024.30675 0.867
10.378510475158691 1624361024.313742 0.867
10.378510475158691 1624361024.32073 0.867
10.378510475158691 1624361024.32772 0.867
10.378510475158691 1624361024.334692 0.867
10.372178077697754 1624361024.341647 0.867
10.372178077697754 1624361024.348764 0.867
10.378510475158691 1624361024.355706 0.867
10.378510475158691 1624361024.362735 0.867
10.378510475158691 1624361024.369744 0.867
10.378510475158691 1624361024.37676 0.867
10.378510475158691 1624361024.383687 0.867
10.372178077697754 1624361024.390683 0.867
10.378510475158691 1624361024.397707 0.867
10.378510475158691 1624361024.40472 0.867
10.372178077697754 1624361024.411771 0.867
10.378510475158691 1624361024.418802 0.867
10.372178077697754 1624361024.425814 0.867
9.768010139465332 1624361024.432846 0.867
10.378510475158691 1624361024.439656 0.867
10.378510475158691 1624361024.446672 0.867
10.378510475158691 1624361024.453677 0.867
10.372178077697754 1624361024.460698 0.867
10.378510475158691 1624361024.467653 0.867
10.372178077697754 1624361024.474612 0.867
10.378510475158691 1624361024.48166 0.867
9.762049674987793 1624361024.488721 0.867
10.378510475158691 1624361024.495714 0.867
10.378510475158691 1624361024.502674 0.867
10.378510475158691 1624361024.509682 0.867
10.372178077697754 1624361024.516661 0.867
9.762049674987793 1624361024.523686 0.867
10.378510475158691 1624361024.530725 0.867
10.372178077697754 1624361024.537728 0.867
10.372178077697754 1624361024.544739 0.867
10.378510475158691 1624361024.551692 0.867
10.378510475158691 1624361024.558767 0.867
10.378510475158691 1624361024.565747 0.867
10.378510475158691 1624361024.5727 0.867
9.768010139465332 1624361024.579687 0.867
10.378510475158691 1624361024.58654 0.867
10.378510475158691 1624361024.593536 0.867
10.372178077697754 1624361024.600567 0.867
10.378510475158691 1624361024.607553 0.867
10.378510475158691 1624361024.614566 0.867
10.378510475158691 1624361024.621589 0.867
10.378510475158691 1624361024.628651 0.867
10.372178077697754 1624361024.635576 0.867
10.378510475158691 1624361024.642595 0.867
10.378510475158691 1624361024.649631 0.867
10.372178077697754 1624361024.656562 0.867
10.378510475158691 1624361024.66369 0.867
9.768010139465332 1624361024.670586 0.867
10.378510475158691 1624361024.677702 0.867
10.372178077697754 1624361024.684672 0.867
10.372178077697754 1624361024.691686 0.867
10.372178077697754 1624361024.698683 0.867
10.378510475158691 1624361024.705643 0.867
10.372178077697754 1624361024.712655 0.867
10.372178077697754 1624361024.719631 0.867
10.378510475158691 1624361024.726648 0.867
10.372178077697754 1624361024.733687 0.867
10.378510475158691 1624361024.74069 0.867
10.372178077697754 1624361024.74768 0.867
10.378510475158691 1624361024.754678 0.867
9.768010139465332 1624361024.761478 0.867
10.378510475158691 1624361024.768578 0.867
10.372178077697754 1624361024.775558 0.867
10.378510475158691 1624361024.782536 0.867
10.378510475158691 1624361024.789596 0.867
9.762049674987793 1624361024.796458 0.867
10.372178077697754 1624361024.803533 0.867
10.372178077697754 1624361024.810558 0.867
10.378510475158691 1624361024.817552 0.867
10.372178077697754 1624361024.824512 0.867
10.372178077697754 1624361024.831614 0.867
10.378510475158691 1624361024.838567 0.867
10.372178077697754 1624361024.845543 0.867
9.762049674987793 1624361024.852569 0.867
10.372178077697754 1624361024.859628 0.867
10.372178077697754 1624361024.866617 0.867
9.762049674987793 1624361024.873585 0.867
10.378510475158691 1624361024.880547 0.867
9.762049674987793 1624361024.887649 0.867
10.372178077697754 1624361024.894678 0.867
10.372178077697754 1624361024.901678 0.867
10.372178077697754 1624361024.908658 0.867
10.372178077697754 1624361024.915517 0.867
9.768010139465332 1624361024.922513 0.867
10.378510475158691 1624361024.929543 0.867
10.372178077697754 1624361024.936541 0.867
9.768010139465332 1624361024.943492 0.867
10.372178077697754 1624361024.950472 0.867
10.372178077697754 1624361024.957581 0.867
9.762049674987793 1624361024.9646 0.867
10.372178077697754 1624361024.971592 0.867
10.372178077697754 1624361024.978536 0.867
10.372178077697754 1624361024.985602 0.867
10.372178077697754 1624361024.992581 0.867
9.762049674987793 1624361024.999511 0.867
10.372178077697754 1624361025.006541 0.867
9.762049674987793 1624361025.013536 0.867
10.372178077697754 1624361025.020503 0.867
10.372178077697754 1624361025.027545 0.867
9.762049674987793 1624361025.034596 0.867
10.372178077697754 1624361025.041571 0.867
10.372178077697754 1624361025.048655 0.867
9.762049674987793 1624361025.055572 0.867
10.372178077697754 1624361025.062487 0.867
10.372178077697754 1624361025.069403 0.867
10.372178077697754 1624361025.076455 0.867
10.378510475158691 1624361025.083377 0.867
9.762049674987793 1624361025.090441 0.867
10.372178077697754 1624361025.097494 0.867
10.372178077697754 1624361025.10447 0.867
10.372178077697754 1624361025.11146 0.867
10.372178077697754 1624361025.118485 0.867
9.762049674987793 1624361025.125482 0.867
10.372178077697754 1624361025.132465 0.867
10.372178077697754 1624361025.13952 0.867
9.762049674987793 1624361025.146438 0.867
10.372178077697754 1624361025.153447 0.867
10.372178077697754 1624361025.160445 0.867
10.372178077697754 1624361025.167487 0.867
10.378510475158691 1624361025.174432 0.867
9.762049674987793 1624361025.181537 0.867
10.372178077697754 1624361025.188531 0.867
10.372178077697754 1624361025.195495 0.867
10.372178077697754 1624361025.202523 0.867
10.372178077697754 1624361025.209517 0.867
9.762049674987793 1624361025.216429 0.867
10.372178077697754 1624361025.223435 0.867
10.372178077697754 1624361025.230504 0.867
9.762049674987793 1624361025.237409 0.867
10.372178077697754 1624361025.244465 0.867
9.762049674987793 1624361025.251387 0.867
10.378510475158691 1624361025.258465 0.867
10.372178077697754 1624361025.265435 0.867
9.762049674987793 1624361025.272498 0.867
10.372178077697754 1624361025.279521 0.867
9.762049674987793 1624361025.28648 0.867
10.372178077697754 1624361025.293482 0.867
10.372178077697754 1624361025.300473 0.867
9.762049674987793 1624361025.307501 0.867
10.372178077697754 1624361025.314499 0.867
10.372178077697754 1624361025.321509 0.867
10.372178077697754 1624361025.328504 0.867
10.372178077697754 1624361025.33551 0.867
9.762049674987793 1624361025.342561 0.867
10.372178077697754 1624361025.34953 0.867
10.372178077697754 1624361025.356534 0.867
9.762049674987793 1624361025.363591 0.867
10.372178077697754 1624361025.370387 0.867
9.762049674987793 1624361025.377401 0.867
10.372178077697754 1624361025.384419 0.867
10.372178077697754 1624361025.391376 0.867
9.762049674987793 1624361025.398333 0.867
10.372178077697754 1624361025.40537 0.867
10.372178077697754 1624361025.412424 0.867
10.372178077697754 1624361025.41936 0.867
10.372178077697754 1624361025.426466 0.867
9.762049674987793 1624361025.433454 0.867
10.372178077697754 1624361025.440451 0.867
10.372178077697754 1624361025.44747 0.867
10.372178077697754 1624361025.454477 0.867
10.372178077697754 1624361025.461412 0.867
10.372178077697754 1624361025.468529 0.867
9.762049674987793 1624361025.475508 0.867
10.372178077697754 1624361025.482476 0.867
9.762049674987793 1624361025.489504 0.867
10.372178077697754 1624361025.49655 0.867
9.762049674987793 1624361025.50352 0.867
10.372178077697754 1624361025.510362 0.867
10.378510475158691 1624361025.51734 0.867
9.762049674987793 1624361025.524337 0.867
10.372178077697754 1624361025.531367 0.867
10.372178077697754 1624361025.538368 0.867
9.762049674987793 1624361025.545381 0.867
10.372178077697754 1624361025.55234 0.867
10.372178077697754 1624361025.55933 0.867
10.372178077697754 1624361025.566377 0.867
10.372178077697754 1624361025.573336 0.867
9.762049674987793 1624361025.580421 0.867
10.372178077697754 1624361025.587395 0.867
10.372178077697754 1624361025.594409 0.867
10.378510475158691 1624361025.601382 0.867
10.372178077697754 1624361025.60837 0.867
9.762049674987793 1624361025.615241 0.867
10.372178077697754 1624361025.622208 0.867
10.372178077697754 1624361025.62935 0.867
9.762049674987793 1624361025.636331 0.867
10.372178077697754 1624361025.643366 0.867
10.372178077697754 1624361025.650394 0.867
10.372178077697754 1624361025.657357 0.867
10.372178077697754 1624361025.664386 0.867
9.762049674987793 1624361025.671408 0.867
10.372178077697754 1624361025.678381 0.867
10.372178077697754 1624361025.685422 0.867
9.762049674987793 1624361025.692408 0.867
10.372178077697754 1624361025.699406 0.867
10.372178077697754 1624361025.706414 0.867
10.372178077697754 1624361025.71343 0.867
10.372178077697754 1624361025.720511 0.867
9.762049674987793 1624361025.727456 0.867
10.372178077697754 1624361025.734231 0.867
9.762049674987793 1624361025.741321 0.867
10.372178077697754 1624361025.748333 0.867
10.372178077697754 1624361025.755315 0.867
9.768010139465332 1624361025.762311 0.867
10.372178077697754 1624361025.769275 0.867
10.372178077697754 1624361025.776263 0.867
9.762049674987793 1624361025.783333 0.867
10.372178077697754 1624361025.790335 0.867
9.762049674987793 1624361025.797366 0.867
10.372178077697754 1624361025.804343 0.867
10.372178077697754 1624361025.811293 0.867
9.762049674987793 1624361025.818281 0.867
10.372178077697754 1624361025.825281 0.867
10.372178077697754 1624361025.832309 0.867
10.372178077697754 1624361025.839401 0.867
10.372178077697754 1624361025.846379 0.867
9.762049674987793 1624361025.853296 0.867
10.372178077697754 1624361025.86021 0.867
10.372178077697754 1624361025.867202 0.867
9.762049674987793 1624361025.874212 0.867
10.372178077697754 1624361025.881274 0.867
9.762049674987793 1624361025.888295 0.867
10.372178077697754 1624361025.895329 0.867
10.372178077697754 1624361025.902245 0.867
9.762049674987793 1624361025.909313 0.867
10.378510475158691 1624361025.916314 0.867
10.372178077697754 1624361025.923273 0.867
10.372178077697754 1624361025.930268 0.867
10.372178077697754 1624361025.937272 0.867
9.762049674987793 1624361025.944247 0.867
10.372178077697754 1624361025.951288 0.867
10.372178077697754 1624361025.958309 0.867
9.762049674987793 1624361025.965297 0.867
10.372178077697754 1624361025.972395 0.867
9.762049674987793 1624361025.979345 0.867
10.372178077697754 1624361025.986384 0.867
10.372178077697754 1624361025.993314 0.867
9.762049674987793 1624361026.000399 0.867
10.372178077697754 1624361026.007296 0.867
9.762049674987793 1624361026.014246 0.867
9.762049674987793 1624361026.021169 0.867
10.372178077697754 1624361026.028176 0.867
9.762049674987793 1624361026.035158 0.867
10.372178077697754 1624361026.042166 0.867
10.372178077697754 1624361026.049127 0.867
9.762049674987793 1624361026.056226 0.867
10.372178077697754 1624361026.063211 0.867
9.762049674987793 1624361026.070156 0.867
10.372178077697754 1624361026.077211 0.867
10.372178077697754 1624361026.084268 0.867
9.762049674987793 1624361026.091283 0.867
10.372178077697754 1624361026.09821 0.867
9.762049674987793 1624361026.105196 0.867
10.372178077697754 1624361026.112239 0.867
10.372178077697754 1624361026.119298 0.867
9.762049674987793 1624361026.126387 0.867
10.372178077697754 1624361026.133265 0.867
10.372178077697754 1624361026.140289 0.867
9.762049674987793 1624361026.147301 0.867
10.372178077697754 1624361026.154304 0.867
9.762049674987793 1624361026.161141 0.867
10.372178077697754 1624361026.168198 0.867
10.372178077697754 1624361026.175215 0.867
9.762049674987793 1624361026.182193 0.867
10.372178077697754 1624361026.189194 0.867
10.372178077697754 1624361026.196229 0.867
9.762049674987793 1624361026.203133 0.867
10.372178077697754 1624361026.210135 0.867
9.762049674987793 1624361026.217123 0.867
10.372178077697754 1624361026.224099 0.867
10.372178077697754 1624361026.231111 0.867
9.762049674987793 1624361026.238158 0.867
10.372178077697754 1624361026.24515 0.867
9.762049674987793 1624361026.252152 0.867
10.372178077697754 1624361026.259282 0.867
10.372178077697754 1624361026.266271 0.867
9.762049674987793 1624361026.273226 0.867
10.372178077697754 1624361026.280218 0.867
9.762049674987793 1624361026.287286 0.867
9.762049674987793 1624361026.294269 0.867
10.372178077697754 1624361026.301233 0.867
9.762049674987793 1624361026.30831 0.867
10.372178077697754 1624361026.31506 0.867
10.372178077697754 1624361026.322086 0.867
9.762049674987793 1624361026.329108 0.867
10.372178077697754 1624361026.33608 0.867
9.762049674987793 1624361026.343065 0.867
10.372178077697754 1624361026.350027 0.867
10.372178077697754 1624361026.35705 0.867
9.762049674987793 1624361026.364051 0.867
10.372178077697754 1624361026.371062 0.867
10.372178077697754 1624361026.37809 0.867
9.762049674987793 1624361026.385156 0.867
10.372178077697754 1624361026.392108 0.867
9.762049674987793 1624361026.399159 0.867
10.372178077697754 1624361026.406111 0.867
10.372178077697754 1624361026.413171 0.867
9.762049674987793 1624361026.420139 0.867
10.372178077697754 1624361026.427217 0.867
9.762049674987793 1624361026.43418 0.867
10.372178077697754 1624361026.441164 0.867
10.372178077697754 1624361026.448222 0.867
9.762049674987793 1624361026.455227 0.867
10.372178077697754 1624361026.462252 0.867
9.762049674987793 1624361026.469055 0.867
10.372178077697754 1624361026.476104 0.867
10.372178077697754 1624361026.483092 0.867
9.762049674987793 1624361026.490047 0.867
10.372178077697754 1624361026.497118 0.867
10.372178077697754 1624361026.504077 0.867
9.762049674987793 1624361026.511078 0.867
10.372178077697754 1624361026.51811 0.867
9.762049674987793 1624361026.52514 0.867
10.372178077697754 1624361026.53204 0.867
10.372178077697754 1624361026.539057 0.867
9.762049674987793 1624361026.546111 0.867
10.372178077697754 1624361026.553108 0.867
10.372178077697754 1624361026.560044 0.867
10.372178077697754 1624361026.567113 0.867
10.372178077697754 1624361026.574216 0.867
9.762049674987793 1624361026.581097 0.867
10.372178077697754 1624361026.588184 0.867
10.372178077697754 1624361026.595116 0.867
9.762049674987793 1624361026.602177 0.867
10.372178077697754 1624361026.609061 0.867
10.372178077697754 1624361026.615973 0.867
10.372178077697754 1624361026.623022 0.867
10.372178077697754 1624361026.630039 0.867
9.762049674987793 1624361026.637046 0.867
10.372178077697754 1624361026.64408 0.867
10.372178077697754 1624361026.651032 0.867
9.762049674987793 1624361026.658088 0.867
10.372178077697754 1624361026.665064 0.867
9.762049674987793 1624361026.672116 0.867
10.372178077697754 1624361026.679096 0.867
10.372178077697754 1624361026.686058 0.867
9.762049674987793 1624361026.693075 0.867
10.372178077697754 1624361026.70116 0.867
9.762049674987793 1624361026.708089 0.867
10.372178077697754 1624361026.715154 0.867
10.372178077697754 1624361026.721972 0.867
9.762049674987793 1624361026.72894 0.867
10.372178077697754 1624361026.73606 0.867
10.372178077697754 1624361026.743 0.867
9.762049674987793 1624361026.749976 0.867
10.372178077697754 1624361026.757017 0.867
9.762049674987793 1624361026.763986 0.867
10.372178077697754 1624361026.771031 0.867
10.372178077697754 1624361026.777982 0.867
9.762049674987793 1624361026.785 0.867
10.372178077697754 1624361026.792161 0.867
9.762049674987793 1624361026.799133 0.867
10.372178077697754 1624361026.806111 0.867
10.372178077697754 1624361026.813091 0.867
9.762049674987793 1624361026.820067 0.867
10.372178077697754 1624361026.827125 0.867
10.372178077697754 1624361026.834085 0.867
10.372178077697754 1624361026.841113 0.867
10.372178077697754 1624361026.848078 0.867
9.762049674987793 1624361026.855017 0.867
10.372178077697754 1624361026.862095 0.867
10.372178077697754 1624361026.868881 0.867
9.762049674987793 1624361026.875892 0.867
10.372178077697754 1624361026.882971 0.867
9.762049674987793 1624361026.890045 0.867
10.372178077697754 1624361026.89695 0.867
10.372178077697754 1624361026.903979 0.867
9.762049674987793 1624361026.910998 0.867
10.372178077697754 1624361026.917996 0.867
9.762049674987793 1624361026.925021 0.867
9.762049674987793 1624361026.932018 0.867
10.372178077697754 1624361026.938996 0.867
9.762049674987793 1624361026.945937 0.867
10.372178077697754 1624361026.952962 0.867
10.372178077697754 1624361026.960005 0.867
9.762049674987793 1624361026.966984 0.867
10.372178077697754 1624361026.97398 0.867
9.762049674987793 1624361026.981006 0.867
10.372178077697754 1624361026.988017 0.867
10.372178077697754 1624361026.994979 0.867
9.762049674987793 1624361027.001936 0.867
10.372178077697754 1624361027.009064 0.867
9.762049674987793 1624361027.015979 0.867
9.762049674987793 1624361027.023041 0.867
10.372178077697754 1624361027.030149 0.867
9.762049674987793 1624361027.037133 0.867
10.372178077697754 1624361027.044098 0.867
10.372178077697754 1624361027.050916 0.867
9.762049674987793 1624361027.057925 0.867
10.372178077697754 1624361027.064909 0.867
10.372178077697754 1624361027.071916 0.867
9.762049674987793 1624361027.078883 0.867
10.372178077697754 1624361027.085927 0.867
9.762049674987793 1624361027.092948 0.867
10.372178077697754 1624361027.099855 0.867
10.372178077697754 1624361027.106926 0.867
9.762049674987793 1624361027.113969 0.867
10.372178077697754 1624361027.120976 0.867
9.762049674987793 1624361027.127905 0.867
10.372178077697754 1624361027.134905 0.867
10.372178077697754 1624361027.141872 0.867
9.762049674987793 1624361027.148878 0.867
10.372178077697754 1624361027.155903 0.867
9.762049674987793 1624361027.162902 0.867
9.762049674987793 1624361027.169923 0.867
9.762049674987793 1624361027.176948 0.867
10.372178077697754 1624361027.184019 0.867
10.372178077697754 1624361027.19102 0.867
10.372178077697754 1624361027.198014 0.867
9.762049674987793 1624361027.205027 0.867
10.372178077697754 1624361027.212006 0.867
9.762049674987793 1624361027.218861 0.867
9.762049674987793 1624361027.225868 0.867
10.372178077697754 1624361027.232889 0.867
9.762049674987793 1624361027.239885 0.867
10.372178077697754 1624361027.246918 0.867
10.372178077697754 1624361027.253833 0.867
9.762049674987793 1624361027.260853 0.867
10.372178077697754 1624361027.267813 0.867
9.762049674987793 1624361027.274771 0.867
10.372178077697754 1624361027.281774 0.867
10.372178077697754 1624361027.288863 0.867
9.762049674987793 1624361027.295843 0.867
10.372178077697754 1624361027.30284 0.867
9.762049674987793 1624361027.309845 0.867
9.762049674987793 1624361027.316862 0.867
10.372178077697754 1624361027.323881 0.867
9.762049674987793 1624361027.330922 0.867
10.372178077697754 1624361027.337941 0.867
10.372178077697754 1624361027.344939 0.867
9.762049674987793 1624361027.351941 0.867
10.372178077697754 1624361027.35901 0.867
9.762049674987793 1624361027.365713 0.867
9.762049674987793 1624361027.372817 0.867
10.372178077697754 1624361027.379857 0.867
9.762049674987793 1624361027.386854 0.867
9.762049674987793 1624361027.393846 0.867
10.372178077697754 1624361027.400801 0.867
9.762049674987793 1624361027.407872 0.867
10.372178077697754 1624361027.414889 0.867
9.762049674987793 1624361027.421876 0.867
10.372178077697754 1624361027.428901 0.867
10.372178077697754 1624361027.435874 0.867
9.762049674987793 1624361027.442923 0.867
10.372178077697754 1624361027.449915 0.867
9.762049674987793 1624361027.456879 0.867
9.762049674987793 1624361027.463877 0.867
10.372178077697754 1624361027.470971 0.867
9.762049674987793 1624361027.477954 0.867
10.372178077697754 1624361027.484948 0.867
10.372178077697754 1624361027.491876 0.867
9.762049674987793 1624361027.498987 0.867
10.372178077697754 1624361027.50578 0.867
9.762049674987793 1624361027.512692 0.867
10.372178077697754 1624361027.51971 0.867
10.372178077697754 1624361027.526729 0.867
9.762049674987793 1624361027.533714 0.867
10.372178077697754 1624361027.540756 0.867
10.372178077697754 1624361027.547748 0.867
9.762049674987793 1624361027.554733 0.867
10.372178077697754 1624361027.561765 0.867
9.762049674987793 1624361027.568849 0.867
10.372178077697754 1624361027.575802 0.867
10.372178077697754 1624361027.582784 0.867
9.762049674987793 1624361027.589835 0.867
10.372178077697754 1624361027.596854 0.867
10.372178077697754 1624361027.603847 0.867
9.762049674987793 1624361027.610833 0.867
10.372178077697754 1624361027.617842 0.867
9.762049674987793 1624361027.624851 0.867
10.372178077697754 1624361027.631892 0.867
9.762049674987793 1624361027.638887 0.867
9.762049674987793 1624361027.645892 0.867
10.372178077697754 1624361027.652887 0.867
9.762049674987793 1624361027.659859 0.867
10.372178077697754 1624361027.666838 0.867
10.372178077697754 1624361027.673643 0.867
9.762049674987793 1624361027.680748 0.867
10.372178077697754 1624361027.687686 0.867
9.762049674987793 1624361027.694728 0.867
9.762049674987793 1624361027.701713 0.867
10.372178077697754 1624361027.708721 0.867
9.762049674987793 1624361027.715645 0.867
9.762049674987793 1624361027.722659 0.867
9.762049674987793 1624361027.729775 0.867
9.762049674987793 1624361027.736793 0.867
10.372178077697754 1624361027.743794 0.867
9.762049674987793 1624361027.750843 0.867
9.762049674987793 1624361027.75781 0.867
10.372178077697754 1624361027.764782 0.867
9.762049674987793 1624361027.771781 0.867
10.372178077697754 1624361027.778781 0.867
10.372178077697754 1624361027.785821 0.867
9.762049674987793 1624361027.792784 0.867
10.372178077697754 1624361027.799825 0.867
9.762049674987793 1624361027.806875 0.867
9.762049674987793 1624361027.813815 0.867
10.372178077697754 1624361027.820609 0.867
9.762049674987793 1624361027.827614 0.867
10.372178077697754 1624361027.834646 0.867
9.762049674987793 1624361027.841622 0.867
9.762049674987793 1624361027.848659 0.867
10.372178077697754 1624361027.855582 0.867
9.762049674987793 1624361027.86258 0.867
10.372178077697754 1624361027.869637 0.867
10.372178077697754 1624361027.876641 0.867
9.762049674987793 1624361027.883699 0.867
10.372178077697754 1624361027.890643 0.867
9.762049674987793 1624361027.897725 0.867
9.762049674987793 1624361027.904656 0.867
9.762049674987793 1624361027.911622 0.867
9.762049674987793 1624361027.918701 0.867
10.372178077697754 1624361027.925732 0.867
9.762049674987793 1624361027.932763 0.867
9.762049674987793 1624361027.939759 0.867
10.372178077697754 1624361027.946857 0.867
9.762049674987793 1624361027.953755 0.867
10.372178077697754 1624361027.960738 0.867
10.372178077697754 1624361027.9678 0.867
9.762049674987793 1624361027.974639 0.867
10.372178077697754 1624361027.98164 0.867
9.762049674987793 1624361027.98863 0.867
9.762049674987793 1624361027.995647 0.867
10.372178077697754 1624361028.002668 0.867
9.762049674987793 1624361028.009707 0.867
10.372178077697754 1624361028.016656 0.867
10.372178077697754 1624361028.023703 0.867
9.762049674987793 1624361028.030746 0.867
10.372178077697754 1624361028.037642 0.867
9.762049674987793 1624361028.044704 0.867
9.762049674987793 1624361028.051616 0.867
10.372178077697754 1624361028.058654 0.867
9.762049674987793 1624361028.065656 0.867
10.372178077697754 1624361028.072746 0.867
9.762049674987793 1624361028.079735 0.867
9.762049674987793 1624361028.086669 0.867
10.372178077697754 1624361028.093715 0.867
9.762049674987793 1624361028.100737 0.867
9.762049674987793 1624361028.107741 0.867
9.762049674987793 1624361028.114697 0.867
9.762049674987793 1624361028.121659 0.867
9.762049674987793 1624361028.128535 0.867
9.762049674987793 1624361028.135571 0.867
9.762049674987793 1624361028.142626 0.867
9.762049674987793 1624361028.14961 0.867
9.762049674987793 1624361028.156588 0.867
10.372178077697754 1624361028.163614 0.867
10.372178077697754 1624361028.170596 0.867
9.762049674987793 1624361028.177648 0.867
10.372178077697754 1624361028.184641 0.867
9.762049674987793 1624361028.191589 0.867
9.762049674987793 1624361028.198598 0.867
10.372178077697754 1624361028.205627 0.867
9.762049674987793 1624361028.212661 0.867
9.762049674987793 1624361028.219651 0.867
9.762049674987793 1624361028.226626 0.867
9.762049674987793 1624361028.233676 0.867
10.372178077697754 1624361028.240631 0.867
9.762049674987793 1624361028.247631 0.867
9.762049674987793 1624361028.254638 0.867
9.762049674987793 1624361028.261472 0.867
9.762049674987793 1624361028.268518 0.867
9.762049674987793 1624361028.275543 0.867
9.762049674987793 1624361028.282512 0.867
9.762049674987793 1624361028.289538 0.867
9.762049674987793 1624361028.296588 0.867
9.762049674987793 1624361028.303664 0.867
10.372178077697754 1624361028.310613 0.867
9.762049674987793 1624361028.317643 0.867
9.762049674987793 1624361028.324535 0.867
10.372178077697754 1624361028.331508 0.867
9.762049674987793 1624361028.33853 0.867
10.372178077697754 1624361028.345574 0.867
9.762049674987793 1624361028.352596 0.867
9.762049674987793 1624361028.359588 0.867
10.372178077697754 1624361028.366608 0.867
9.762049674987793 1624361028.373588 0.867
9.762049674987793 1624361028.380565 0.867
9.762049674987793 1624361028.387608 0.867
9.762049674987793 1624361028.394577 0.867
10.372178077697754 1624361028.401632 0.867
9.762049674987793 1624361028.408569 0.867
9.762049674987793 1624361028.415506 0.867
10.372178077697754 1624361028.422541 0.867
9.762049674987793 1624361028.429574 0.867
10.372178077697754 1624361028.43655 0.867
10.372178077697754 1624361028.443506 0.867
9.762049674987793 1624361028.450543 0.867
10.372178077697754 1624361028.457504 0.867
9.762049674987793 1624361028.464547 0.867
9.762049674987793 1624361028.471617 0.867
10.372178077697754 1624361028.478678 0.867
9.762049674987793 1624361028.485617 0.867
9.762049674987793 1624361028.492581 0.867
9.762049674987793 1624361028.499606 0.867
9.762049674987793 1624361028.506637 0.867
9.762049674987793 1624361028.513614 0.867
9.762049674987793 1624361028.520598 0.867
9.762049674987793 1624361028.52758 0.867
9.762049674987793 1624361028.534582 0.867
9.762049674987793 1624361028.541608 0.867
9.762049674987793 1624361028.548642 0.867
9.762049674987793 1624361028.555501 0.867
9.762049674987793 1624361028.562533 0.867
9.762049674987793 1624361028.569523 0.867
9.762049674987793 1624361028.576458 0.867
10.372178077697754 1624361028.583442 0.867
10.372178077697754 1624361028.590446 0.867
9.762049674987793 1624361028.597504 0.867
10.372178077697754 1624361028.604406 0.867
9.762049674987793 1624361028.611433 0.867
9.762049674987793 1624361028.618499 0.867
9.762049674987793 1624361028.62548 0.867
9.762049674987793 1624361028.632458 0.867
10.372178077697754 1624361028.639522 0.867
9.762049674987793 1624361028.646554 0.867
9.762049674987793 1624361028.65357 0.867
9.762049674987793 1624361028.660625 0.867
9.762049674987793 1624361028.667542 0.867
9.762049674987793 1624361028.674582 0.867
9.762049674987793 1624361028.681583 0.867
9.762049674987793 1624361028.688634 0.867
10.372178077697754 1624361028.695596 0.867
9.762049674987793 1624361028.702588 0.867
9.762049674987793 1624361028.709606 0.867
10.372178077697754 1624361028.71649 0.867
9.762049674987793 1624361028.723384 0.867
10.372178077697754 1624361028.730513 0.867
9.762049674987793 1624361028.737514 0.867
9.762049674987793 1624361028.744507 0.867
9.762049674987793 1624361028.751461 0.867
9.762049674987793 1624361028.758427 0.867
9.762049674987793 1624361028.765435 0.867
9.762049674987793 1624361028.772357 0.867
9.762049674987793 1624361028.779441 0.867
9.762049674987793 1624361028.786363 0.867
9.762049674987793 1624361028.793454 0.867
9.762049674987793 1624361028.800518 0.867
9.762049674987793 1624361028.807575 0.867
9.762049674987793 1624361028.814472 0.867
10.372178077697754 1624361028.821519 0.867
9.762049674987793 1624361028.828489 0.867
9.762049674987793 1624361028.835489 0.867
10.372178077697754 1624361028.842483 0.867
9.762049674987793 1624361028.849448 0.867
10.372178077697754 1624361028.856562 0.867
9.762049674987793 1624361028.863517 0.867
9.762049674987793 1624361028.870299 0.867
10.372178077697754 1624361028.877528 0.867
9.762049674987793 1624361028.884318 0.867
9.762049674987793 1624361028.891394 0.867
10.372178077697754 1624361028.898328 0.867
9.762049674987793 1624361028.905325 0.867
10.372178077697754 1624361028.912446 0.867
9.762049674987793 1624361028.919346 0.867
9.762049674987793 1624361028.926409 0.867
9.762049674987793 1624361028.933469 0.867
9.762049674987793 1624361028.940467 0.867
9.762049674987793 1624361028.947446 0.867
10.372178077697754 1624361028.954477 0.867
9.762049674987793 1624361028.961463 0.867
10.372178077697754 1624361028.968475 0.867
9.762049674987793 1624361028.975478 0.867
9.762049674987793 1624361028.982416 0.867
10.372178077697754 1624361028.989504 0.867
9.762049674987793 1624361028.996492 0.867
10.372178077697754 1624361029.003496 0.867
10.372178077697754 1624361029.010517 0.867
9.762049674987793 1624361029.017487 0.867
9.762049674987793 1624361029.024317 0.867
9.762049674987793 1624361029.03132 0.867
9.762049674987793 1624361029.038367 0.867
10.372178077697754 1624361029.045322 0.867
9.762049674987793 1624361029.052286 0.867
9.762049674987793 1624361029.059333 0.867
9.762049674987793 1624361029.066386 0.867
9.762049674987793 1624361029.073287 0.867
9.762049674987793 1624361029.080406 0.867
9.762049674987793 1624361029.087387 0.867
10.372178077697754 1624361029.094334 0.867
10.372178077697754 1624361029.101378 0.867
9.762049674987793 1624361029.108373 0.867
10.372178077697754 1624361029.115368 0.867
9.762049674987793 1624361029.122419 0.867
9.762049674987793 1624361029.129426 0.867
9.762049674987793 1624361029.136436 0.867
9.762049674987793 1624361029.143485 0.867
10.372178077697754 1624361029.150442 0.867
9.762049674987793 1624361029.157422 0.867
9.762049674987793 1624361029.16444 0.867
9.762049674987793 1624361029.171482 0.867
9.762049674987793 1624361029.178266 0.867
9.762049674987793 1624361029.1853 0.867
10.372178077697754 1624361029.192318 0.867
9.762049674987793 1624361029.199245 0.867
9.762049674987793 1624361029.206259 0.867
9.762049674987793 1624361029.213224 0.867
9.762049674987793 1624361029.220221 0.867
9.762049674987793 1624361029.227334 0.867
9.762049674987793 1624361029.234328 0.867
9.762049674987793 1624361029.241299 0.867
9.762049674987793 1624361029.248344 0.867
9.762049674987793 1624361029.255357 0.867
10.372178077697754 1624361029.262313 0.867
9.762049674987793 1624361029.269332 0.867
9.762049674987793 1624361029.276386 0.867
9.762049674987793 1624361029.283273 0.867
9.762049674987793 1624361029.290405 0.867
10.372178077697754 1624361029.297408 0.867
9.762049674987793 1624361029.304391 0.867
9.762049674987793 1624361029.311278 0.867
9.762049674987793 1624361029.318285 0.867
9.762049674987793 1624361029.325417 0.867
9.762049674987793 1624361029.332312 0.867
9.762049674987793 1624361029.339226 0.867
9.762049674987793 1624361029.346227 0.867
9.762049674987793 1624361029.35324 0.867
9.762049674987793 1624361029.360339 0.867
9.762049674987793 1624361029.367294 0.867
9.762049674987793 1624361029.374302 0.867
9.762049674987793 1624361029.381241 0.867
9.762049674987793 1624361029.388246 0.867
9.762049674987793 1624361029.395299 0.867
9.762049674987793 1624361029.402286 0.867
9.762049674987793 1624361029.409267 0.867
9.762049674987793 1624361029.416271 0.867
9.762049674987793 1624361029.423256 0.867
10.372178077697754 1624361029.430319 0.867
9.762049674987793 1624361029.437295 0.867
9.762049674987793 1624361029.444288 0.867
9.762049674987793 1624361029.451262 0.867
9.762049674987793 1624361029.45828 0.867
9.762049674987793 1624361029.465316 0.867
9.762049674987793 1624361029.472373 0.867
10.372178077697754 1624361029.479235 0.867
9.762049674987793 1624361029.48622 0.867
9.762049674987793 1624361029.493221 0.867
9.762049674987793 1624361029.500238 0.867
9.762049674987793 1624361029.507226 0.867
9.762049674987793 1624361029.514222 0.867
9.762049674987793 1624361029.521237 0.867
9.762049674987793 1624361029.528245 0.867
10.372178077697754 1624361029.535236 0.867
9.762049674987793 1624361029.542291 0.867
9.762049674987793 1624361029.54928 0.867
10.372178077697754 1624361029.556292 0.867
9.762049674987793 1624361029.563327 0.867
9.762049674987793 1624361029.570341 0.867
9.762049674987793 1624361029.57728 0.867
9.762049674987793 1624361029.584313 0.867
9.762049674987793 1624361029.59138 0.867
9.762049674987793 1624361029.598292 0.867
9.762049674987793 1624361029.605317 0.867
10.372178077697754 1624361029.61227 0.867
9.762049674987793 1624361029.619181 0.867
9.762049674987793 1624361029.62611 0.867
9.762049674987793 1624361029.63316 0.867
9.762049674987793 1624361029.640192 0.867
9.762049674987793 1624361029.647246 0.867
9.762049674987793 1624361029.654204 0.867
9.762049674987793 1624361029.661248 0.867
10.372178077697754 1624361029.668175 0.867
9.762049674987793 1624361029.67515 0.867
9.762049674987793 1624361029.682171 0.867
9.762049674987793 1624361029.689178 0.867
9.762049674987793 1624361029.696177 0.867
9.762049674987793 1624361029.703228 0.867
9.762049674987793 1624361029.710277 0.867
9.762049674987793 1624361029.717251 0.867
9.762049674987793 1624361029.724142 0.867
9.762049674987793 1624361029.731161 0.867
9.762049674987793 1624361029.738196 0.867
9.762049674987793 1624361029.745176 0.867
9.762049674987793 1624361029.752194 0.867
10.372178077697754 1624361029.759276 0.867
9.762049674987793 1624361029.766207 0.867
9.762049674987793 1624361029.773148 0.867
9.762049674987793 1624361029.780154 0.867
9.762049674987793 1624361029.787173 0.867
9.762049674987793 1624361029.794157 0.867
9.762049674987793 1624361029.801123 0.867
9.762049674987793 1624361029.808148 0.867
9.762049674987793 1624361029.815245 0.867
9.762049674987793 1624361029.822187 0.867
9.762049674987793 1624361029.829163 0.867
9.762049674987793 1624361029.836179 0.867
9.762049674987793 1624361029.843274 0.867
10.372178077697754 1624361029.850147 0.867
9.762049674987793 1624361029.857144 0.867
9.762049674987793 1624361029.864257 0.867
9.762049674987793 1624361029.871171 0.867
9.762049674987793 1624361029.878217 0.867
10.372178077697754 1624361029.885237 0.867
9.762049674987793 1624361029.892244 0.867
9.762049674987793 1624361029.899267 0.867
9.762049674987793 1624361029.906265 0.867
9.762049674987793 1624361029.913276 0.867
9.762049674987793 1624361029.920098 0.867
9.762049674987793 1624361029.927073 0.867
9.762049674987793 1624361029.93416 0.867
9.762049674987793 1624361029.941184 0.867
9.762049674987793 1624361029.9481 0.867
9.762049674987793 1624361029.955114 0.867
9.762049674987793 1624361029.962109 0.867
9.762049674987793 1624361029.969125 0.867
9.762049674987793 1624361029.976107 0.867
10.372178077697754 1624361029.983148 0.867
9.762049674987793 1624361029.990147 0.867
9.762049674987793 1624361029.997175 0.867
9.762049674987793 1624361030.004211 0.867
9.762049674987793 1624361030.011191 0.867
9.762049674987793 1624361030.018198 0.867
9.762049674987793 1624361030.025195 0.867
9.762049674987793 1624361030.032255 0.867
9.762049674987793 1624361030.039227 0.867
9.762049674987793 1624361030.046212 0.867
9.762049674987793 1624361030.053217 0.867
9.762049674987793 1624361030.060183 0.867
9.762049674987793 1624361030.067147 0.867
9.762049674987793 1624361030.074212 0.867
9.762049674987793 1624361030.081232 0.867
9.762049674987793 1624361030.088006 0.867
9.762049674987793 1624361030.095044 0.867
9.762049674987793 1624361030.102055 0.867
9.762049674987793 1624361030.108976 0.867
9.762049674987793 1624361030.116013 0.867
9.762049674987793 1624361030.122957 0.867
9.762049674987793 1624361030.129997 0.867
9.762049674987793 1624361030.137079 0.867
9.762049674987793 1624361030.144043 0.867
9.762049674987793 1624361030.151053 0.867
9.762049674987793 1624361030.158037 0.867
9.762049674987793 1624361030.165099 0.867
9.762049674987793 1624361030.172061 0.867
9.762049674987793 1624361030.179105 0.867
9.762049674987793 1624361030.186157 0.867
9.762049674987793 1624361030.193166 0.867
10.372178077697754 1624361030.200185 0.867
9.762049674987793 1624361030.207158 0.867
9.762049674987793 1624361030.214184 0.867
9.762049674987793 1624361030.221167 0.867
9.762049674987793 1624361030.228032 0.867
9.762049674987793 1624361030.235017 0.867
9.762049674987793 1624361030.241995 0.867
9.762049674987793 1624361030.249045 0.867
9.762049674987793 1624361030.25604 0.867
9.762049674987793 1624361030.263071 0.867
9.762049674987793 1624361030.270144 0.867
9.762049674987793 1624361030.2771 0.867
9.762049674987793 1624361030.284056 0.867
9.762049674987793 1624361030.291088 0.867
9.762049674987793 1624361030.297993 0.867
9.762049674987793 1624361030.305032 0.867
10.372178077697754 1624361030.312052 0.867
9.762049674987793 1624361030.319044 0.867
9.762049674987793 1624361030.326059 0.867
9.762049674987793 1624361030.333055 0.867
9.762049674987793 1624361030.340056 0.867
9.762049674987793 1624361030.346903 0.867
9.762049674987793 1624361030.3539 0.867
9.762049674987793 1624361030.360898 0.867
9.762049674987793 1624361030.36786 0.867
9.762049674987793 1624361030.374933 0.867
9.762049674987793 1624361030.381873 0.867
9.762049674987793 1624361030.388992 0.867
9.762049674987793 1624361030.396052 0.867
9.762049674987793 1624361030.402995 0.867
9.762049674987793 1624361030.410025 0.867
9.762049674987793 1624361030.417065 0.867
9.762049674987793 1624361030.424014 0.867
9.762049674987793 1624361030.430977 0.867
9.762049674987793 1624361030.438052 0.867
9.762049674987793 1624361030.444969 0.867
9.762049674987793 1624361030.452045 0.867
10.372178077697754 1624361030.459074 0.867
9.762049674987793 1624361030.466045 0.867
9.762049674987793 1624361030.473051 0.867
9.762049674987793 1624361030.480034 0.867
9.762049674987793 1624361030.487061 0.867
9.762049674987793 1624361030.494129 0.867
9.762049674987793 1624361030.500935 0.867
9.762049674987793 1624361030.507932 0.867
9.762049674987793 1624361030.514951 0.867
9.762049674987793 1624361030.522044 0.867
9.762049674987793 1624361030.52885 0.867
9.762049674987793 1624361030.535859 0.867
9.762049674987793 1624361030.54294 0.867
9.762049674987793 1624361030.550016 0.867
9.762049674987793 1624361030.557 0.867
9.762049674987793 1624361030.563978 0.867
9.762049674987793 1624361030.570928 0.867
9.762049674987793 1624361030.57794 0.867
9.762049674987793 1624361030.584899 0.867
9.762049674987793 1624361030.591959 0.867
9.762049674987793 1624361030.598938 0.867
9.762049674987793 1624361030.606037 0.867
9.762049674987793 1624361030.612989 0.867
9.762049674987793 1624361030.620048 0.867
9.762049674987793 1624361030.62702 0.867
9.762049674987793 1624361030.634034 0.867
9.762049674987793 1624361030.641033 0.867
9.762049674987793 1624361030.648017 0.867
9.762049674987793 1624361030.654853 0.867
9.762049674987793 1624361030.661877 0.867
9.762049674987793 1624361030.668919 0.867
9.762049674987793 1624361030.675892 0.867
9.762049674987793 1624361030.682856 0.867
9.762049674987793 1624361030.689823 0.867
9.762049674987793 1624361030.69688 0.867
9.762049674987793 1624361030.703917 0.867
9.762049674987793 1624361030.71081 0.867
9.762049674987793 1624361030.717934 0.867
9.762049674987793 1624361030.7249 0.867
9.762049674987793 1624361030.731855 0.867
9.762049674987793 1624361030.73883 0.867
9.762049674987793 1624361030.745955 0.867
9.762049674987793 1624361030.752921 0.867
9.762049674987793 1624361030.759906 0.867
9.762049674987793 1624361030.766959 0.867
9.762049674987793 1624361030.774006 0.867
9.762049674987793 1624361030.780955 0.867
9.762049674987793 1624361030.787983 0.867
9.762049674987793 1624361030.795018 0.867
9.762049674987793 1624361030.802024 0.867
9.762049674987793 1624361030.808819 0.867
9.762049674987793 1624361030.81589 0.867
10.372178077697754 1624361030.822856 0.867
9.762049674987793 1624361030.829828 0.867
9.762049674987793 1624361030.836831 0.867
9.762049674987793 1624361030.843832 0.867
9.762049674987793 1624361030.850848 0.867
9.762049674987793 1624361030.857885 0.867
9.762049674987793 1624361030.86483 0.867
9.762049674987793 1624361030.871776 0.867
9.762049674987793 1624361030.878807 0.867
9.762049674987793 1624361030.885882 0.867
9.762049674987793 1624361030.892884 0.867
9.762049674987793 1624361030.899855 0.867
9.762049674987793 1624361030.906836 0.867
9.762049674987793 1624361030.91389 0.867
9.762049674987793 1624361030.920869 0.867
9.762049674987793 1624361030.927901 0.867
9.762049674987793 1624361030.934945 0.867
9.762049674987793 1624361030.941988 0.867
9.762049674987793 1624361030.948964 0.867
9.762049674987793 1624361030.955926 0.867
9.762049674987793 1624361030.962926 0.867
9.762049674987793 1624361030.969731 0.867
9.762049674987793 1624361030.97675 0.867
9.762049674987793 1624361030.983761 0.867
9.762049674987793 1624361030.990728 0.867
9.762049674987793 1624361030.997772 0.867
9.762049674987793 1624361031.004787 0.867
9.762049674987793 1624361031.011776 0.867
9.762049674987793 1624361031.018772 0.867
9.762049674987793 1624361031.025831 0.867
9.762049674987793 1624361031.032835 0.867
9.762049674987793 1624361031.039821 0.867
9.762049674987793 1624361031.046875 0.867
9.762049674987793 1624361031.053836 0.867
9.762049674987793 1624361031.060777 0.867
9.762049674987793 1624361031.067832 0.867
9.762049674987793 1624361031.074892 0.867
9.762049674987793 1624361031.081826 0.867
9.762049674987793 1624361031.088866 0.867
9.762049674987793 1624361031.095927 0.867
9.762049674987793 1624361031.102943 0.867
9.762049674987793 1624361031.109879 0.867
9.762049674987793 1624361031.116853 0.867
9.762049674987793 1624361031.123826 0.867
9.762049674987793 1624361031.130913 0.867
9.762049674987793 1624361031.137785 0.867
9.762049674987793 1624361031.144823 0.867
9.762049674987793 1624361031.151785 0.867
9.762049674987793 1624361031.158785 0.867
9.762049674987793 1624361031.165816 0.867
9.762049674987793 1624361031.172765 0.867
9.762049674987793 1624361031.179748 0.867
9.762049674987793 1624361031.186804 0.867
9.762049674987793 1624361031.193723 0.867
9.762049674987793 1624361031.200774 0.867
9.762049674987793 1624361031.207829 0.867
9.762049674987793 1624361031.21476 0.867
9.762049674987793 1624361031.221823 0.867
9.762049674987793 1624361031.228821 0.867
9.762049674987793 1624361031.235856 0.867
9.762049674987793 1624361031.242824 0.867
9.762049674987793 1624361031.249868 0.867
9.762049674987793 1624361031.256873 0.867
9.762049674987793 1624361031.263884 0.867
9.762049674987793 1624361031.270902 0.867
9.762049674987793 1624361031.277681 0.867
9.762049674987793 1624361031.28474 0.867
9.762049674987793 1624361031.291745 0.867
9.762049674987793 1624361031.298742 0.867
9.762049674987793 1624361031.305784 0.867
9.762049674987793 1624361031.312754 0.867
9.762049674987793 1624361031.319759 0.867
9.762049674987793 1624361031.326797 0.867
9.762049674987793 1624361031.333731 0.867
9.762049674987793 1624361031.340707 0.867
9.762049674987793 1624361031.347641 0.867
9.762049674987793 1624361031.354756 0.867
9.762049674987793 1624361031.361743 0.867
9.762049674987793 1624361031.36877 0.867
9.762049674987793 1624361031.375761 0.867
9.762049674987793 1624361031.382806 0.867
9.762049674987793 1624361031.389728 0.867
9.762049674987793 1624361031.396738 0.867
9.762049674987793 1624361031.403752 0.867
9.762049674987793 1624361031.410834 0.867
9.762049674987793 1624361031.41779 0.867
9.762049674987793 1624361031.424837 0.867
9.762049674987793 1624361031.43178 0.867
9.762049674987793 1624361031.438822 0.867
9.762049674987793 1624361031.445931 0.867
9.762049674987793 1624361031.452614 0.867
9.762049674987793 1624361031.459619 0.867
9.762049674987793 1624361031.466631 0.867
9.762049674987793 1624361031.473664 0.867
9.762049674987793 1624361031.480673 0.867
9.762049674987793 1624361031.487764 0.867
9.762049674987793 1624361031.494758 0.867
9.762049674987793 1624361031.501683 0.867
9.762049674987793 1624361031.508736 0.867
9.762049674987793 1624361031.515739 0.867
9.762049674987793 1624361031.52275 0.867
9.762049674987793 1624361031.529782 0.867
9.762049674987793 1624361031.536744 0.867
9.762049674987793 1624361031.543793 0.867
9.762049674987793 1624361031.550732 0.867
9.762049674987793 1624361031.557683 0.867
9.762049674987793 1624361031.564706 0.867
9.762049674987793 1624361031.571712 0.867
9.762049674987793 1624361031.578782 0.867
9.762049674987793 1624361031.585655 0.867
9.762049674987793 1624361031.592647 0.867
9.762049674987793 1624361031.599575 0.867
9.762049674987793 1624361031.606559 0.867
9.762049674987793 1624361031.613642 0.867
9.762049674987793 1624361031.620601 0.867
9.762049674987793 1624361031.627663 0.867
9.762049674987793 1624361031.634675 0.867
9.762049674987793 1624361031.641687 0.867
9.762049674987793 1624361031.648657 0.867
9.762049674987793 1624361031.655696 0.867
9.762049674987793 1624361031.662683 0.867
9.762049674987793 1624361031.669701 0.867
9.762049674987793 1624361031.6767 0.867
9.762049674987793 1624361031.683734 0.867
9.762049674987793 1624361031.690771 0.867
9.762049674987793 1624361031.697809 0.867
9.762049674987793 1624361031.704611 0.867
9.762049674987793 1624361031.711628 0.867
9.762049674987793 1624361031.718628 0.867
9.762049674987793 1624361031.725633 0.867
9.762049674987793 1624361031.732553 0.867
9.762049674987793 1624361031.739784 0.867
9.762049674987793 1624361031.746559 0.867
9.762049674987793 1624361031.753575 0.867
9.762049674987793 1624361031.760593 0.867
9.762049674987793 1624361031.767602 0.867
9.762049674987793 1624361031.774539 0.867
9.762049674987793 1624361031.781636 0.867
9.762049674987793 1624361031.788582 0.867
9.762049674987793 1624361031.79558 0.867
9.762049674987793 1624361031.802572 0.867
9.762049674987793 1624361031.80964 0.867
9.762049674987793 1624361031.816678 0.867
9.762049674987793 1624361031.823734 0.867
9.762049674987793 1624361031.8306 0.867
9.762049674987793 1624361031.837655 0.867
9.762049674987793 1624361031.844639 0.867
9.762049674987793 1624361031.851639 0.867
9.762049674987793 1624361031.858507 0.867
9.762049674987793 1624361031.865529 0.867
9.762049674987793 1624361031.872557 0.867
9.762049674987793 1624361031.879589 0.867
9.762049674987793 1624361031.886591 0.867
9.762049674987793 1624361031.893622 0.867
9.762049674987793 1624361031.900626 0.867
9.762049674987793 1624361031.907594 0.867
9.762049674987793 1624361031.914647 0.867
9.762049674987793 1624361031.921638 0.867
9.762049674987793 1624361031.928572 0.867
9.762049674987793 1624361031.935568 0.867
9.762049674987793 1624361031.942565 0.867
9.762049674987793 1624361031.949546 0.867
9.762049674987793 1624361031.956562 0.867
9.762049674987793 1624361031.963509 0.867
9.762049674987793 1624361031.970621 0.867
9.762049674987793 1624361031.97754 0.867
9.762049674987793 1624361031.984593 0.867
9.762049674987793 1624361031.991536 0.867
9.762049674987793 1624361031.998548 0.867
9.762049674987793 1624361032.005545 0.867
9.762049674987793 1624361032.0124 0.867
9.762049674987793 1624361032.019499 0.867
9.762049674987793 1624361032.026505 0.867
9.762049674987793 1624361032.033592 0.867
9.762049674987793 1624361032.040608 0.867
9.762049674987793 1624361032.047534 0.867
9.762049674987793 1624361032.054554 0.867
9.762049674987793 1624361032.061588 0.867
9.762049674987793 1624361032.068593 0.867
9.762049674987793 1624361032.075558 0.867
9.762049674987793 1624361032.082508 0.867
9.762049674987793 1624361032.089573 0.867
9.762049674987793 1624361032.096587 0.867
9.762049674987793 1624361032.10356 0.867
9.762049674987793 1624361032.1106 0.867
9.762049674987793 1624361032.117553 0.867
9.762049674987793 1624361032.124554 0.867
9.762049674987793 1624361032.131636 0.867
9.762049674987793 1624361032.138611 0.867
9.762049674987793 1624361032.14561 0.867
9.762049674987793 1624361032.153502 0.867
9.762049674987793 1624361032.160523 0.867
9.762049674987793 1624361032.167378 0.867
9.762049674987793 1624361032.174409 0.867
9.762049674987793 1624361032.181502 0.867
9.762049674987793 1624361032.18852 0.867
9.762049674987793 1624361032.195501 0.867
9.762049674987793 1624361032.20245 0.867
9.762049674987793 1624361032.209461 0.867
9.762049674987793 1624361032.216404 0.867
9.762049674987793 1624361032.22345 0.867
9.762049674987793 1624361032.230478 0.867
9.762049674987793 1624361032.237532 0.867
9.762049674987793 1624361032.24454 0.867
9.762049674987793 1624361032.251555 0.867
9.762049674987793 1624361032.258594 0.867
9.762049674987793 1624361032.265575 0.867
9.762049674987793 1624361032.272564 0.867
9.762049674987793 1624361032.279435 0.867
9.762049674987793 1624361032.286475 0.867
9.762049674987793 1624361032.293394 0.867
9.762049674987793 1624361032.300462 0.867
9.762049674987793 1624361032.307485 0.867
9.762049674987793 1624361032.314389 0.867
9.762049674987793 1624361032.321452 0.867
9.762049674987793 1624361032.328496 0.867
9.762049674987793 1624361032.335451 0.867
9.762049674987793 1624361032.342447 0.867
9.762049674987793 1624361032.349433 0.867
9.762049674987793 1624361032.356442 0.867
9.762049674987793 1624361032.363495 0.867
9.762049674987793 1624361032.370435 0.867
9.762049674987793 1624361032.377428 0.867
9.762049674987793 1624361032.384401 0.867
9.762049674987793 1624361032.391407 0.867
9.762049674987793 1624361032.398449 0.867
9.762049674987793 1624361032.405565 0.867
9.762049674987793 1624361032.412529 0.867
9.762049674987793 1624361032.419381 0.867
9.762049674987793 1624361032.426314 0.867
9.762049674987793 1624361032.433297 0.867
9.762049674987793 1624361032.440382 0.867
9.762049674987793 1624361032.447353 0.867
9.762049674987793 1624361032.454389 0.867
9.762049674987793 1624361032.461403 0.867
9.762049674987793 1624361032.468416 0.867
9.762049674987793 1624361032.475388 0.867
9.762049674987793 1624361032.482495 0.867
9.762049674987793 1624361032.489514 0.867
9.762049674987793 1624361032.49653 0.867
9.762049674987793 1624361032.503463 0.867
9.762049674987793 1624361032.51046 0.867
9.762049674987793 1624361032.517492 0.867
9.762049674987793 1624361032.524407 0.867
9.762049674987793 1624361032.531438 0.867
9.762049674987793 1624361032.538306 0.867
9.762049674987793 1624361032.545331 0.867
9.762049674987793 1624361032.552276 0.867
9.762049674987793 1624361032.559319 0.867
9.762049674987793 1624361032.566341 0.867
9.762049674987793 1624361032.573295 0.867
9.762049674987793 1624361032.580336 0.867
9.762049674987793 1624361032.587403 0.867
9.762049674987793 1624361032.594299 0.867
9.762049674987793 1624361032.601406 0.867
9.762049674987793 1624361032.608418 0.867
9.762049674987793 1624361032.615487 0.867
9.762049674987793 1624361032.622472 0.867
9.762049674987793 1624361032.629447 0.867
9.762049674987793 1624361032.636442 0.867
9.762049674987793 1624361032.643436 0.867
9.762049674987793 1624361032.650466 0.867
9.762049674987793 1624361032.657513 0.867
9.762049674987793 1624361032.664496 0.867
9.762049674987793 1624361032.671497 0.867
9.762049674987793 1624361032.678287 0.867
9.762049674987793 1624361032.685325 0.867
9.762049674987793 1624361032.692255 0.867
9.762049674987793 1624361032.699297 0.867
9.762049674987793 1624361032.706404 0.867
9.762049674987793 1624361032.713341 0.867
9.762049674987793 1624361032.720274 0.867
9.762049674987793 1624361032.72732 0.867
9.762049674987793 1624361032.734267 0.867
9.762049674987793 1624361032.741306 0.867
9.762049674987793 1624361032.74835 0.867
9.762049674987793 1624361032.755368 0.867
9.762049674987793 1624361032.762374 0.867
9.762049674987793 1624361032.7694 0.867
9.762049674987793 1624361032.776426 0.867
9.762049674987793 1624361032.783407 0.867
9.762049674987793 1624361032.790406 0.867
9.762049674987793 1624361032.797385 0.867
9.762049674987793 1624361032.804294 0.867
9.762049674987793 1624361032.811267 0.867
9.762049674987793 1624361032.818301 0.867
9.762049674987793 1624361032.82531 0.867
9.762049674987793 1624361032.832334 0.867
9.762049674987793 1624361032.839327 0.867
9.762049674987793 1624361032.846298 0.867
9.762049674987793 1624361032.853359 0.867
9.762049674987793 1624361032.860312 0.867
9.762049674987793 1624361032.867211 0.867
9.762049674987793 1624361032.874235 0.867
9.762049674987793 1624361032.881242 0.867
9.762049674987793 1624361032.888266 0.867
9.762049674987793 1624361032.895307 0.867
9.762049674987793 1624361032.902314 0.867
9.762049674987793 1624361032.909287 0.867
9.762049674987793 1624361032.916229 0.867
9.762049674987793 1624361032.923286 0.867
9.762049674987793 1624361032.930366 0.867
9.762049674987793 1624361032.937386 0.867
9.762049674987793 1624361032.94438 0.867
9.762049674987793 1624361032.951413 0.867
9.762049674987793 1624361032.95833 0.867
9.762049674987793 1624361032.965447 0.867
9.762049674987793 1624361032.972308 0.867
9.762049674987793 1624361032.979262 0.867
9.762049674987793 1624361032.986298 0.867
9.762049674987793 1624361032.993234 0.867
9.762049674987793 1624361033.000217 0.867
9.762049674987793 1624361033.007269 0.867
9.762049674987793 1624361033.014172 0.867
9.762049674987793 1624361033.021244 0.867
9.762049674987793 1624361033.028178 0.867
9.762049674987793 1624361033.035211 0.867
9.762049674987793 1624361033.042246 0.867
9.762049674987793 1624361033.049248 0.867
9.762049674987793 1624361033.056317 0.867
9.762049674987793 1624361033.063272 0.867
9.762049674987793 1624361033.070318 0.867
9.762049674987793 1624361033.077273 0.867
9.762049674987793 1624361033.084273 0.867
9.762049674987793 1624361033.091358 0.867
9.762049674987793 1624361033.098376 0.867
9.762049674987793 1624361033.105331 0.867
9.762049674987793 1624361033.112146 0.867
9.762049674987793 1624361033.119271 0.867
9.762049674987793 1624361033.126319 0.867
9.762049674987793 1624361033.13326 0.867
9.762049674987793 1624361033.140273 0.867
9.762049674987793 1624361033.147256 0.867
9.762049674987793 1624361033.154197 0.867
9.762049674987793 1624361033.16127 0.867
9.762049674987793 1624361033.168255 0.867
9.762049674987793 1624361033.175249 0.867
9.762049674987793 1624361033.182217 0.867
9.762049674987793 1624361033.189269 0.867
9.762049674987793 1624361033.196239 0.867
9.762049674987793 1624361033.203253 0.867
9.762049674987793 1624361033.210277 0.867
9.762049674987793 1624361033.217339 0.867
9.762049674987793 1624361033.224291 0.867
9.762049674987793 1624361033.231265 0.867
9.762049674987793 1624361033.23806 0.867
9.762049674987793 1624361033.245085 0.867
9.762049674987793 1624361033.252169 0.867
9.762049674987793 1624361033.259213 0.867
9.762049674987793 1624361033.266212 0.867
9.762049674987793 1624361033.273174 0.867
9.762049674987793 1624361033.280093 0.867
9.762049674987793 1624361033.287186 0.867
9.762049674987793 1624361033.29427 0.867
9.762049674987793 1624361033.301248 0.867
9.762049674987793 1624361033.30826 0.867
9.762049674987793 1624361033.315288 0.867
9.762049674987793 1624361033.322243 0.867
9.762049674987793 1624361033.329264 0.867
9.762049674987793 1624361033.336282 0.867
9.762049674987793 1624361033.343399 0.867
9.762049674987793 1624361033.3503 0.867
9.762049674987793 1624361033.357287 0.867
9.762049674987793 1624361033.364276 0.867
9.762049674987793 1624361033.371278 0.867
9.762049674987793 1624361033.378237 0.867
9.762049674987793 1624361033.385221 0.867
9.762049674987793 1624361033.392062 0.867
9.762049674987793 1624361033.399138 0.867
9.762049674987793 1624361033.406148 0.867
9.762049674987793 1624361033.413126 0.867
9.762049674987793 1624361033.420164 0.867
9.762049674987793 1624361033.427083 0.867
9.762049674987793 1624361033.434135 0.867
9.762049674987793 1624361033.441143 0.867
9.762049674987793 1624361033.44813 0.867
9.762049674987793 1624361033.45517 0.867
9.762049674987793 1624361033.462211 0.867
9.762049674987793 1624361033.469198 0.867
9.762049674987793 1624361033.476113 0.867
9.762049674987793 1624361033.48314 0.867
9.762049674987793 1624361033.490152 0.867
9.762049674987793 1624361033.497178 0.867
9.762049674987793 1624361033.504292 0.867
9.762049674987793 1624361033.511295 0.867
9.762049674987793 1624361033.518245 0.867
9.762049674987793 1624361033.525251 0.867
9.762049674987793 1624361033.532217 0.867
9.762049674987793 1624361033.539049 0.867
9.762049674987793 1624361033.546052 0.867
9.762049674987793 1624361033.553069 0.867
9.762049674987793 1624361033.560005 0.867
9.762049674987793 1624361033.567167 0.867
9.762049674987793 1624361033.574078 0.867
9.762049674987793 1624361033.581137 0.867
9.762049674987793 1624361033.588149 0.867
9.762049674987793 1624361033.595073 0.867
9.762049674987793 1624361033.602138 0.867
9.762049674987793 1624361033.609091 0.867
9.762049674987793 1624361033.616072 0.867
9.762049674987793 1624361033.623098 0.867
9.762049674987793 1624361033.630105 0.867
9.762049674987793 1624361033.637126 0.867
9.762049674987793 1624361033.644149 0.867
9.762049674987793 1624361033.651195 0.867
9.762049674987793 1624361033.65802 0.867
9.762049674987793 1624361033.665003 0.867
9.762049674987793 1624361033.672028 0.867
9.762049674987793 1624361033.679059 0.867
9.762049674987793 1624361033.686042 0.867
9.762049674987793 1624361033.693124 0.867
9.762049674987793 1624361033.700078 0.867
9.762049674987793 1624361033.707119 0.867
9.762049674987793 1624361033.714124 0.867
9.762049674987793 1624361033.721101 0.867
9.762049674987793 1624361033.728075 0.867
9.762049674987793 1624361033.735107 0.867
9.762049674987793 1624361033.742172 0.867
9.762049674987793 1624361033.749127 0.867
9.762049674987793 1624361033.756136 0.867
9.762049674987793 1624361033.763211 0.867
9.762049674987793 1624361033.770172 0.867
9.762049674987793 1624361033.777035 0.867
9.762049674987793 1624361033.784034 0.867
9.762049674987793 1624361033.791001 0.867
9.762049674987793 1624361033.79804 0.867
9.762049674987793 1624361033.805034 0.867
9.762049674987793 1624361033.812063 0.867
9.762049674987793 1624361033.819103 0.867
9.762049674987793 1624361033.826001 0.867
9.762049674987793 1624361033.833006 0.867
9.762049674987793 1624361033.839969 0.867
9.762049674987793 1624361033.84706 0.867
9.762049674987793 1624361033.854135 0.867
9.762049674987793 1624361033.861116 0.867
9.762049674987793 1624361033.86809 0.867
9.762049674987793 1624361033.87503 0.867
9.762049674987793 1624361033.882052 0.867
9.762049674987793 1624361033.889089 0.867
9.762049674987793 1624361033.896104 0.867
9.762049674987793 1624361033.902928 0.867
9.762049674987793 1624361033.909929 0.867
9.762049674987793 1624361033.916931 0.867
9.762049674987793 1624361033.923896 0.867
9.762049674987793 1624361033.930961 0.867
9.762049674987793 1624361033.938006 0.867
9.762049674987793 1624361033.944982 0.867
9.762049674987793 1624361033.952026 0.867
9.762049674987793 1624361033.959061 0.867
9.762049674987793 1624361033.96602 0.867
9.762049674987793 1624361033.973011 0.867
9.762049674987793 1624361033.980012 0.867
9.762049674987793 1624361033.987057 0.867
9.762049674987793 1624361033.994071 0.867
9.762049674987793 1624361034.001107 0.867
9.762049674987793 1624361034.008131 0.867
9.762049674987793 1624361034.015091 0.867
9.762049674987793 1624361034.022048 0.867
9.762049674987793 1624361034.029047 0.867
9.762049674987793 1624361034.036086 0.867
9.762049674987793 1624361034.043068 0.867
9.762049674987793 1624361034.04992 0.867
9.762049674987793 1624361034.056957 0.867
9.762049674987793 1624361034.063879 0.867
9.762049674987793 1624361034.070844 0.867
9.762049674987793 1624361034.077813 0.867
9.762049674987793 1624361034.084867 0.867
9.762049674987793 1624361034.091881 0.867
9.762049674987793 1624361034.098941 0.867
9.762049674987793 1624361034.10592 0.867
9.762049674987793 1624361034.112894 0.867
9.762049674987793 1624361034.119923 0.867
9.762049674987793 1624361034.126999 0.867
9.762049674987793 1624361034.134045 0.867
9.762049674987793 1624361034.141026 0.867
9.762049674987793 1624361034.148018 0.867
9.762049674987793 1624361034.155035 0.867
9.762049674987793 1624361034.16203 0.867
9.762049674987793 1624361034.169049 0.867
9.762049674987793 1624361034.175931 0.867
9.762049674987793 1624361034.182941 0.867
9.762049674987793 1624361034.189941 0.867
9.762049674987793 1624361034.196984 0.867
9.762049674987793 1624361034.203816 0.867
9.762049674987793 1624361034.210815 0.867
9.762049674987793 1624361034.217768 0.867
9.762049674987793 1624361034.22478 0.867
9.762049674987793 1624361034.231794 0.867
9.762049674987793 1624361034.238864 0.867
9.762049674987793 1624361034.245884 0.867
9.762049674987793 1624361034.252944 0.867
9.762049674987793 1624361034.259871 0.867
9.762049674987793 1624361034.266875 0.867
9.762049674987793 1624361034.273936 0.867
9.762049674987793 1624361034.280913 0.867
9.762049674987793 1624361034.28792 0.867
9.762049674987793 1624361034.294959 0.867
9.762049674987793 1624361034.301918 0.867
9.762049674987793 1624361034.308962 0.867
9.762049674987793 1624361034.316013 0.867
9.762049674987793 1624361034.322951 0.867
9.762049674987793 1624361034.33002 0.867
9.762049674987793 1624361034.336953 0.867
9.762049674987793 1624361034.343993 0.867
9.762049674987793 1624361034.351002 0.867
9.762049674987793 1624361034.357952 0.867
9.762049674987793 1624361034.364979 0.867
9.762049674987793 1624361034.371827 0.867
9.762049674987793 1624361034.378849 0.867
9.762049674987793 1624361034.385832 0.867
9.762049674987793 1624361034.392858 0.867
9.762049674987793 1624361034.399772 0.867
9.762049674987793 1624361034.406833 0.867
9.762049674987793 1624361034.413857 0.867
9.762049674987793 1624361034.420839 0.867
9.762049674987793 1624361034.427828 0.867
9.762049674987793 1624361034.434826 0.867
9.762049674987793 1624361034.441825 0.867
9.762049674987793 1624361034.448865 0.867
9.762049674987793 1624361034.455906 0.867
9.762049674987793 1624361034.4629 0.867
9.762049674987793 1624361034.470004 0.867
9.762049674987793 1624361034.476873 0.867
9.762049674987793 1624361034.483849 0.867
9.762049674987793 1624361034.490893 0.867
9.762049674987793 1624361034.497734 0.867
9.762049674987793 1624361034.504846 0.867
9.762049674987793 1624361034.511825 0.867
9.762049674987793 1624361034.518812 0.867
9.762049674987793 1624361034.525799 0.867
9.762049674987793 1624361034.532742 0.867
9.762049674987793 1624361034.539828 0.867
9.762049674987793 1624361034.546809 0.867
9.762049674987793 1624361034.55379 0.867
9.762049674987793 1624361034.560841 0.867
9.762049674987793 1624361034.567899 0.867
9.762049674987793 1624361034.574892 0.867
9.762049674987793 1624361034.581858 0.867
9.762049674987793 1624361034.588898 0.867
9.762049674987793 1624361034.595896 0.867
9.762049674987793 1624361034.602895 0.867
9.762049674987793 1624361034.609915 0.867
9.762049674987793 1624361034.616894 0.867
9.762049674987793 1624361034.623866 0.867
9.762049674987793 1624361034.630896 0.867
9.762049674987793 1624361034.638005 0.867
9.762049674987793 1624361034.644851 0.867
9.762049674987793 1624361034.651683 0.867
9.762049674987793 1624361034.658683 0.867
9.762049674987793 1624361034.665746 0.867
9.762049674987793 1624361034.672742 0.867
9.762049674987793 1624361034.679713 0.867
9.762049674987793 1624361034.686694 0.867
9.762049674987793 1624361034.693728 0.867
9.762049674987793 1624361034.700752 0.867
9.762049674987793 1624361034.707742 0.867
9.762049674987793 1624361034.714756 0.867
9.762049674987793 1624361034.721778 0.867
9.762049674987793 1624361034.728814 0.867
9.762049674987793 1624361034.735829 0.867
9.762049674987793 1624361034.74286 0.867
9.762049674987793 1624361034.749837 0.867
9.762049674987793 1624361034.75688 0.867
9.762049674987793 1624361034.763787 0.867
9.762049674987793 1624361034.770874 0.867
9.762049674987793 1624361034.777903 0.867
9.762049674987793 1624361034.784888 0.867
9.762049674987793 1624361034.791926 0.867
9.762049674987793 1624361034.798742 0.867
9.762049674987793 1624361034.805728 0.867
9.762049674987793 1624361034.81279 0.867
9.762049674987793 1624361034.819756 0.867
9.762049674987793 1624361034.826729 0.867
9.762049674987793 1624361034.83374 0.867
9.762049674987793 1624361034.84072 0.867
9.762049674987793 1624361034.847671 0.867
9.762049674987793 1624361034.854641 0.867
9.762049674987793 1624361034.861705 0.867
9.762049674987793 1624361034.868705 0.867
9.762049674987793 1624361034.875683 0.867
9.762049674987793 1624361034.882674 0.867
9.762049674987793 1624361034.889686 0.867
9.762049674987793 1624361034.902668 0.867
9.762049674987793 1624361034.909739 0.867
9.762049674987793 1624361034.916719 0.867
9.762049674987793 1624361034.923787 0.867
9.762049674987793 1624361034.930788 0.867
9.762049674987793 1624361034.93779 0.867
9.762049674987793 1624361034.944681 0.867
9.762049674987793 1624361034.951682 0.867
9.762049674987793 1624361034.958756 0.867
9.762049674987793 1624361034.965756 0.867
9.762049674987793 1624361034.972843 0.867
9.762049674987793 1624361034.979855 0.867
9.762049674987793 1624361034.986654 0.867
9.762049674987793 1624361034.993741 0.867
9.762049674987793 1624361035.000703 0.867
9.762049674987793 1624361035.007695 0.867
9.762049674987793 1624361035.014708 0.867
9.762049674987793 1624361035.021696 0.867
9.762049674987793 1624361035.028644 0.867
9.762049674987793 1624361035.035623 0.867
9.762049674987793 1624361035.042635 0.867
9.762049674987793 1624361035.049626 0.867
9.762049674987793 1624361035.05661 0.867
9.762049674987793 1624361035.063706 0.867
9.762049674987793 1624361035.07062 0.867
9.762049674987793 1624361035.077661 0.867
9.762049674987793 1624361035.08469 0.867
9.762049674987793 1624361035.091658 0.867
9.762049674987793 1624361035.098699 0.867
9.762049674987793 1624361035.105713 0.867
9.762049674987793 1624361035.11274 0.867
9.762049674987793 1624361035.119751 0.867
9.762049674987793 1624361035.126537 0.867
9.762049674987793 1624361035.133559 0.867
9.762049674987793 1624361035.140573 0.867
9.762049674987793 1624361035.147572 0.867
9.762049674987793 1624361035.154568 0.867
9.762049674987793 1624361035.161584 0.867
9.762049674987793 1624361035.16858 0.867
9.762049674987793 1624361035.175626 0.867
9.762049674987793 1624361035.182723 0.867
9.762049674987793 1624361035.189609 0.867
9.762049674987793 1624361035.196576 0.867
9.762049674987793 1624361035.203685 0.867
9.762049674987793 1624361035.210659 0.867
9.762049674987793 1624361035.217623 0.867
9.762049674987793 1624361035.224691 0.867
9.762049674987793 1624361035.231698 0.867
9.762049674987793 1624361035.238698 0.867
9.762049674987793 1624361035.245648 0.867
9.762049674987793 1624361035.252604 0.867
9.762049674987793 1624361035.259665 0.867
9.762049674987793 1624361035.26667 0.867
9.762049674987793 1624361035.273676 0.867
9.762049674987793 1624361035.28066 0.867
9.762049674987793 1624361035.287486 0.867
9.762049674987793 1624361035.29459 0.867
9.762049674987793 1624361035.301582 0.867
9.762049674987793 1624361035.308577 0.867
9.762049674987793 1624361035.315608 0.867
9.762049674987793 1624361035.322584 0.867
9.762049674987793 1624361035.329567 0.867
9.762049674987793 1624361035.336584 0.867
9.762049674987793 1624361035.343562 0.867
9.762049674987793 1624361035.350647 0.867
9.762049674987793 1624361035.35759 0.867
9.762049674987793 1624361035.364607 0.867
9.762049674987793 1624361035.371588 0.867
9.762049674987793 1624361035.378619 0.867
9.762049674987793 1624361035.385602 0.867
9.762049674987793 1624361035.392646 0.867
9.762049674987793 1624361035.399643 0.867
9.762049674987793 1624361035.406603 0.867
9.762049674987793 1624361035.413631 0.867
9.762049674987793 1624361035.420651 0.867
9.762049674987793 1624361035.427653 0.867
9.762049674987793 1624361035.434646 0.867
9.762049674987793 1624361035.441679 0.867
9.762049674987793 1624361035.448627 0.867
9.762049674987793 1624361035.455707 0.867
9.762049674987793 1624361035.46265 0.867
9.762049674987793 1624361035.469708 0.867
9.762049674987793 1624361035.476536 0.867
9.762049674987793 1624361035.483508 0.867
9.762049674987793 1624361035.490532 0.867
9.762049674987793 1624361035.497488 0.867
9.762049674987793 1624361035.504536 0.867
9.762049674987793 1624361035.511535 0.867
9.762049674987793 1624361035.518482 0.867
9.762049674987793 1624361035.525449 0.867
9.762049674987793 1624361035.532524 0.867
9.762049674987793 1624361035.539404 0.867
9.762049674987793 1624361035.546422 0.867
9.762049674987793 1624361035.553475 0.867
9.762049674987793 1624361035.560582 0.867
9.762049674987793 1624361035.567538 0.867
9.762049674987793 1624361035.574541 0.867
9.762049674987793 1624361035.581548 0.867
9.762049674987793 1624361035.588549 0.867
9.762049674987793 1624361035.595627 0.867
9.762049674987793 1624361035.602566 0.867
9.762049674987793 1624361035.609638 0.867
9.762049674987793 1624361035.616607 0.867
9.762049674987793 1624361035.623608 0.867
9.762049674987793 1624361035.630615 0.867
9.762049674987793 1624361035.637612 0.867
9.762049674987793 1624361035.644604 0.867
9.762049674987793 1624361035.651605 0.867
9.762049674987793 1624361035.658598 0.867
9.762049674987793 1624361035.665623 0.867
9.762049674987793 1624361035.672596 0.867
9.762049674987793 1624361035.679575 0.867
9.762049674987793 1624361035.686357 0.867
9.762049674987793 1624361035.693387 0.867
9.762049674987793 1624361035.700392 0.867
9.762049674987793 1624361035.707509 0.867
9.762049674987793 1624361035.714501 0.867
9.762049674987793 1624361035.72151 0.867
9.762049674987793 1624361035.728475 0.867
9.762049674987793 1624361035.735515 0.867
9.762049674987793 1624361035.74252 0.867
9.762049674987793 1624361035.749505 0.867
9.762049674987793 1624361035.756468 0.867
9.762049674987793 1624361035.763464 0.867
9.762049674987793 1624361035.770478 0.867
9.762049674987793 1624361035.777433 0.867
9.762049674987793 1624361035.784413 0.867
9.762049674987793 1624361035.791426 0.867
9.762049674987793 1624361035.798433 0.867
9.762049674987793 1624361035.805405 0.867
9.762049674987793 1624361035.81242 0.867
9.762049674987793 1624361035.81944 0.867
9.762049674987793 1624361035.826457 0.867
9.762049674987793 1624361035.833413 0.867
9.762049674987793 1624361035.840452 0.867
9.762049674987793 1624361035.847424 0.867
9.762049674987793 1624361035.85445 0.867
9.762049674987793 1624361035.861493 0.867
9.762049674987793 1624361035.868276 0.867
9.762049674987793 1624361035.875294 0.867
9.762049674987793 1624361035.88228 0.867
9.762049674987793 1624361035.889314 0.867
9.762049674987793 1624361035.896319 0.867
9.762049674987793 1624361035.903328 0.867
9.762049674987793 1624361035.910325 0.867
9.762049674987793 1624361035.917355 0.867
9.762049674987793 1624361035.924495 0.867
9.762049674987793 1624361035.931483 0.867
9.762049674987793 1624361035.9385 0.867
9.762049674987793 1624361035.945454 0.867
9.762049674987793 1624361035.952477 0.867
9.762049674987793 1624361035.95953 0.867
9.762049674987793 1624361035.966573 0.867
9.762049674987793 1624361035.973513 0.867
9.762049674987793 1624361035.980513 0.867
9.762049674987793 1624361035.987508 0.867
9.762049674987793 1624361035.994539 0.867
9.762049674987793 1624361036.001497 0.867
9.762049674987793 1624361036.008523 0.867
9.762049674987793 1624361036.015506 0.867
9.762049674987793 1624361036.022556 0.867
9.762049674987793 1624361036.029561 0.867
9.762049674987793 1624361036.036392 0.867
9.762049674987793 1624361036.043399 0.867
9.762049674987793 1624361036.050386 0.867
9.762049674987793 1624361036.057326 0.867
9.762049674987793 1624361036.064324 0.867
9.762049674987793 1624361036.071394 0.867
9.762049674987793 1624361036.078385 0.867
9.762049674987793 1624361036.085417 0.867
9.762049674987793 1624361036.092403 0.867
9.762049674987793 1624361036.099336 0.867
9.762049674987793 1624361036.106368 0.867
9.762049674987793 1624361036.113336 0.867
9.762049674987793 1624361036.120362 0.867
9.762049674987793 1624361036.127356 0.867
9.762049674987793 1624361036.134401 0.867
9.762049674987793 1624361036.141428 0.867
9.762049674987793 1624361036.148453 0.867
9.762049674987793 1624361036.155406 0.867
9.762049674987793 1624361036.162382 0.867
9.762049674987793 1624361036.169487 0.867
9.762049674987793 1624361036.176452 0.867
9.762049674987793 1624361036.183472 0.867
9.762049674987793 1624361036.190519 0.867
9.762049674987793 1624361036.197461 0.867
9.762049674987793 1624361036.204503 0.867
9.762049674987793 1624361036.211317 0.867
9.762049674987793 1624361036.218352 0.867
9.762049674987793 1624361036.225351 0.867
9.762049674987793 1624361036.232272 0.867
9.762049674987793 1624361036.239254 0.867
9.762049674987793 1624361036.246245 0.867
9.762049674987793 1624361036.253333 0.867
9.762049674987793 1624361036.26035 0.867
9.762049674987793 1624361036.267359 0.867
9.762049674987793 1624361036.274384 0.867
9.762049674987793 1624361036.281434 0.867
9.762049674987793 1624361036.288361 0.867
9.762049674987793 1624361036.295413 0.867
9.762049674987793 1624361036.302416 0.867
9.762049674987793 1624361036.309433 0.867
9.762049674987793 1624361036.316492 0.867
9.762049674987793 1624361036.323419 0.867
9.762049674987793 1624361036.330363 0.867
9.762049674987793 1624361036.337349 0.867
9.762049674987793 1624361036.344415 0.867
9.762049674987793 1624361036.351412 0.867
9.762049674987793 1624361036.358416 0.867
9.762049674987793 1624361036.365326 0.867
9.762049674987793 1624361036.372242 0.867
9.762049674987793 1624361036.379238 0.867
9.762049674987793 1624361036.386216 0.867
9.762049674987793 1624361036.393212 0.867
9.762049674987793 1624361036.400263 0.867
9.762049674987793 1624361036.407248 0.867
9.762049674987793 1624361036.414275 0.867
9.762049674987793 1624361036.421335 0.867
9.762049674987793 1624361036.428318 0.867
9.762049674987793 1624361036.435322 0.867
9.762049674987793 1624361036.442289 0.867
9.762049674987793 1624361036.449249 0.867
9.762049674987793 1624361036.456279 0.867
9.762049674987793 1624361036.463311 0.867
9.762049674987793 1624361036.470278 0.867
9.762049674987793 1624361036.477366 0.867
9.762049674987793 1624361036.484307 0.867
9.762049674987793 1624361036.491291 0.867
9.762049674987793 1624361036.498305 0.867
9.762049674987793 1624361036.505277 0.867
9.762049674987793 1624361036.512325 0.867
9.762049674987793 1624361036.519298 0.867
9.762049674987793 1624361036.52633 0.867
9.762049674987793 1624361036.533219 0.867
9.762049674987793 1624361036.540204 0.867
9.762049674987793 1624361036.547261 0.867
9.762049674987793 1624361036.554286 0.867
9.762049674987793 1624361036.561306 0.867
9.762049674987793 1624361036.568306 0.867
9.762049674987793 1624361036.575297 0.867
9.762049674987793 1624361036.582324 0.867
9.762049674987793 1624361036.589263 0.867
9.762049674987793 1624361036.596211 0.867
9.762049674987793 1624361036.603286 0.867
9.762049674987793 1624361036.610325 0.867
9.762049674987793 1624361036.617311 0.867
9.762049674987793 1624361036.624261 0.867
9.762049674987793 1624361036.631209 0.867
9.762049674987793 1624361036.638219 0.867
9.762049674987793 1624361036.645259 0.867
9.762049674987793 1624361036.65232 0.867
9.762049674987793 1624361036.659368 0.867
9.762049674987793 1624361036.666321 0.867
9.762049674987793 1624361036.673336 0.867
9.762049674987793 1624361036.680367 0.867
9.762049674987793 1624361036.687356 0.867
9.762049674987793 1624361036.694339 0.867
9.762049674987793 1624361036.701201 0.867
9.762049674987793 1624361036.708181 0.867
9.762049674987793 1624361036.715205 0.867
9.762049674987793 1624361036.722174 0.867
9.762049674987793 1624361036.729222 0.867
9.762049674987793 1624361036.736201 0.867
9.762049674987793 1624361036.7431 0.867
9.762049674987793 1624361036.750136 0.867
9.762049674987793 1624361036.757164 0.867
9.762049674987793 1624361036.76415 0.867
9.762049674987793 1624361036.771267 0.867
9.762049674987793 1624361036.778359 0.867
9.762049674987793 1624361036.78519 0.867
9.762049674987793 1624361036.792345 0.867
9.762049674987793 1624361036.799303 0.867
9.762049674987793 1624361036.806314 0.867
9.762049674987793 1624361036.81333 0.867
9.762049674987793 1624361036.820328 0.867
9.762049674987793 1624361036.82724 0.867
9.762049674987793 1624361036.834324 0.867
9.762049674987793 1624361036.841336 0.867
9.762049674987793 1624361036.848293 0.867
9.762049674987793 1624361036.855339 0.867
9.762049674987793 1624361036.862321 0.867
9.762049674987793 1624361036.869257 0.867
9.762049674987793 1624361036.876255 0.867
9.762049674987793 1624361036.883125 0.867
9.762049674987793 1624361036.890091 0.867
9.762049674987793 1624361036.897097 0.867
9.762049674987793 1624361036.904053 0.867
9.762049674987793 1624361036.9111 0.867
9.762049674987793 1624361036.918095 0.867
9.762049674987793 1624361036.925177 0.867
9.762049674987793 1624361036.932151 0.867
9.762049674987793 1624361036.939093 0.867
9.762049674987793 1624361036.946096 0.867
9.762049674987793 1624361036.953087 0.867
9.762049674987793 1624361036.960185 0.867
9.762049674987793 1624361036.967097 0.867
9.762049674987793 1624361036.974167 0.867
9.762049674987793 1624361036.981218 0.867
9.762049674987793 1624361036.988206 0.867
9.762049674987793 1624361036.995276 0.867
9.762049674987793 1624361037.002214 0.867
9.762049674987793 1624361037.009223 0.867
9.762049674987793 1624361037.016296 0.867
9.762049674987793 1624361037.023229 0.867
9.762049674987793 1624361037.030219 0.867
9.762049674987793 1624361037.037385 0.867
9.762049674987793 1624361037.044298 0.867
9.762049674987793 1624361037.051041 0.867
9.762049674987793 1624361037.058073 0.867
9.762049674987793 1624361037.065027 0.867
9.762049674987793 1624361037.072053 0.867
9.762049674987793 1624361037.079036 0.867
9.762049674987793 1624361037.086137 0.867
9.762049674987793 1624361037.093118 0.867
9.762049674987793 1624361037.10011 0.867
9.762049674987793 1624361037.107076 0.867
9.762049674987793 1624361037.114045 0.867
9.762049674987793 1624361037.121137 0.867
9.762049674987793 1624361037.128041 0.867
9.762049674987793 1624361037.135116 0.867
9.762049674987793 1624361037.14203 0.867
9.762049674987793 1624361037.149018 0.867
9.762049674987793 1624361037.156044 0.867
9.762049674987793 1624361037.163094 0.867
9.762049674987793 1624361037.170121 0.867
9.762049674987793 1624361037.177137 0.867
9.762049674987793 1624361037.18413 0.867
9.762049674987793 1624361037.191088 0.867
9.762049674987793 1624361037.198053 0.867
9.762049674987793 1624361037.205051 0.867
9.762049674987793 1624361037.212078 0.867
9.762049674987793 1624361037.219204 0.867
9.762049674987793 1624361037.226024 0.867
9.762049674987793 1624361037.233109 0.867
9.762049674987793 1624361037.240056 0.867
9.762049674987793 1624361037.247037 0.867
9.762049674987793 1624361037.25405 0.867
9.762049674987793 1624361037.261094 0.867
9.762049674987793 1624361037.268081 0.867
9.762049674987793 1624361037.275049 0.867
9.762049674987793 1624361037.282121 0.867
9.762049674987793 1624361037.28908 0.867
9.762049674987793 1624361037.296095 0.867
9.762049674987793 1624361037.303088 0.867
9.762049674987793 1624361037.310108 0.867
9.762049674987793 1624361037.317112 0.867
9.762049674987793 1624361037.324017 0.867
9.762049674987793 1624361037.331089 0.867
9.762049674987793 1624361037.338111 0.867
9.762049674987793 1624361037.345107 0.867
9.762049674987793 1624361037.352156 0.867
9.762049674987793 1624361037.359135 0.867
9.762049674987793 1624361037.366126 0.867
9.762049674987793 1624361037.373119 0.867
9.762049674987793 1624361037.380148 0.867
9.762049674987793 1624361037.387017 0.867
9.762049674987793 1624361037.393927 0.867
9.762049674987793 1624361037.400959 0.867
9.762049674987793 1624361037.408015 0.867
9.762049674987793 1624361037.414988 0.867
9.762049674987793 1624361037.422027 0.867
9.762049674987793 1624361037.429017 0.867
9.762049674987793 1624361037.436049 0.867
9.762049674987793 1624361037.443043 0.867
9.762049674987793 1624361037.450089 0.867
9.762049674987793 1624361037.456974 0.867
9.762049674987793 1624361037.463994 0.867
9.762049674987793 1624361037.471004 0.867
9.762049674987793 1624361037.477975 0.867
9.762049674987793 1624361037.485009 0.867
9.762049674987793 1624361037.49203 0.867
9.762049674987793 1624361037.499039 0.867
9.762049674987793 1624361037.506068 0.867
9.762049674987793 1624361037.513062 0.867
9.762049674987793 1624361037.520114 0.867
9.762049674987793 1624361037.527053 0.867
9.762049674987793 1624361037.534131 0.867
9.762049674987793 1624361037.541106 0.867
9.762049674987793 1624361037.548064 0.867
9.762049674987793 1624361037.554981 0.867
9.762049674987793 1624361037.561918 0.867
9.762049674987793 1624361037.568876 0.867
9.762049674987793 1624361037.575985 0.867
9.762049674987793 1624361037.582876 0.867
9.762049674987793 1624361037.589847 0.867
9.762049674987793 1624361037.59695 0.867
9.762049674987793 1624361037.603925 0.867
9.762049674987793 1624361037.610869 0.867
9.762049674987793 1624361037.617862 0.867
9.762049674987793 1624361037.624915 0.867
9.762049674987793 1624361037.6319 0.867
9.762049674987793 1624361037.638864 0.867
9.762049674987793 1624361037.645889 0.867
