14.714898109436035 1624360786.745211 0.325
14.714898109436035 1624360786.752007 0.325
14.714898109436035 1624360786.759041 0.325
14.714898109436035 1624360786.766083 0.325
14.714898109436035 1624360786.773049 0.325
14.714898109436035 1624360786.780114 0.325
14.714898109436035 1624360786.787106 0.325
14.714898109436035 1624360786.793912 0.325
14.714898109436035 1624360786.801012 0.325
14.714898109436035 1624360786.808042 0.325
14.714898109436035 1624360786.814979 0.325
14.714898109436035 1624360786.822007 0.325
14.714898109436035 1624360786.828957 0.325
14.714898109436035 1624360786.835915 0.325
14.714898109436035 1624360786.843012 0.325
14.714898109436035 1624360786.84994 0.325
14.714898109436035 1624360786.856978 0.325
14.714898109436035 1624360786.863992 0.325
14.714898109436035 1624360786.871047 0.325
14.714898109436035 1624360786.878 0.325
14.101778030395508 1624360786.884951 0.325
14.714898109436035 1624360786.89206 0.325
14.714898109436035 1624360786.899028 0.325
14.714898109436035 1624360786.906087 0.325
14.714898109436035 1624360786.913079 0.325
14.714898109436035 1624360786.920058 0.325
14.714898109436035 1624360786.927062 0.325
14.714898109436035 1624360786.934074 0.325
14.714898109436035 1624360786.941054 0.325
14.714898109436035 1624360786.947889 0.325
14.714898109436035 1624360786.95492 0.325
14.714898109436035 1624360786.961855 0.325
14.714898109436035 1624360786.968898 0.325
14.714898109436035 1624360786.975976 0.325
14.714898109436035 1624360786.98291 0.325
14.714898109436035 1624360786.989951 0.325
14.714898109436035 1624360786.996954 0.325
14.714898109436035 1624360787.004053 0.325
14.714898109436035 1624360787.01088 0.325
14.714898109436035 1624360787.017923 0.325
14.714898109436035 1624360787.024915 0.325
14.714898109436035 1624360787.031933 0.325
14.101778030395508 1624360787.038911 0.325
14.714898109436035 1624360787.045927 0.325
14.714898109436035 1624360787.052958 0.325
14.714898109436035 1624360787.059998 0.325
14.714898109436035 1624360787.066957 0.325
14.101778030395508 1624360787.073961 0.325
14.714898109436035 1624360787.080956 0.325
14.714898109436035 1624360787.088027 0.325
14.714898109436035 1624360787.094943 0.325
14.714898109436035 1624360787.101765 0.325
14.101778030395508 1624360787.108846 0.325
14.714898109436035 1624360787.115856 0.325
14.714898109436035 1624360787.122843 0.325
14.714898109436035 1624360787.129895 0.325
14.714898109436035 1624360787.1369 0.325
14.714898109436035 1624360787.143893 0.325
14.714898109436035 1624360787.150881 0.325
14.70588207244873 1624360787.157953 0.325
14.714898109436035 1624360787.164914 0.325
14.714898109436035 1624360787.171989 0.325
14.714898109436035 1624360787.178948 0.325
14.714898109436035 1624360787.185994 0.325
14.101778030395508 1624360787.192931 0.325
14.714898109436035 1624360787.200006 0.325
14.714898109436035 1624360787.206885 0.325
14.101778030395508 1624360787.213877 0.325
14.714898109436035 1624360787.220864 0.325
14.101778030395508 1624360787.227863 0.325
14.714898109436035 1624360787.234879 0.325
14.714898109436035 1624360787.241879 0.325
14.70588207244873 1624360787.248906 0.325
14.70588207244873 1624360787.255918 0.325
14.714898109436035 1624360787.262881 0.325
14.714898109436035 1624360787.26976 0.325
14.101778030395508 1624360787.276785 0.325
14.714898109436035 1624360787.283791 0.325
14.714898109436035 1624360787.290857 0.325
14.101778030395508 1624360787.297805 0.325
14.714898109436035 1624360787.304828 0.325
14.714898109436035 1624360787.311894 0.325
14.714898109436035 1624360787.318844 0.325
14.714898109436035 1624360787.325844 0.325
14.101778030395508 1624360787.332861 0.325
14.714898109436035 1624360787.33991 0.325
14.101778030395508 1624360787.346856 0.325
14.714898109436035 1624360787.353896 0.325
14.714898109436035 1624360787.36085 0.325
14.714898109436035 1624360787.367906 0.325
14.714898109436035 1624360787.374891 0.325
14.714898109436035 1624360787.381976 0.325
14.714898109436035 1624360787.389033 0.325
14.714898109436035 1624360787.395926 0.325
14.714898109436035 1624360787.402906 0.325
14.714898109436035 1624360787.409991 0.325
14.714898109436035 1624360787.416749 0.325
14.714898109436035 1624360787.423806 0.325
14.70588207244873 1624360787.430833 0.325
14.714898109436035 1624360787.437753 0.325
14.714898109436035 1624360787.444789 0.325
14.101778030395508 1624360787.451742 0.325
14.714898109436035 1624360787.458775 0.325
14.714898109436035 1624360787.465817 0.325
14.714898109436035 1624360787.472896 0.325
14.714898109436035 1624360787.479805 0.325
14.714898109436035 1624360787.486897 0.325
14.714898109436035 1624360787.493905 0.325
14.714898109436035 1624360787.500901 0.325
14.714898109436035 1624360787.507854 0.325
14.714898109436035 1624360787.514863 0.325
14.714898109436035 1624360787.521883 0.325
14.714898109436035 1624360787.52891 0.325
14.101778030395508 1624360787.535857 0.325
14.714898109436035 1624360787.542841 0.325
14.714898109436035 1624360787.549843 0.325
14.714898109436035 1624360787.556735 0.325
14.70588207244873 1624360787.56378 0.325
14.714898109436035 1624360787.570776 0.325
14.714898109436035 1624360787.57779 0.325
14.714898109436035 1624360787.584716 0.325
14.714898109436035 1624360787.591668 0.325
14.714898109436035 1624360787.598718 0.325
14.101778030395508 1624360787.605751 0.325
14.714898109436035 1624360787.612739 0.325
14.714898109436035 1624360787.619754 0.325
14.714898109436035 1624360787.626725 0.325
14.70588207244873 1624360787.633735 0.325
14.714898109436035 1624360787.640802 0.325
14.70588207244873 1624360787.647858 0.325
14.714898109436035 1624360787.654812 0.325
14.714898109436035 1624360787.661832 0.325
14.714898109436035 1624360787.668893 0.325
14.70588207244873 1624360787.675861 0.325
14.70588207244873 1624360787.682848 0.325
14.101778030395508 1624360787.689859 0.325
14.70588207244873 1624360787.69673 0.325
14.714898109436035 1624360787.703681 0.325
14.093137741088867 1624360787.71074 0.325
14.70588207244873 1624360787.717769 0.325
14.70588207244873 1624360787.724757 0.325
14.70588207244873 1624360787.73173 0.325
14.70588207244873 1624360787.738734 0.325
14.70588207244873 1624360787.745759 0.325
14.714898109436035 1624360787.752751 0.325
14.70588207244873 1624360787.759737 0.325
14.714898109436035 1624360787.766699 0.325
14.70588207244873 1624360787.773773 0.325
14.714898109436035 1624360787.780736 0.325
14.70588207244873 1624360787.787718 0.325
14.101778030395508 1624360787.794774 0.325
14.70588207244873 1624360787.801764 0.325
14.70588207244873 1624360787.808757 0.325
14.70588207244873 1624360787.815817 0.325
14.714898109436035 1624360787.822779 0.325
14.101778030395508 1624360787.829714 0.325
14.714898109436035 1624360787.836708 0.325
14.093137741088867 1624360787.843728 0.325
14.70588207244873 1624360787.850703 0.325
14.714898109436035 1624360787.857651 0.325
14.101778030395508 1624360787.864643 0.325
14.70588207244873 1624360787.871636 0.325
14.70588207244873 1624360787.878717 0.325
14.714898109436035 1624360787.885722 0.325
14.70588207244873 1624360787.892698 0.325
14.101778030395508 1624360787.899668 0.325
14.714898109436035 1624360787.906801 0.325
14.093137741088867 1624360787.913687 0.325
14.70588207244873 1624360787.920773 0.325
14.70588207244873 1624360787.927788 0.325
14.101778030395508 1624360787.93477 0.325
14.70588207244873 1624360787.941763 0.325
14.70588207244873 1624360787.948737 0.325
14.70588207244873 1624360787.955785 0.325
14.70588207244873 1624360787.962771 0.325
14.70588207244873 1624360787.969761 0.325
14.70588207244873 1624360787.976797 0.325
14.093137741088867 1624360787.983795 0.325
14.70588207244873 1624360787.990805 0.325
14.70588207244873 1624360787.997777 0.325
14.093137741088867 1624360788.004782 0.325
14.70588207244873 1624360788.01163 0.325
14.093137741088867 1624360788.018594 0.325
14.714898109436035 1624360788.025673 0.325
14.714898109436035 1624360788.032608 0.325
14.70588207244873 1624360788.039607 0.325
14.70588207244873 1624360788.046558 0.325
14.093137741088867 1624360788.053572 0.325
14.70588207244873 1624360788.060641 0.325
14.70588207244873 1624360788.067677 0.325
14.70588207244873 1624360788.074708 0.325
14.714898109436035 1624360788.081678 0.325
14.093137741088867 1624360788.088661 0.325
14.714898109436035 1624360788.095687 0.325
14.70588207244873 1624360788.102727 0.325
14.101778030395508 1624360788.109681 0.325
14.714898109436035 1624360788.116726 0.325
14.093137741088867 1624360788.123716 0.325
14.70588207244873 1624360788.130786 0.325
14.101778030395508 1624360788.13763 0.325
14.093137741088867 1624360788.144691 0.325
14.70588207244873 1624360788.151671 0.325
14.101778030395508 1624360788.158709 0.325
14.714898109436035 1624360788.165681 0.325
14.70588207244873 1624360788.172744 0.325
14.714898109436035 1624360788.179739 0.325
14.714898109436035 1624360788.18657 0.325
14.101778030395508 1624360788.193562 0.325
14.70588207244873 1624360788.200593 0.325
14.714898109436035 1624360788.20758 0.325
14.70588207244873 1624360788.214543 0.325
14.714898109436035 1624360788.221498 0.325
14.101778030395508 1624360788.228525 0.325
14.714898109436035 1624360788.235508 0.325
14.70588207244873 1624360788.242506 0.325
14.70588207244873 1624360788.249508 0.325
14.70588207244873 1624360788.256587 0.325
14.093137741088867 1624360788.263618 0.325
14.70588207244873 1624360788.270628 0.325
14.70588207244873 1624360788.277608 0.325
14.70588207244873 1624360788.28461 0.325
14.70588207244873 1624360788.291626 0.325
14.093137741088867 1624360788.298618 0.325
14.714898109436035 1624360788.30565 0.325
14.70588207244873 1624360788.312629 0.325
14.70588207244873 1624360788.31969 0.325
14.70588207244873 1624360788.326682 0.325
14.093137741088867 1624360788.333661 0.325
14.714898109436035 1624360788.340653 0.325
14.70588207244873 1624360788.347429 0.325
14.70588207244873 1624360788.354428 0.325
14.70588207244873 1624360788.361478 0.325
14.093137741088867 1624360788.36853 0.325
14.70588207244873 1624360788.375513 0.325
14.093137741088867 1624360788.382511 0.325
14.70588207244873 1624360788.389637 0.325
14.70588207244873 1624360788.396429 0.325
14.70588207244873 1624360788.403464 0.325
14.70588207244873 1624360788.410471 0.325
14.70588207244873 1624360788.41756 0.325
14.70588207244873 1624360788.424572 0.325
14.70588207244873 1624360788.431574 0.325
14.70588207244873 1624360788.438573 0.325
14.714898109436035 1624360788.445599 0.325
14.093137741088867 1624360788.452577 0.325
14.714898109436035 1624360788.459583 0.325
14.714898109436035 1624360788.466623 0.325
14.70588207244873 1624360788.473634 0.325
14.70588207244873 1624360788.48064 0.325
14.093137741088867 1624360788.487635 0.325
14.70588207244873 1624360788.49466 0.325
14.70588207244873 1624360788.501472 0.325
14.101778030395508 1624360788.508447 0.325
14.70588207244873 1624360788.515497 0.325
14.70588207244873 1624360788.522468 0.325
14.70588207244873 1624360788.529501 0.325
14.70588207244873 1624360788.53649 0.325
14.714898109436035 1624360788.543525 0.325
14.714898109436035 1624360788.550531 0.325
14.093137741088867 1624360788.557596 0.325
14.70588207244873 1624360788.564532 0.325
14.70588207244873 1624360788.571521 0.325
14.70588207244873 1624360788.578575 0.325
14.70588207244873 1624360788.585541 0.325
14.093137741088867 1624360788.592509 0.325
14.70588207244873 1624360788.599528 0.325
14.714898109436035 1624360788.606463 0.325
14.093137741088867 1624360788.61346 0.325
14.70588207244873 1624360788.62049 0.325
14.093137741088867 1624360788.627553 0.325
14.70588207244873 1624360788.634546 0.325
14.70588207244873 1624360788.641511 0.325
14.70588207244873 1624360788.648553 0.325
14.70588207244873 1624360788.655551 0.325
14.093137741088867 1624360788.662513 0.325
14.70588207244873 1624360788.669608 0.325
14.70588207244873 1624360788.676512 0.325
14.70588207244873 1624360788.68341 0.325
14.70588207244873 1624360788.690479 0.325
14.093137741088867 1624360788.697411 0.325
14.714898109436035 1624360788.704487 0.325
14.70588207244873 1624360788.711466 0.325
14.70588207244873 1624360788.718531 0.325
14.70588207244873 1624360788.725439 0.325
14.101778030395508 1624360788.732417 0.325
14.70588207244873 1624360788.739418 0.325
14.70588207244873 1624360788.746413 0.325
14.70588207244873 1624360788.753509 0.325
14.70588207244873 1624360788.760544 0.325
14.093137741088867 1624360788.767545 0.325
14.70588207244873 1624360788.774553 0.325
14.093137741088867 1624360788.781615 0.325
14.70588207244873 1624360788.788508 0.325
14.101778030395508 1624360788.795496 0.325
14.093137741088867 1624360788.802509 0.325
14.70588207244873 1624360788.809515 0.325
14.093137741088867 1624360788.816516 0.325
14.70588207244873 1624360788.823466 0.325
14.70588207244873 1624360788.830433 0.325
14.093137741088867 1624360788.837387 0.325
14.70588207244873 1624360788.844319 0.325
14.093137741088867 1624360788.851397 0.325
14.70588207244873 1624360788.858296 0.325
14.70588207244873 1624360788.86539 0.325
14.70588207244873 1624360788.872298 0.325
14.714898109436035 1624360788.879327 0.325
14.093137741088867 1624360788.886348 0.325
14.70588207244873 1624360788.893486 0.325
14.70588207244873 1624360788.900414 0.325
14.093137741088867 1624360788.907481 0.325
14.70588207244873 1624360788.914463 0.325
14.093137741088867 1624360788.921475 0.325
14.70588207244873 1624360788.928484 0.325
14.70588207244873 1624360788.935471 0.325
14.70588207244873 1624360788.942486 0.325
14.70588207244873 1624360788.949477 0.325
14.093137741088867 1624360788.95646 0.325
14.70588207244873 1624360788.963511 0.325
14.093137741088867 1624360788.970516 0.325
14.093137741088867 1624360788.97754 0.325
14.70588207244873 1624360788.984525 0.325
14.093137741088867 1624360788.991354 0.325
14.70588207244873 1624360788.998352 0.325
14.093137741088867 1624360789.005349 0.325
14.70588207244873 1624360789.012372 0.325
14.70588207244873 1624360789.019321 0.325
14.093137741088867 1624360789.026317 0.325
14.70588207244873 1624360789.03333 0.325
14.70588207244873 1624360789.040392 0.325
14.70588207244873 1624360789.047308 0.325
14.70588207244873 1624360789.054403 0.325
14.093137741088867 1624360789.061367 0.325
14.70588207244873 1624360789.068304 0.325
14.70588207244873 1624360789.075281 0.325
14.70588207244873 1624360789.082289 0.325
14.70588207244873 1624360789.089398 0.325
14.093137741088867 1624360789.096359 0.325
14.70588207244873 1624360789.103401 0.325
14.093137741088867 1624360789.110401 0.325
14.70588207244873 1624360789.117445 0.325
14.70588207244873 1624360789.12437 0.325
14.093137741088867 1624360789.131449 0.325
14.70588207244873 1624360789.138274 0.325
14.093137741088867 1624360789.145288 0.325
14.70588207244873 1624360789.152254 0.325
14.70588207244873 1624360789.159213 0.325
14.093137741088867 1624360789.16619 0.325
14.70588207244873 1624360789.173252 0.325
14.093137741088867 1624360789.18032 0.325
14.70588207244873 1624360789.187326 0.325
14.70588207244873 1624360789.194287 0.325
14.70588207244873 1624360789.201298 0.325
14.70588207244873 1624360789.208348 0.325
14.093137741088867 1624360789.215346 0.325
14.70588207244873 1624360789.222337 0.325
14.70588207244873 1624360789.229327 0.325
14.093137741088867 1624360789.236432 0.325
14.70588207244873 1624360789.243377 0.325
14.093137741088867 1624360789.2504 0.325
14.70588207244873 1624360789.257369 0.325
14.70588207244873 1624360789.264333 0.325
14.093137741088867 1624360789.27138 0.325
14.70588207244873 1624360789.278398 0.325
14.093137741088867 1624360789.285341 0.325
14.70588207244873 1624360789.292371 0.325
14.70588207244873 1624360789.299255 0.325
14.093137741088867 1624360789.306252 0.325
14.70588207244873 1624360789.313282 0.325
14.093137741088867 1624360789.320255 0.325
14.70588207244873 1624360789.327273 0.325
14.093137741088867 1624360789.334251 0.325
14.70588207244873 1624360789.341205 0.325
14.093137741088867 1624360789.348233 0.325
14.093137741088867 1624360789.355276 0.325
14.093137741088867 1624360789.36224 0.325
14.70588207244873 1624360789.369255 0.325
14.093137741088867 1624360789.376255 0.325
14.70588207244873 1624360789.383307 0.325
14.093137741088867 1624360789.390332 0.325
14.70588207244873 1624360789.397354 0.325
14.093137741088867 1624360789.40439 0.325
14.70588207244873 1624360789.411308 0.325
14.70588207244873 1624360789.418347 0.325
14.093137741088867 1624360789.425363 0.325
14.70588207244873 1624360789.432381 0.325
14.70588207244873 1624360789.439258 0.325
14.70588207244873 1624360789.446288 0.325
14.70588207244873 1624360789.453231 0.325
14.093137741088867 1624360789.460349 0.325
14.70588207244873 1624360789.467173 0.325
14.093137741088867 1624360789.474398 0.325
14.70588207244873 1624360789.481121 0.325
14.70588207244873 1624360789.488123 0.325
14.093137741088867 1624360789.495127 0.325
14.70588207244873 1624360789.502239 0.325
14.093137741088867 1624360789.509204 0.325
14.093137741088867 1624360789.516149 0.325
14.093137741088867 1624360789.523217 0.325
14.093137741088867 1624360789.530268 0.325
14.70588207244873 1624360789.537272 0.325
14.093137741088867 1624360789.544243 0.325
14.70588207244873 1624360789.551276 0.325
14.70588207244873 1624360789.558241 0.325
14.093137741088867 1624360789.565249 0.325
14.70588207244873 1624360789.572263 0.325
14.093137741088867 1624360789.580254 0.325
14.70588207244873 1624360789.58728 0.325
14.70588207244873 1624360789.594332 0.325
14.093137741088867 1624360789.601416 0.325
14.70588207244873 1624360789.608282 0.325
14.093137741088867 1624360789.615097 0.325
14.70588207244873 1624360789.622093 0.325
14.093137741088867 1624360789.629114 0.325
14.093137741088867 1624360789.636101 0.325
14.093137741088867 1624360789.643176 0.325
14.093137741088867 1624360789.65017 0.325
14.70588207244873 1624360789.657213 0.325
14.70588207244873 1624360789.664207 0.325
14.093137741088867 1624360789.671213 0.325
14.70588207244873 1624360789.678224 0.325
14.093137741088867 1624360789.685162 0.325
14.70588207244873 1624360789.692267 0.325
14.093137741088867 1624360789.699205 0.325
14.093137741088867 1624360789.706282 0.325
14.093137741088867 1624360789.713284 0.325
14.093137741088867 1624360789.720104 0.325
14.70588207244873 1624360789.727269 0.325
14.093137741088867 1624360789.734167 0.325
14.70588207244873 1624360789.741167 0.325
14.70588207244873 1624360789.748234 0.325
14.093137741088867 1624360789.755283 0.325
14.70588207244873 1624360789.762244 0.325
14.093137741088867 1624360789.769196 0.325
14.70588207244873 1624360789.776103 0.325
14.70588207244873 1624360789.783188 0.325
14.093137741088867 1624360789.790096 0.325
14.70588207244873 1624360789.797121 0.325
14.093137741088867 1624360789.804102 0.325
14.70588207244873 1624360789.811144 0.325
14.093137741088867 1624360789.818086 0.325
14.093137741088867 1624360789.825129 0.325
14.70588207244873 1624360789.832142 0.325
14.093137741088867 1624360789.839177 0.325
14.093137741088867 1624360789.846241 0.325
14.70588207244873 1624360789.8532 0.325
14.093137741088867 1624360789.860205 0.325
14.093137741088867 1624360789.867184 0.325
14.093137741088867 1624360789.874263 0.325
14.093137741088867 1624360789.881247 0.325
14.093137741088867 1624360789.888389 0.325
14.70588207244873 1624360789.896136 0.325
14.093137741088867 1624360789.903155 0.325
14.093137741088867 1624360789.910079 0.325
14.70588207244873 1624360789.917066 0.325
14.093137741088867 1624360789.924028 0.325
14.70588207244873 1624360789.931092 0.325
14.70588207244873 1624360789.938151 0.325
14.093137741088867 1624360789.9451 0.325
14.70588207244873 1624360789.952043 0.325
14.093137741088867 1624360789.959077 0.325
14.70588207244873 1624360789.966082 0.325
14.70588207244873 1624360789.973117 0.325
14.093137741088867 1624360789.980035 0.325
14.70588207244873 1624360789.987136 0.325
14.093137741088867 1624360789.9941 0.325
14.093137741088867 1624360790.001125 0.325
14.093137741088867 1624360790.008074 0.325
14.093137741088867 1624360790.015122 0.325
14.70588207244873 1624360790.022091 0.325
14.093137741088867 1624360790.029129 0.325
14.093137741088867 1624360790.036108 0.325
14.70588207244873 1624360790.043101 0.325
14.093137741088867 1624360790.050191 0.325
14.70588207244873 1624360790.057162 0.325
14.093137741088867 1624360790.064116 0.325
14.70588207244873 1624360790.071166 0.325
14.70588207244873 1624360790.077964 0.325
14.093137741088867 1624360790.084995 0.325
14.70588207244873 1624360790.092065 0.325
14.093137741088867 1624360790.099063 0.325
14.70588207244873 1624360790.106066 0.325
14.093137741088867 1624360790.112995 0.325
14.70588207244873 1624360790.120047 0.325
14.70588207244873 1624360790.127028 0.325
14.093137741088867 1624360790.134052 0.325
14.093137741088867 1624360790.141094 0.325
14.093137741088867 1624360790.148032 0.325
14.093137741088867 1624360790.155114 0.325
14.70588207244873 1624360790.162087 0.325
14.093137741088867 1624360790.169035 0.325
14.093137741088867 1624360790.176037 0.325
14.093137741088867 1624360790.182995 0.325
14.093137741088867 1624360790.190131 0.325
14.70588207244873 1624360790.197083 0.325
14.093137741088867 1624360790.204175 0.325
14.093137741088867 1624360790.211056 0.325
14.093137741088867 1624360790.218111 0.325
14.70588207244873 1624360790.225144 0.325
14.093137741088867 1624360790.232144 0.325
14.093137741088867 1624360790.239168 0.325
14.70588207244873 1624360790.246005 0.325
14.093137741088867 1624360790.253001 0.325
14.70588207244873 1624360790.259984 0.325
14.70588207244873 1624360790.267006 0.325
14.093137741088867 1624360790.27401 0.325
14.093137741088867 1624360790.28096 0.325
14.093137741088867 1624360790.288012 0.325
14.093137741088867 1624360790.294983 0.325
14.70588207244873 1624360790.302018 0.325
14.093137741088867 1624360790.309059 0.325
14.70588207244873 1624360790.316072 0.325
14.093137741088867 1624360790.323058 0.325
14.70588207244873 1624360790.330077 0.325
14.70588207244873 1624360790.337058 0.325
14.093137741088867 1624360790.344045 0.325
14.70588207244873 1624360790.351034 0.325
14.093137741088867 1624360790.358025 0.325
14.70588207244873 1624360790.365013 0.325
14.093137741088867 1624360790.372011 0.325
14.093137741088867 1624360790.379007 0.325
14.093137741088867 1624360790.386023 0.325
14.093137741088867 1624360790.392857 0.325
14.70588207244873 1624360790.39993 0.325
14.093137741088867 1624360790.406858 0.325
14.093137741088867 1624360790.413862 0.325
14.70588207244873 1624360790.42085 0.325
14.093137741088867 1624360790.427844 0.325
14.70588207244873 1624360790.434822 0.325
14.093137741088867 1624360790.441879 0.325
14.093137741088867 1624360790.448999 0.325
14.70588207244873 1624360790.455829 0.325
14.093137741088867 1624360790.462952 0.325
14.70588207244873 1624360790.469871 0.325
14.093137741088867 1624360790.476937 0.325
14.093137741088867 1624360790.483989 0.325
14.093137741088867 1624360790.490976 0.325
14.093137741088867 1624360790.497914 0.325
14.093137741088867 1624360790.504907 0.325
14.093137741088867 1624360790.511933 0.325
14.093137741088867 1624360790.518986 0.325
14.70588207244873 1624360790.525985 0.325
14.093137741088867 1624360790.53301 0.325
14.70588207244873 1624360790.540059 0.325
14.093137741088867 1624360790.547012 0.325
14.70588207244873 1624360790.554057 0.325
14.093137741088867 1624360790.561038 0.325
14.093137741088867 1624360790.56797 0.325
14.70588207244873 1624360790.574969 0.325
14.093137741088867 1624360790.58202 0.325
14.093137741088867 1624360790.58897 0.325
14.093137741088867 1624360790.595828 0.325
14.093137741088867 1624360790.602862 0.325
14.70588207244873 1624360790.609768 0.325
14.093137741088867 1624360790.616773 0.325
14.70588207244873 1624360790.623844 0.325
14.093137741088867 1624360790.630778 0.325
14.093137741088867 1624360790.637881 0.325
14.70588207244873 1624360790.644877 0.325
14.093137741088867 1624360790.651893 0.325
14.70588207244873 1624360790.658922 0.325
14.093137741088867 1624360790.66591 0.325
14.093137741088867 1624360790.672935 0.325
14.70588207244873 1624360790.679887 0.325
14.093137741088867 1624360790.686901 0.325
14.093137741088867 1624360790.693905 0.325
14.093137741088867 1624360790.700988 0.325
14.093137741088867 1624360790.707915 0.325
14.70588207244873 1624360790.714966 0.325
14.093137741088867 1624360790.721947 0.325
14.70588207244873 1624360790.728958 0.325
14.093137741088867 1624360790.735931 0.325
14.093137741088867 1624360790.742912 0.325
14.093137741088867 1624360790.74999 0.325
14.093137741088867 1624360790.757039 0.325
14.70588207244873 1624360790.764853 0.325
14.093137741088867 1624360790.771809 0.325
14.70588207244873 1624360790.778854 0.325
14.70588207244873 1624360790.785841 0.325
14.093137741088867 1624360790.792822 0.325
14.093137741088867 1624360790.799867 0.325
14.093137741088867 1624360790.806844 0.325
14.093137741088867 1624360790.81384 0.325
14.093137741088867 1624360790.820825 0.325
14.093137741088867 1624360790.82785 0.325
14.093137741088867 1624360790.834906 0.325
14.093137741088867 1624360790.841796 0.325
14.093137741088867 1624360790.848854 0.325
14.70588207244873 1624360790.855768 0.325
14.093137741088867 1624360790.86277 0.325
14.70588207244873 1624360790.869884 0.325
14.093137741088867 1624360790.876884 0.325
14.70588207244873 1624360790.883891 0.325
14.093137741088867 1624360790.890905 0.325
14.093137741088867 1624360790.897926 0.325
14.70588207244873 1624360790.904927 0.325
14.093137741088867 1624360790.912001 0.325
14.093137741088867 1624360790.918924 0.325
14.093137741088867 1624360790.925905 0.325
14.093137741088867 1624360790.9328 0.325
14.093137741088867 1624360790.939823 0.325
14.093137741088867 1624360790.946855 0.325
14.70588207244873 1624360790.953856 0.325
14.093137741088867 1624360790.960856 0.325
14.093137741088867 1624360790.967749 0.325
14.70588207244873 1624360790.974859 0.325
14.093137741088867 1624360790.9817 0.325
14.70588207244873 1624360790.988823 0.325
14.093137741088867 1624360790.995734 0.325
14.093137741088867 1624360791.002731 0.325
14.70588207244873 1624360791.009777 0.325
14.093137741088867 1624360791.016824 0.325
14.70588207244873 1624360791.023792 0.325
14.093137741088867 1624360791.030734 0.325
14.093137741088867 1624360791.0377 0.325
14.70588207244873 1624360791.044714 0.325
14.093137741088867 1624360791.051786 0.325
14.093137741088867 1624360791.058721 0.325
14.093137741088867 1624360791.065871 0.325
14.70588207244873 1624360791.072908 0.325
14.70588207244873 1624360791.07984 0.325
14.093137741088867 1624360791.0868 0.325
14.093137741088867 1624360791.093841 0.325
14.093137741088867 1624360791.100824 0.325
14.093137741088867 1624360791.10785 0.325
14.70588207244873 1624360791.114852 0.325
14.093137741088867 1624360791.121871 0.325
14.093137741088867 1624360791.128852 0.325
14.093137741088867 1624360791.135807 0.325
14.70588207244873 1624360791.142862 0.325
14.70588207244873 1624360791.149822 0.325
14.093137741088867 1624360791.1569 0.325
14.70588207244873 1624360791.163853 0.325
14.093137741088867 1624360791.170782 0.325
14.70588207244873 1624360791.177674 0.325
14.70588207244873 1624360791.184619 0.325
14.093137741088867 1624360791.191697 0.325
14.70588207244873 1624360791.198722 0.325
14.093137741088867 1624360791.205709 0.325
14.093137741088867 1624360791.212781 0.325
14.70588207244873 1624360791.21977 0.325
14.093137741088867 1624360791.226783 0.325
14.093137741088867 1624360791.23372 0.325
14.093137741088867 1624360791.240695 0.325
14.70588207244873 1624360791.247693 0.325
14.093137741088867 1624360791.25481 0.325
14.093137741088867 1624360791.261728 0.325
14.70588207244873 1624360791.268801 0.325
14.093137741088867 1624360791.275785 0.325
14.70588207244873 1624360791.28279 0.325
14.70588207244873 1624360791.289763 0.325
14.093137741088867 1624360791.2968 0.325
14.70588207244873 1624360791.303821 0.325
14.093137741088867 1624360791.310835 0.325
14.70588207244873 1624360791.317804 0.325
14.093137741088867 1624360791.324723 0.325
14.093137741088867 1624360791.331725 0.325
14.70588207244873 1624360791.338761 0.325
14.093137741088867 1624360791.345789 0.325
14.70588207244873 1624360791.352714 0.325
14.093137741088867 1624360791.359614 0.325
14.093137741088867 1624360791.366658 0.325
14.093137741088867 1624360791.373692 0.325
14.093137741088867 1624360791.380608 0.325
14.70588207244873 1624360791.38758 0.325
14.093137741088867 1624360791.394642 0.325
14.70588207244873 1624360791.401707 0.325
14.093137741088867 1624360791.408714 0.325
14.093137741088867 1624360791.415703 0.325
14.70588207244873 1624360791.422729 0.325
14.093137741088867 1624360791.429793 0.325
14.70588207244873 1624360791.436675 0.325
14.70588207244873 1624360791.443785 0.325
14.093137741088867 1624360791.45072 0.325
14.70588207244873 1624360791.457772 0.325
14.093137741088867 1624360791.464734 0.325
14.70588207244873 1624360791.471804 0.325
14.093137741088867 1624360791.478731 0.325
14.093137741088867 1624360791.485684 0.325
14.093137741088867 1624360791.492695 0.325
14.093137741088867 1624360791.499711 0.325
14.093137741088867 1624360791.50679 0.325
14.093137741088867 1624360791.513798 0.325
14.093137741088867 1624360791.520849 0.325
14.093137741088867 1624360791.527793 0.325
14.093137741088867 1624360791.534784 0.325
14.093137741088867 1624360791.541749 0.325
14.093137741088867 1624360791.548813 0.325
14.093137741088867 1624360791.555606 0.325
14.70588207244873 1624360791.562644 0.325
14.093137741088867 1624360791.569566 0.325
14.70588207244873 1624360791.576629 0.325
14.093137741088867 1624360791.583534 0.325
14.70588207244873 1624360791.590614 0.325
14.70588207244873 1624360791.597649 0.325
14.093137741088867 1624360791.604612 0.325
14.093137741088867 1624360791.611621 0.325
14.093137741088867 1624360791.618645 0.325
14.093137741088867 1624360791.625652 0.325
14.70588207244873 1624360791.63265 0.325
14.093137741088867 1624360791.639659 0.325
14.70588207244873 1624360791.646661 0.325
14.093137741088867 1624360791.653673 0.325
14.093137741088867 1624360791.660644 0.325
14.70588207244873 1624360791.667694 0.325
14.093137741088867 1624360791.674717 0.325
14.70588207244873 1624360791.681776 0.325
14.093137741088867 1624360791.688663 0.325
14.70588207244873 1624360791.695725 0.325
14.093137741088867 1624360791.702714 0.325
14.093137741088867 1624360791.709706 0.325
14.70588207244873 1624360791.716716 0.325
14.093137741088867 1624360791.723701 0.325
14.093137741088867 1624360791.730768 0.325
14.093137741088867 1624360791.737545 0.325
14.093137741088867 1624360791.744526 0.325
14.093137741088867 1624360791.751582 0.325
14.093137741088867 1624360791.75859 0.325
14.70588207244873 1624360791.765565 0.325
14.70588207244873 1624360791.772511 0.325
14.093137741088867 1624360791.779466 0.325
14.70588207244873 1624360791.786486 0.325
14.093137741088867 1624360791.793574 0.325
14.70588207244873 1624360791.800656 0.325
14.70588207244873 1624360791.807638 0.325
14.093137741088867 1624360791.81464 0.325
14.093137741088867 1624360791.821623 0.325
14.093137741088867 1624360791.828609 0.325
14.70588207244873 1624360791.8356 0.325
14.093137741088867 1624360791.842676 0.325
14.093137741088867 1624360791.849636 0.325
14.093137741088867 1624360791.856665 0.325
14.093137741088867 1624360791.863661 0.325
14.093137741088867 1624360791.870674 0.325
14.093137741088867 1624360791.877669 0.325
14.093137741088867 1624360791.884655 0.325
14.70588207244873 1624360791.891646 0.325
14.093137741088867 1624360791.898667 0.325
14.093137741088867 1624360791.905629 0.325
14.093137741088867 1624360791.912465 0.325
14.093137741088867 1624360791.919522 0.325
14.093137741088867 1624360791.926538 0.325
14.093137741088867 1624360791.933523 0.325
14.70588207244873 1624360791.940437 0.325
14.093137741088867 1624360791.947431 0.325
14.70588207244873 1624360791.954417 0.325
14.70588207244873 1624360791.961462 0.325
14.093137741088867 1624360791.968501 0.325
14.70588207244873 1624360791.975459 0.325
14.093137741088867 1624360791.982479 0.325
14.093137741088867 1624360791.989464 0.325
14.093137741088867 1624360791.996451 0.325
14.093137741088867 1624360792.003421 0.325
14.70588207244873 1624360792.010436 0.325
14.093137741088867 1624360792.017553 0.325
14.093137741088867 1624360792.024605 0.325
14.093137741088867 1624360792.031571 0.325
14.093137741088867 1624360792.03862 0.325
14.093137741088867 1624360792.045551 0.325
14.093137741088867 1624360792.052606 0.325
14.70588207244873 1624360792.059587 0.325
14.093137741088867 1624360792.066546 0.325
14.093137741088867 1624360792.073586 0.325
14.093137741088867 1624360792.08057 0.325
14.093137741088867 1624360792.087516 0.325
14.093137741088867 1624360792.094523 0.325
14.093137741088867 1624360792.101641 0.325
14.093137741088867 1624360792.10863 0.325
14.70588207244873 1624360792.11564 0.325
14.093137741088867 1624360792.122383 0.325
14.093137741088867 1624360792.129382 0.325
14.093137741088867 1624360792.136404 0.325
14.093137741088867 1624360792.143407 0.325
14.093137741088867 1624360792.150429 0.325
14.093137741088867 1624360792.157466 0.325
14.093137741088867 1624360792.164503 0.325
14.093137741088867 1624360792.17152 0.325
14.093137741088867 1624360792.178483 0.325
14.093137741088867 1624360792.185478 0.325
14.093137741088867 1624360792.192498 0.325
14.70588207244873 1624360792.199481 0.325
14.093137741088867 1624360792.206447 0.325
14.093137741088867 1624360792.213457 0.325
14.70588207244873 1624360792.22055 0.325
14.093137741088867 1624360792.22747 0.325
14.093137741088867 1624360792.234458 0.325
14.093137741088867 1624360792.241441 0.325
14.093137741088867 1624360792.248526 0.325
14.70588207244873 1624360792.255508 0.325
14.093137741088867 1624360792.262491 0.325
14.70588207244873 1624360792.269477 0.325
14.093137741088867 1624360792.276447 0.325
14.70588207244873 1624360792.283493 0.325
14.093137741088867 1624360792.290467 0.325
14.093137741088867 1624360792.297339 0.325
14.70588207244873 1624360792.30441 0.325
14.093137741088867 1624360792.311396 0.325
14.70588207244873 1624360792.318406 0.325
14.093137741088867 1624360792.325398 0.325
14.093137741088867 1624360792.332432 0.325
14.093137741088867 1624360792.339411 0.325
14.093137741088867 1624360792.346466 0.325
14.70588207244873 1624360792.353439 0.325
14.093137741088867 1624360792.3604 0.325
14.093137741088867 1624360792.367413 0.325
14.70588207244873 1624360792.374395 0.325
14.093137741088867 1624360792.381438 0.325
14.70588207244873 1624360792.388421 0.325
14.093137741088867 1624360792.39543 0.325
14.093137741088867 1624360792.402475 0.325
14.093137741088867 1624360792.409368 0.325
14.093137741088867 1624360792.416383 0.325
14.093137741088867 1624360792.423431 0.325
14.093137741088867 1624360792.430416 0.325
14.093137741088867 1624360792.4374 0.325
14.093137741088867 1624360792.444501 0.325
14.093137741088867 1624360792.451479 0.325
14.093137741088867 1624360792.458544 0.325
14.093137741088867 1624360792.46554 0.325
14.093137741088867 1624360792.47232 0.325
14.093137741088867 1624360792.479309 0.325
14.093137741088867 1624360792.486288 0.325
14.093137741088867 1624360792.49325 0.325
14.093137741088867 1624360792.500284 0.325
14.093137741088867 1624360792.507281 0.325
14.70588207244873 1624360792.514301 0.325
14.093137741088867 1624360792.521439 0.325
14.093137741088867 1624360792.52836 0.325
14.093137741088867 1624360792.535392 0.325
14.093137741088867 1624360792.542286 0.325
14.70588207244873 1624360792.549367 0.325
14.093137741088867 1624360792.556423 0.325
14.70588207244873 1624360792.563327 0.325
14.093137741088867 1624360792.570356 0.325
14.093137741088867 1624360792.577356 0.325
14.093137741088867 1624360792.584463 0.325
14.093137741088867 1624360792.591424 0.325
14.70588207244873 1624360792.598389 0.325
14.093137741088867 1624360792.605397 0.325
14.093137741088867 1624360792.612449 0.325
14.70588207244873 1624360792.619446 0.325
14.093137741088867 1624360792.62648 0.325
14.093137741088867 1624360792.633472 0.325
14.093137741088867 1624360792.640443 0.325
14.093137741088867 1624360792.647286 0.325
14.093137741088867 1624360792.654291 0.325
14.093137741088867 1624360792.66127 0.325
14.70588207244873 1624360792.66827 0.325
14.093137741088867 1624360792.675292 0.325
14.093137741088867 1624360792.682297 0.325
14.093137741088867 1624360792.689325 0.325
14.093137741088867 1624360792.696283 0.325
14.093137741088867 1624360792.70329 0.325
14.093137741088867 1624360792.71036 0.325
14.093137741088867 1624360792.717298 0.325
14.093137741088867 1624360792.724302 0.325
14.093137741088867 1624360792.73136 0.325
14.70588207244873 1624360792.738265 0.325
14.093137741088867 1624360792.745289 0.325
14.093137741088867 1624360792.752323 0.325
14.093137741088867 1624360792.759293 0.325
14.093137741088867 1624360792.766268 0.325
14.093137741088867 1624360792.77333 0.325
14.093137741088867 1624360792.780347 0.325
14.70588207244873 1624360792.787394 0.325
14.093137741088867 1624360792.794422 0.325
14.093137741088867 1624360792.801412 0.325
14.093137741088867 1624360792.808364 0.325
14.093137741088867 1624360792.815458 0.325
14.093137741088867 1624360792.82243 0.325
14.093137741088867 1624360792.829354 0.325
14.70588207244873 1624360792.836126 0.325
14.093137741088867 1624360792.843175 0.325
14.093137741088867 1624360792.85023 0.325
14.70588207244873 1624360792.857231 0.325
14.093137741088867 1624360792.864259 0.325
14.093137741088867 1624360792.87126 0.325
14.093137741088867 1624360792.878268 0.325
14.093137741088867 1624360792.885297 0.325
14.093137741088867 1624360792.892282 0.325
14.093137741088867 1624360792.899311 0.325
14.70588207244873 1624360792.906292 0.325
14.093137741088867 1624360792.913274 0.325
14.093137741088867 1624360792.920279 0.325
14.093137741088867 1624360792.927234 0.325
14.093137741088867 1624360792.93426 0.325
14.70588207244873 1624360792.941252 0.325
14.093137741088867 1624360792.948221 0.325
14.093137741088867 1624360792.95527 0.325
14.093137741088867 1624360792.962232 0.325
14.093137741088867 1624360792.969395 0.325
14.70588207244873 1624360792.976324 0.325
14.093137741088867 1624360792.983346 0.325
14.093137741088867 1624360792.990217 0.325
14.093137741088867 1624360792.997253 0.325
14.093137741088867 1624360793.004242 0.325
14.093137741088867 1624360793.011211 0.325
14.093137741088867 1624360793.018244 0.325
14.093137741088867 1624360793.02521 0.325
14.093137741088867 1624360793.0322 0.325
14.093137741088867 1624360793.039166 0.325
14.093137741088867 1624360793.046183 0.325
14.093137741088867 1624360793.053172 0.325
14.093137741088867 1624360793.060246 0.325
14.093137741088867 1624360793.067264 0.325
14.093137741088867 1624360793.07427 0.325
14.093137741088867 1624360793.081198 0.325
14.093137741088867 1624360793.088244 0.325
14.093137741088867 1624360793.095176 0.325
14.093137741088867 1624360793.102286 0.325
14.093137741088867 1624360793.109269 0.325
14.093137741088867 1624360793.116276 0.325
14.093137741088867 1624360793.123315 0.325
14.093137741088867 1624360793.130329 0.325
14.093137741088867 1624360793.137354 0.325
14.093137741088867 1624360793.144314 0.325
14.093137741088867 1624360793.151101 0.325
14.093137741088867 1624360793.158118 0.325
14.093137741088867 1624360793.165163 0.325
14.093137741088867 1624360793.172214 0.325
14.093137741088867 1624360793.17918 0.325
14.093137741088867 1624360793.186208 0.325
14.093137741088867 1624360793.193148 0.325
14.093137741088867 1624360793.200224 0.325
14.093137741088867 1624360793.207181 0.325
14.093137741088867 1624360793.214212 0.325
14.093137741088867 1624360793.221207 0.325
14.093137741088867 1624360793.228158 0.325
14.093137741088867 1624360793.235186 0.325
14.093137741088867 1624360793.242217 0.325
14.093137741088867 1624360793.249138 0.325
14.093137741088867 1624360793.256175 0.325
14.093137741088867 1624360793.263225 0.325
14.093137741088867 1624360793.270192 0.325
14.093137741088867 1624360793.27718 0.325
14.093137741088867 1624360793.284141 0.325
14.093137741088867 1624360793.291182 0.325
14.093137741088867 1624360793.298188 0.325
14.093137741088867 1624360793.305224 0.325
14.093137741088867 1624360793.312235 0.325
14.093137741088867 1624360793.319281 0.325
14.093137741088867 1624360793.326161 0.325
14.093137741088867 1624360793.333055 0.325
14.093137741088867 1624360793.3401 0.325
14.093137741088867 1624360793.347143 0.325
14.70588207244873 1624360793.354141 0.325
14.093137741088867 1624360793.361078 0.325
14.093137741088867 1624360793.368165 0.325
14.093137741088867 1624360793.375116 0.325
14.093137741088867 1624360793.382122 0.325
14.093137741088867 1624360793.389072 0.325
14.093137741088867 1624360793.396105 0.325
14.093137741088867 1624360793.403157 0.325
14.093137741088867 1624360793.410145 0.325
14.093137741088867 1624360793.417151 0.325
14.093137741088867 1624360793.424143 0.325
14.093137741088867 1624360793.431093 0.325
14.093137741088867 1624360793.438088 0.325
14.093137741088867 1624360793.445111 0.325
14.093137741088867 1624360793.452172 0.325
14.093137741088867 1624360793.459168 0.325
14.093137741088867 1624360793.466187 0.325
14.093137741088867 1624360793.473189 0.325
14.093137741088867 1624360793.480167 0.325
14.093137741088867 1624360793.487022 0.325
14.093137741088867 1624360793.494072 0.325
14.093137741088867 1624360793.501031 0.325
14.093137741088867 1624360793.508092 0.325
14.093137741088867 1624360793.515065 0.325
14.093137741088867 1624360793.522099 0.325
14.093137741088867 1624360793.529082 0.325
14.093137741088867 1624360793.536073 0.325
14.093137741088867 1624360793.543063 0.325
14.093137741088867 1624360793.550087 0.325
14.093137741088867 1624360793.557052 0.325
14.093137741088867 1624360793.564006 0.325
14.093137741088867 1624360793.570998 0.325
14.093137741088867 1624360793.578099 0.325
14.093137741088867 1624360793.585196 0.325
14.093137741088867 1624360793.592166 0.325
14.093137741088867 1624360793.599117 0.325
14.093137741088867 1624360793.606198 0.325
14.70588207244873 1624360793.613168 0.325
14.093137741088867 1624360793.620146 0.325
14.093137741088867 1624360793.627164 0.325
14.093137741088867 1624360793.634142 0.325
14.093137741088867 1624360793.64121 0.325
14.093137741088867 1624360793.648029 0.325
14.093137741088867 1624360793.655023 0.325
14.093137741088867 1624360793.662043 0.325
14.093137741088867 1624360793.668991 0.325
14.093137741088867 1624360793.675968 0.325
14.093137741088867 1624360793.683022 0.325
14.093137741088867 1624360793.690038 0.325
14.093137741088867 1624360793.696958 0.325
14.093137741088867 1624360793.703986 0.325
14.093137741088867 1624360793.711034 0.325
14.70588207244873 1624360793.717946 0.325
14.093137741088867 1624360793.725052 0.325
14.093137741088867 1624360793.732062 0.325
14.093137741088867 1624360793.739053 0.325
14.093137741088867 1624360793.746062 0.325
14.093137741088867 1624360793.753073 0.325
14.093137741088867 1624360793.760045 0.325
14.093137741088867 1624360793.767109 0.325
14.093137741088867 1624360793.774093 0.325
14.093137741088867 1624360793.781046 0.325
14.70588207244873 1624360793.78812 0.325
14.093137741088867 1624360793.795137 0.325
14.093137741088867 1624360793.802168 0.325
14.093137741088867 1624360793.809116 0.325
14.093137741088867 1624360793.815905 0.325
14.093137741088867 1624360793.822947 0.325
14.093137741088867 1624360793.830048 0.325
14.70588207244873 1624360793.836972 0.325
14.093137741088867 1624360793.843931 0.325
14.093137741088867 1624360793.850901 0.325
14.70588207244873 1624360793.857905 0.325
14.093137741088867 1624360793.864928 0.325
14.093137741088867 1624360793.872002 0.325
14.093137741088867 1624360793.878948 0.325
14.093137741088867 1624360793.886041 0.325
14.093137741088867 1624360793.893019 0.325
14.093137741088867 1624360793.899913 0.325
14.70588207244873 1624360793.906997 0.325
14.093137741088867 1624360793.914003 0.325
14.093137741088867 1624360793.921045 0.325
14.70588207244873 1624360793.928018 0.325
14.093137741088867 1624360793.935066 0.325
14.093137741088867 1624360793.942059 0.325
14.093137741088867 1624360793.949202 0.325
14.093137741088867 1624360793.956042 0.325
14.093137741088867 1624360793.963065 0.325
14.093137741088867 1624360793.970008 0.325
14.093137741088867 1624360793.977084 0.325
14.093137741088867 1624360793.983979 0.325
14.093137741088867 1624360793.99107 0.325
14.093137741088867 1624360793.998021 0.325
14.093137741088867 1624360794.004891 0.325
14.093137741088867 1624360794.011894 0.325
14.093137741088867 1624360794.018965 0.325
14.093137741088867 1624360794.02587 0.325
14.093137741088867 1624360794.032969 0.325
14.093137741088867 1624360794.039903 0.325
14.093137741088867 1624360794.046915 0.325
14.093137741088867 1624360794.053976 0.325
14.093137741088867 1624360794.060975 0.325
14.093137741088867 1624360794.068009 0.325
14.093137741088867 1624360794.074951 0.325
14.093137741088867 1624360794.081968 0.325
14.093137741088867 1624360794.08896 0.325
14.093137741088867 1624360794.096012 0.325
14.093137741088867 1624360794.102966 0.325
14.093137741088867 1624360794.109984 0.325
14.093137741088867 1624360794.116989 0.325
14.093137741088867 1624360794.123927 0.325
14.093137741088867 1624360794.130946 0.325
14.093137741088867 1624360794.137961 0.325
14.093137741088867 1624360794.145044 0.325
14.093137741088867 1624360794.152002 0.325
14.093137741088867 1624360794.158976 0.325
14.093137741088867 1624360794.166007 0.325
14.093137741088867 1624360794.173022 0.325
14.093137741088867 1624360794.180021 0.325
14.093137741088867 1624360794.186813 0.325
14.093137741088867 1624360794.193821 0.325
14.093137741088867 1624360794.200863 0.325
14.093137741088867 1624360794.207841 0.325
14.093137741088867 1624360794.214905 0.325
14.093137741088867 1624360794.221864 0.325
14.093137741088867 1624360794.22888 0.325
14.093137741088867 1624360794.235884 0.325
14.093137741088867 1624360794.242777 0.325
14.093137741088867 1624360794.249919 0.325
14.093137741088867 1624360794.256847 0.325
14.093137741088867 1624360794.263802 0.325
14.093137741088867 1624360794.270835 0.325
14.093137741088867 1624360794.277945 0.325
14.093137741088867 1624360794.284953 0.325
14.093137741088867 1624360794.291939 0.325
14.093137741088867 1624360794.298949 0.325
14.093137741088867 1624360794.305895 0.325
14.093137741088867 1624360794.312958 0.325
14.093137741088867 1624360794.319997 0.325
14.093137741088867 1624360794.326901 0.325
14.093137741088867 1624360794.333912 0.325
14.093137741088867 1624360794.34094 0.325
14.093137741088867 1624360794.348002 0.325
14.093137741088867 1624360794.354939 0.325
14.093137741088867 1624360794.361951 0.325
14.093137741088867 1624360794.368784 0.325
14.093137741088867 1624360794.375805 0.325
14.093137741088867 1624360794.382815 0.325
14.093137741088867 1624360794.389765 0.325
14.093137741088867 1624360794.396749 0.325
14.093137741088867 1624360794.403829 0.325
14.093137741088867 1624360794.410799 0.325
14.093137741088867 1624360794.417846 0.325
14.093137741088867 1624360794.424841 0.325
14.093137741088867 1624360794.43183 0.325
14.093137741088867 1624360794.438773 0.325
14.093137741088867 1624360794.445757 0.325
14.093137741088867 1624360794.452852 0.325
14.093137741088867 1624360794.459787 0.325
14.093137741088867 1624360794.466857 0.325
14.093137741088867 1624360794.473802 0.325
14.093137741088867 1624360794.480891 0.325
14.093137741088867 1624360794.487874 0.325
14.093137741088867 1624360794.494915 0.325
14.093137741088867 1624360794.501856 0.325
14.093137741088867 1624360794.50889 0.325
14.093137741088867 1624360794.515879 0.325
14.093137741088867 1624360794.522875 0.325
14.093137741088867 1624360794.52993 0.325
14.093137741088867 1624360794.536922 0.325
14.093137741088867 1624360794.543869 0.325
14.093137741088867 1624360794.550747 0.325
14.093137741088867 1624360794.557708 0.325
14.093137741088867 1624360794.56469 0.325
14.093137741088867 1624360794.571688 0.325
14.093137741088867 1624360794.578746 0.325
14.093137741088867 1624360794.585837 0.325
14.093137741088867 1624360794.592732 0.325
14.093137741088867 1624360794.599798 0.325
14.093137741088867 1624360794.606836 0.325
14.093137741088867 1624360794.613736 0.325
14.093137741088867 1624360794.620727 0.325
14.093137741088867 1624360794.62772 0.325
14.093137741088867 1624360794.634851 0.325
14.093137741088867 1624360794.641846 0.325
14.093137741088867 1624360794.648883 0.325
14.093137741088867 1624360794.655803 0.325
14.093137741088867 1624360794.662826 0.325
14.093137741088867 1624360794.669875 0.325
14.093137741088867 1624360794.676836 0.325
14.093137741088867 1624360794.683784 0.325
14.093137741088867 1624360794.690778 0.325
14.093137741088867 1624360794.697884 0.325
14.093137741088867 1624360794.704832 0.325
14.093137741088867 1624360794.711838 0.325
14.093137741088867 1624360794.718875 0.325
14.093137741088867 1624360794.725849 0.325
14.093137741088867 1624360794.732856 0.325
14.093137741088867 1624360794.739704 0.325
14.093137741088867 1624360794.746733 0.325
14.093137741088867 1624360794.753772 0.325
14.093137741088867 1624360794.760744 0.325
14.093137741088867 1624360794.76772 0.325
14.093137741088867 1624360794.774727 0.325
14.093137741088867 1624360794.781715 0.325
14.093137741088867 1624360794.788691 0.325
14.093137741088867 1624360794.795791 0.325
14.093137741088867 1624360794.802709 0.325
14.093137741088867 1624360794.809794 0.325
14.093137741088867 1624360794.816819 0.325
14.093137741088867 1624360794.823741 0.325
14.093137741088867 1624360794.830764 0.325
14.093137741088867 1624360794.837766 0.325
14.093137741088867 1624360794.844734 0.325
14.093137741088867 1624360794.851752 0.325
14.093137741088867 1624360794.858778 0.325
14.093137741088867 1624360794.865816 0.325
14.093137741088867 1624360794.872796 0.325
14.093137741088867 1624360794.879811 0.325
14.093137741088867 1624360794.886808 0.325
14.093137741088867 1624360794.893771 0.325
14.093137741088867 1624360794.900751 0.325
14.093137741088867 1624360794.907691 0.325
14.093137741088867 1624360794.91476 0.325
14.093137741088867 1624360794.921661 0.325
14.093137741088867 1624360794.928693 0.325
14.093137741088867 1624360794.935708 0.325
14.093137741088867 1624360794.942646 0.325
14.093137741088867 1624360794.949654 0.325
14.093137741088867 1624360794.956666 0.325
14.093137741088867 1624360794.963681 0.325
14.093137741088867 1624360794.970668 0.325
14.093137741088867 1624360794.977663 0.325
14.093137741088867 1624360794.984648 0.325
14.093137741088867 1624360794.991642 0.325
14.093137741088867 1624360794.998738 0.325
14.093137741088867 1624360795.005679 0.325
14.093137741088867 1624360795.012734 0.325
14.093137741088867 1624360795.019746 0.325
14.093137741088867 1624360795.026703 0.325
14.093137741088867 1624360795.033763 0.325
14.093137741088867 1624360795.040742 0.325
14.093137741088867 1624360795.047677 0.325
14.093137741088867 1624360795.054685 0.325
14.093137741088867 1624360795.061737 0.325
14.093137741088867 1624360795.068806 0.325
14.093137741088867 1624360795.075708 0.325
14.093137741088867 1624360795.082769 0.325
14.093137741088867 1624360795.089772 0.325
14.093137741088867 1624360795.096794 0.325
14.093137741088867 1624360795.103837 0.325
14.093137741088867 1624360795.110628 0.325
14.093137741088867 1624360795.117555 0.325
14.093137741088867 1624360795.124605 0.325
14.093137741088867 1624360795.131625 0.325
14.093137741088867 1624360795.138587 0.325
14.093137741088867 1624360795.145581 0.325
14.093137741088867 1624360795.152667 0.325
14.093137741088867 1624360795.159616 0.325
14.093137741088867 1624360795.166627 0.325
14.093137741088867 1624360795.173656 0.325
14.093137741088867 1624360795.180615 0.325
14.093137741088867 1624360795.187666 0.325
14.093137741088867 1624360795.19467 0.325
14.093137741088867 1624360795.201647 0.325
14.093137741088867 1624360795.208703 0.325
14.093137741088867 1624360795.215687 0.325
14.093137741088867 1624360795.222696 0.325
14.093137741088867 1624360795.229679 0.325
14.093137741088867 1624360795.23669 0.325
14.093137741088867 1624360795.243668 0.325
14.093137741088867 1624360795.250699 0.325
14.093137741088867 1624360795.257721 0.325
14.093137741088867 1624360795.264697 0.325
14.093137741088867 1624360795.271689 0.325
14.093137741088867 1624360795.278703 0.325
14.093137741088867 1624360795.285511 0.325
14.093137741088867 1624360795.292589 0.325
14.093137741088867 1624360795.299495 0.325
14.093137741088867 1624360795.306586 0.325
14.093137741088867 1624360795.313566 0.325
14.093137741088867 1624360795.320623 0.325
14.093137741088867 1624360795.327585 0.325
14.093137741088867 1624360795.334582 0.325
14.093137741088867 1624360795.341553 0.325
14.093137741088867 1624360795.348577 0.325
14.093137741088867 1624360795.355624 0.325
14.093137741088867 1624360795.362564 0.325
14.093137741088867 1624360795.369616 0.325
14.093137741088867 1624360795.37657 0.325
14.093137741088867 1624360795.383594 0.325
14.093137741088867 1624360795.390629 0.325
14.093137741088867 1624360795.397607 0.325
14.093137741088867 1624360795.404625 0.325
14.093137741088867 1624360795.411652 0.325
14.093137741088867 1624360795.418614 0.325
14.093137741088867 1624360795.425667 0.325
14.093137741088867 1624360795.432598 0.325
14.093137741088867 1624360795.439653 0.325
14.093137741088867 1624360795.446656 0.325
14.093137741088867 1624360795.453676 0.325
14.093137741088867 1624360795.460636 0.325
14.093137741088867 1624360795.467693 0.325
14.093137741088867 1624360795.474516 0.325
14.093137741088867 1624360795.481505 0.325
14.093137741088867 1624360795.488524 0.325
14.093137741088867 1624360795.495507 0.325
14.093137741088867 1624360795.502499 0.325
14.093137741088867 1624360795.509533 0.325
14.093137741088867 1624360795.516482 0.325
14.093137741088867 1624360795.523485 0.325
14.093137741088867 1624360795.530586 0.325
14.093137741088867 1624360795.53755 0.325
14.093137741088867 1624360795.544555 0.325
14.093137741088867 1624360795.551525 0.325
14.093137741088867 1624360795.558574 0.325
14.093137741088867 1624360795.565584 0.325
14.093137741088867 1624360795.572527 0.325
14.093137741088867 1624360795.579575 0.325
14.093137741088867 1624360795.58662 0.325
14.093137741088867 1624360795.593588 0.325
14.093137741088867 1624360795.600608 0.325
14.093137741088867 1624360795.607589 0.325
14.093137741088867 1624360795.614622 0.325
14.093137741088867 1624360795.621621 0.325
14.093137741088867 1624360795.628604 0.325
14.093137741088867 1624360795.635661 0.325
14.093137741088867 1624360795.642438 0.325
14.093137741088867 1624360795.649487 0.325
14.093137741088867 1624360795.656458 0.325
14.093137741088867 1624360795.663468 0.325
14.093137741088867 1624360795.670461 0.325
14.093137741088867 1624360795.677474 0.325
14.093137741088867 1624360795.684479 0.325
14.093137741088867 1624360795.691461 0.325
14.093137741088867 1624360795.698547 0.325
14.093137741088867 1624360795.705544 0.325
14.093137741088867 1624360795.712484 0.325
14.093137741088867 1624360795.719566 0.325
14.093137741088867 1624360795.726508 0.325
14.093137741088867 1624360795.733508 0.325
14.093137741088867 1624360795.740525 0.325
14.093137741088867 1624360795.747539 0.325
14.093137741088867 1624360795.754525 0.325
14.093137741088867 1624360795.761541 0.325
14.093137741088867 1624360795.768577 0.325
14.093137741088867 1624360795.775573 0.325
14.093137741088867 1624360795.782585 0.325
14.093137741088867 1624360795.789443 0.325
14.093137741088867 1624360795.796461 0.325
14.093137741088867 1624360795.803428 0.325
14.093137741088867 1624360795.810437 0.325
14.093137741088867 1624360795.817426 0.325
14.093137741088867 1624360795.824439 0.325
14.093137741088867 1624360795.831426 0.325
14.093137741088867 1624360795.838409 0.325
14.093137741088867 1624360795.845439 0.325
14.093137741088867 1624360795.852492 0.325
14.093137741088867 1624360795.859459 0.325
14.093137741088867 1624360795.866514 0.325
14.093137741088867 1624360795.873443 0.325
14.093137741088867 1624360795.880465 0.325
14.093137741088867 1624360795.887502 0.325
14.093137741088867 1624360795.894509 0.325
14.093137741088867 1624360795.901609 0.325
14.093137741088867 1624360795.908483 0.325
14.093137741088867 1624360795.915503 0.325
14.093137741088867 1624360795.92255 0.325
14.093137741088867 1624360795.929503 0.325
14.093137741088867 1624360795.93649 0.325
14.093137741088867 1624360795.9435 0.325
14.093137741088867 1624360795.950354 0.325
14.093137741088867 1624360795.957315 0.325
14.093137741088867 1624360795.964364 0.325
14.093137741088867 1624360795.971346 0.325
14.093137741088867 1624360795.978318 0.325
14.093137741088867 1624360795.985378 0.325
14.093137741088867 1624360795.992351 0.325
14.093137741088867 1624360795.999448 0.325
14.093137741088867 1624360796.006416 0.325
14.093137741088867 1624360796.013435 0.325
14.093137741088867 1624360796.020417 0.325
14.093137741088867 1624360796.02741 0.325
14.093137741088867 1624360796.034421 0.325
14.093137741088867 1624360796.041437 0.325
14.093137741088867 1624360796.048421 0.325
14.093137741088867 1624360796.055446 0.325
14.093137741088867 1624360796.062439 0.325
14.093137741088867 1624360796.069444 0.325
14.093137741088867 1624360796.076428 0.325
14.093137741088867 1624360796.083431 0.325
14.093137741088867 1624360796.090492 0.325
14.093137741088867 1624360796.097424 0.325
14.093137741088867 1624360796.10441 0.325
14.093137741088867 1624360796.111436 0.325
14.093137741088867 1624360796.118496 0.325
14.093137741088867 1624360796.125283 0.325
14.093137741088867 1624360796.132325 0.325
14.093137741088867 1624360796.139349 0.325
14.093137741088867 1624360796.146382 0.325
14.093137741088867 1624360796.153376 0.325
14.093137741088867 1624360796.160333 0.325
14.093137741088867 1624360796.16735 0.325
14.093137741088867 1624360796.174474 0.325
14.093137741088867 1624360796.181392 0.325
14.093137741088867 1624360796.188372 0.325
14.093137741088867 1624360796.195371 0.325
14.093137741088867 1624360796.202378 0.325
14.093137741088867 1624360796.20939 0.325
14.093137741088867 1624360796.216378 0.325
14.093137741088867 1624360796.223429 0.325
14.093137741088867 1624360796.230428 0.325
14.093137741088867 1624360796.237406 0.325
14.093137741088867 1624360796.244405 0.325
14.093137741088867 1624360796.251384 0.325
14.093137741088867 1624360796.258334 0.325
14.093137741088867 1624360796.265199 0.325
14.093137741088867 1624360796.272206 0.325
14.093137741088867 1624360796.279228 0.325
14.093137741088867 1624360796.286225 0.325
14.093137741088867 1624360796.293304 0.325
14.093137741088867 1624360796.300258 0.325
14.093137741088867 1624360796.307222 0.325
14.093137741088867 1624360796.31426 0.325
14.093137741088867 1624360796.321276 0.325
14.093137741088867 1624360796.328308 0.325
14.093137741088867 1624360796.335369 0.325
14.093137741088867 1624360796.342256 0.325
14.093137741088867 1624360796.349307 0.325
14.093137741088867 1624360796.356287 0.325
14.093137741088867 1624360796.363337 0.325
14.093137741088867 1624360796.370288 0.325
14.093137741088867 1624360796.377258 0.325
14.093137741088867 1624360796.384368 0.325
14.093137741088867 1624360796.391277 0.325
14.093137741088867 1624360796.398337 0.325
14.093137741088867 1624360796.405381 0.325
14.093137741088867 1624360796.4124 0.325
14.093137741088867 1624360796.419328 0.325
14.093137741088867 1624360796.426187 0.325
14.093137741088867 1624360796.433178 0.325
14.093137741088867 1624360796.440156 0.325
14.093137741088867 1624360796.447208 0.325
14.093137741088867 1624360796.45426 0.325
14.093137741088867 1624360796.461259 0.325
14.093137741088867 1624360796.468265 0.325
14.093137741088867 1624360796.47528 0.325
14.093137741088867 1624360796.482259 0.325
14.093137741088867 1624360796.489218 0.325
14.093137741088867 1624360796.496303 0.325
14.093137741088867 1624360796.503276 0.325
14.093137741088867 1624360796.510287 0.325
14.093137741088867 1624360796.517363 0.325
14.093137741088867 1624360796.524307 0.325
14.093137741088867 1624360796.531277 0.325
14.093137741088867 1624360796.538352 0.325
14.093137741088867 1624360796.545349 0.325
14.093137741088867 1624360796.552368 0.325
14.093137741088867 1624360796.559351 0.325
14.093137741088867 1624360796.566378 0.325
14.093137741088867 1624360796.573363 0.325
14.093137741088867 1624360796.580201 0.325
14.093137741088867 1624360796.587183 0.325
14.093137741088867 1624360796.594144 0.325
14.093137741088867 1624360796.601155 0.325
14.093137741088867 1624360796.608062 0.325
14.093137741088867 1624360796.615107 0.325
14.093137741088867 1624360796.622089 0.325
14.093137741088867 1624360796.629213 0.325
14.093137741088867 1624360796.636102 0.325
14.093137741088867 1624360796.643105 0.325
14.093137741088867 1624360796.650095 0.325
14.093137741088867 1624360796.657135 0.325
14.093137741088867 1624360796.664142 0.325
14.093137741088867 1624360796.67114 0.325
14.093137741088867 1624360796.678194 0.325
14.093137741088867 1624360796.685181 0.325
14.093137741088867 1624360796.692123 0.325
14.093137741088867 1624360796.699147 0.325
14.093137741088867 1624360796.70613 0.325
14.093137741088867 1624360796.713262 0.325
14.093137741088867 1624360796.720287 0.325
14.093137741088867 1624360796.72733 0.325
14.093137741088867 1624360796.734314 0.325
14.093137741088867 1624360796.741279 0.325
14.093137741088867 1624360796.748281 0.325
14.093137741088867 1624360796.755123 0.325
14.093137741088867 1624360796.762092 0.325
14.093137741088867 1624360796.769241 0.325
14.093137741088867 1624360796.77611 0.325
14.093137741088867 1624360796.783132 0.325
14.093137741088867 1624360796.790158 0.325
14.093137741088867 1624360796.797151 0.325
14.093137741088867 1624360796.804072 0.325
14.093137741088867 1624360796.811066 0.325
14.093137741088867 1624360796.818092 0.325
14.093137741088867 1624360796.825092 0.325
14.093137741088867 1624360796.832127 0.325
14.093137741088867 1624360796.839147 0.325
14.093137741088867 1624360796.846071 0.325
14.093137741088867 1624360796.853113 0.325
14.093137741088867 1624360796.860052 0.325
14.093137741088867 1624360796.867142 0.325
14.093137741088867 1624360796.874179 0.325
14.093137741088867 1624360796.881197 0.325
14.093137741088867 1624360796.888255 0.325
14.093137741088867 1624360796.895244 0.325
14.093137741088867 1624360796.902231 0.325
14.093137741088867 1624360796.909245 0.325
14.093137741088867 1624360796.91619 0.325
14.093137741088867 1624360796.923168 0.325
14.093137741088867 1624360796.93023 0.325
14.093137741088867 1624360796.937259 0.325
14.093137741088867 1624360796.944254 0.325
14.093137741088867 1624360796.951151 0.325
14.093137741088867 1624360796.958125 0.325
14.093137741088867 1624360796.965079 0.325
14.093137741088867 1624360796.972082 0.325
14.093137741088867 1624360796.979109 0.325
14.093137741088867 1624360796.98608 0.325
14.093137741088867 1624360796.993158 0.325
14.093137741088867 1624360797.00014 0.325
14.093137741088867 1624360797.007024 0.325
14.093137741088867 1624360797.014018 0.325
14.093137741088867 1624360797.021069 0.325
14.093137741088867 1624360797.02803 0.325
14.093137741088867 1624360797.035035 0.325
14.093137741088867 1624360797.042118 0.325
14.093137741088867 1624360797.049066 0.325
14.093137741088867 1624360797.056171 0.325
14.093137741088867 1624360797.063169 0.325
14.093137741088867 1624360797.070178 0.325
14.093137741088867 1624360797.077204 0.325
14.093137741088867 1624360797.084133 0.325
14.093137741088867 1624360797.09113 0.325
14.093137741088867 1624360797.098163 0.325
14.093137741088867 1624360797.105142 0.325
14.093137741088867 1624360797.111982 0.325
14.093137741088867 1624360797.118991 0.325
14.093137741088867 1624360797.12596 0.325
14.093137741088867 1624360797.132968 0.325
14.093137741088867 1624360797.139989 0.325
14.093137741088867 1624360797.146961 0.325
14.093137741088867 1624360797.153993 0.325
14.093137741088867 1624360797.161018 0.325
14.093137741088867 1624360797.168048 0.325
14.093137741088867 1624360797.175023 0.325
14.093137741088867 1624360797.182099 0.325
14.093137741088867 1624360797.189076 0.325
14.093137741088867 1624360797.196059 0.325
14.093137741088867 1624360797.203077 0.325
14.093137741088867 1624360797.210091 0.325
14.093137741088867 1624360797.217079 0.325
14.093137741088867 1624360797.224098 0.325
14.093137741088867 1624360797.231115 0.325
14.093137741088867 1624360797.23819 0.325
14.093137741088867 1624360797.245114 0.325
14.093137741088867 1624360797.252125 0.325
14.093137741088867 1624360797.259172 0.325
14.093137741088867 1624360797.266143 0.325
14.093137741088867 1624360797.273149 0.325
14.093137741088867 1624360797.27998 0.325
14.093137741088867 1624360797.286992 0.325
14.093137741088867 1624360797.293985 0.325
14.093137741088867 1624360797.30098 0.325
14.093137741088867 1624360797.307971 0.325
14.093137741088867 1624360797.31491 0.325
14.093137741088867 1624360797.321957 0.325
14.093137741088867 1624360797.328987 0.325
14.093137741088867 1624360797.335967 0.325
14.093137741088867 1624360797.343056 0.325
14.093137741088867 1624360797.350007 0.325
14.093137741088867 1624360797.35699 0.325
14.093137741088867 1624360797.363922 0.325
14.093137741088867 1624360797.37095 0.325
14.093137741088867 1624360797.378107 0.325
14.093137741088867 1624360797.385087 0.325
14.093137741088867 1624360797.3921 0.325
14.093137741088867 1624360797.39907 0.325
14.093137741088867 1624360797.406038 0.325
14.093137741088867 1624360797.413083 0.325
14.093137741088867 1624360797.420077 0.325
14.093137741088867 1624360797.427073 0.325
14.093137741088867 1624360797.43395 0.325
14.093137741088867 1624360797.440941 0.325
14.093137741088867 1624360797.447942 0.325
14.093137741088867 1624360797.454969 0.325
14.093137741088867 1624360797.46198 0.325
14.093137741088867 1624360797.468891 0.325
14.093137741088867 1624360797.475886 0.325
14.093137741088867 1624360797.482937 0.325
14.093137741088867 1624360797.489968 0.325
14.093137741088867 1624360797.496999 0.325
14.093137741088867 1624360797.504014 0.325
14.093137741088867 1624360797.511012 0.325
14.093137741088867 1624360797.517955 0.325
14.093137741088867 1624360797.525005 0.325
14.093137741088867 1624360797.532054 0.325
14.093137741088867 1624360797.538987 0.325
14.093137741088867 1624360797.545956 0.325
14.093137741088867 1624360797.552962 0.325
14.093137741088867 1624360797.559971 0.325
14.093137741088867 1624360797.566997 0.325
14.093137741088867 1624360797.574051 0.325
14.093137741088867 1624360797.581123 0.325
14.093137741088867 1624360797.58797 0.325
14.093137741088867 1624360797.594991 0.325
14.093137741088867 1624360797.601984 0.325
14.093137741088867 1624360797.608945 0.325
14.093137741088867 1624360797.615797 0.325
14.093137741088867 1624360797.622914 0.325
14.093137741088867 1624360797.629907 0.325
14.093137741088867 1624360797.63695 0.325
14.093137741088867 1624360797.643889 0.325
14.093137741088867 1624360797.650874 0.325
14.093137741088867 1624360797.657818 0.325
14.093137741088867 1624360797.664891 0.325
14.093137741088867 1624360797.671851 0.325
14.093137741088867 1624360797.678859 0.325
14.093137741088867 1624360797.68597 0.325
14.093137741088867 1624360797.692956 0.325
14.093137741088867 1624360797.699969 0.325
14.093137741088867 1624360797.706992 0.325
14.093137741088867 1624360797.713954 0.325
14.093137741088867 1624360797.720922 0.325
14.093137741088867 1624360797.727977 0.325
14.093137741088867 1624360797.73494 0.325
14.093137741088867 1624360797.741972 0.325
14.093137741088867 1624360797.749018 0.325
14.093137741088867 1624360797.755998 0.325
14.093137741088867 1624360797.762899 0.325
14.093137741088867 1624360797.769923 0.325
14.093137741088867 1624360797.776735 0.325
14.093137741088867 1624360797.783759 0.325
14.093137741088867 1624360797.790844 0.325
14.093137741088867 1624360797.797841 0.325
14.093137741088867 1624360797.804756 0.325
14.093137741088867 1624360797.811742 0.325
14.093137741088867 1624360797.818765 0.325
14.093137741088867 1624360797.825756 0.325
14.093137741088867 1624360797.832864 0.325
14.093137741088867 1624360797.83985 0.325
14.093137741088867 1624360797.846825 0.325
14.093137741088867 1624360797.853804 0.325
14.093137741088867 1624360797.860909 0.325
14.093137741088867 1624360797.867905 0.325
14.093137741088867 1624360797.874914 0.325
14.093137741088867 1624360797.881895 0.325
14.093137741088867 1624360797.888969 0.325
14.093137741088867 1624360797.895984 0.325
14.093137741088867 1624360797.902955 0.325
14.093137741088867 1624360797.910057 0.325
14.093137741088867 1624360797.916975 0.325
14.093137741088867 1624360797.92391 0.325
14.093137741088867 1624360797.930822 0.325
14.093137741088867 1624360797.93783 0.325
14.093137741088867 1624360797.944766 0.325
14.093137741088867 1624360797.951823 0.325
14.093137741088867 1624360797.958859 0.325
14.093137741088867 1624360797.965838 0.325
14.093137741088867 1624360797.972819 0.325
14.093137741088867 1624360797.979838 0.325
14.093137741088867 1624360797.986752 0.325
14.093137741088867 1624360797.993741 0.325
14.093137741088867 1624360798.000764 0.325
14.093137741088867 1624360798.007785 0.325
14.093137741088867 1624360798.014814 0.325
14.093137741088867 1624360798.021791 0.325
14.093137741088867 1624360798.028808 0.325
14.093137741088867 1624360798.035814 0.325
14.093137741088867 1624360798.042798 0.325
14.093137741088867 1624360798.049802 0.325
14.093137741088867 1624360798.05685 0.325
14.093137741088867 1624360798.06387 0.325
14.093137741088867 1624360798.070846 0.325
14.093137741088867 1624360798.077893 0.325
14.093137741088867 1624360798.084863 0.325
14.093137741088867 1624360798.091891 0.325
14.093137741088867 1624360798.098919 0.325
14.093137741088867 1624360798.105885 0.325
14.093137741088867 1624360798.112868 0.325
14.093137741088867 1624360798.119676 0.325
14.093137741088867 1624360798.126711 0.325
14.093137741088867 1624360798.133778 0.325
14.093137741088867 1624360798.140759 0.325
14.093137741088867 1624360798.147739 0.325
14.093137741088867 1624360798.154836 0.325
14.093137741088867 1624360798.161825 0.325
14.093137741088867 1624360798.168757 0.325
14.093137741088867 1624360798.175771 0.325
14.093137741088867 1624360798.18283 0.325
14.093137741088867 1624360798.189755 0.325
14.093137741088867 1624360798.196833 0.325
14.093137741088867 1624360798.203826 0.325
14.093137741088867 1624360798.2108 0.325
14.093137741088867 1624360798.217769 0.325
14.093137741088867 1624360798.224775 0.325
14.093137741088867 1624360798.231773 0.325
14.093137741088867 1624360798.238814 0.325
14.093137741088867 1624360798.245802 0.325
14.093137741088867 1624360798.252798 0.325
14.093137741088867 1624360798.259771 0.325
14.093137741088867 1624360798.266805 0.325
14.093137741088867 1624360798.273848 0.325
14.093137741088867 1624360798.280809 0.325
14.093137741088867 1624360798.287638 0.325
14.093137741088867 1624360798.294673 0.325
14.093137741088867 1624360798.301627 0.325
14.093137741088867 1624360798.308667 0.325
14.093137741088867 1624360798.315699 0.325
14.093137741088867 1624360798.322758 0.325
14.093137741088867 1624360798.329709 0.325
14.093137741088867 1624360798.336764 0.325
14.093137741088867 1624360798.343739 0.325
14.093137741088867 1624360798.350811 0.325
14.093137741088867 1624360798.357694 0.325
14.093137741088867 1624360798.364749 0.325
14.093137741088867 1624360798.371807 0.325
14.093137741088867 1624360798.378857 0.325
14.093137741088867 1624360798.385847 0.325
14.093137741088867 1624360798.392802 0.325
14.093137741088867 1624360798.399813 0.325
14.093137741088867 1624360798.406837 0.325
14.093137741088867 1624360798.413851 0.325
14.093137741088867 1624360798.420843 0.325
14.093137741088867 1624360798.427789 0.325
14.093137741088867 1624360798.434641 0.325
14.093137741088867 1624360798.441627 0.325
14.093137741088867 1624360798.448704 0.325
14.093137741088867 1624360798.455659 0.325
14.093137741088867 1624360798.462702 0.325
14.093137741088867 1624360798.469689 0.325
14.093137741088867 1624360798.476684 0.325
14.093137741088867 1624360798.483685 0.325
14.093137741088867 1624360798.490711 0.325
14.093137741088867 1624360798.497692 0.325
14.093137741088867 1624360798.504636 0.325
14.093137741088867 1624360798.511637 0.325
14.093137741088867 1624360798.518633 0.325
14.093137741088867 1624360798.52569 0.325
14.093137741088867 1624360798.532661 0.325
14.093137741088867 1624360798.539771 0.325
14.093137741088867 1624360798.546768 0.325
14.093137741088867 1624360798.553727 0.325
14.093137741088867 1624360798.560734 0.325
14.093137741088867 1624360798.567725 0.325
14.093137741088867 1624360798.574702 0.325
14.093137741088867 1624360798.581752 0.325
14.093137741088867 1624360798.588758 0.325
14.093137741088867 1624360798.595691 0.325
14.093137741088867 1624360798.60266 0.325
14.093137741088867 1624360798.609645 0.325
14.093137741088867 1624360798.616563 0.325
14.093137741088867 1624360798.623524 0.325
14.093137741088867 1624360798.630525 0.325
14.093137741088867 1624360798.637544 0.325
14.093137741088867 1624360798.644561 0.325
14.093137741088867 1624360798.651546 0.325
14.093137741088867 1624360798.658539 0.325
14.093137741088867 1624360798.665566 0.325
14.093137741088867 1624360798.672616 0.325
14.093137741088867 1624360798.67958 0.325
14.093137741088867 1624360798.686555 0.325
14.093137741088867 1624360798.693625 0.325
14.093137741088867 1624360798.70066 0.325
14.093137741088867 1624360798.707639 0.325
14.093137741088867 1624360798.714646 0.325
14.093137741088867 1624360798.721684 0.325
14.093137741088867 1624360798.728675 0.325
14.093137741088867 1624360798.735722 0.325
14.093137741088867 1624360798.74267 0.325
14.093137741088867 1624360798.749677 0.325
14.093137741088867 1624360798.756713 0.325
14.093137741088867 1624360798.763726 0.325
14.093137741088867 1624360798.770682 0.325
14.093137741088867 1624360798.777645 0.325
14.093137741088867 1624360798.784575 0.325
14.093137741088867 1624360798.791499 0.325
14.093137741088867 1624360798.798489 0.325
14.093137741088867 1624360798.805572 0.325
14.093137741088867 1624360798.812605 0.325
14.093137741088867 1624360798.819543 0.325
14.093137741088867 1624360798.826548 0.325
14.093137741088867 1624360798.833582 0.325
14.093137741088867 1624360798.840632 0.325
14.093137741088867 1624360798.847647 0.325
14.093137741088867 1624360798.854564 0.325
14.093137741088867 1624360798.861584 0.325
14.093137741088867 1624360798.868605 0.325
14.093137741088867 1624360798.875649 0.325
14.093137741088867 1624360798.882639 0.325
14.093137741088867 1624360798.889622 0.325
14.093137741088867 1624360798.896653 0.325
14.093137741088867 1624360798.903634 0.325
14.093137741088867 1624360798.910652 0.325
14.093137741088867 1624360798.917655 0.325
14.093137741088867 1624360798.924652 0.325
14.093137741088867 1624360798.931667 0.325
14.093137741088867 1624360798.938409 0.325
14.093137741088867 1624360798.945389 0.325
14.093137741088867 1624360798.952443 0.325
14.093137741088867 1624360798.959454 0.325
14.093137741088867 1624360798.966557 0.325
14.093137741088867 1624360798.97353 0.325
14.093137741088867 1624360798.980525 0.325
14.093137741088867 1624360798.987588 0.325
14.093137741088867 1624360798.9946 0.325
14.093137741088867 1624360799.001586 0.325
14.093137741088867 1624360799.008578 0.325
14.093137741088867 1624360799.015605 0.325
14.093137741088867 1624360799.022552 0.325
14.093137741088867 1624360799.029505 0.325
14.093137741088867 1624360799.036539 0.325
14.093137741088867 1624360799.043589 0.325
14.093137741088867 1624360799.050572 0.325
14.093137741088867 1624360799.057609 0.325
14.093137741088867 1624360799.064502 0.325
14.093137741088867 1624360799.071529 0.325
14.093137741088867 1624360799.078591 0.325
14.093137741088867 1624360799.085369 0.325
14.093137741088867 1624360799.092482 0.325
14.093137741088867 1624360799.099484 0.325
14.093137741088867 1624360799.106476 0.325
14.093137741088867 1624360799.113492 0.325
14.093137741088867 1624360799.120493 0.325
14.093137741088867 1624360799.127489 0.325
14.093137741088867 1624360799.134499 0.325
14.093137741088867 1624360799.141503 0.325
14.093137741088867 1624360799.148496 0.325
14.093137741088867 1624360799.155526 0.325
14.093137741088867 1624360799.162547 0.325
14.093137741088867 1624360799.169545 0.325
14.093137741088867 1624360799.17652 0.325
14.093137741088867 1624360799.183504 0.325
14.093137741088867 1624360799.190487 0.325
14.093137741088867 1624360799.197479 0.325
14.093137741088867 1624360799.204476 0.325
14.093137741088867 1624360799.211572 0.325
14.093137741088867 1624360799.218607 0.325
14.093137741088867 1624360799.225547 0.325
14.093137741088867 1624360799.23258 0.325
14.093137741088867 1624360799.2396 0.325
14.093137741088867 1624360799.246608 0.325
14.093137741088867 1624360799.253573 0.325
14.093137741088867 1624360799.260609 0.325
14.093137741088867 1624360799.267405 0.325
14.093137741088867 1624360799.274407 0.325
14.093137741088867 1624360799.281336 0.325
14.093137741088867 1624360799.288344 0.325
14.093137741088867 1624360799.295411 0.325
14.093137741088867 1624360799.302351 0.325
14.093137741088867 1624360799.309406 0.325
14.093137741088867 1624360799.316393 0.325
14.093137741088867 1624360799.323407 0.325
14.093137741088867 1624360799.330416 0.325
14.093137741088867 1624360799.337424 0.325
14.093137741088867 1624360799.34445 0.325
14.093137741088867 1624360799.351438 0.325
14.093137741088867 1624360799.358388 0.325
14.093137741088867 1624360799.365479 0.325
14.093137741088867 1624360799.372441 0.325
14.093137741088867 1624360799.379473 0.325
14.093137741088867 1624360799.386448 0.325
14.093137741088867 1624360799.39353 0.325
14.093137741088867 1624360799.400491 0.325
14.093137741088867 1624360799.407454 0.325
14.093137741088867 1624360799.414476 0.325
14.093137741088867 1624360799.42144 0.325
14.093137741088867 1624360799.428453 0.325
14.093137741088867 1624360799.435392 0.325
14.093137741088867 1624360799.442449 0.325
14.093137741088867 1624360799.449473 0.325
14.093137741088867 1624360799.45644 0.325
14.093137741088867 1624360799.463316 0.325
14.093137741088867 1624360799.470312 0.325
14.093137741088867 1624360799.477343 0.325
14.093137741088867 1624360799.484347 0.325
14.093137741088867 1624360799.491389 0.325
14.093137741088867 1624360799.498404 0.325
14.093137741088867 1624360799.505381 0.325
14.093137741088867 1624360799.512398 0.325
14.093137741088867 1624360799.519354 0.325
14.093137741088867 1624360799.526345 0.325
14.093137741088867 1624360799.53342 0.325
14.093137741088867 1624360799.540419 0.325
14.093137741088867 1624360799.547444 0.325
14.093137741088867 1624360799.554517 0.325
14.093137741088867 1624360799.561445 0.325
14.093137741088867 1624360799.568439 0.325
14.093137741088867 1624360799.57545 0.325
14.093137741088867 1624360799.582482 0.325
14.093137741088867 1624360799.589392 0.325
14.093137741088867 1624360799.596347 0.325
14.093137741088867 1624360799.603338 0.325
14.093137741088867 1624360799.610377 0.325
14.093137741088867 1624360799.617386 0.325
14.093137741088867 1624360799.624238 0.325
14.093137741088867 1624360799.631258 0.325
14.093137741088867 1624360799.638312 0.325
14.093137741088867 1624360799.645283 0.325
14.093137741088867 1624360799.652291 0.325
14.093137741088867 1624360799.659284 0.325
14.093137741088867 1624360799.666347 0.325
14.093137741088867 1624360799.673353 0.325
14.093137741088867 1624360799.680347 0.325
14.093137741088867 1624360799.687397 0.325
14.093137741088867 1624360799.694437 0.325
14.093137741088867 1624360799.701395 0.325
14.093137741088867 1624360799.708364 0.325
14.093137741088867 1624360799.715375 0.325
14.093137741088867 1624360799.72234 0.325
14.093137741088867 1624360799.729342 0.325
14.093137741088867 1624360799.73634 0.325
14.093137741088867 1624360799.743378 0.325
14.093137741088867 1624360799.750435 0.325
14.093137741088867 1624360799.757423 0.325
14.093137741088867 1624360799.764425 0.325
14.093137741088867 1624360799.771467 0.325
14.093137741088867 1624360799.778277 0.325
14.093137741088867 1624360799.785244 0.325
14.093137741088867 1624360799.792213 0.325
14.093137741088867 1624360799.799221 0.325
14.093137741088867 1624360799.806199 0.325
14.093137741088867 1624360799.81328 0.325
14.093137741088867 1624360799.820334 0.325
14.093137741088867 1624360799.827258 0.325
14.093137741088867 1624360799.83429 0.325
14.093137741088867 1624360799.841313 0.325
14.093137741088867 1624360799.848334 0.325
14.093137741088867 1624360799.855322 0.325
14.093137741088867 1624360799.862277 0.325
14.093137741088867 1624360799.869321 0.325
14.093137741088867 1624360799.876385 0.325
14.093137741088867 1624360799.883321 0.325
14.093137741088867 1624360799.89031 0.325
14.093137741088867 1624360799.897345 0.325
14.093137741088867 1624360799.904374 0.325
14.093137741088867 1624360799.911333 0.325
14.093137741088867 1624360799.918334 0.325
14.093137741088867 1624360799.925362 0.325
14.093137741088867 1624360799.932363 0.325
14.093137741088867 1624360799.939239 0.325
14.093137741088867 1624360799.946218 0.325
14.093137741088867 1624360799.953212 0.325
14.093137741088867 1624360799.960242 0.325
14.093137741088867 1624360799.967288 0.325
14.093137741088867 1624360799.974233 0.325
14.093137741088867 1624360799.981273 0.325
14.093137741088867 1624360799.988264 0.325
14.093137741088867 1624360799.995272 0.325
14.093137741088867 1624360800.002252 0.325
14.093137741088867 1624360800.009278 0.325
14.093137741088867 1624360800.016309 0.325
14.093137741088867 1624360800.023287 0.325
14.093137741088867 1624360800.030301 0.325
14.093137741088867 1624360800.037206 0.325
14.093137741088867 1624360800.04427 0.325
14.093137741088867 1624360800.051224 0.325
14.093137741088867 1624360800.058243 0.325
14.093137741088867 1624360800.065221 0.325
14.093137741088867 1624360800.072239 0.325
14.093137741088867 1624360800.079287 0.325
14.093137741088867 1624360800.086336 0.325
14.093137741088867 1624360800.0933 0.325
14.093137741088867 1624360800.1001 0.325
14.093137741088867 1624360800.10714 0.325
14.093137741088867 1624360800.11416 0.325
14.093137741088867 1624360800.121197 0.325
14.093137741088867 1624360800.128156 0.325
14.093137741088867 1624360800.135206 0.325
14.093137741088867 1624360800.142287 0.325
14.093137741088867 1624360800.149178 0.325
14.093137741088867 1624360800.156197 0.325
14.093137741088867 1624360800.163199 0.325
14.093137741088867 1624360800.17019 0.325
14.093137741088867 1624360800.177241 0.325
14.093137741088867 1624360800.184209 0.325
14.093137741088867 1624360800.191315 0.325
14.093137741088867 1624360800.198304 0.325
14.093137741088867 1624360800.205223 0.325
14.093137741088867 1624360800.212198 0.325
14.093137741088867 1624360800.219243 0.325
14.093137741088867 1624360800.226248 0.325
14.093137741088867 1624360800.233242 0.325
14.093137741088867 1624360800.240218 0.325
14.093137741088867 1624360800.247235 0.325
14.093137741088867 1624360800.254286 0.325
14.093137741088867 1624360800.261226 0.325
14.093137741088867 1624360800.268249 0.325
14.093137741088867 1624360800.275064 0.325
14.093137741088867 1624360800.282104 0.325
14.093137741088867 1624360800.289068 0.325
14.093137741088867 1624360800.296096 0.325
14.093137741088867 1624360800.303073 0.325
14.093137741088867 1624360800.310078 0.325
14.093137741088867 1624360800.317108 0.325
14.093137741088867 1624360800.324106 0.325
14.093137741088867 1624360800.331104 0.325
14.093137741088867 1624360800.338046 0.325
14.093137741088867 1624360800.345129 0.325
14.093137741088867 1624360800.352138 0.325
14.093137741088867 1624360800.359165 0.325
14.093137741088867 1624360800.366186 0.325
14.093137741088867 1624360800.373184 0.325
14.093137741088867 1624360800.380171 0.325
14.093137741088867 1624360800.387237 0.325
14.093137741088867 1624360800.394139 0.325
14.093137741088867 1624360800.401149 0.325
14.093137741088867 1624360800.408165 0.325
14.093137741088867 1624360800.415176 0.325
14.093137741088867 1624360800.422187 0.325
14.093137741088867 1624360800.429162 0.325
14.093137741088867 1624360800.43618 0.325
14.093137741088867 1624360800.443197 0.325
14.093137741088867 1624360800.450248 0.325
14.093137741088867 1624360800.457243 0.325
14.093137741088867 1624360800.46418 0.325
14.093137741088867 1624360800.471148 0.325
14.093137741088867 1624360800.478073 0.325
14.093137741088867 1624360800.48506 0.325
14.093137741088867 1624360800.492037 0.325
14.093137741088867 1624360800.499054 0.325
14.093137741088867 1624360800.506124 0.325
14.093137741088867 1624360800.513063 0.325
14.093137741088867 1624360800.520073 0.325
14.093137741088867 1624360800.527093 0.325
14.093137741088867 1624360800.534073 0.325
14.093137741088867 1624360800.541031 0.325
14.093137741088867 1624360800.548045 0.325
14.093137741088867 1624360800.55508 0.325
14.093137741088867 1624360800.56213 0.325
14.093137741088867 1624360800.569158 0.325
14.093137741088867 1624360800.576105 0.325
14.093137741088867 1624360800.58316 0.325
14.093137741088867 1624360800.59012 0.325
14.093137741088867 1624360800.597165 0.325
14.093137741088867 1624360800.604113 0.325
14.093137741088867 1624360800.611132 0.325
14.093137741088867 1624360800.618131 0.325
14.093137741088867 1624360800.625088 0.325
14.093137741088867 1624360800.632099 0.325
14.093137741088867 1624360800.639242 0.325
14.093137741088867 1624360800.646147 0.325
14.093137741088867 1624360800.653032 0.325
14.093137741088867 1624360800.660041 0.325
14.093137741088867 1624360800.667026 0.325
14.093137741088867 1624360800.673983 0.325
14.093137741088867 1624360800.680927 0.325
14.093137741088867 1624360800.688006 0.325
14.093137741088867 1624360800.695018 0.325
14.093137741088867 1624360800.702029 0.325
14.093137741088867 1624360800.708959 0.325
14.093137741088867 1624360800.71594 0.325
14.093137741088867 1624360800.722974 0.325
14.093137741088867 1624360800.72993 0.325
14.093137741088867 1624360800.736938 0.325
14.093137741088867 1624360800.743973 0.325
14.093137741088867 1624360800.751064 0.325
14.093137741088867 1624360800.758094 0.325
14.093137741088867 1624360800.765037 0.325
14.093137741088867 1624360800.772061 0.325
14.093137741088867 1624360800.779102 0.325
14.093137741088867 1624360800.786136 0.325
14.093137741088867 1624360800.793091 0.325
14.093137741088867 1624360800.8001 0.325
14.093137741088867 1624360800.807099 0.325
14.093137741088867 1624360800.814178 0.325
14.093137741088867 1624360800.821048 0.325
14.093137741088867 1624360800.828015 0.325
14.093137741088867 1624360800.834875 0.325
14.093137741088867 1624360800.8419 0.325
14.093137741088867 1624360800.849011 0.325
14.093137741088867 1624360800.855901 0.325
14.093137741088867 1624360800.862949 0.325
14.093137741088867 1624360800.870049 0.325
14.093137741088867 1624360800.87701 0.325
14.093137741088867 1624360800.884073 0.325
14.093137741088867 1624360800.890991 0.325
14.093137741088867 1624360800.898023 0.325
14.093137741088867 1624360800.905046 0.325
14.093137741088867 1624360800.911939 0.325
14.093137741088867 1624360800.919042 0.325
14.093137741088867 1624360800.926023 0.325
14.093137741088867 1624360800.932978 0.325
14.093137741088867 1624360800.93994 0.325
14.093137741088867 1624360800.94698 0.325
14.093137741088867 1624360800.953992 0.325
14.093137741088867 1624360800.960972 0.325
14.093137741088867 1624360800.967934 0.325
14.093137741088867 1624360800.975006 0.325
14.093137741088867 1624360800.982085 0.325
14.093137741088867 1624360800.989104 0.325
14.093137741088867 1624360800.996099 0.325
14.093137741088867 1624360801.003112 0.325
14.093137741088867 1624360801.00988 0.325
14.093137741088867 1624360801.01693 0.325
14.093137741088867 1624360801.023914 0.325
14.093137741088867 1624360801.030887 0.325
14.093137741088867 1624360801.037807 0.325
14.093137741088867 1624360801.044962 0.325
14.093137741088867 1624360801.051985 0.325
14.093137741088867 1624360801.058884 0.325
14.093137741088867 1624360801.065934 0.325
14.093137741088867 1624360801.072942 0.325
14.093137741088867 1624360801.080022 0.325
14.093137741088867 1624360801.086989 0.325
14.093137741088867 1624360801.093987 0.325
14.093137741088867 1624360801.10091 0.325
14.093137741088867 1624360801.10789 0.325
14.093137741088867 1624360801.114865 0.325
14.093137741088867 1624360801.121895 0.325
14.093137741088867 1624360801.128921 0.325
14.093137741088867 1624360801.135902 0.325
14.093137741088867 1624360801.142926 0.325
14.093137741088867 1624360801.149912 0.325
14.093137741088867 1624360801.156925 0.325
14.093137741088867 1624360801.163975 0.325
14.093137741088867 1624360801.170871 0.325
14.093137741088867 1624360801.178014 0.325
14.093137741088867 1624360801.184823 0.325
14.093137741088867 1624360801.191874 0.325
14.093137741088867 1624360801.198855 0.325
14.093137741088867 1624360801.205875 0.325
14.093137741088867 1624360801.212903 0.325
14.093137741088867 1624360801.219906 0.325
14.093137741088867 1624360801.226925 0.325
14.093137741088867 1624360801.233931 0.325
14.093137741088867 1624360801.240894 0.325
14.093137741088867 1624360801.247837 0.325
14.093137741088867 1624360801.254834 0.325
14.093137741088867 1624360801.261846 0.325
14.093137741088867 1624360801.268837 0.325
14.093137741088867 1624360801.275896 0.325
14.093137741088867 1624360801.28294 0.325
14.093137741088867 1624360801.289815 0.325
14.093137741088867 1624360801.296877 0.325
14.093137741088867 1624360801.303846 0.325
14.093137741088867 1624360801.310937 0.325
14.093137741088867 1624360801.317949 0.325
14.093137741088867 1624360801.324934 0.325
14.093137741088867 1624360801.332006 0.325
14.093137741088867 1624360801.338954 0.325
14.093137741088867 1624360801.345975 0.325
14.093137741088867 1624360801.352959 0.325
14.093137741088867 1624360801.359849 0.325
14.093137741088867 1624360801.366869 0.325
14.093137741088867 1624360801.373839 0.325
14.093137741088867 1624360801.380849 0.325
14.093137741088867 1624360801.387863 0.325
14.093137741088867 1624360801.394863 0.325
14.093137741088867 1624360801.401804 0.325
14.093137741088867 1624360801.408792 0.325
14.093137741088867 1624360801.415844 0.325
14.093137741088867 1624360801.422744 0.325
14.093137741088867 1624360801.429743 0.325
14.093137741088867 1624360801.436781 0.325
14.093137741088867 1624360801.443742 0.325
14.093137741088867 1624360801.450775 0.325
14.093137741088867 1624360801.457785 0.325
14.093137741088867 1624360801.464809 0.325
14.093137741088867 1624360801.471867 0.325
14.093137741088867 1624360801.478905 0.325
14.093137741088867 1624360801.485923 0.325
14.093137741088867 1624360801.492935 0.325
14.093137741088867 1624360801.499975 0.325
14.093137741088867 1624360801.50691 0.325
14.093137741088867 1624360801.513899 0.325
14.093137741088867 1624360801.520948 0.325
14.093137741088867 1624360801.527788 0.325
14.093137741088867 1624360801.534861 0.325
14.093137741088867 1624360801.541884 0.325
14.093137741088867 1624360801.548799 0.325
14.093137741088867 1624360801.556064 0.325
14.093137741088867 1624360801.563838 0.325
14.093137741088867 1624360801.570833 0.325
14.093137741088867 1624360801.577813 0.325
14.093137741088867 1624360801.584863 0.325
14.093137741088867 1624360801.591787 0.325
14.093137741088867 1624360801.598787 0.325
14.093137741088867 1624360801.605865 0.325
14.093137741088867 1624360801.612721 0.325
14.093137741088867 1624360801.61982 0.325
14.093137741088867 1624360801.626732 0.325
14.093137741088867 1624360801.633762 0.325
14.093137741088867 1624360801.640762 0.325
14.093137741088867 1624360801.647846 0.325
14.093137741088867 1624360801.65475 0.325
14.093137741088867 1624360801.66189 0.325
14.093137741088867 1624360801.668932 0.325
14.093137741088867 1624360801.675711 0.325
14.093137741088867 1624360801.682727 0.325
14.093137741088867 1624360801.689726 0.325
14.093137741088867 1624360801.696709 0.325
14.093137741088867 1624360801.703739 0.325
14.093137741088867 1624360801.710719 0.325
14.093137741088867 1624360801.71776 0.325
14.093137741088867 1624360801.7247 0.325
14.093137741088867 1624360801.73178 0.325
14.093137741088867 1624360801.738853 0.325
