25.38699722290039 1624361546.887832 0.232
26.00619125366211 1624361546.894795 0.232
25.371286392211914 1624361546.901752 0.232
25.99009895324707 1624361546.908833 0.232
25.99009895324707 1624361546.91581 0.232
25.371286392211914 1624361546.922752 0.232
25.99009895324707 1624361546.929834 0.232
26.00619125366211 1624361546.936815 0.232
25.38699722290039 1624361546.943866 0.232
26.00619125366211 1624361546.950817 0.232
26.00619125366211 1624361546.957898 0.232
26.00619125366211 1624361546.964836 0.232
26.00619125366211 1624361546.971826 0.232
25.38699722290039 1624361546.978875 0.232
26.00619125366211 1624361546.985873 0.232
26.00619125366211 1624361546.992788 0.232
26.00619125366211 1624361546.999828 0.232
26.00619125366211 1624361547.006798 0.232
25.99009895324707 1624361547.013829 0.232
26.00619125366211 1624361547.020904 0.232
26.00619125366211 1624361547.027692 0.232
25.371286392211914 1624361547.034635 0.232
26.00619125366211 1624361547.041737 0.232
26.00619125366211 1624361547.048722 0.232
25.38699722290039 1624361547.055786 0.232
26.00619125366211 1624361547.06278 0.232
25.99009895324707 1624361547.069729 0.232
26.00619125366211 1624361547.076764 0.232
26.00619125366211 1624361547.083755 0.232
25.38699722290039 1624361547.090794 0.232
25.99009895324707 1624361547.097756 0.232
25.99009895324707 1624361547.104771 0.232
25.38699722290039 1624361547.111709 0.232
26.00619125366211 1624361547.11869 0.232
26.00619125366211 1624361547.125699 0.232
25.38699722290039 1624361547.132716 0.232
26.00619125366211 1624361547.139712 0.232
25.38699722290039 1624361547.146697 0.232
26.00619125366211 1624361547.153854 0.232
25.99009895324707 1624361547.160842 0.232
25.38699722290039 1624361547.167778 0.232
26.00619125366211 1624361547.174732 0.232
26.00619125366211 1624361547.181731 0.232
26.00619125366211 1624361547.188671 0.232
26.00619125366211 1624361547.195568 0.232
25.371286392211914 1624361547.202673 0.232
25.99009895324707 1624361547.209661 0.232
26.00619125366211 1624361547.216635 0.232
25.371286392211914 1624361547.223676 0.232
26.00619125366211 1624361547.230663 0.232
26.00619125366211 1624361547.237681 0.232
26.00619125366211 1624361547.2447 0.232
26.00619125366211 1624361547.252753 0.232
25.38699722290039 1624361547.259696 0.232
25.99009895324707 1624361547.266671 0.232
25.99009895324707 1624361547.273736 0.232
25.371286392211914 1624361547.280671 0.232
25.99009895324707 1624361547.287761 0.232
25.371286392211914 1624361547.294754 0.232
25.371286392211914 1624361547.301741 0.232
25.99009895324707 1624361547.308735 0.232
25.371286392211914 1624361547.315681 0.232
26.00619125366211 1624361547.322705 0.232
25.99009895324707 1624361547.329777 0.232
25.371286392211914 1624361547.336815 0.232
26.00619125366211 1624361547.343608 0.232
25.99009895324707 1624361547.350632 0.232
25.371286392211914 1624361547.357624 0.232
25.99009895324707 1624361547.364677 0.232
25.371286392211914 1624361547.371645 0.232
25.99009895324707 1624361547.378672 0.232
25.99009895324707 1624361547.385611 0.232
25.38699722290039 1624361547.392596 0.232
25.99009895324707 1624361547.399678 0.232
25.99009895324707 1624361547.406599 0.232
25.38699722290039 1624361547.413664 0.232
25.99009895324707 1624361547.420592 0.232
26.00619125366211 1624361547.427677 0.232
25.371286392211914 1624361547.434649 0.232
25.99009895324707 1624361547.441582 0.232
25.371286392211914 1624361547.448622 0.232
25.99009895324707 1624361547.455598 0.232
26.00619125366211 1624361547.46268 0.232
26.00619125366211 1624361547.469694 0.232
25.99009895324707 1624361547.476712 0.232
26.00619125366211 1624361547.483705 0.232
26.00619125366211 1624361547.490815 0.232
25.99009895324707 1624361547.497786 0.232
25.99009895324707 1624361547.504558 0.232
25.99009895324707 1624361547.511569 0.232
25.99009895324707 1624361547.518548 0.232
25.38699722290039 1624361547.52562 0.232
25.99009895324707 1624361547.532569 0.232
25.99009895324707 1624361547.5396 0.232
25.38699722290039 1624361547.54656 0.232
25.99009895324707 1624361547.553647 0.232
25.99009895324707 1624361547.560516 0.232
26.00619125366211 1624361547.567585 0.232
26.00619125366211 1624361547.574625 0.232
25.371286392211914 1624361547.581573 0.232
26.00619125366211 1624361547.588563 0.232
25.99009895324707 1624361547.595578 0.232
25.38699722290039 1624361547.602574 0.232
26.00619125366211 1624361547.60955 0.232
26.00619125366211 1624361547.61663 0.232
25.99009895324707 1624361547.623585 0.232
26.00619125366211 1624361547.630533 0.232
25.38699722290039 1624361547.637672 0.232
25.99009895324707 1624361547.644634 0.232
26.00619125366211 1624361547.651709 0.232
25.99009895324707 1624361547.658723 0.232
26.00619125366211 1624361547.665675 0.232
25.99009895324707 1624361547.672669 0.232
26.00619125366211 1624361547.679674 0.232
26.00619125366211 1624361547.686687 0.232
26.00619125366211 1624361547.693487 0.232
26.00619125366211 1624361547.700491 0.232
25.99009895324707 1624361547.707511 0.232
26.00619125366211 1624361547.714556 0.232
26.00619125366211 1624361547.721488 0.232
26.00619125366211 1624361547.728558 0.232
25.38699722290039 1624361547.735564 0.232
26.00619125366211 1624361547.742577 0.232
25.99009895324707 1624361547.749518 0.232
26.00619125366211 1624361547.756587 0.232
26.00619125366211 1624361547.763617 0.232
25.38699722290039 1624361547.770522 0.232
26.00619125366211 1624361547.777574 0.232
25.99009895324707 1624361547.784558 0.232
25.371286392211914 1624361547.791542 0.232
26.00619125366211 1624361547.798549 0.232
26.00619125366211 1624361547.805526 0.232
25.38699722290039 1624361547.812503 0.232
26.00619125366211 1624361547.819497 0.232
25.371286392211914 1624361547.826516 0.232
25.99009895324707 1624361547.833509 0.232
26.00619125366211 1624361547.840578 0.232
25.371286392211914 1624361547.84757 0.232
26.00619125366211 1624361547.854616 0.232
25.371286392211914 1624361547.861592 0.232
25.38699722290039 1624361547.868521 0.232
25.99009895324707 1624361547.875583 0.232
25.371286392211914 1624361547.882413 0.232
25.99009895324707 1624361547.889434 0.232
25.99009895324707 1624361547.896422 0.232
25.371286392211914 1624361547.903475 0.232
25.99009895324707 1624361547.910422 0.232
25.99009895324707 1624361547.917529 0.232
25.371286392211914 1624361547.924509 0.232
25.99009895324707 1624361547.93151 0.232
25.371286392211914 1624361547.938478 0.232
25.371286392211914 1624361547.945504 0.232
25.99009895324707 1624361547.952465 0.232
25.371286392211914 1624361547.959487 0.232
25.99009895324707 1624361547.966475 0.232
25.99009895324707 1624361547.973526 0.232
25.371286392211914 1624361547.980517 0.232
25.99009895324707 1624361547.987545 0.232
25.99009895324707 1624361547.994573 0.232
25.371286392211914 1624361548.001514 0.232
25.99009895324707 1624361548.00847 0.232
25.371286392211914 1624361548.015452 0.232
25.371286392211914 1624361548.022447 0.232
25.99009895324707 1624361548.029484 0.232
25.371286392211914 1624361548.036508 0.232
25.99009895324707 1624361548.043478 0.232
25.99009895324707 1624361548.050487 0.232
25.371286392211914 1624361548.057512 0.232
25.99009895324707 1624361548.064419 0.232
25.99009895324707 1624361548.071352 0.232
25.371286392211914 1624361548.078406 0.232
25.99009895324707 1624361548.085367 0.232
25.371286392211914 1624361548.092409 0.232
25.371286392211914 1624361548.099444 0.232
25.99009895324707 1624361548.106471 0.232
25.371286392211914 1624361548.113436 0.232
25.99009895324707 1624361548.120488 0.232
25.99009895324707 1624361548.127491 0.232
25.371286392211914 1624361548.134474 0.232
25.99009895324707 1624361548.141399 0.232
25.99009895324707 1624361548.148405 0.232
25.371286392211914 1624361548.155438 0.232
25.99009895324707 1624361548.162478 0.232
25.371286392211914 1624361548.16953 0.232
25.371286392211914 1624361548.176524 0.232
25.99009895324707 1624361548.183505 0.232
25.371286392211914 1624361548.190555 0.232
25.99009895324707 1624361548.197439 0.232
25.99009895324707 1624361548.204455 0.232
25.371286392211914 1624361548.211427 0.232
25.99009895324707 1624361548.218437 0.232
25.371286392211914 1624361548.225496 0.232
25.371286392211914 1624361548.232395 0.232
25.99009895324707 1624361548.239368 0.232
25.371286392211914 1624361548.246364 0.232
25.99009895324707 1624361548.253384 0.232
25.99009895324707 1624361548.260342 0.232
25.371286392211914 1624361548.267307 0.232
25.371286392211914 1624361548.274303 0.232
25.371286392211914 1624361548.281331 0.232
25.371286392211914 1624361548.288361 0.232
25.371286392211914 1624361548.295469 0.232
25.371286392211914 1624361548.302546 0.232
25.371286392211914 1624361548.309491 0.232
25.99009895324707 1624361548.316428 0.232
25.371286392211914 1624361548.323383 0.232
25.99009895324707 1624361548.330455 0.232
25.99009895324707 1624361548.337486 0.232
25.371286392211914 1624361548.344436 0.232
25.371286392211914 1624361548.351422 0.232
25.371286392211914 1624361548.358464 0.232
25.371286392211914 1624361548.365379 0.232
25.99009895324707 1624361548.37242 0.232
25.371286392211914 1624361548.379414 0.232
25.99009895324707 1624361548.386366 0.232
25.371286392211914 1624361548.393448 0.232
25.371286392211914 1624361548.400389 0.232
25.99009895324707 1624361548.407365 0.232
25.99009895324707 1624361548.414275 0.232
25.371286392211914 1624361548.421246 0.232
25.371286392211914 1624361548.428265 0.232
25.371286392211914 1624361548.435287 0.232
25.371286392211914 1624361548.442217 0.232
25.371286392211914 1624361548.449299 0.232
25.371286392211914 1624361548.456321 0.232
25.371286392211914 1624361548.463292 0.232
25.371286392211914 1624361548.470368 0.232
25.371286392211914 1624361548.477345 0.232
25.371286392211914 1624361548.484433 0.232
25.371286392211914 1624361548.491318 0.232
25.371286392211914 1624361548.498361 0.232
25.99009895324707 1624361548.505372 0.232
25.371286392211914 1624361548.512393 0.232
25.371286392211914 1624361548.519441 0.232
25.371286392211914 1624361548.526393 0.232
25.371286392211914 1624361548.53338 0.232
25.99009895324707 1624361548.540461 0.232
25.99009895324707 1624361548.54742 0.232
25.371286392211914 1624361548.554441 0.232
25.99009895324707 1624361548.561468 0.232
25.371286392211914 1624361548.568475 0.232
25.371286392211914 1624361548.575446 0.232
25.371286392211914 1624361548.582286 0.232
25.371286392211914 1624361548.589285 0.232
25.371286392211914 1624361548.596271 0.232
25.371286392211914 1624361548.603314 0.232
25.371286392211914 1624361548.610314 0.232
25.99009895324707 1624361548.617271 0.232
25.371286392211914 1624361548.624181 0.232
25.371286392211914 1624361548.631256 0.232
25.371286392211914 1624361548.638272 0.232
25.371286392211914 1624361548.645315 0.232
25.371286392211914 1624361548.652354 0.232
25.371286392211914 1624361548.659319 0.232
25.371286392211914 1624361548.666318 0.232
25.371286392211914 1624361548.673355 0.232
25.371286392211914 1624361548.68027 0.232
25.371286392211914 1624361548.687273 0.232
25.371286392211914 1624361548.69435 0.232
25.99009895324707 1624361548.701376 0.232
25.371286392211914 1624361548.708326 0.232
25.371286392211914 1624361548.71533 0.232
25.371286392211914 1624361548.722307 0.232
25.371286392211914 1624361548.729362 0.232
25.371286392211914 1624361548.736357 0.232
25.371286392211914 1624361548.74315 0.232
25.371286392211914 1624361548.750117 0.232
25.371286392211914 1624361548.757271 0.232
25.371286392211914 1624361548.764267 0.232
25.371286392211914 1624361548.771226 0.232
25.371286392211914 1624361548.778273 0.232
25.371286392211914 1624361548.785262 0.232
25.371286392211914 1624361548.792216 0.232
25.371286392211914 1624361548.799205 0.232
25.371286392211914 1624361548.80625 0.232
25.371286392211914 1624361548.813214 0.232
25.371286392211914 1624361548.820279 0.232
25.371286392211914 1624361548.827256 0.232
25.371286392211914 1624361548.834302 0.232
25.371286392211914 1624361548.841249 0.232
25.371286392211914 1624361548.848281 0.232
25.371286392211914 1624361548.85524 0.232
25.371286392211914 1624361548.862294 0.232
25.371286392211914 1624361548.869321 0.232
25.371286392211914 1624361548.876342 0.232
25.99009895324707 1624361548.883296 0.232
25.99009895324707 1624361548.890301 0.232
25.371286392211914 1624361548.897368 0.232
25.99009895324707 1624361548.9041 0.232
25.371286392211914 1624361548.911167 0.232
25.371286392211914 1624361548.918153 0.232
25.371286392211914 1624361548.925115 0.232
25.371286392211914 1624361548.932219 0.232
25.99009895324707 1624361548.939165 0.232
25.371286392211914 1624361548.946237 0.232
25.371286392211914 1624361548.953173 0.232
25.371286392211914 1624361548.96018 0.232
25.371286392211914 1624361548.967184 0.232
25.371286392211914 1624361548.974187 0.232
25.371286392211914 1624361548.981207 0.232
25.371286392211914 1624361548.988159 0.232
25.371286392211914 1624361548.995215 0.232
25.371286392211914 1624361549.002222 0.232
25.371286392211914 1624361549.009174 0.232
25.99009895324707 1624361549.016186 0.232
25.371286392211914 1624361549.023166 0.232
25.371286392211914 1624361549.030189 0.232
25.371286392211914 1624361549.037135 0.232
25.371286392211914 1624361549.044198 0.232
25.371286392211914 1624361549.051195 0.232
25.371286392211914 1624361549.058232 0.232
25.371286392211914 1624361549.065253 0.232
25.371286392211914 1624361549.07221 0.232
25.371286392211914 1624361549.079013 0.232
25.371286392211914 1624361549.08604 0.232
25.371286392211914 1624361549.093105 0.232
25.371286392211914 1624361549.100215 0.232
25.371286392211914 1624361549.107214 0.232
25.371286392211914 1624361549.114133 0.232
25.371286392211914 1624361549.121089 0.232
25.371286392211914 1624361549.128128 0.232
25.371286392211914 1624361549.135175 0.232
25.371286392211914 1624361549.142118 0.232
25.371286392211914 1624361549.149171 0.232
25.371286392211914 1624361549.156139 0.232
25.371286392211914 1624361549.163164 0.232
25.371286392211914 1624361549.170216 0.232
25.371286392211914 1624361549.177192 0.232
25.371286392211914 1624361549.184137 0.232
25.99009895324707 1624361549.191163 0.232
25.371286392211914 1624361549.198215 0.232
25.371286392211914 1624361549.205243 0.232
25.371286392211914 1624361549.212209 0.232
25.371286392211914 1624361549.219064 0.232
25.371286392211914 1624361549.226031 0.232
25.371286392211914 1624361549.233054 0.232
25.371286392211914 1624361549.240117 0.232
25.371286392211914 1624361549.247074 0.232
25.371286392211914 1624361549.254094 0.232
25.371286392211914 1624361549.261107 0.232
25.371286392211914 1624361549.26887 0.232
25.371286392211914 1624361549.276194 0.232
25.99009895324707 1624361549.283156 0.232
25.371286392211914 1624361549.290107 0.232
25.371286392211914 1624361549.297167 0.232
25.371286392211914 1624361549.304182 0.232
25.371286392211914 1624361549.311203 0.232
25.371286392211914 1624361549.318206 0.232
25.371286392211914 1624361549.325206 0.232
25.371286392211914 1624361549.332022 0.232
25.371286392211914 1624361549.339007 0.232
25.371286392211914 1624361549.346081 0.232
25.371286392211914 1624361549.35308 0.232
25.371286392211914 1624361549.360051 0.232
25.371286392211914 1624361549.367058 0.232
25.371286392211914 1624361549.374087 0.232
25.371286392211914 1624361549.381081 0.232
25.371286392211914 1624361549.388052 0.232
25.371286392211914 1624361549.395098 0.232
25.371286392211914 1624361549.40209 0.232
25.371286392211914 1624361549.409088 0.232
25.371286392211914 1624361549.416133 0.232
25.371286392211914 1624361549.423115 0.232
25.371286392211914 1624361549.430107 0.232
25.371286392211914 1624361549.437068 0.232
25.371286392211914 1624361549.444163 0.232
25.371286392211914 1624361549.451139 0.232
25.371286392211914 1624361549.458125 0.232
25.371286392211914 1624361549.465172 0.232
25.371286392211914 1624361549.472161 0.232
25.371286392211914 1624361549.478945 0.232
25.371286392211914 1624361549.485971 0.232
25.371286392211914 1624361549.492972 0.232
25.371286392211914 1624361549.500001 0.232
25.371286392211914 1624361549.506962 0.232
25.371286392211914 1624361549.513999 0.232
25.371286392211914 1624361549.521023 0.232
25.371286392211914 1624361549.527991 0.232
25.371286392211914 1624361549.535029 0.232
25.371286392211914 1624361549.542053 0.232
25.371286392211914 1624361549.549042 0.232
25.371286392211914 1624361549.556066 0.232
25.371286392211914 1624361549.563088 0.232
25.371286392211914 1624361549.570034 0.232
25.371286392211914 1624361549.577021 0.232
25.371286392211914 1624361549.584061 0.232
25.371286392211914 1624361549.591083 0.232
25.371286392211914 1624361549.598076 0.232
25.371286392211914 1624361549.605129 0.232
25.371286392211914 1624361549.612081 0.232
25.371286392211914 1624361549.619142 0.232
25.371286392211914 1624361549.626084 0.232
25.371286392211914 1624361549.633048 0.232
25.371286392211914 1624361549.640107 0.232
25.371286392211914 1624361549.646916 0.232
25.371286392211914 1624361549.653983 0.232
25.371286392211914 1624361549.660963 0.232
25.371286392211914 1624361549.668005 0.232
25.371286392211914 1624361549.674954 0.232
25.371286392211914 1624361549.681965 0.232
25.371286392211914 1624361549.688958 0.232
25.371286392211914 1624361549.696011 0.232
25.371286392211914 1624361549.70299 0.232
25.371286392211914 1624361549.71001 0.232
25.371286392211914 1624361549.716998 0.232
25.371286392211914 1624361549.724037 0.232
25.371286392211914 1624361549.731048 0.232
25.371286392211914 1624361549.738005 0.232
25.371286392211914 1624361549.745055 0.232
25.371286392211914 1624361549.752039 0.232
25.371286392211914 1624361549.759121 0.232
25.371286392211914 1624361549.766064 0.232
25.371286392211914 1624361549.773076 0.232
25.371286392211914 1624361549.780087 0.232
25.371286392211914 1624361549.786864 0.232
25.371286392211914 1624361549.793876 0.232
25.371286392211914 1624361549.80091 0.232
25.371286392211914 1624361549.8079 0.232
25.371286392211914 1624361549.814904 0.232
25.371286392211914 1624361549.821951 0.232
25.371286392211914 1624361549.828943 0.232
25.371286392211914 1624361549.836012 0.232
25.371286392211914 1624361549.842888 0.232
25.371286392211914 1624361549.849916 0.232
25.371286392211914 1624361549.856976 0.232
25.371286392211914 1624361549.863886 0.232
25.371286392211914 1624361549.870933 0.232
25.371286392211914 1624361549.877952 0.232
25.371286392211914 1624361549.885003 0.232
25.371286392211914 1624361549.891922 0.232
25.371286392211914 1624361549.899001 0.232
25.371286392211914 1624361549.906023 0.232
25.371286392211914 1624361549.913055 0.232
25.371286392211914 1624361549.919989 0.232
25.371286392211914 1624361549.927022 0.232
25.371286392211914 1624361549.933846 0.232
25.371286392211914 1624361549.940869 0.232
25.371286392211914 1624361549.947864 0.232
25.371286392211914 1624361549.954872 0.232
25.371286392211914 1624361549.961847 0.232
25.371286392211914 1624361549.968852 0.232
25.371286392211914 1624361549.975851 0.232
25.371286392211914 1624361549.982933 0.232
25.371286392211914 1624361549.989871 0.232
25.371286392211914 1624361549.996904 0.232
25.371286392211914 1624361550.003927 0.232
25.371286392211914 1624361550.010965 0.232
25.371286392211914 1624361550.017859 0.232
25.371286392211914 1624361550.024947 0.232
25.371286392211914 1624361550.031919 0.232
25.371286392211914 1624361550.038905 0.232
25.371286392211914 1624361550.045936 0.232
25.371286392211914 1624361550.053222 0.232
25.371286392211914 1624361550.06081 0.232
25.371286392211914 1624361550.067827 0.232
25.371286392211914 1624361550.074809 0.232
25.371286392211914 1624361550.081813 0.232
25.371286392211914 1624361550.088811 0.232
25.371286392211914 1624361550.095852 0.232
25.371286392211914 1624361550.102852 0.232
25.371286392211914 1624361550.10987 0.232
25.371286392211914 1624361550.116839 0.232
25.371286392211914 1624361550.12386 0.232
25.371286392211914 1624361550.130872 0.232
25.371286392211914 1624361550.1379 0.232
25.371286392211914 1624361550.14481 0.232
25.371286392211914 1624361550.151889 0.232
25.371286392211914 1624361550.158886 0.232
25.371286392211914 1624361550.165855 0.232
25.371286392211914 1624361550.172897 0.232
25.371286392211914 1624361550.179874 0.232
25.371286392211914 1624361550.186893 0.232
25.371286392211914 1624361550.193936 0.232
25.371286392211914 1624361550.20092 0.232
24.75247573852539 1624361550.207874 0.232
25.371286392211914 1624361550.214911 0.232
25.371286392211914 1624361550.22177 0.232
25.371286392211914 1624361550.228777 0.232
25.3555965423584 1624361550.235751 0.232
24.737167358398438 1624361550.242784 0.232
25.3555965423584 1624361550.24979 0.232
25.371286392211914 1624361550.256771 0.232
24.75247573852539 1624361550.263804 0.232
25.371286392211914 1624361550.270865 0.232
25.371286392211914 1624361550.277835 0.232
25.3555965423584 1624361550.284788 0.232
25.371286392211914 1624361550.291778 0.232
25.371286392211914 1624361550.298821 0.232
25.371286392211914 1624361550.305809 0.232
25.371286392211914 1624361550.31277 0.232
24.75247573852539 1624361550.319802 0.232
25.371286392211914 1624361550.326807 0.232
25.371286392211914 1624361550.333877 0.232
25.371286392211914 1624361550.340862 0.232
25.371286392211914 1624361550.347854 0.232
25.371286392211914 1624361550.355005 0.232
25.371286392211914 1624361550.36188 0.232
25.371286392211914 1624361550.368867 0.232
25.371286392211914 1624361550.375844 0.232
25.3555965423584 1624361550.382704 0.232
25.371286392211914 1624361550.389727 0.232
24.75247573852539 1624361550.396738 0.232
25.371286392211914 1624361550.403822 0.232
25.371286392211914 1624361550.410782 0.232
24.75247573852539 1624361550.417777 0.232
25.371286392211914 1624361550.424824 0.232
25.371286392211914 1624361550.431779 0.232
25.371286392211914 1624361550.438708 0.232
25.371286392211914 1624361550.44575 0.232
24.75247573852539 1624361550.452803 0.232
25.3555965423584 1624361550.459794 0.232
25.3555965423584 1624361550.466741 0.232
24.75247573852539 1624361550.473783 0.232
25.371286392211914 1624361550.48076 0.232
25.371286392211914 1624361550.487815 0.232
25.371286392211914 1624361550.49487 0.232
25.371286392211914 1624361550.501863 0.232
24.737167358398438 1624361550.50882 0.232
25.3555965423584 1624361550.515834 0.232
25.371286392211914 1624361550.522791 0.232
24.75247573852539 1624361550.52968 0.232
25.371286392211914 1624361550.536636 0.232
25.371286392211914 1624361550.543733 0.232
24.737167358398438 1624361550.550698 0.232
25.3555965423584 1624361550.557603 0.232
25.371286392211914 1624361550.564606 0.232
25.371286392211914 1624361550.571652 0.232
25.371286392211914 1624361550.578644 0.232
24.75247573852539 1624361550.585704 0.232
25.371286392211914 1624361550.59272 0.232
25.371286392211914 1624361550.599729 0.232
24.75247573852539 1624361550.606631 0.232
25.371286392211914 1624361550.613757 0.232
25.371286392211914 1624361550.620664 0.232
25.3555965423584 1624361550.627711 0.232
25.371286392211914 1624361550.634694 0.232
24.75247573852539 1624361550.641741 0.232
25.3555965423584 1624361550.64881 0.232
25.3555965423584 1624361550.655832 0.232
24.75247573852539 1624361550.662756 0.232
25.3555965423584 1624361550.669855 0.232
25.371286392211914 1624361550.676765 0.232
25.371286392211914 1624361550.683604 0.232
25.371286392211914 1624361550.690612 0.232
24.75247573852539 1624361550.697612 0.232
25.3555965423584 1624361550.704624 0.232
25.3555965423584 1624361550.711641 0.232
24.75247573852539 1624361550.718706 0.232
25.371286392211914 1624361550.72571 0.232
25.371286392211914 1624361550.732688 0.232
24.737167358398438 1624361550.739728 0.232
25.371286392211914 1624361550.746711 0.232
25.371286392211914 1624361550.753688 0.232
24.737167358398438 1624361550.7607 0.232
25.3555965423584 1624361550.767671 0.232
24.75247573852539 1624361550.774702 0.232
25.3555965423584 1624361550.781657 0.232
25.3555965423584 1624361550.788737 0.232
24.75247573852539 1624361550.795772 0.232
25.3555965423584 1624361550.802814 0.232
25.3555965423584 1624361550.809861 0.232
24.75247573852539 1624361550.816762 0.232
25.371286392211914 1624361550.823736 0.232
25.371286392211914 1624361550.830697 0.232
25.371286392211914 1624361550.837563 0.232
25.3555965423584 1624361550.844553 0.232
24.75247573852539 1624361550.851634 0.232
25.3555965423584 1624361550.858581 0.232
25.3555965423584 1624361550.865576 0.232
24.75247573852539 1624361550.87258 0.232
25.371286392211914 1624361550.879624 0.232
25.371286392211914 1624361550.886583 0.232
24.737167358398438 1624361550.893577 0.232
25.3555965423584 1624361550.900509 0.232
25.3555965423584 1624361550.907566 0.232
25.3555965423584 1624361550.914684 0.232
25.3555965423584 1624361550.921627 0.232
24.737167358398438 1624361550.928657 0.232
25.371286392211914 1624361550.935731 0.232
25.371286392211914 1624361550.942693 0.232
24.737167358398438 1624361550.949631 0.232
25.371286392211914 1624361550.956635 0.232
25.3555965423584 1624361550.963645 0.232
25.371286392211914 1624361550.970712 0.232
25.371286392211914 1624361550.977692 0.232
25.371286392211914 1624361550.984673 0.232
25.3555965423584 1624361550.991472 0.232
25.3555965423584 1624361550.998486 0.232
24.737167358398438 1624361551.005494 0.232
25.3555965423584 1624361551.012516 0.232
25.371286392211914 1624361551.019522 0.232
25.3555965423584 1624361551.026521 0.232
25.371286392211914 1624361551.033527 0.232
25.3555965423584 1624361551.040504 0.232
25.3555965423584 1624361551.047499 0.232
25.371286392211914 1624361551.05447 0.232
25.3555965423584 1624361551.061534 0.232
25.3555965423584 1624361551.068556 0.232
25.371286392211914 1624361551.075576 0.232
24.737167358398438 1624361551.082595 0.232
25.3555965423584 1624361551.089564 0.232
25.3555965423584 1624361551.096726 0.232
25.3555965423584 1624361551.103639 0.232
25.3555965423584 1624361551.110667 0.232
25.371286392211914 1624361551.117731 0.232
25.3555965423584 1624361551.124704 0.232
25.3555965423584 1624361551.131472 0.232
24.75247573852539 1624361551.138437 0.232
25.3555965423584 1624361551.145491 0.232
25.3555965423584 1624361551.152427 0.232
24.75247573852539 1624361551.159477 0.232
25.3555965423584 1624361551.166518 0.232
25.3555965423584 1624361551.173489 0.232
24.737167358398438 1624361551.180536 0.232
25.3555965423584 1624361551.187505 0.232
25.3555965423584 1624361551.194481 0.232
25.3555965423584 1624361551.201546 0.232
25.3555965423584 1624361551.208517 0.232
25.3555965423584 1624361551.215532 0.232
25.3555965423584 1624361551.222575 0.232
25.3555965423584 1624361551.229538 0.232
24.737167358398438 1624361551.236593 0.232
25.3555965423584 1624361551.243604 0.232
25.3555965423584 1624361551.250534 0.232
24.737167358398438 1624361551.257606 0.232
25.3555965423584 1624361551.264608 0.232
25.3555965423584 1624361551.271522 0.232
24.75247573852539 1624361551.278529 0.232
25.3555965423584 1624361551.285506 0.232
24.737167358398438 1624361551.292336 0.232
25.3555965423584 1624361551.299331 0.232
25.371286392211914 1624361551.306397 0.232
24.737167358398438 1624361551.313471 0.232
25.3555965423584 1624361551.320456 0.232
25.3555965423584 1624361551.327446 0.232
24.737167358398438 1624361551.334504 0.232
25.3555965423584 1624361551.34138 0.232
25.3555965423584 1624361551.348397 0.232
24.737167358398438 1624361551.355503 0.232
25.3555965423584 1624361551.362509 0.232
24.737167358398438 1624361551.369563 0.232
25.3555965423584 1624361551.376473 0.232
25.3555965423584 1624361551.383569 0.232
24.737167358398438 1624361551.390516 0.232
25.3555965423584 1624361551.397541 0.232
25.3555965423584 1624361551.404507 0.232
24.737167358398438 1624361551.411566 0.232
25.3555965423584 1624361551.418608 0.232
25.3555965423584 1624361551.425577 0.232
25.3555965423584 1624361551.432576 0.232
25.3555965423584 1624361551.439616 0.232
24.737167358398438 1624361551.446584 0.232
25.3555965423584 1624361551.453583 0.232
25.3555965423584 1624361551.460464 0.232
24.737167358398438 1624361551.467401 0.232
25.3555965423584 1624361551.474397 0.232
25.3555965423584 1624361551.481429 0.232
24.737167358398438 1624361551.488474 0.232
25.3555965423584 1624361551.495424 0.232
25.3555965423584 1624361551.502467 0.232
25.3555965423584 1624361551.509432 0.232
25.3555965423584 1624361551.516426 0.232
24.737167358398438 1624361551.523414 0.232
25.3555965423584 1624361551.530436 0.232
25.3555965423584 1624361551.537378 0.232
24.737167358398438 1624361551.544349 0.232
25.3555965423584 1624361551.551309 0.232
24.737167358398438 1624361551.558404 0.232
25.3555965423584 1624361551.565421 0.232
25.3555965423584 1624361551.572462 0.232
24.737167358398438 1624361551.579453 0.232
25.3555965423584 1624361551.586383 0.232
25.3555965423584 1624361551.593414 0.232
24.737167358398438 1624361551.600437 0.232
25.3555965423584 1624361551.607405 0.232
25.3555965423584 1624361551.614472 0.232
24.737167358398438 1624361551.621439 0.232
25.3555965423584 1624361551.628272 0.232
25.3555965423584 1624361551.63528 0.232
24.737167358398438 1624361551.642395 0.232
25.3555965423584 1624361551.649302 0.232
24.737167358398438 1624361551.6564 0.232
25.3555965423584 1624361551.663377 0.232
25.3555965423584 1624361551.670441 0.232
24.737167358398438 1624361551.677368 0.232
25.3555965423584 1624361551.684396 0.232
25.3555965423584 1624361551.69143 0.232
24.737167358398438 1624361551.698436 0.232
25.3555965423584 1624361551.705508 0.232
24.737167358398438 1624361551.712479 0.232
24.737167358398438 1624361551.719482 0.232
24.737167358398438 1624361551.726565 0.232
24.737167358398438 1624361551.733404 0.232
25.3555965423584 1624361551.740402 0.232
25.3555965423584 1624361551.747408 0.232
24.737167358398438 1624361551.754433 0.232
25.3555965423584 1624361551.761354 0.232
25.3555965423584 1624361551.768335 0.232
24.737167358398438 1624361551.775373 0.232
25.3555965423584 1624361551.782456 0.232
24.737167358398438 1624361551.789431 0.232
24.737167358398438 1624361551.796465 0.232
25.3555965423584 1624361551.803293 0.232
24.737167358398438 1624361551.810297 0.232
25.3555965423584 1624361551.817302 0.232
25.3555965423584 1624361551.824339 0.232
24.737167358398438 1624361551.831317 0.232
25.3555965423584 1624361551.838323 0.232
24.737167358398438 1624361551.845293 0.232
25.3555965423584 1624361551.852314 0.232
25.3555965423584 1624361551.859384 0.232
24.737167358398438 1624361551.866377 0.232
24.737167358398438 1624361551.873345 0.232
25.3555965423584 1624361551.880376 0.232
24.737167358398438 1624361551.887368 0.232
25.3555965423584 1624361551.894355 0.232
25.3555965423584 1624361551.901333 0.232
24.737167358398438 1624361551.908363 0.232
25.3555965423584 1624361551.915443 0.232
24.737167358398438 1624361551.922413 0.232
24.737167358398438 1624361551.929421 0.232
24.737167358398438 1624361551.936438 0.232
24.737167358398438 1624361551.943425 0.232
25.3555965423584 1624361551.950472 0.232
25.3555965423584 1624361551.957416 0.232
24.737167358398438 1624361551.964408 0.232
25.3555965423584 1624361551.971428 0.232
24.737167358398438 1624361551.978428 0.232
24.737167358398438 1624361551.985212 0.232
25.3555965423584 1624361551.992166 0.232
24.737167358398438 1624361551.999154 0.232
25.3555965423584 1624361552.006244 0.232
25.3555965423584 1624361552.013241 0.232
24.737167358398438 1624361552.020239 0.232
25.3555965423584 1624361552.027282 0.232
25.3555965423584 1624361552.034272 0.232
24.737167358398438 1624361552.041305 0.232
24.737167358398438 1624361552.048289 0.232
24.737167358398438 1624361552.055297 0.232
24.737167358398438 1624361552.062226 0.232
24.737167358398438 1624361552.069237 0.232
24.737167358398438 1624361552.076283 0.232
25.3555965423584 1624361552.08337 0.232
24.737167358398438 1624361552.090256 0.232
24.737167358398438 1624361552.097351 0.232
25.3555965423584 1624361552.104352 0.232
24.737167358398438 1624361552.111359 0.232
24.737167358398438 1624361552.118251 0.232
25.3555965423584 1624361552.125273 0.232
24.737167358398438 1624361552.132285 0.232
25.3555965423584 1624361552.139283 0.232
24.737167358398438 1624361552.146312 0.232
24.737167358398438 1624361552.153153 0.232
24.737167358398438 1624361552.160156 0.232
25.3555965423584 1624361552.167211 0.232
24.737167358398438 1624361552.174307 0.232
25.3555965423584 1624361552.181168 0.232
24.737167358398438 1624361552.188199 0.232
24.737167358398438 1624361552.195158 0.232
24.737167358398438 1624361552.202266 0.232
24.737167358398438 1624361552.209261 0.232
25.3555965423584 1624361552.216267 0.232
25.3555965423584 1624361552.223213 0.232
24.737167358398438 1624361552.230286 0.232
24.737167358398438 1624361552.237201 0.232
25.3555965423584 1624361552.244255 0.232
24.737167358398438 1624361552.251289 0.232
25.3555965423584 1624361552.258367 0.232
24.737167358398438 1624361552.265273 0.232
24.737167358398438 1624361552.272316 0.232
24.737167358398438 1624361552.279286 0.232
24.737167358398438 1624361552.286272 0.232
25.3555965423584 1624361552.293287 0.232
25.3555965423584 1624361552.300097 0.232
24.737167358398438 1624361552.307144 0.232
24.737167358398438 1624361552.314165 0.232
25.3555965423584 1624361552.321186 0.232
24.737167358398438 1624361552.328227 0.232
25.3555965423584 1624361552.335243 0.232
24.737167358398438 1624361552.342167 0.232
24.737167358398438 1624361552.349197 0.232
25.3555965423584 1624361552.356176 0.232
24.737167358398438 1624361552.363164 0.232
24.737167358398438 1624361552.370223 0.232
25.3555965423584 1624361552.377308 0.232
24.737167358398438 1624361552.384316 0.232
24.737167358398438 1624361552.39123 0.232
25.3555965423584 1624361552.398301 0.232
24.737167358398438 1624361552.405228 0.232
25.3555965423584 1624361552.412192 0.232
24.737167358398438 1624361552.419241 0.232
24.737167358398438 1624361552.426049 0.232
25.3555965423584 1624361552.433106 0.232
24.737167358398438 1624361552.440072 0.232
25.3555965423584 1624361552.447147 0.232
25.3555965423584 1624361552.45416 0.232
24.737167358398438 1624361552.461169 0.232
25.3555965423584 1624361552.468135 0.232
25.3555965423584 1624361552.475145 0.232
24.737167358398438 1624361552.482078 0.232
25.3555965423584 1624361552.489073 0.232
24.737167358398438 1624361552.496237 0.232
24.737167358398438 1624361552.50322 0.232
25.3555965423584 1624361552.510207 0.232
24.737167358398438 1624361552.517222 0.232
24.737167358398438 1624361552.524151 0.232
25.3555965423584 1624361552.531197 0.232
24.737167358398438 1624361552.538196 0.232
25.3555965423584 1624361552.54504 0.232
24.737167358398438 1624361552.552037 0.232
24.737167358398438 1624361552.559032 0.232
24.737167358398438 1624361552.56609 0.232
24.737167358398438 1624361552.573056 0.232
24.737167358398438 1624361552.580101 0.232
25.3555965423584 1624361552.587035 0.232
24.737167358398438 1624361552.59407 0.232
24.737167358398438 1624361552.601093 0.232
24.737167358398438 1624361552.608098 0.232
24.737167358398438 1624361552.615111 0.232
25.3555965423584 1624361552.622139 0.232
24.737167358398438 1624361552.629133 0.232
24.737167358398438 1624361552.636143 0.232
24.737167358398438 1624361552.643119 0.232
24.737167358398438 1624361552.650151 0.232
25.3555965423584 1624361552.657117 0.232
24.737167358398438 1624361552.664148 0.232
24.737167358398438 1624361552.671242 0.232
25.3555965423584 1624361552.678215 0.232
24.737167358398438 1624361552.685224 0.232
24.737167358398438 1624361552.692028 0.232
24.737167358398438 1624361552.69904 0.232
24.737167358398438 1624361552.706046 0.232
24.737167358398438 1624361552.713047 0.232
24.737167358398438 1624361552.720025 0.232
24.737167358398438 1624361552.727096 0.232
25.3555965423584 1624361552.734085 0.232
24.737167358398438 1624361552.741117 0.232
24.737167358398438 1624361552.748091 0.232
24.737167358398438 1624361552.755089 0.232
24.737167358398438 1624361552.76205 0.232
24.737167358398438 1624361552.769104 0.232
24.737167358398438 1624361552.776107 0.232
24.737167358398438 1624361552.783133 0.232
25.3555965423584 1624361552.790119 0.232
24.737167358398438 1624361552.797074 0.232
24.737167358398438 1624361552.804032 0.232
24.737167358398438 1624361552.811062 0.232
24.737167358398438 1624361552.81814 0.232
24.737167358398438 1624361552.825081 0.232
24.737167358398438 1624361552.832172 0.232
24.737167358398438 1624361552.839158 0.232
25.3555965423584 1624361552.846179 0.232
24.737167358398438 1624361552.852957 0.232
24.737167358398438 1624361552.860011 0.232
25.3555965423584 1624361552.866922 0.232
24.737167358398438 1624361552.873993 0.232
24.737167358398438 1624361552.880946 0.232
25.3555965423584 1624361552.88802 0.232
24.737167358398438 1624361552.895035 0.232
24.737167358398438 1624361552.902014 0.232
24.737167358398438 1624361552.909041 0.232
24.737167358398438 1624361552.916076 0.232
25.3555965423584 1624361552.923032 0.232
25.3555965423584 1624361552.930073 0.232
24.737167358398438 1624361552.937068 0.232
24.737167358398438 1624361552.944061 0.232
24.737167358398438 1624361552.951052 0.232
24.737167358398438 1624361552.958058 0.232
24.737167358398438 1624361552.965035 0.232
24.737167358398438 1624361552.97207 0.232
25.3555965423584 1624361552.979087 0.232
25.3555965423584 1624361552.986137 0.232
24.737167358398438 1624361552.993112 0.232
25.3555965423584 1624361553.000129 0.232
25.3555965423584 1624361553.007072 0.232
24.737167358398438 1624361553.014087 0.232
24.737167358398438 1624361553.021104 0.232
24.737167358398438 1624361553.027872 0.232
24.737167358398438 1624361553.034946 0.232
25.3555965423584 1624361553.042015 0.232
24.737167358398438 1624361553.04896 0.232
24.737167358398438 1624361553.055988 0.232
24.737167358398438 1624361553.062971 0.232
24.737167358398438 1624361553.069969 0.232
25.3555965423584 1624361553.077005 0.232
24.737167358398438 1624361553.08391 0.232
24.737167358398438 1624361553.090956 0.232
24.737167358398438 1624361553.097963 0.232
24.737167358398438 1624361553.104888 0.232
24.737167358398438 1624361553.111899 0.232
24.737167358398438 1624361553.118983 0.232
24.737167358398438 1624361553.12597 0.232
25.3555965423584 1624361553.132963 0.232
24.737167358398438 1624361553.13994 0.232
24.737167358398438 1624361553.14695 0.232
24.737167358398438 1624361553.15401 0.232
24.737167358398438 1624361553.160969 0.232
24.737167358398438 1624361553.167941 0.232
24.737167358398438 1624361553.175037 0.232
24.737167358398438 1624361553.182023 0.232
24.737167358398438 1624361553.189009 0.232
24.737167358398438 1624361553.196014 0.232
24.737167358398438 1624361553.202943 0.232
25.3555965423584 1624361553.209971 0.232
24.737167358398438 1624361553.216837 0.232
24.737167358398438 1624361553.223884 0.232
24.737167358398438 1624361553.230861 0.232
25.3555965423584 1624361553.237842 0.232
24.737167358398438 1624361553.244932 0.232
24.737167358398438 1624361553.251938 0.232
24.737167358398438 1624361553.258846 0.232
25.3555965423584 1624361553.265936 0.232
24.737167358398438 1624361553.272946 0.232
24.737167358398438 1624361553.279881 0.232
24.737167358398438 1624361553.286897 0.232
24.737167358398438 1624361553.293879 0.232
24.737167358398438 1624361553.300868 0.232
24.737167358398438 1624361553.307888 0.232
24.737167358398438 1624361553.314874 0.232
24.737167358398438 1624361553.321882 0.232
24.737167358398438 1624361553.328809 0.232
24.737167358398438 1624361553.335826 0.232
24.737167358398438 1624361553.34284 0.232
25.3555965423584 1624361553.349974 0.232
24.737167358398438 1624361553.356902 0.232
25.3555965423584 1624361553.36397 0.232
24.737167358398438 1624361553.370969 0.232
24.737167358398438 1624361553.377968 0.232
24.737167358398438 1624361553.384735 0.232
24.737167358398438 1624361553.391764 0.232
24.737167358398438 1624361553.398755 0.232
25.3555965423584 1624361553.405822 0.232
24.737167358398438 1624361553.412878 0.232
24.737167358398438 1624361553.419823 0.232
24.737167358398438 1624361553.426823 0.232
24.737167358398438 1624361553.433865 0.232
24.737167358398438 1624361553.440808 0.232
24.737167358398438 1624361553.447846 0.232
24.737167358398438 1624361553.45488 0.232
24.737167358398438 1624361553.461876 0.232
24.737167358398438 1624361553.468856 0.232
24.737167358398438 1624361553.475844 0.232
24.737167358398438 1624361553.482816 0.232
24.737167358398438 1624361553.489806 0.232
24.737167358398438 1624361553.496841 0.232
24.737167358398438 1624361553.503906 0.232
24.737167358398438 1624361553.510941 0.232
24.737167358398438 1624361553.517899 0.232
24.737167358398438 1624361553.524864 0.232
24.737167358398438 1624361553.531913 0.232
24.737167358398438 1624361553.53894 0.232
24.737167358398438 1624361553.545953 0.232
25.3555965423584 1624361553.552936 0.232
24.737167358398438 1624361553.559938 0.232
24.737167358398438 1624361553.566739 0.232
24.737167358398438 1624361553.573801 0.232
24.737167358398438 1624361553.580724 0.232
24.737167358398438 1624361553.587756 0.232
24.737167358398438 1624361553.594792 0.232
24.737167358398438 1624361553.601806 0.232
24.737167358398438 1624361553.608815 0.232
24.737167358398438 1624361553.615821 0.232
24.737167358398438 1624361553.622796 0.232
25.3555965423584 1624361553.629851 0.232
24.737167358398438 1624361553.636838 0.232
24.737167358398438 1624361553.64385 0.232
24.737167358398438 1624361553.650813 0.232
24.737167358398438 1624361553.657779 0.232
24.737167358398438 1624361553.664761 0.232
25.3555965423584 1624361553.67177 0.232
24.737167358398438 1624361553.678733 0.232
25.3555965423584 1624361553.685726 0.232
25.3555965423584 1624361553.69274 0.232
24.737167358398438 1624361553.699752 0.232
24.737167358398438 1624361553.706769 0.232
25.3555965423584 1624361553.713755 0.232
24.737167358398438 1624361553.720776 0.232
25.3555965423584 1624361553.727604 0.232
24.737167358398438 1624361553.734575 0.232
24.737167358398438 1624361553.741614 0.232
24.737167358398438 1624361553.748621 0.232
24.737167358398438 1624361553.755607 0.232
24.737167358398438 1624361553.762624 0.232
24.737167358398438 1624361553.769623 0.232
24.737167358398438 1624361553.77662 0.232
25.3555965423584 1624361553.783656 0.232
25.3555965423584 1624361553.790667 0.232
24.737167358398438 1624361553.797648 0.232
24.737167358398438 1624361553.804655 0.232
24.737167358398438 1624361553.811643 0.232
24.737167358398438 1624361553.818646 0.232
25.3555965423584 1624361553.825701 0.232
24.737167358398438 1624361553.832689 0.232
24.737167358398438 1624361553.839666 0.232
24.737167358398438 1624361553.846801 0.232
24.737167358398438 1624361553.853782 0.232
24.737167358398438 1624361553.86077 0.232
24.737167358398438 1624361553.867785 0.232
24.737167358398438 1624361553.874768 0.232
24.737167358398438 1624361553.881844 0.232
24.737167358398438 1624361553.888778 0.232
24.737167358398438 1624361553.895775 0.232
25.3555965423584 1624361553.90275 0.232
24.737167358398438 1624361553.909821 0.232
25.3555965423584 1624361553.916804 0.232
24.737167358398438 1624361553.923846 0.232
24.737167358398438 1624361553.930661 0.232
25.3555965423584 1624361553.937676 0.232
24.737167358398438 1624361553.944672 0.232
24.737167358398438 1624361553.951675 0.232
24.737167358398438 1624361553.958737 0.232
24.737167358398438 1624361553.965681 0.232
24.737167358398438 1624361553.972704 0.232
24.737167358398438 1624361553.979617 0.232
24.737167358398438 1624361553.986623 0.232
24.737167358398438 1624361553.993646 0.232
24.737167358398438 1624361554.000758 0.232
24.737167358398438 1624361554.007701 0.232
24.737167358398438 1624361554.014767 0.232
24.737167358398438 1624361554.021743 0.232
24.737167358398438 1624361554.028663 0.232
25.3555965423584 1624361554.035684 0.232
24.737167358398438 1624361554.042681 0.232
24.737167358398438 1624361554.049678 0.232
25.3555965423584 1624361554.056717 0.232
24.737167358398438 1624361554.063812 0.232
24.737167358398438 1624361554.070737 0.232
24.737167358398438 1624361554.077754 0.232
24.737167358398438 1624361554.084858 0.232
24.737167358398438 1624361554.091751 0.232
24.737167358398438 1624361554.098801 0.232
24.737167358398438 1624361554.105633 0.232
24.737167358398438 1624361554.112637 0.232
24.737167358398438 1624361554.1196 0.232
24.737167358398438 1624361554.126646 0.232
24.737167358398438 1624361554.133672 0.232
24.737167358398438 1624361554.14067 0.232
24.737167358398438 1624361554.147654 0.232
24.737167358398438 1624361554.154675 0.232
24.737167358398438 1624361554.161682 0.232
25.3555965423584 1624361554.168641 0.232
24.737167358398438 1624361554.175588 0.232
24.737167358398438 1624361554.182654 0.232
24.737167358398438 1624361554.189667 0.232
24.737167358398438 1624361554.196654 0.232
24.737167358398438 1624361554.203715 0.232
24.737167358398438 1624361554.210709 0.232
24.737167358398438 1624361554.217693 0.232
24.737167358398438 1624361554.224711 0.232
24.737167358398438 1624361554.231753 0.232
24.737167358398438 1624361554.238701 0.232
24.737167358398438 1624361554.245731 0.232
24.737167358398438 1624361554.252671 0.232
24.737167358398438 1624361554.259709 0.232
24.737167358398438 1624361554.266577 0.232
24.737167358398438 1624361554.273631 0.232
24.737167358398438 1624361554.280665 0.232
24.737167358398438 1624361554.287598 0.232
24.737167358398438 1624361554.294592 0.232
24.737167358398438 1624361554.301596 0.232
24.737167358398438 1624361554.308588 0.232
24.737167358398438 1624361554.315583 0.232
24.737167358398438 1624361554.322594 0.232
24.737167358398438 1624361554.329625 0.232
24.737167358398438 1624361554.336573 0.232
24.737167358398438 1624361554.343535 0.232
24.737167358398438 1624361554.350542 0.232
24.737167358398438 1624361554.357665 0.232
24.737167358398438 1624361554.364671 0.232
24.737167358398438 1624361554.371671 0.232
24.737167358398438 1624361554.378648 0.232
24.737167358398438 1624361554.38569 0.232
24.737167358398438 1624361554.392692 0.232
24.737167358398438 1624361554.399676 0.232
24.737167358398438 1624361554.406657 0.232
24.737167358398438 1624361554.41365 0.232
24.737167358398438 1624361554.420539 0.232
24.737167358398438 1624361554.427564 0.232
24.737167358398438 1624361554.434463 0.232
24.737167358398438 1624361554.441517 0.232
25.3555965423584 1624361554.448557 0.232
24.737167358398438 1624361554.455471 0.232
24.737167358398438 1624361554.462561 0.232
24.737167358398438 1624361554.469564 0.232
24.737167358398438 1624361554.476512 0.232
24.737167358398438 1624361554.483552 0.232
25.3555965423584 1624361554.49052 0.232
24.737167358398438 1624361554.497597 0.232
24.737167358398438 1624361554.504607 0.232
24.737167358398438 1624361554.511617 0.232
24.737167358398438 1624361554.518654 0.232
24.737167358398438 1624361554.525557 0.232
24.737167358398438 1624361554.532728 0.232
24.737167358398438 1624361554.539629 0.232
24.737167358398438 1624361554.546418 0.232
24.737167358398438 1624361554.553396 0.232
24.737167358398438 1624361554.560439 0.232
24.737167358398438 1624361554.567415 0.232
24.737167358398438 1624361554.574444 0.232
25.3555965423584 1624361554.581455 0.232
24.737167358398438 1624361554.588521 0.232
24.737167358398438 1624361554.595513 0.232
24.737167358398438 1624361554.602501 0.232
24.737167358398438 1624361554.609523 0.232
24.737167358398438 1624361554.616506 0.232
24.737167358398438 1624361554.623546 0.232
24.737167358398438 1624361554.63053 0.232
24.737167358398438 1624361554.63759 0.232
24.737167358398438 1624361554.64463 0.232
24.737167358398438 1624361554.65162 0.232
24.737167358398438 1624361554.65855 0.232
24.737167358398438 1624361554.665515 0.232
24.737167358398438 1624361554.6724 0.232
24.737167358398438 1624361554.67939 0.232
24.737167358398438 1624361554.686446 0.232
24.737167358398438 1624361554.693444 0.232
24.737167358398438 1624361554.700449 0.232
24.737167358398438 1624361554.707461 0.232
24.737167358398438 1624361554.714463 0.232
24.737167358398438 1624361554.721456 0.232
24.737167358398438 1624361554.728474 0.232
24.737167358398438 1624361554.735495 0.232
24.737167358398438 1624361554.742479 0.232
24.737167358398438 1624361554.749549 0.232
24.737167358398438 1624361554.756485 0.232
24.737167358398438 1624361554.763587 0.232
24.737167358398438 1624361554.770551 0.232
24.737167358398438 1624361554.77759 0.232
24.737167358398438 1624361554.78453 0.232
24.737167358398438 1624361554.791463 0.232
24.737167358398438 1624361554.798521 0.232
24.737167358398438 1624361554.805551 0.232
24.737167358398438 1624361554.812417 0.232
24.737167358398438 1624361554.81944 0.232
24.737167358398438 1624361554.826426 0.232
24.737167358398438 1624361554.83338 0.232
24.737167358398438 1624361554.840402 0.232
24.737167358398438 1624361554.847443 0.232
24.737167358398438 1624361554.854457 0.232
24.737167358398438 1624361554.861471 0.232
24.737167358398438 1624361554.868454 0.232
24.737167358398438 1624361554.875464 0.232
24.737167358398438 1624361554.882455 0.232
24.737167358398438 1624361554.889432 0.232
24.737167358398438 1624361554.896449 0.232
24.737167358398438 1624361554.903465 0.232
24.737167358398438 1624361554.910448 0.232
24.737167358398438 1624361554.917484 0.232
24.737167358398438 1624361554.924457 0.232
24.737167358398438 1624361554.931464 0.232
24.737167358398438 1624361554.938519 0.232
24.737167358398438 1624361554.94547 0.232
24.737167358398438 1624361554.952533 0.232
24.737167358398438 1624361554.959511 0.232
24.737167358398438 1624361554.966379 0.232
24.737167358398438 1624361554.97338 0.232
24.737167358398438 1624361554.980438 0.232
24.737167358398438 1624361554.987424 0.232
24.737167358398438 1624361554.994455 0.232
24.737167358398438 1624361555.001381 0.232
24.737167358398438 1624361555.008386 0.232
24.737167358398438 1624361555.015342 0.232
24.737167358398438 1624361555.022302 0.232
24.737167358398438 1624361555.029355 0.232
24.737167358398438 1624361555.036355 0.232
24.737167358398438 1624361555.043339 0.232
24.737167358398438 1624361555.050484 0.232
24.737167358398438 1624361555.057416 0.232
24.737167358398438 1624361555.064454 0.232
24.737167358398438 1624361555.071435 0.232
24.737167358398438 1624361555.078431 0.232
24.737167358398438 1624361555.085393 0.232
24.737167358398438 1624361555.092385 0.232
24.737167358398438 1624361555.099392 0.232
24.737167358398438 1624361555.106493 0.232
24.737167358398438 1624361555.113481 0.232
24.737167358398438 1624361555.120383 0.232
24.737167358398438 1624361555.127306 0.232
24.737167358398438 1624361555.134404 0.232
24.737167358398438 1624361555.141364 0.232
24.737167358398438 1624361555.148434 0.232
24.737167358398438 1624361555.155285 0.232
24.737167358398438 1624361555.162342 0.232
24.737167358398438 1624361555.169345 0.232
24.737167358398438 1624361555.176332 0.232
24.737167358398438 1624361555.183403 0.232
24.737167358398438 1624361555.190464 0.232
24.737167358398438 1624361555.197372 0.232
24.737167358398438 1624361555.204313 0.232
24.737167358398438 1624361555.211324 0.232
24.737167358398438 1624361555.218353 0.232
24.737167358398438 1624361555.225355 0.232
24.737167358398438 1624361555.232455 0.232
24.737167358398438 1624361555.239432 0.232
24.737167358398438 1624361555.246414 0.232
24.737167358398438 1624361555.253502 0.232
24.737167358398438 1624361555.26045 0.232
24.737167358398438 1624361555.267422 0.232
24.737167358398438 1624361555.274378 0.232
24.118738174438477 1624361555.281446 0.232
24.737167358398438 1624361555.288417 0.232
24.737167358398438 1624361555.295423 0.232
24.737167358398438 1624361555.302212 0.232
24.737167358398438 1624361555.309247 0.232
24.737167358398438 1624361555.316243 0.232
24.737167358398438 1624361555.32318 0.232
24.737167358398438 1624361555.330215 0.232
24.737167358398438 1624361555.337252 0.232
24.737167358398438 1624361555.34423 0.232
24.737167358398438 1624361555.351227 0.232
24.737167358398438 1624361555.358193 0.232
24.737167358398438 1624361555.365209 0.232
24.737167358398438 1624361555.37221 0.232
24.737167358398438 1624361555.379221 0.232
24.737167358398438 1624361555.38626 0.232
24.737167358398438 1624361555.393194 0.232
24.737167358398438 1624361555.400223 0.232
24.737167358398438 1624361555.407229 0.232
24.737167358398438 1624361555.414227 0.232
24.737167358398438 1624361555.42124 0.232
24.737167358398438 1624361555.428274 0.232
24.737167358398438 1624361555.43533 0.232
24.737167358398438 1624361555.442348 0.232
24.737167358398438 1624361555.449353 0.232
24.737167358398438 1624361555.456424 0.232
24.737167358398438 1624361555.463409 0.232
24.737167358398438 1624361555.470455 0.232
24.737167358398438 1624361555.47742 0.232
24.737167358398438 1624361555.484425 0.232
24.737167358398438 1624361555.491204 0.232
24.737167358398438 1624361555.498204 0.232
24.737167358398438 1624361555.50521 0.232
24.737167358398438 1624361555.512155 0.232
24.737167358398438 1624361555.519178 0.232
24.737167358398438 1624361555.526165 0.232
24.737167358398438 1624361555.533141 0.232
24.737167358398438 1624361555.540159 0.232
24.737167358398438 1624361555.547231 0.232
24.737167358398438 1624361555.554273 0.232
24.737167358398438 1624361555.561236 0.232
24.118738174438477 1624361555.568274 0.232
24.737167358398438 1624361555.575263 0.232
24.737167358398438 1624361555.582306 0.232
24.737167358398438 1624361555.589314 0.232
24.737167358398438 1624361555.596296 0.232
24.737167358398438 1624361555.603363 0.232
24.737167358398438 1624361555.610294 0.232
24.737167358398438 1624361555.617316 0.232
24.118738174438477 1624361555.624294 0.232
24.737167358398438 1624361555.631324 0.232
24.737167358398438 1624361555.638298 0.232
24.118738174438477 1624361555.645324 0.232
24.737167358398438 1624361555.652301 0.232
24.737167358398438 1624361555.659259 0.232
24.737167358398438 1624361555.666052 0.232
24.737167358398438 1624361555.673153 0.232
24.737167358398438 1624361555.680106 0.232
24.737167358398438 1624361555.687221 0.232
24.737167358398438 1624361555.69414 0.232
24.737167358398438 1624361555.701156 0.232
24.737167358398438 1624361555.708122 0.232
24.737167358398438 1624361555.715167 0.232
24.737167358398438 1624361555.72219 0.232
24.737167358398438 1624361555.729202 0.232
24.737167358398438 1624361555.73618 0.232
24.737167358398438 1624361555.743241 0.232
24.737167358398438 1624361555.750266 0.232
24.737167358398438 1624361555.757226 0.232
24.737167358398438 1624361555.764244 0.232
24.737167358398438 1624361555.771209 0.232
24.737167358398438 1624361555.778244 0.232
24.737167358398438 1624361555.785291 0.232
24.737167358398438 1624361555.792228 0.232
24.118738174438477 1624361555.799304 0.232
24.737167358398438 1624361555.806244 0.232
24.737167358398438 1624361555.813251 0.232
24.737167358398438 1624361555.820028 0.232
24.737167358398438 1624361555.82702 0.232
24.737167358398438 1624361555.834116 0.232
24.737167358398438 1624361555.84111 0.232
24.737167358398438 1624361555.848053 0.232
24.737167358398438 1624361555.855157 0.232
24.737167358398438 1624361555.862111 0.232
24.737167358398438 1624361555.869148 0.232
24.737167358398438 1624361555.876067 0.232
24.737167358398438 1624361555.883095 0.232
24.737167358398438 1624361555.890149 0.232
24.737167358398438 1624361555.897228 0.232
24.737167358398438 1624361555.90414 0.232
24.737167358398438 1624361555.911167 0.232
24.737167358398438 1624361555.918262 0.232
24.737167358398438 1624361555.925145 0.232
24.737167358398438 1624361555.932118 0.232
24.737167358398438 1624361555.939136 0.232
24.737167358398438 1624361555.946188 0.232
24.737167358398438 1624361555.953211 0.232
24.737167358398438 1624361555.960161 0.232
24.737167358398438 1624361555.967182 0.232
24.737167358398438 1624361555.974185 0.232
24.737167358398438 1624361555.981174 0.232
24.737167358398438 1624361555.988029 0.232
24.737167358398438 1624361555.995031 0.232
24.737167358398438 1624361556.002008 0.232
24.737167358398438 1624361556.009003 0.232
24.737167358398438 1624361556.016104 0.232
24.737167358398438 1624361556.023099 0.232
24.737167358398438 1624361556.030067 0.232
24.737167358398438 1624361556.03709 0.232
24.737167358398438 1624361556.044081 0.232
24.737167358398438 1624361556.051118 0.232
24.737167358398438 1624361556.058102 0.232
24.737167358398438 1624361556.065066 0.232
24.737167358398438 1624361556.072118 0.232
24.737167358398438 1624361556.079129 0.232
24.737167358398438 1624361556.086128 0.232
24.737167358398438 1624361556.093189 0.232
24.737167358398438 1624361556.10017 0.232
24.737167358398438 1624361556.107175 0.232
24.737167358398438 1624361556.114193 0.232
24.737167358398438 1624361556.121166 0.232
24.118738174438477 1624361556.128071 0.232
24.737167358398438 1624361556.135067 0.232
24.737167358398438 1624361556.142078 0.232
24.737167358398438 1624361556.149078 0.232
24.737167358398438 1624361556.156109 0.232
24.737167358398438 1624361556.163156 0.232
24.737167358398438 1624361556.169979 0.232
24.737167358398438 1624361556.176952 0.232
24.737167358398438 1624361556.184052 0.232
24.737167358398438 1624361556.191027 0.232
24.737167358398438 1624361556.198006 0.232
24.118738174438477 1624361556.204981 0.232
24.737167358398438 1624361556.211976 0.232
24.737167358398438 1624361556.218971 0.232
24.737167358398438 1624361556.225992 0.232
24.737167358398438 1624361556.233023 0.232
24.737167358398438 1624361556.239993 0.232
24.737167358398438 1624361556.246981 0.232
24.737167358398438 1624361556.254 0.232
24.737167358398438 1624361556.26106 0.232
24.737167358398438 1624361556.268066 0.232
24.737167358398438 1624361556.275052 0.232
24.737167358398438 1624361556.282106 0.232
24.737167358398438 1624361556.289074 0.232
24.118738174438477 1624361556.29608 0.232
24.737167358398438 1624361556.303123 0.232
24.737167358398438 1624361556.310117 0.232
24.118738174438477 1624361556.317051 0.232
24.737167358398438 1624361556.324218 0.232
24.737167358398438 1624361556.331114 0.232
24.118738174438477 1624361556.338109 0.232
24.737167358398438 1624361556.344932 0.232
24.737167358398438 1624361556.351996 0.232
24.737167358398438 1624361556.358912 0.232
24.737167358398438 1624361556.365999 0.232
24.737167358398438 1624361556.372988 0.232
24.737167358398438 1624361556.379987 0.232
24.737167358398438 1624361556.387012 0.232
24.737167358398438 1624361556.393979 0.232
24.737167358398438 1624361556.401027 0.232
24.737167358398438 1624361556.407996 0.232
24.737167358398438 1624361556.415006 0.232
24.737167358398438 1624361556.421969 0.232
24.737167358398438 1624361556.429005 0.232
24.737167358398438 1624361556.435927 0.232
24.737167358398438 1624361556.443006 0.232
24.118738174438477 1624361556.450038 0.232
24.737167358398438 1624361556.456984 0.232
24.737167358398438 1624361556.464042 0.232
24.737167358398438 1624361556.471017 0.232
24.737167358398438 1624361556.477994 0.232
24.737167358398438 1624361556.48498 0.232
24.737167358398438 1624361556.492049 0.232
24.737167358398438 1624361556.498947 0.232
24.118738174438477 1624361556.506015 0.232
24.737167358398438 1624361556.513052 0.232
24.737167358398438 1624361556.520019 0.232
24.118738174438477 1624361556.526829 0.232
24.721879959106445 1624361556.533888 0.232
24.721879959106445 1624361556.540998 0.232
24.118738174438477 1624361556.547846 0.232
24.737167358398438 1624361556.554885 0.232
24.737167358398438 1624361556.561874 0.232
24.737167358398438 1624361556.568844 0.232
24.737167358398438 1624361556.575874 0.232
24.118738174438477 1624361556.582991 0.232
24.721879959106445 1624361556.589929 0.232
24.737167358398438 1624361556.596916 0.232
24.737167358398438 1624361556.603934 0.232
24.737167358398438 1624361556.610921 0.232
24.737167358398438 1624361556.617906 0.232
24.737167358398438 1624361556.624917 0.232
24.737167358398438 1624361556.632025 0.232
24.737167358398438 1624361556.63893 0.232
24.737167358398438 1624361556.645972 0.232
24.737167358398438 1624361556.652994 0.232
24.118738174438477 1624361556.660005 0.232
24.737167358398438 1624361556.666972 0.232
24.737167358398438 1624361556.674009 0.232
24.118738174438477 1624361556.680987 0.232
24.737167358398438 1624361556.688009 0.232
24.737167358398438 1624361556.694977 0.232
24.118738174438477 1624361556.701768 0.232
24.737167358398438 1624361556.708788 0.232
24.118738174438477 1624361556.715757 0.232
24.737167358398438 1624361556.72275 0.232
24.737167358398438 1624361556.729872 0.232
24.118738174438477 1624361556.736886 0.232
24.737167358398438 1624361556.743883 0.232
24.737167358398438 1624361556.750877 0.232
24.737167358398438 1624361556.757876 0.232
24.737167358398438 1624361556.764919 0.232
24.737167358398438 1624361556.771839 0.232
24.737167358398438 1624361556.778907 0.232
24.737167358398438 1624361556.785909 0.232
24.118738174438477 1624361556.792849 0.232
24.737167358398438 1624361556.799894 0.232
24.737167358398438 1624361556.806913 0.232
24.118738174438477 1624361556.813885 0.232
24.737167358398438 1624361556.820898 0.232
24.737167358398438 1624361556.827802 0.232
24.721879959106445 1624361556.834819 0.232
24.737167358398438 1624361556.841905 0.232
24.737167358398438 1624361556.848939 0.232
24.737167358398438 1624361556.855964 0.232
24.737167358398438 1624361556.862903 0.232
24.118738174438477 1624361556.869973 0.232
24.737167358398438 1624361556.876806 0.232
24.737167358398438 1624361556.883854 0.232
24.721879959106445 1624361556.890829 0.232
24.737167358398438 1624361556.897832 0.232
24.737167358398438 1624361556.9048 0.232
24.118738174438477 1624361556.911812 0.232
24.737167358398438 1624361556.918733 0.232
24.737167358398438 1624361556.925842 0.232
24.737167358398438 1624361556.932879 0.232
24.737167358398438 1624361556.939806 0.232
24.118738174438477 1624361556.946809 0.232
24.737167358398438 1624361556.953845 0.232
24.737167358398438 1624361556.960843 0.232
24.118738174438477 1624361556.967827 0.232
24.737167358398438 1624361556.974824 0.232
24.737167358398438 1624361556.981788 0.232
24.118738174438477 1624361556.988851 0.232
24.737167358398438 1624361556.995861 0.232
24.737167358398438 1624361557.002948 0.232
24.721879959106445 1624361557.009831 0.232
24.737167358398438 1624361557.016892 0.232
24.118738174438477 1624361557.023862 0.232
24.103832244873047 1624361557.030875 0.232
24.721879959106445 1624361557.037895 0.232
24.118738174438477 1624361557.044932 0.232
24.721879959106445 1624361557.051734 0.232
24.103832244873047 1624361557.058746 0.232
24.103832244873047 1624361557.065744 0.232
24.721879959106445 1624361557.072762 0.232
24.118738174438477 1624361557.079771 0.232
24.721879959106445 1624361557.086701 0.232
24.737167358398438 1624361557.093669 0.232
24.103832244873047 1624361557.100726 0.232
24.721879959106445 1624361557.107671 0.232
24.737167358398438 1624361557.114677 0.232
24.118738174438477 1624361557.121707 0.232
24.737167358398438 1624361557.128727 0.232
24.721879959106445 1624361557.135705 0.232
24.721879959106445 1624361557.14271 0.232
24.737167358398438 1624361557.149723 0.232
24.118738174438477 1624361557.156779 0.232
24.721879959106445 1624361557.16379 0.232
24.737167358398438 1624361557.170807 0.232
24.118738174438477 1624361557.177802 0.232
24.721879959106445 1624361557.184821 0.232
24.118738174438477 1624361557.191802 0.232
24.118738174438477 1624361557.198822 0.232
24.721879959106445 1624361557.205794 0.232
24.721879959106445 1624361557.212862 0.232
24.721879959106445 1624361557.21977 0.232
24.737167358398438 1624361557.22679 0.232
24.118738174438477 1624361557.233922 0.232
24.721879959106445 1624361557.24077 0.232
24.737167358398438 1624361557.247726 0.232
24.737167358398438 1624361557.254775 0.232
24.737167358398438 1624361557.261651 0.232
24.118738174438477 1624361557.268684 0.232
24.737167358398438 1624361557.275678 0.232
24.721879959106445 1624361557.282691 0.232
24.118738174438477 1624361557.28974 0.232
24.737167358398438 1624361557.296736 0.232
24.737167358398438 1624361557.303717 0.232
24.118738174438477 1624361557.31081 0.232
24.721879959106445 1624361557.317727 0.232
24.737167358398438 1624361557.324757 0.232
24.721879959106445 1624361557.331762 0.232
24.737167358398438 1624361557.338772 0.232
24.737167358398438 1624361557.345776 0.232
24.118738174438477 1624361557.352776 0.232
24.737167358398438 1624361557.359799 0.232
24.103832244873047 1624361557.366688 0.232
24.721879959106445 1624361557.373708 0.232
24.737167358398438 1624361557.380802 0.232
24.103832244873047 1624361557.387716 0.232
24.737167358398438 1624361557.394736 0.232
24.721879959106445 1624361557.40172 0.232
24.118738174438477 1624361557.408712 0.232
24.737167358398438 1624361557.415519 0.232
24.103832244873047 1624361557.422526 0.232
24.737167358398438 1624361557.429558 0.232
24.721879959106445 1624361557.436658 0.232
24.118738174438477 1624361557.443612 0.232
24.721879959106445 1624361557.450639 0.232
24.737167358398438 1624361557.457702 0.232
24.737167358398438 1624361557.464637 0.232
24.721879959106445 1624361557.471582 0.232
24.737167358398438 1624361557.478592 0.232
24.721879959106445 1624361557.485678 0.232
24.737167358398438 1624361557.492601 0.232
24.721879959106445 1624361557.499671 0.232
24.721879959106445 1624361557.506743 0.232
24.721879959106445 1624361557.513784 0.232
24.103832244873047 1624361557.520665 0.232
24.721879959106445 1624361557.527734 0.232
24.721879959106445 1624361557.534716 0.232
24.118738174438477 1624361557.541721 0.232
24.721879959106445 1624361557.548662 0.232
24.118738174438477 1624361557.55567 0.232
24.721879959106445 1624361557.562692 0.232
24.721879959106445 1624361557.569724 0.232
24.103832244873047 1624361557.57673 0.232
24.737167358398438 1624361557.583723 0.232
24.721879959106445 1624361557.590746 0.232
24.103832244873047 1624361557.597664 0.232
24.721879959106445 1624361557.604644 0.232
24.721879959106445 1624361557.61163 0.232
24.103832244873047 1624361557.618633 0.232
24.737167358398438 1624361557.625544 0.232
24.721879959106445 1624361557.632571 0.232
24.721879959106445 1624361557.639545 0.232
24.721879959106445 1624361557.646551 0.232
24.103832244873047 1624361557.653542 0.232
24.721879959106445 1624361557.660559 0.232
24.721879959106445 1624361557.667545 0.232
24.721879959106445 1624361557.674543 0.232
24.737167358398438 1624361557.681662 0.232
24.721879959106445 1624361557.688592 0.232
24.103832244873047 1624361557.695654 0.232
24.737167358398438 1624361557.702624 0.232
24.737167358398438 1624361557.709606 0.232
24.737167358398438 1624361557.716666 0.232
24.737167358398438 1624361557.723638 0.232
24.103832244873047 1624361557.730674 0.232
24.721879959106445 1624361557.737633 0.232
24.721879959106445 1624361557.744627 0.232
24.103832244873047 1624361557.751697 0.232
24.737167358398438 1624361557.75869 0.232
24.737167358398438 1624361557.765679 0.232
24.118738174438477 1624361557.77265 0.232
24.721879959106445 1624361557.779664 0.232
24.721879959106445 1624361557.786579 0.232
24.721879959106445 1624361557.793625 0.232
24.721879959106445 1624361557.800609 0.232
24.103832244873047 1624361557.807625 0.232
24.737167358398438 1624361557.81467 0.232
24.737167358398438 1624361557.821468 0.232
24.721879959106445 1624361557.828519 0.232
24.721879959106445 1624361557.835542 0.232
24.721879959106445 1624361557.842547 0.232
24.103832244873047 1624361557.849499 0.232
24.737167358398438 1624361557.856514 0.232
24.103832244873047 1624361557.863511 0.232
24.737167358398438 1624361557.870527 0.232
24.721879959106445 1624361557.877564 0.232
24.103832244873047 1624361557.884535 0.232
24.721879959106445 1624361557.891593 0.232
24.737167358398438 1624361557.898577 0.232
24.103832244873047 1624361557.905603 0.232
24.721879959106445 1624361557.912597 0.232
24.103832244873047 1624361557.919545 0.232
24.118738174438477 1624361557.926616 0.232
24.721879959106445 1624361557.933589 0.232
24.103832244873047 1624361557.940558 0.232
24.721879959106445 1624361557.947519 0.232
24.721879959106445 1624361557.954549 0.232
24.103832244873047 1624361557.961567 0.232
24.721879959106445 1624361557.968638 0.232
24.118738174438477 1624361557.97551 0.232
24.737167358398438 1624361557.982604 0.232
24.721879959106445 1624361557.989593 0.232
24.721879959106445 1624361557.996655 0.232
24.721879959106445 1624361558.003599 0.232
24.737167358398438 1624361558.01065 0.232
24.103832244873047 1624361558.017617 0.232
24.721879959106445 1624361558.024568 0.232
24.721879959106445 1624361558.031427 0.232
24.737167358398438 1624361558.038451 0.232
24.721879959106445 1624361558.045429 0.232
24.721879959106445 1624361558.052512 0.232
24.118738174438477 1624361558.059469 0.232
24.721879959106445 1624361558.066393 0.232
24.118738174438477 1624361558.073464 0.232
24.737167358398438 1624361558.080443 0.232
24.721879959106445 1624361558.087417 0.232
24.103832244873047 1624361558.094457 0.232
24.721879959106445 1624361558.101524 0.232
24.721879959106445 1624361558.108589 0.232
24.103832244873047 1624361558.115563 0.232
24.721879959106445 1624361558.122544 0.232
24.103832244873047 1624361558.129498 0.232
24.737167358398438 1624361558.136493 0.232
24.721879959106445 1624361558.143561 0.232
24.118738174438477 1624361558.150494 0.232
24.721879959106445 1624361558.157457 0.232
24.721879959106445 1624361558.16455 0.232
24.103832244873047 1624361558.171554 0.232
24.721879959106445 1624361558.178557 0.232
24.103832244873047 1624361558.185509 0.232
24.721879959106445 1624361558.192546 0.232
24.721879959106445 1624361558.199579 0.232
24.103832244873047 1624361558.206609 0.232
24.721879959106445 1624361558.213573 0.232
24.721879959106445 1624361558.220394 0.232
24.103832244873047 1624361558.22737 0.232
24.721879959106445 1624361558.234341 0.232
24.721879959106445 1624361558.241349 0.232
24.103832244873047 1624361558.248329 0.232
24.721879959106445 1624361558.255329 0.232
24.721879959106445 1624361558.262412 0.232
24.737167358398438 1624361558.269408 0.232
24.721879959106445 1624361558.276335 0.232
24.103832244873047 1624361558.283435 0.232
24.737167358398438 1624361558.290484 0.232
24.721879959106445 1624361558.297406 0.232
24.103832244873047 1624361558.304438 0.232
24.721879959106445 1624361558.311406 0.232
24.721879959106445 1624361558.318438 0.232
24.103832244873047 1624361558.325506 0.232
24.721879959106445 1624361558.332492 0.232
24.118738174438477 1624361558.33946 0.232
24.118738174438477 1624361558.34647 0.232
24.721879959106445 1624361558.353422 0.232
24.103832244873047 1624361558.360392 0.232
24.721879959106445 1624361558.367344 0.232
24.721879959106445 1624361558.374372 0.232
24.103832244873047 1624361558.381417 0.232
24.721879959106445 1624361558.388419 0.232
24.721879959106445 1624361558.395479 0.232
24.118738174438477 1624361558.402478 0.232
24.737167358398438 1624361558.409562 0.232
24.103832244873047 1624361558.416481 0.232
24.721879959106445 1624361558.423569 0.232
24.737167358398438 1624361558.43033 0.232
24.103832244873047 1624361558.437381 0.232
24.721879959106445 1624361558.444454 0.232
24.721879959106445 1624361558.451397 0.232
24.103832244873047 1624361558.458369 0.232
24.721879959106445 1624361558.465687 0.232
24.737167358398438 1624361558.473366 0.232
24.721879959106445 1624361558.480311 0.232
24.721879959106445 1624361558.487316 0.232
24.103832244873047 1624361558.494407 0.232
24.721879959106445 1624361558.501312 0.232
24.721879959106445 1624361558.508363 0.232
24.103832244873047 1624361558.515453 0.232
24.737167358398438 1624361558.522345 0.232
24.721879959106445 1624361558.529341 0.232
24.737167358398438 1624361558.536403 0.232
24.721879959106445 1624361558.543437 0.232
24.103832244873047 1624361558.550461 0.232
24.737167358398438 1624361558.557441 0.232
24.737167358398438 1624361558.564512 0.232
24.103832244873047 1624361558.571445 0.232
24.721879959106445 1624361558.578454 0.232
24.721879959106445 1624361558.58528 0.232
24.103832244873047 1624361558.592329 0.232
24.737167358398438 1624361558.599302 0.232
24.721879959106445 1624361558.606321 0.232
24.103832244873047 1624361558.613336 0.232
24.721879959106445 1624361558.620293 0.232
24.721879959106445 1624361558.627305 0.232
24.721879959106445 1624361558.634277 0.232
24.721879959106445 1624361558.641288 0.232
24.103832244873047 1624361558.648412 0.232
24.721879959106445 1624361558.655411 0.232
24.721879959106445 1624361558.662405 0.232
24.103832244873047 1624361558.669531 0.232
24.721879959106445 1624361558.67635 0.232
24.721879959106445 1624361558.683353 0.232
24.103832244873047 1624361558.690343 0.232
24.721879959106445 1624361558.697344 0.232
24.103832244873047 1624361558.704342 0.232
24.721879959106445 1624361558.711365 0.232
24.721879959106445 1624361558.718359 0.232
24.103832244873047 1624361558.725338 0.232
24.737167358398438 1624361558.732425 0.232
24.721879959106445 1624361558.739306 0.232
24.721879959106445 1624361558.746364 0.232
24.721879959106445 1624361558.753347 0.232
24.103832244873047 1624361558.760348 0.232
24.721879959106445 1624361558.767351 0.232
24.721879959106445 1624361558.774234 0.232
24.118738174438477 1624361558.781248 0.232
24.721879959106445 1624361558.788274 0.232
24.721879959106445 1624361558.795233 0.232
24.103832244873047 1624361558.802252 0.232
24.737167358398438 1624361558.809258 0.232
24.721879959106445 1624361558.816254 0.232
24.103832244873047 1624361558.823228 0.232
24.721879959106445 1624361558.830221 0.232
24.721879959106445 1624361558.837301 0.232
24.721879959106445 1624361558.84429 0.232
24.721879959106445 1624361558.85136 0.232
24.103832244873047 1624361558.858213 0.232
24.721879959106445 1624361558.865228 0.232
24.721879959106445 1624361558.872237 0.232
24.103832244873047 1624361558.879303 0.232
24.721879959106445 1624361558.88621 0.232
24.721879959106445 1624361558.8933 0.232
24.721879959106445 1624361558.900382 0.232
24.721879959106445 1624361558.907292 0.232
24.103832244873047 1624361558.914291 0.232
24.721879959106445 1624361558.92142 0.232
24.721879959106445 1624361558.928386 0.232
24.103832244873047 1624361558.935359 0.232
24.737167358398438 1624361558.942424 0.232
24.721879959106445 1624361558.949214 0.232
24.103832244873047 1624361558.956194 0.232
24.721879959106445 1624361558.963182 0.232
24.721879959106445 1624361558.970261 0.232
24.721879959106445 1624361558.97721 0.232
24.721879959106445 1624361558.98417 0.232
24.103832244873047 1624361558.991239 0.232
24.721879959106445 1624361558.99814 0.232
24.721879959106445 1624361559.005127 0.232
24.103832244873047 1624361559.012113 0.232
24.721879959106445 1624361559.019146 0.232
24.721879959106445 1624361559.026146 0.232
24.103832244873047 1624361559.033165 0.232
24.721879959106445 1624361559.040187 0.232
24.103832244873047 1624361559.047161 0.232
24.103832244873047 1624361559.054257 0.232
24.721879959106445 1624361559.061265 0.232
24.103832244873047 1624361559.068253 0.232
24.721879959106445 1624361559.07523 0.232
24.721879959106445 1624361559.082268 0.232
24.103832244873047 1624361559.089257 0.232
24.721879959106445 1624361559.096284 0.232
24.721879959106445 1624361559.103242 0.232
24.103832244873047 1624361559.110295 0.232
24.721879959106445 1624361559.117325 0.232
24.103832244873047 1624361559.124292 0.232
24.103832244873047 1624361559.131256 0.232
24.721879959106445 1624361559.138278 0.232
24.103832244873047 1624361559.145086 0.232
24.721879959106445 1624361559.152071 0.232
24.721879959106445 1624361559.15907 0.232
24.103832244873047 1624361559.166179 0.232
24.721879959106445 1624361559.173097 0.232
24.721879959106445 1624361559.180202 0.232
24.103832244873047 1624361559.18712 0.232
24.721879959106445 1624361559.194124 0.232
24.721879959106445 1624361559.201126 0.232
24.103832244873047 1624361559.208124 0.232
24.721879959106445 1624361559.215104 0.232
24.721879959106445 1624361559.222131 0.232
24.721879959106445 1624361559.22914 0.232
24.721879959106445 1624361559.23615 0.232
24.103832244873047 1624361559.243193 0.232
24.103832244873047 1624361559.250212 0.232
24.721879959106445 1624361559.257179 0.232
24.103832244873047 1624361559.264164 0.232
24.103832244873047 1624361559.271198 0.232
24.103832244873047 1624361559.278178 0.232
24.103832244873047 1624361559.285205 0.232
24.721879959106445 1624361559.292143 0.232
24.103832244873047 1624361559.299174 0.232
24.721879959106445 1624361559.306159 0.232
24.721879959106445 1624361559.313128 0.232
24.103832244873047 1624361559.320255 0.232
24.103832244873047 1624361559.327097 0.232
24.721879959106445 1624361559.334017 0.232
24.103832244873047 1624361559.340999 0.232
24.721879959106445 1624361559.348076 0.232
24.721879959106445 1624361559.355013 0.232
24.103832244873047 1624361559.362037 0.232
24.721879959106445 1624361559.369131 0.232
24.103832244873047 1624361559.376095 0.232
24.721879959106445 1624361559.383147 0.232
24.721879959106445 1624361559.390126 0.232
24.103832244873047 1624361559.39711 0.232
24.721879959106445 1624361559.404069 0.232
24.721879959106445 1624361559.411129 0.232
24.103832244873047 1624361559.418186 0.232
24.721879959106445 1624361559.425108 0.232
24.721879959106445 1624361559.432112 0.232
24.103832244873047 1624361559.439156 0.232
24.721879959106445 1624361559.446164 0.232
24.721879959106445 1624361559.453098 0.232
24.721879959106445 1624361559.460105 0.232
24.721879959106445 1624361559.467105 0.232
24.103832244873047 1624361559.474124 0.232
24.721879959106445 1624361559.480977 0.232
24.721879959106445 1624361559.48798 0.232
24.103832244873047 1624361559.495034 0.232
24.721879959106445 1624361559.502075 0.232
24.103832244873047 1624361559.509045 0.232
24.103832244873047 1624361559.516084 0.232
24.721879959106445 1624361559.52307 0.232
24.103832244873047 1624361559.530087 0.232
24.103832244873047 1624361559.537036 0.232
24.721879959106445 1624361559.544099 0.232
24.103832244873047 1624361559.551007 0.232
24.721879959106445 1624361559.558012 0.232
24.721879959106445 1624361559.565091 0.232
24.721879959106445 1624361559.572037 0.232
24.721879959106445 1624361559.579125 0.232
24.721879959106445 1624361559.586082 0.232
24.103832244873047 1624361559.593031 0.232
24.721879959106445 1624361559.600019 0.232
24.103832244873047 1624361559.607031 0.232
24.721879959106445 1624361559.6141 0.232
24.721879959106445 1624361559.621034 0.232
24.103832244873047 1624361559.628159 0.232
24.721879959106445 1624361559.635148 0.232
24.103832244873047 1624361559.642079 0.232
24.103832244873047 1624361559.648955 0.232
24.103832244873047 1624361559.656029 0.232
24.721879959106445 1624361559.662973 0.232
24.103832244873047 1624361559.669982 0.232
24.721879959106445 1624361559.677059 0.232
24.103832244873047 1624361559.684064 0.232
24.721879959106445 1624361559.691036 0.232
24.721879959106445 1624361559.698041 0.232
24.103832244873047 1624361559.705092 0.232
24.103832244873047 1624361559.712034 0.232
24.721879959106445 1624361559.719009 0.232
24.103832244873047 1624361559.726081 0.232
24.103832244873047 1624361559.733037 0.232
24.103832244873047 1624361559.740093 0.232
24.103832244873047 1624361559.747072 0.232
24.721879959106445 1624361559.754072 0.232
24.103832244873047 1624361559.761104 0.232
24.103832244873047 1624361559.768057 0.232
24.103832244873047 1624361559.77509 0.232
24.103832244873047 1624361559.782011 0.232
24.103832244873047 1624361559.789029 0.232
24.721879959106445 1624361559.796058 0.232
24.103832244873047 1624361559.80287 0.232
24.721879959106445 1624361559.809926 0.232
24.103832244873047 1624361559.816905 0.232
24.103832244873047 1624361559.823924 0.232
24.721879959106445 1624361559.830989 0.232
24.103832244873047 1624361559.837966 0.232
24.721879959106445 1624361559.844981 0.232
24.721879959106445 1624361559.852176 0.232
24.103832244873047 1624361559.858951 0.232
24.103832244873047 1624361559.86595 0.232
24.721879959106445 1624361559.872936 0.232
24.103832244873047 1624361559.88002 0.232
24.721879959106445 1624361559.886967 0.232
24.103832244873047 1624361559.894 0.232
24.721879959106445 1624361559.901041 0.232
24.721879959106445 1624361559.907983 0.232
24.103832244873047 1624361559.915046 0.232
24.721879959106445 1624361559.922045 0.232
24.721879959106445 1624361559.928977 0.232
24.103832244873047 1624361559.936037 0.232
24.103832244873047 1624361559.943068 0.232
24.103832244873047 1624361559.950074 0.232
24.103832244873047 1624361559.956904 0.232
24.721879959106445 1624361559.963898 0.232
24.103832244873047 1624361559.970894 0.232
24.103832244873047 1624361559.977847 0.232
24.721879959106445 1624361559.984923 0.232
24.103832244873047 1624361559.991938 0.232
24.103832244873047 1624361559.998944 0.232
24.103832244873047 1624361560.005911 0.232
24.103832244873047 1624361560.012893 0.232
24.721879959106445 1624361560.019844 0.232
24.103832244873047 1624361560.026903 0.232
24.103832244873047 1624361560.033917 0.232
24.721879959106445 1624361560.040869 0.232
24.103832244873047 1624361560.047931 0.232
24.721879959106445 1624361560.054942 0.232
24.721879959106445 1624361560.061909 0.232
24.103832244873047 1624361560.068948 0.232
24.721879959106445 1624361560.075906 0.232
24.103832244873047 1624361560.082901 0.232
24.103832244873047 1624361560.090027 0.232
24.103832244873047 1624361560.096995 0.232
24.103832244873047 1624361560.104029 0.232
24.721879959106445 1624361560.110995 0.232
24.103832244873047 1624361560.118 0.232
24.103832244873047 1624361560.124846 0.232
24.721879959106445 1624361560.131846 0.232
24.721879959106445 1624361560.138857 0.232
24.103832244873047 1624361560.145865 0.232
24.721879959106445 1624361560.152806 0.232
24.103832244873047 1624361560.159859 0.232
24.103832244873047 1624361560.166877 0.232
24.103832244873047 1624361560.173903 0.232
24.103832244873047 1624361560.180852 0.232
24.721879959106445 1624361560.187809 0.232
24.721879959106445 1624361560.194827 0.232
24.103832244873047 1624361560.201881 0.232
24.721879959106445 1624361560.208862 0.232
24.721879959106445 1624361560.215936 0.232
24.103832244873047 1624361560.222928 0.232
24.103832244873047 1624361560.229857 0.232
24.103832244873047 1624361560.236882 0.232
24.103832244873047 1624361560.24388 0.232
24.721879959106445 1624361560.250994 0.232
24.103832244873047 1624361560.257915 0.232
24.721879959106445 1624361560.264947 0.232
24.721879959106445 1624361560.271903 0.232
24.103832244873047 1624361560.278856 0.232
24.103832244873047 1624361560.285871 0.232
24.721879959106445 1624361560.29291 0.232
24.103832244873047 1624361560.29973 0.232
24.721879959106445 1624361560.306741 0.232
24.103832244873047 1624361560.313812 0.232
24.721879959106445 1624361560.320825 0.232
24.721879959106445 1624361560.327767 0.232
24.103832244873047 1624361560.33481 0.232
24.721879959106445 1624361560.341785 0.232
24.103832244873047 1624361560.348832 0.232
24.103832244873047 1624361560.355808 0.232
24.721879959106445 1624361560.362842 0.232
24.103832244873047 1624361560.369861 0.232
24.103832244873047 1624361560.376838 0.232
24.103832244873047 1624361560.383858 0.232
24.103832244873047 1624361560.390924 0.232
24.721879959106445 1624361560.397849 0.232
24.721879959106445 1624361560.40485 0.232
24.103832244873047 1624361560.411781 0.232
24.721879959106445 1624361560.418787 0.232
24.721879959106445 1624361560.425935 0.232
24.103832244873047 1624361560.432804 0.232
24.721879959106445 1624361560.439856 0.232
24.103832244873047 1624361560.446914 0.232
24.721879959106445 1624361560.453861 0.232
24.103832244873047 1624361560.460915 0.232
24.103832244873047 1624361560.467869 0.232
24.103832244873047 1624361560.474905 0.232
24.721879959106445 1624361560.481721 0.232
24.103832244873047 1624361560.488754 0.232
24.721879959106445 1624361560.495772 0.232
24.721879959106445 1624361560.50277 0.232
24.103832244873047 1624361560.509773 0.232
24.721879959106445 1624361560.516795 0.232
24.103832244873047 1624361560.523788 0.232
24.721879959106445 1624361560.530802 0.232
24.103832244873047 1624361560.537795 0.232
24.103832244873047 1624361560.544724 0.232
24.721879959106445 1624361560.551736 0.232
24.721879959106445 1624361560.55872 0.232
24.103832244873047 1624361560.565715 0.232
24.721879959106445 1624361560.572789 0.232
24.103832244873047 1624361560.579808 0.232
24.103832244873047 1624361560.586779 0.232
24.721879959106445 1624361560.593832 0.232
24.103832244873047 1624361560.60081 0.232
24.103832244873047 1624361560.607854 0.232
24.721879959106445 1624361560.614814 0.232
24.103832244873047 1624361560.621853 0.232
24.103832244873047 1624361560.628839 0.232
24.103832244873047 1624361560.635795 0.232
24.103832244873047 1624361560.642844 0.232
24.103832244873047 1624361560.649852 0.232
24.103832244873047 1624361560.656784 0.232
24.721879959106445 1624361560.663598 0.232
24.721879959106445 1624361560.670659 0.232
24.103832244873047 1624361560.677698 0.232
24.103832244873047 1624361560.684742 0.232
24.721879959106445 1624361560.691723 0.232
24.103832244873047 1624361560.698745 0.232
24.721879959106445 1624361560.70576 0.232
24.721879959106445 1624361560.712746 0.232
24.103832244873047 1624361560.719704 0.232
24.721879959106445 1624361560.7267 0.232
24.103832244873047 1624361560.733743 0.232
24.103832244873047 1624361560.740738 0.232
24.721879959106445 1624361560.747752 0.232
24.103832244873047 1624361560.754776 0.232
24.103832244873047 1624361560.761725 0.232
24.721879959106445 1624361560.768734 0.232
24.103832244873047 1624361560.77574 0.232
24.103832244873047 1624361560.782781 0.232
24.103832244873047 1624361560.789769 0.232
24.103832244873047 1624361560.79671 0.232
24.721879959106445 1624361560.803769 0.232
24.103832244873047 1624361560.810757 0.232
24.721879959106445 1624361560.817819 0.232
24.721879959106445 1624361560.824808 0.232
24.103832244873047 1624361560.831779 0.232
24.103832244873047 1624361560.838627 0.232
24.103832244873047 1624361560.845615 0.232
24.103832244873047 1624361560.852608 0.232
24.721879959106445 1624361560.859622 0.232
24.103832244873047 1624361560.866599 0.232
24.103832244873047 1624361560.873562 0.232
24.103832244873047 1624361560.88064 0.232
24.103832244873047 1624361560.887634 0.232
24.721879959106445 1624361560.894732 0.232
24.721879959106445 1624361560.901718 0.232
24.103832244873047 1624361560.908653 0.232
24.721879959106445 1624361560.915642 0.232
24.721879959106445 1624361560.922708 0.232
24.103832244873047 1624361560.929682 0.232
24.103832244873047 1624361560.936643 0.232
24.103832244873047 1624361560.943698 0.232
24.103832244873047 1624361560.950627 0.232
24.103832244873047 1624361560.957659 0.232
24.103832244873047 1624361560.964735 0.232
24.721879959106445 1624361560.971711 0.232
24.103832244873047 1624361560.978635 0.232
24.103832244873047 1624361560.985717 0.232
24.721879959106445 1624361560.992751 0.232
24.103832244873047 1624361560.999796 0.232
24.103832244873047 1624361561.006754 0.232
24.721879959106445 1624361561.013718 0.232
24.103832244873047 1624361561.020503 0.232
24.103832244873047 1624361561.027557 0.232
24.103832244873047 1624361561.034513 0.232
24.103832244873047 1624361561.04154 0.232
24.103832244873047 1624361561.048594 0.232
24.103832244873047 1624361561.055497 0.232
24.103832244873047 1624361561.062515 0.232
24.103832244873047 1624361561.069635 0.232
24.103832244873047 1624361561.076575 0.232
24.103832244873047 1624361561.083656 0.232
24.721879959106445 1624361561.090607 0.232
24.103832244873047 1624361561.097675 0.232
24.721879959106445 1624361561.104647 0.232
24.721879959106445 1624361561.11157 0.232
24.103832244873047 1624361561.118556 0.232
24.103832244873047 1624361561.12555 0.232
24.103832244873047 1624361561.132655 0.232
24.103832244873047 1624361561.139611 0.232
24.721879959106445 1624361561.146689 0.232
24.103832244873047 1624361561.153687 0.232
24.721879959106445 1624361561.160618 0.232
24.103832244873047 1624361561.167664 0.232
24.103832244873047 1624361561.174644 0.232
24.721879959106445 1624361561.181602 0.232
24.103832244873047 1624361561.188471 0.232
24.103832244873047 1624361561.195559 0.232
24.721879959106445 1624361561.202548 0.232
24.103832244873047 1624361561.20955 0.232
24.103832244873047 1624361561.216535 0.232
24.721879959106445 1624361561.223536 0.232
24.103832244873047 1624361561.230527 0.232
24.721879959106445 1624361561.237521 0.232
24.103832244873047 1624361561.244556 0.232
24.103832244873047 1624361561.251576 0.232
24.721879959106445 1624361561.258531 0.232
24.103832244873047 1624361561.265619 0.232
24.103832244873047 1624361561.272581 0.232
24.721879959106445 1624361561.279625 0.232
24.103832244873047 1624361561.286596 0.232
24.103832244873047 1624361561.293572 0.232
24.103832244873047 1624361561.300588 0.232
24.103832244873047 1624361561.307608 0.232
24.721879959106445 1624361561.314534 0.232
24.721879959106445 1624361561.321565 0.232
24.103832244873047 1624361561.328617 0.232
24.103832244873047 1624361561.335588 0.232
24.103832244873047 1624361561.342653 0.232
24.103832244873047 1624361561.349642 0.232
24.103832244873047 1624361561.356633 0.232
24.103832244873047 1624361561.363389 0.232
24.721879959106445 1624361561.370423 0.232
24.103832244873047 1624361561.377441 0.232
24.103832244873047 1624361561.384491 0.232
24.721879959106445 1624361561.391512 0.232
24.103832244873047 1624361561.398477 0.232
24.103832244873047 1624361561.405499 0.232
24.721879959106445 1624361561.412403 0.232
24.103832244873047 1624361561.419443 0.232
24.103832244873047 1624361561.426442 0.232
24.103832244873047 1624361561.433508 0.232
24.103832244873047 1624361561.440524 0.232
24.103832244873047 1624361561.447593 0.232
24.721879959106445 1624361561.454552 0.232
24.103832244873047 1624361561.461496 0.232
24.103832244873047 1624361561.468554 0.232
24.103832244873047 1624361561.475561 0.232
24.103832244873047 1624361561.482514 0.232
24.721879959106445 1624361561.489582 0.232
24.103832244873047 1624361561.49649 0.232
24.103832244873047 1624361561.503488 0.232
24.721879959106445 1624361561.510509 0.232
24.103832244873047 1624361561.51747 0.232
24.103832244873047 1624361561.524484 0.232
24.103832244873047 1624361561.531572 0.232
24.103832244873047 1624361561.538449 0.232
24.721879959106445 1624361561.545295 0.232
24.103832244873047 1624361561.552295 0.232
24.103832244873047 1624361561.559304 0.232
24.103832244873047 1624361561.566485 0.232
24.103832244873047 1624361561.573393 0.232
24.103832244873047 1624361561.580348 0.232
24.721879959106445 1624361561.587468 0.232
24.103832244873047 1624361561.594512 0.232
24.721879959106445 1624361561.601471 0.232
24.721879959106445 1624361561.608425 0.232
24.103832244873047 1624361561.615391 0.232
24.103832244873047 1624361561.622403 0.232
24.103832244873047 1624361561.629491 0.232
24.103832244873047 1624361561.636479 0.232
24.721879959106445 1624361561.64353 0.232
24.103832244873047 1624361561.650529 0.232
24.103832244873047 1624361561.657504 0.232
24.103832244873047 1624361561.66456 0.232
24.103832244873047 1624361561.671509 0.232
24.103832244873047 1624361561.678502 0.232
24.103832244873047 1624361561.685576 0.232
24.103832244873047 1624361561.692503 0.232
24.103832244873047 1624361561.699571 0.232
24.103832244873047 1624361561.706303 0.232
24.103832244873047 1624361561.713355 0.232
24.103832244873047 1624361561.720442 0.232
24.103832244873047 1624361561.727372 0.232
24.721879959106445 1624361561.734327 0.232
24.721879959106445 1624361561.741349 0.232
24.103832244873047 1624361561.748328 0.232
24.103832244873047 1624361561.755399 0.232
24.103832244873047 1624361561.762443 0.232
24.103832244873047 1624361561.769343 0.232
24.103832244873047 1624361561.776413 0.232
24.103832244873047 1624361561.783413 0.232
24.103832244873047 1624361561.790308 0.232
24.103832244873047 1624361561.797323 0.232
24.103832244873047 1624361561.804368 0.232
24.103832244873047 1624361561.811417 0.232
24.103832244873047 1624361561.818432 0.232
24.103832244873047 1624361561.825387 0.232
24.103832244873047 1624361561.832473 0.232
24.103832244873047 1624361561.839445 0.232
24.103832244873047 1624361561.846378 0.232
24.103832244873047 1624361561.853394 0.232
24.103832244873047 1624361561.860383 0.232
24.103832244873047 1624361561.86745 0.232
24.721879959106445 1624361561.87449 0.232
24.103832244873047 1624361561.881503 0.232
