-1.94 1624947831.025192 start_exp
-1.94 1624947831.325634 start_0_iteration
-1.94 1624947832.127058
-1.94 1624947832.130663
-1.94 1624947832.134279
-1.94 1624947832.137989
-1.94 1624947832.141536
-1.94 1624947832.145104
-1.94 1624947832.148664
-1.94 1624947832.152322
-1.94 1624947832.155935
-1.94 1624947832.159493
-1.94 1624947832.163074
-1.94 1624947832.166605
-1.94 1624947832.170306
-1.94 1624947832.173984
-1.94 1624947832.177533
-1.94 1624947832.181096
-1.94 1624947832.18464
-1.94 1624947832.18824
-1.94 1624947832.191958
-1.94 1624947832.19559
-1.94 1624947832.1993
-1.94 1624947832.202769
-1.94 1624947832.206364
-1.94 1624947832.209919
-1.94 1624947832.213483
-1.94 1624947832.21705
-1.94 1624947832.220613
-1.94 1624947832.224941
-1.94 1624947832.228427
-1.94 1624947832.231993
-1.94 1624947832.235569
-1.94 1624947832.239186
-1.94 1624947832.242886
-1.94 1624947832.246435
-1.94 1624947832.250005
-1.94 1624947832.253632
-1.94 1624947832.257238
-1.94 1624947832.260882
-1.94 1624947832.264389
-1.94 1624947832.267969
-1.94 1624947832.271503
-1.94 1624947832.275077
-1.94 1624947832.278612
-1.94 1624947832.28217
-1.94 1624947832.285812
-1.94 1624947832.289453
-1.94 1624947832.292976
-1.94 1624947832.296571
-1.94 1624947832.300145
-1.94 1624947832.303697
-1.94 1624947832.30727
-1.94 1624947832.310915
-1.94 1624947832.3145
-1.94 1624947832.318058
-1.94 1624947832.321645
-1.94 1624947832.325298
-1.94 1624947832.328725
-1.94 1624947832.332192
-1.94 1624947832.335603
-1.94 1624947832.339069
-1.94 1624947832.342502
-1.94 1624947832.345965
-1.94 1624947832.349446
-1.94 1624947832.352892
-1.94 1624947832.356352
-1.94 1624947832.359894
-1.94 1624947832.36338
-1.94 1624947832.366964
-1.94 1624947832.370471
-1.94 1624947832.374101
-1.94 1624947832.377626
-1.94 1624947832.381284
-1.94 1624947832.384909
-1.94 1624947832.388555
-1.94 1624947832.392113
-1.94 1624947832.395678
-1.94 1624947832.399319
-1.94 1624947832.402773
-1.94 1624947832.406373
-1.94 1624947832.409938
-1.94 1624947832.41362
-1.94 1624947832.417289
-1.94 1624947832.420883
-1.94 1624947832.42611
-1.94 1624947832.429667
-1.94 1624947832.433214
-1.94 1624947832.436823
-1.94 1624947832.440338
-1.94 1624947832.443917
-1.94 1624947832.44745
-1.94 1624947832.451018
-1.94 1624947832.454577
-1.94 1624947832.458162
-1.94 1624947832.461684
-1.94 1624947832.465347
-1.94 1624947832.468981
-1.94 1624947832.472555
-1.94 1624947832.476063
-1.94 1624947832.479704
-1.94 1624947832.483365
-1.94 1624947832.487037
-1.94 1624947832.490668
-1.94 1624947832.494278
3.2 1624947832.497953
16.71 1624947832.530456 touch_grd
10.82 1624947833.640351 go_up_roll
-1.94 1624947834.849523 start_1_iteration
-1.94 1624947835.650443
-1.94 1624947835.654025
-1.94 1624947835.657565
-1.94 1624947835.66117
-1.94 1624947835.66474
-1.94 1624947835.668352
-1.94 1624947835.67197
-1.94 1624947835.675465
-1.94 1624947835.678937
-1.94 1624947835.682544
-1.94 1624947835.6861
-1.94 1624947835.689679
-1.94 1624947835.693328
-1.94 1624947835.696907
-1.94 1624947835.700473
-1.94 1624947835.703998
-1.94 1624947835.707571
-1.94 1624947835.711164
-1.94 1624947835.714734
-1.94 1624947835.718365
-1.94 1624947835.721943
-1.94 1624947835.725492
-1.94 1624947835.729068
-1.94 1624947835.732633
-1.94 1624947835.736309
-1.94 1624947835.739885
-1.94 1624947835.743431
-1.94 1624947835.747578
-1.94 1624947835.751146
-1.94 1624947835.754765
-1.94 1624947835.758341
-1.94 1624947835.761944
-1.94 1624947835.765492
-1.94 1624947835.769068
-1.94 1624947835.772721
-1.94 1624947835.776288
-1.94 1624947835.779868
-1.94 1624947835.783411
-1.94 1624947835.78698
-1.94 1624947835.790686
-1.94 1624947835.79455
-1.94 1624947835.798511
-1.94 1624947835.80252
-1.94 1624947835.806218
-1.94 1624947835.809967
-1.94 1624947835.813769
-1.94 1624947835.817529
-1.94 1624947835.821432
-1.94 1624947835.825166
-1.94 1624947835.829027
-1.94 1624947835.832753
-1.94 1624947835.836567
-1.94 1624947835.840437
-1.94 1624947835.844134
-1.94 1624947835.8541
-1.94 1624947835.857881
-1.94 1624947835.861626
-1.94 1624947835.865453
-1.94 1624947835.86935
-1.94 1624947835.873148
-1.94 1624947835.876912
-1.94 1624947835.880672
-1.94 1624947835.884685
-1.94 1624947835.888568
-1.94 1624947835.892418
-1.94 1624947835.896051
-1.94 1624947835.899916
-1.94 1624947835.903643
-1.94 1624947835.907455
-1.94 1624947835.911466
-1.94 1624947835.915452
-1.94 1624947835.919423
-1.94 1624947835.923347
-1.94 1624947835.927306
-1.94 1624947835.93117
-1.94 1624947835.934983
-1.94 1624947835.93904
-1.94 1624947835.943049
-1.94 1624947835.954465
-1.94 1624947835.958224
-1.94 1624947835.962072
-1.94 1624947835.965845
-1.94 1624947835.969677
-1.94 1624947835.973367
-1.94 1624947835.977122
-1.94 1624947835.98086
-1.94 1624947835.98465
-1.94 1624947835.988279
-1.94 1624947835.991946
-1.94 1624947835.995534
-1.94 1624947835.999169
-1.94 1624947836.002692
-1.94 1624947836.006287
-1.94 1624947836.009863
-1.94 1624947836.013426
-1.94 1624947836.016955
-1.94 1624947836.020551
25.07 1624947836.024384
14.11 1624947836.052685 touch_grd
7.42 1624947837.167233 go_up_roll
-1.94 1624947838.371434 start_2_iteration
-1.94 1624947839.172775
-1.94 1624947839.176356
-1.94 1624947839.179879
-1.94 1624947839.18344
-1.94 1624947839.187073
-1.94 1624947839.190705
-1.94 1624947839.194268
-1.94 1624947839.197842
-1.94 1624947839.201428
-1.94 1624947839.204965
-1.94 1624947839.208539
-1.94 1624947839.212073
-1.94 1624947839.215694
-1.94 1624947839.219207
-1.94 1624947839.222843
-1.94 1624947839.226462
-1.94 1624947839.230006
-1.94 1624947839.233624
-1.94 1624947839.237298
-1.94 1624947839.240874
-1.94 1624947839.244543
-1.94 1624947839.248059
-1.94 1624947839.251651
-1.94 1624947839.255312
-1.94 1624947839.262412
-1.94 1624947839.266824
-1.94 1624947839.270347
-1.94 1624947839.273912
-1.94 1624947839.277457
-1.94 1624947839.281047
-1.94 1624947839.284642
-1.94 1624947839.288289
-1.94 1624947839.291907
-1.94 1624947839.29557
-1.94 1624947839.299211
-1.94 1624947839.302764
-1.94 1624947839.306278
-1.94 1624947839.309895
-1.94 1624947839.313427
-1.94 1624947839.316948
-1.94 1624947839.320438
-1.94 1624947839.324016
-1.94 1624947839.327584
-1.94 1624947839.33129
-1.94 1624947839.334893
-1.94 1624947839.338471
-1.94 1624947839.342039
-1.94 1624947839.345629
-1.94 1624947839.349314
-1.94 1624947839.352909
-1.94 1624947839.356516
-1.94 1624947839.360114
-1.94 1624947839.363678
-1.94 1624947839.367325
-1.94 1624947839.3709
-1.94 1624947839.374426
-1.94 1624947839.377992
-1.94 1624947839.381581
-1.94 1624947839.385287
-1.94 1624947839.388885
-1.94 1624947839.392469
-1.94 1624947839.39603
-1.94 1624947839.399656
-1.94 1624947839.403277
-1.94 1624947839.406935
-1.94 1624947839.410424
-1.94 1624947839.413928
-1.94 1624947839.417464
-1.94 1624947839.420983
-1.94 1624947839.424609
-1.94 1624947839.428309
-1.94 1624947839.431863
-1.94 1624947839.435494
-1.94 1624947839.438951
-1.94 1624947839.442465
-1.94 1624947839.446038
-1.94 1624947839.449558
-1.94 1624947839.453088
-1.94 1624947839.456655
-1.94 1624947839.460202
-1.94 1624947839.463748
-1.94 1624947839.46799
-1.94 1624947839.47155
-1.94 1624947839.475226
-1.94 1624947839.478874
-1.94 1624947839.48243
-1.94 1624947839.485864
-1.94 1624947839.489363
-1.94 1624947839.492904
-1.94 1624947839.496461
-1.94 1624947839.500042
-1.94 1624947839.503643
-1.94 1624947839.50727
-1.94 1624947839.510865
-1.94 1624947839.514457
-1.94 1624947839.517994
-1.94 1624947839.521555
-1.94 1624947839.525168
-1.94 1624947839.528793
-1.94 1624947839.532375
-1.94 1624947839.53597
-1.94 1624947839.539497
9.4 1624947839.543254
9.96 1624947839.571696 touch_grd
10.14 1624947840.689053 go_up_roll
-1.94 1624947841.890383 start_3_iteration
-1.94 1624947842.689537
-1.94 1624947842.693109
-1.94 1624947842.696745
-1.94 1624947842.700369
-1.94 1624947842.70392
-1.94 1624947842.707498
-1.94 1624947842.711039
-1.94 1624947842.714604
-1.94 1624947842.71827
-1.94 1624947842.721879
-1.94 1624947842.725428
-1.94 1624947842.72898
-1.94 1624947842.732622
-1.94 1624947842.736292
-1.94 1624947842.73988
-1.94 1624947842.743473
-1.94 1624947842.747048
-1.94 1624947842.750604
-1.94 1624947842.754195
-1.94 1624947842.757715
-1.94 1624947842.761295
-1.94 1624947842.764966
-1.94 1624947842.768655
-1.94 1624947842.772289
-1.94 1624947842.77587
-1.94 1624947842.77946
-1.94 1624947842.783039
-1.94 1624947842.786558
-1.94 1624947842.790113
-1.94 1624947842.793794
-1.94 1624947842.797243
-1.94 1624947842.800988
-1.94 1624947842.804483
-1.94 1624947842.808035
-1.94 1624947842.811708
-1.94 1624947842.815165
-1.94 1624947842.818723
-1.94 1624947842.822283
-1.94 1624947842.825848
-1.94 1624947842.829403
-1.94 1624947842.832983
-1.94 1624947842.83656
-1.94 1624947842.840208
-1.94 1624947842.843681
-1.94 1624947842.84733
-1.94 1624947842.850996
-1.94 1624947842.854577
-1.94 1624947842.858024
-1.94 1624947842.861601
-1.94 1624947842.865196
-1.94 1624947842.868829
-1.94 1624947842.872399
-1.94 1624947842.875988
-1.94 1624947842.879551
-1.94 1624947842.883086
-1.94 1624947842.886629
-1.94 1624947842.890288
-1.94 1624947842.893849
-1.94 1624947842.897357
-1.94 1624947842.900957
-1.94 1624947842.904492
-1.94 1624947842.908059
-1.94 1624947842.911646
-1.94 1624947842.915327
-1.94 1624947842.918853
-1.94 1624947842.922571
-1.94 1624947842.926171
-1.94 1624947842.929767
-1.94 1624947842.933311
-1.94 1624947842.936848
-1.94 1624947842.94043
-1.94 1624947842.944008
-1.94 1624947842.947612
-1.94 1624947842.951293
-1.94 1624947842.954945
-1.94 1624947842.958469
-1.94 1624947842.962047
-1.94 1624947842.965572
-1.94 1624947842.969198
-1.94 1624947842.972705
-1.94 1624947842.976232
-1.94 1624947842.979896
-1.94 1624947842.983377
-1.94 1624947842.98729
-1.94 1624947842.990846
-1.94 1624947842.994404
-1.94 1624947842.998108
-1.94 1624947843.00201
-1.94 1624947843.005736
-1.94 1624947843.009555
-1.94 1624947843.013265
-1.94 1624947843.017028
-1.94 1624947843.020925
-1.94 1624947843.024628
-1.94 1624947843.028445
-1.94 1624947843.03223
-1.94 1624947843.036035
-1.94 1624947843.039769
-1.94 1624947843.043501
-1.94 1624947843.047314
-1.94 1624947843.051138
-1.94 1624947843.05499
-1.94 1624947843.058982
11.81 1624947843.063065
26.43 1624947843.097163 touch_grd
7.17 1624947844.202878 go_up_roll
-1.94 1624947845.408103 start_4_iteration
-1.94 1624947846.208433
-1.94 1624947846.212133
-1.94 1624947846.215767
-1.94 1624947846.219322
-1.94 1624947846.222853
-1.94 1624947846.226466
-1.94 1624947846.230037
-1.94 1624947846.233562
-1.94 1624947846.237107
-1.94 1624947846.240564
-1.94 1624947846.244054
-1.94 1624947846.247573
-1.94 1624947846.251072
-1.94 1624947846.254573
-1.94 1624947846.258078
-1.94 1624947846.261661
-1.94 1624947846.265219
-1.94 1624947846.268837
-1.94 1624947846.272465
-1.94 1624947846.275985
-1.94 1624947846.279574
-1.94 1624947846.283303
-1.94 1624947846.286866
-1.94 1624947846.290383
-1.94 1624947846.293965
-1.94 1624947846.297527
-1.94 1624947846.301185
-1.94 1624947846.306035
-1.94 1624947846.309523
-1.94 1624947846.313127
-1.94 1624947846.316665
-1.94 1624947846.320255
-1.94 1624947846.323836
-1.94 1624947846.327365
-1.94 1624947846.33093
-1.94 1624947846.334467
-1.94 1624947846.338021
-1.94 1624947846.341604
-1.94 1624947846.345311
-1.94 1624947846.348901
-1.94 1624947846.352511
-1.94 1624947846.356098
-1.94 1624947846.359643
-1.94 1624947846.363254
-1.94 1624947846.366899
-1.94 1624947846.370437
-1.94 1624947846.373929
-1.94 1624947846.377458
-1.94 1624947846.381044
-1.94 1624947846.384634
-1.94 1624947846.388202
-1.94 1624947846.391716
-1.94 1624947846.395305
-1.94 1624947846.398912
-1.94 1624947846.402488
-1.94 1624947846.406067
-1.94 1624947846.409661
-1.94 1624947846.413325
-1.94 1624947846.416893
-1.94 1624947846.42048
-1.94 1624947846.424015
-1.94 1624947846.427618
-1.94 1624947846.43127
-1.94 1624947846.434864
-1.94 1624947846.438355
-1.94 1624947846.441828
-1.94 1624947846.445297
-1.94 1624947846.448838
-1.94 1624947846.452246
-1.94 1624947846.455719
-1.94 1624947846.45934
-1.94 1624947846.462958
-1.94 1624947846.466451
-1.94 1624947846.470038
-1.94 1624947846.473641
-1.94 1624947846.477277
-1.94 1624947846.480847
-1.94 1624947846.48445
-1.94 1624947846.488045
-1.94 1624947846.491652
-1.94 1624947846.495302
-1.94 1624947846.498925
-1.94 1624947846.502561
-1.94 1624947846.509378
-1.94 1624947846.513016
-1.94 1624947846.516653
-1.94 1624947846.520315
-1.94 1624947846.523971
-1.94 1624947846.52751
-1.94 1624947846.53108
-1.94 1624947846.534693
-1.94 1624947846.538371
-1.94 1624947846.542014
-1.94 1624947846.545665
-1.94 1624947846.549349
-1.94 1624947846.552903
-1.94 1624947846.556495
-1.94 1624947846.560281
-1.94 1624947846.563869
-1.94 1624947846.567499
-1.94 1624947846.571094
-1.94 1624947846.574592
2.52 1624947846.578299
16.21 1624947846.611516 touch_grd
10.7 1624947847.720602 go_up_roll
-1.94 1624947848.926007 start_5_iteration
-1.94 1624947849.728937
-1.94 1624947849.73249
-1.94 1624947849.736071
-1.94 1624947849.739613
-1.94 1624947849.743343
-1.94 1624947849.746874
-1.94 1624947849.750405
-1.94 1624947849.753975
-1.94 1624947849.757545
-1.94 1624947849.761125
-1.94 1624947849.764667
-1.94 1624947849.768266
-1.94 1624947849.771858
-1.94 1624947849.775353
-1.94 1624947849.778937
-1.94 1624947849.782506
-1.94 1624947849.786043
-1.94 1624947849.789574
-1.94 1624947849.793051
-1.94 1624947849.796683
-1.94 1624947849.800268
-1.94 1624947849.803843
-1.94 1624947849.807408
-1.94 1624947849.81096
-1.94 1624947849.814542
-1.94 1624947849.818095
-1.94 1624947849.821697
-1.94 1624947849.825284
-1.94 1624947849.828861
-1.94 1624947849.832392
-1.94 1624947849.835947
-1.94 1624947849.83947
-1.94 1624947849.842934
-1.94 1624947849.846573
-1.94 1624947849.850193
-1.94 1624947849.853732
-1.94 1624947849.857289
-1.94 1624947849.860934
-1.94 1624947849.864437
-1.94 1624947849.868022
-1.94 1624947849.87156
-1.94 1624947849.875249
-1.94 1624947849.878872
-1.94 1624947849.882355
-1.94 1624947849.885893
-1.94 1624947849.889305
-1.94 1624947849.892846
-1.94 1624947849.89638
-1.94 1624947849.899886
-1.94 1624947849.903416
-1.94 1624947849.90697
-1.94 1624947849.910634
-1.94 1624947849.914251
-1.94 1624947849.917751
-1.94 1624947849.921337
-1.94 1624947849.928205
-1.94 1624947849.931904
-1.94 1624947849.935522
-1.94 1624947849.939226
-1.94 1624947849.942895
-1.94 1624947849.946467
-1.94 1624947849.95035
-1.94 1624947849.954035
-1.94 1624947849.957616
-1.94 1624947849.961254
-1.94 1624947849.965005
-1.94 1624947849.968603
-1.94 1624947849.972331
-1.94 1624947849.976006
-1.94 1624947849.979618
-1.94 1624947849.983237
-1.94 1624947849.986886
-1.94 1624947849.99059
-1.94 1624947849.994247
-1.94 1624947849.997922
-1.94 1624947850.00159
-1.94 1624947850.005293
-1.94 1624947850.008899
-1.94 1624947850.01254
-1.94 1624947850.016109
-1.94 1624947850.019733
-1.94 1624947850.023346
-1.94 1624947850.028057
-1.94 1624947850.03234
-1.94 1624947850.036016
-1.94 1624947850.039714
-1.94 1624947850.043338
-1.94 1624947850.046946
-1.94 1624947850.050482
-1.94 1624947850.054316
-1.94 1624947850.057952
-1.94 1624947850.061523
-1.94 1624947850.06523
-1.94 1624947850.068885
-1.94 1624947850.07257
-1.94 1624947850.076217
-1.94 1624947850.079906
-1.94 1624947850.083648
-1.94 1624947850.087272
-1.94 1624947850.094571
-1.94 1624947850.098311
24.14 1624947850.102223
24.51 1624947850.133767 touch_grd
8.72 1624947851.250615 go_up_roll
-1.94 1624947852.452326 start_6_iteration
-1.94 1624947853.247543
-1.94 1624947853.251235
-1.94 1624947853.254866
-1.94 1624947853.258444
-1.94 1624947853.262041
-1.94 1624947853.265632
-1.94 1624947853.269164
-1.94 1624947853.272733
-1.94 1624947853.276303
-1.94 1624947853.279844
-1.94 1624947853.283385
-1.94 1624947853.286923
-1.94 1624947853.29043
-1.94 1624947853.293992
-1.94 1624947853.297652
-1.94 1624947853.301226
-1.94 1624947853.304834
-1.94 1624947853.308329
-1.94 1624947853.311964
-1.94 1624947853.315541
-1.94 1624947853.318984
-1.94 1624947853.322597
-1.94 1624947853.326143
-1.94 1624947853.329624
-1.94 1624947853.333238
-1.94 1624947853.336748
-1.94 1624947853.340371
-1.94 1624947853.344407
-1.94 1624947853.348053
-1.94 1624947853.351652
-1.94 1624947853.355251
-1.94 1624947853.358848
-1.94 1624947853.362385
-1.94 1624947853.365962
-1.94 1624947853.369489
-1.94 1624947853.373067
-1.94 1624947853.376616
-1.94 1624947853.380266
-1.94 1624947853.383853
-1.94 1624947853.387409
-1.94 1624947853.391044
-1.94 1624947853.394698
-1.94 1624947853.398351
-1.94 1624947853.401932
-1.94 1624947853.405473
-1.94 1624947853.409055
-1.94 1624947853.412609
-1.94 1624947853.416155
-1.94 1624947853.419729
-1.94 1624947853.423225
-1.94 1624947853.426833
-1.94 1624947853.430403
-1.94 1624947853.434048
-1.94 1624947853.437697
-1.94 1624947853.441271
-1.94 1624947853.445299
-1.94 1624947853.448929
-1.94 1624947853.452462
-1.94 1624947853.456055
-1.94 1624947853.459616
-1.94 1624947853.463267
-1.94 1624947853.466876
-1.94 1624947853.470415
-1.94 1624947853.473975
-1.94 1624947853.477542
-1.94 1624947853.48129
-1.94 1624947853.484934
-1.94 1624947853.488448
-1.94 1624947853.491989
-1.94 1624947853.49563
-1.94 1624947853.499284
-1.94 1624947853.502959
-1.94 1624947853.506498
-1.94 1624947853.510076
-1.94 1624947853.513596
-1.94 1624947853.517292
-1.94 1624947853.520831
-1.94 1624947853.524419
-1.94 1624947853.528032
-1.94 1624947853.531668
-1.94 1624947853.535284
-1.94 1624947853.53891
-1.94 1624947853.542483
-1.94 1624947853.546638
-1.94 1624947853.550273
-1.94 1624947853.553957
-1.94 1624947853.557482
-1.94 1624947853.561068
-1.94 1624947853.564598
-1.94 1624947853.568282
-1.94 1624947853.571831
-1.94 1624947853.57542
-1.94 1624947853.578986
-1.94 1624947853.582572
-1.94 1624947853.586251
-1.94 1624947853.589874
-1.94 1624947853.593485
-1.94 1624947853.597202
-1.94 1624947853.600854
-1.94 1624947853.604378
-1.94 1624947853.607985
-1.94 1624947853.611682
-1.94 1624947853.615336
11.63 1624947853.619243
20.42 1624947853.651071 touch_grd
8.1 1624947854.760823 go_up_roll
-1.94 1624947855.977217 start_7_iteration
-1.94 1624947856.768295
-1.94 1624947856.771884
-1.94 1624947856.77549
-1.94 1624947856.779047
-1.94 1624947856.782568
-1.94 1624947856.786147
-1.94 1624947856.789713
-1.94 1624947856.793254
-1.94 1624947856.796871
-1.94 1624947856.800438
-1.94 1624947856.803997
-1.94 1624947856.807556
-1.94 1624947856.811228
-1.94 1624947856.814877
-1.94 1624947856.818456
-1.94 1624947856.821991
-1.94 1624947856.825511
-1.94 1624947856.829058
-1.94 1624947856.832633
-1.94 1624947856.836134
-1.94 1624947856.839606
-1.94 1624947856.843247
-1.94 1624947856.846785
-1.94 1624947856.850341
-1.94 1624947856.853993
-1.94 1624947856.857503
-1.94 1624947856.862737
-1.94 1624947856.866233
-1.94 1624947856.869874
-1.88 1624947856.87699
-1.94 1624947856.880634
-1.94 1624947856.884215
-1.94 1624947856.887876
-1.94 1624947856.891466
-1.94 1624947856.895139
-1.94 1624947856.898704
-1.94 1624947856.902288
-1.94 1624947856.905926
-1.94 1624947856.909518
-1.94 1624947856.913176
-1.94 1624947856.916853
-1.94 1624947856.920399
-1.94 1624947856.923973
-1.94 1624947856.927574
-1.94 1624947856.931318
-1.94 1624947856.9349
-1.94 1624947856.938407
-1.94 1624947856.942056
-1.94 1624947856.94571
-1.94 1624947856.949394
-1.94 1624947856.95304
-1.94 1624947856.956635
-1.94 1624947856.960286
-1.94 1624947856.964493
-1.94 1624947856.968174
-1.94 1624947856.971718
-1.94 1624947856.975335
-1.94 1624947856.978993
-1.94 1624947856.982628
-1.94 1624947856.986231
-1.94 1624947856.989936
-1.94 1624947856.993499
-1.94 1624947856.997025
-1.94 1624947857.000687
-1.94 1624947857.004254
-1.94 1624947857.007853
-1.94 1624947857.011493
-1.94 1624947857.015071
-1.94 1624947857.018665
-1.94 1624947857.022287
-1.94 1624947857.025867
-1.94 1624947857.029398
-1.94 1624947857.032977
-1.94 1624947857.03662
-1.94 1624947857.040286
-1.94 1624947857.043961
-1.94 1624947857.047629
-1.94 1624947857.051285
-1.94 1624947857.054851
-1.94 1624947857.058518
-1.94 1624947857.065334
-1.94 1624947857.068934
-1.94 1624947857.072577
-1.94 1624947857.076243
-1.94 1624947857.079851
-1.94 1624947857.083478
-1.94 1624947857.087033
-1.94 1624947857.090585
-1.94 1624947857.094316
-1.94 1624947857.097921
-1.94 1624947857.101473
-1.94 1624947857.105103
-1.94 1624947857.108759
-1.94 1624947857.112341
-1.94 1624947857.115971
-1.94 1624947857.119527
-1.94 1624947857.123212
-1.94 1624947857.126843
-1.94 1624947857.130454
-1.94 1624947857.134008
-1.94 1624947857.137578
20.8 1624947857.141511
11.63 1624947857.169697 touch_grd
6.86 1624947858.276115 go_up_roll
-1.94 1624947859.484024 start_8_iteration
-1.94 1624947860.288669
-1.94 1624947860.292241
-1.94 1624947860.295875
-1.94 1624947860.299548
-1.94 1624947860.303182
-1.94 1624947860.306701
-1.94 1624947860.310268
-1.94 1624947860.31395
-1.94 1624947860.317613
-1.94 1624947860.32122
-1.94 1624947860.32482
-1.94 1624947860.32836
-1.94 1624947860.332043
-1.94 1624947860.335673
-1.94 1624947860.339276
-1.94 1624947860.342926
-1.94 1624947860.346579
-1.94 1624947860.350249
-1.94 1624947860.353847
-1.94 1624947860.3574
-1.94 1624947860.36108
-1.94 1624947860.36466
-1.94 1624947860.368261
-1.94 1624947860.371917
-1.94 1624947860.375526
-1.94 1624947860.379195
-1.94 1624947860.383984
-1.94 1624947860.387598
-1.94 1624947860.391292
-1.94 1624947860.394854
-1.94 1624947860.398401
-1.94 1624947860.402061
-1.94 1624947860.405616
-1.94 1624947860.409176
-1.94 1624947860.41287
-1.94 1624947860.416447
-1.94 1624947860.420132
-1.94 1624947860.423673
-1.94 1624947860.427267
-1.94 1624947860.430965
-1.94 1624947860.43449
-1.94 1624947860.438039
-1.94 1624947860.441563
-1.94 1624947860.445145
-1.94 1624947860.448726
-1.94 1624947860.452313
-1.94 1624947860.455873
-1.94 1624947860.459425
-1.94 1624947860.462995
-1.94 1624947860.466572
-1.94 1624947860.470288
-1.94 1624947860.473933
-1.94 1624947860.477518
-1.94 1624947860.484685
-1.94 1624947860.488299
-1.94 1624947860.491852
-1.94 1624947860.49547
-1.94 1624947860.499089
-1.94 1624947860.502677
-1.94 1624947860.506264
-1.94 1624947860.509937
-1.94 1624947860.513566
-1.94 1624947860.517248
-1.94 1624947860.520854
-1.94 1624947860.52436
-1.94 1624947860.527928
-1.94 1624947860.531448
-1.94 1624947860.535025
-1.94 1624947860.538638
-1.94 1624947860.542327
-1.94 1624947860.545909
-1.94 1624947860.549481
-1.94 1624947860.553029
-1.94 1624947860.556534
-1.94 1624947860.560216
-1.94 1624947860.563879
-1.94 1624947860.567459
-1.94 1624947860.570993
-1.94 1624947860.574572
-1.94 1624947860.578285
-1.94 1624947860.584102
-1.94 1624947860.587628
-1.94 1624947860.591279
-1.94 1624947860.594872
-1.94 1624947860.598453
-1.94 1624947860.601967
-1.94 1624947860.605557
-1.94 1624947860.612875
-1.94 1624947860.616492
-1.94 1624947860.620018
-1.94 1624947860.623583
-1.94 1624947860.627168
-1.94 1624947860.630715
-1.94 1624947860.634427
-1.94 1624947860.63797
-1.94 1624947860.641553
-1.94 1624947860.645262
-1.94 1624947860.648987
-1.94 1624947860.65267
-1.94 1624947860.656215
5.68 1624947860.660085
7.91 1624947860.688385 touch_grd
8.16 1624947861.797549 go_up_roll
-1.94 1624947863.005017 start_9_iteration
-1.94 1624947863.806091
-1.94 1624947863.809712
-1.94 1624947863.813246
-1.94 1624947863.816906
-1.94 1624947863.820489
-1.94 1624947863.824227
-1.94 1624947863.827805
-1.94 1624947863.831382
-1.94 1624947863.834976
-1.94 1624947863.839017
-1.94 1624947863.842675
-1.94 1624947863.846306
-1.94 1624947863.850034
-1.94 1624947863.853666
-1.94 1624947863.857247
-1.94 1624947863.860886
-1.94 1624947863.864518
-1.94 1624947863.868111
-1.94 1624947863.87169
-1.94 1624947863.875248
-1.94 1624947863.878877
-1.94 1624947863.882549
-1.94 1624947863.886265
-1.94 1624947863.889829
-1.94 1624947863.893425
-1.94 1624947863.896971
-1.94 1624947863.900543
-1.94 1624947863.904773
-1.94 1624947863.908342
-1.94 1624947863.911901
-1.94 1624947863.915594
-1.94 1624947863.919224
-1.94 1624947863.922855
-1.94 1624947863.92639
-1.94 1624947863.930028
-1.94 1624947863.93365
-1.94 1624947863.937339
-1.94 1624947863.940881
-1.94 1624947863.944383
-1.94 1624947863.947901
-1.94 1624947863.95142
-1.94 1624947863.954972
-1.94 1624947863.958545
-1.94 1624947863.962254
-1.94 1624947863.965947
-1.94 1624947863.969488
-1.94 1624947863.973038
-1.94 1624947863.976642
-1.94 1624947863.980266
-1.94 1624947863.983817
-1.94 1624947863.987384
-1.94 1624947863.990978
-1.94 1624947863.994505
-1.94 1624947863.998257
-1.94 1624947864.003799
-1.94 1624947864.00793
-1.94 1624947864.011461
-1.94 1624947864.015047
-1.94 1624947864.018634
-1.94 1624947864.022138
-1.94 1624947864.025792
-1.94 1624947864.029377
-1.94 1624947864.032854
-1.94 1624947864.036427
-1.94 1624947864.040093
-1.94 1624947864.043682
-1.94 1624947864.047248
-1.94 1624947864.050787
-1.94 1624947864.054328
-1.94 1624947864.057891
-1.94 1624947864.061458
-1.94 1624947864.065058
-1.94 1624947864.068628
-1.94 1624947864.072261
-1.94 1624947864.075802
-1.94 1624947864.079404
-1.94 1624947864.082998
-1.94 1624947864.086526
-1.94 1624947864.090227
-1.94 1624947864.093809
-1.94 1624947864.097308
-1.94 1624947864.10089
-1.94 1624947864.105394
-1.94 1624947864.108985
-1.94 1624947864.112569
-1.94 1624947864.116215
-1.94 1624947864.119776
-1.94 1624947864.12322
-1.94 1624947864.12666
-1.94 1624947864.130134
-1.94 1624947864.133657
-1.94 1624947864.137217
-1.94 1624947864.140796
-1.94 1624947864.144314
-1.94 1624947864.147881
-1.94 1624947864.151456
-1.94 1624947864.1551
-1.94 1624947864.158649
-1.94 1624947864.162192
-1.94 1624947864.165793
-1.94 1624947864.169344
-1.94 1624947864.17289
-1.94 1624947864.176491
24.57 1624947864.18041
17.57 1624947864.209487 touch_grd
7.54 1624947865.318111 go_up_roll
