341.1479187011719 1625213301.164881
341.1479187011719 1625213301.171961
341.1479187011719 1625213301.178932
340.33953857421875 1625213301.185944
340.33953857421875 1625213301.192957
340.33953857421875 1625213301.200001
340.0646057128906 1625213301.20709
340.0646057128906 1625213301.215001
339.2568664550781 1625213301.222021
338.9830627441406 1625213301.228962
340.0646057128906 1625213301.235846
340.0646057128906 1625213301.242819
340.0646057128906 1625213301.249942
339.2568664550781 1625213301.256916
340.0646057128906 1625213301.263931
338.9830627441406 1625213301.270978
339.2568664550781 1625213301.27793
338.17596435546875 1625213301.284936
337.9032287597656 1625213301.291969
338.9830627441406 1625213301.298923
338.17596435546875 1625213301.305906
338.17596435546875 1625213301.312787
338.9830627441406 1625213301.319735
338.9830627441406 1625213301.326732
339.7901611328125 1625213301.333695
340.0646057128906 1625213301.340808
340.0646057128906 1625213301.347737
352.1809387207031 1625213301.354802
592.9603271484375 1625213301.361694
876.8898315429688 1625213301.368787
1377.80908203125 1625213301.375795
1557.0987548828125 1625213301.382747
2011.36376953125 1625213301.389828
2073.608642578125 1625213301.396748
2141.509521484375 1625213301.403854
2109.665283203125 1625213301.41074
2113.805908203125 1625213301.417772
2064.93505859375 1625213301.424839
1987.387451171875 1625213301.431814
1920.35400390625 1625213301.438788
1815.5667724609375 1625213301.445839
1791.5255126953125 1625213301.45296
1785.953125 1625213301.459991
1902.6087646484375 1625213301.466985
1917.2535400390625 1625213301.473994
1822.525634765625 1625213301.480965
1796.9542236328125 1625213301.488016
1603.7735595703125 1625213301.495032
1734.42626953125 1625213301.502713
1704.5455322265625 1625213301.509609
1796.3272705078125 1625213301.516559
1769.1029052734375 1625213301.523609
1785.2349853515625 1625213301.530521
1624.40576171875 1625213301.537603
1578.5380859375 1625213301.544569
1566.35791015625 1625213301.551622
1483.4833984375 1625213301.558553
1545.4544677734375 1625213301.565601
1541.795654296875 1625213301.572665
1502.2489013671875 1625213301.579626
1574.7303466796875 1625213301.586663
1693.3115234375 1625213301.593718
1603.803466796875 1625213301.600617
1637.7952880859375 1625213301.607668
1594.339599609375 1625213301.61461
1723.7479248046875 1625213301.621714
1793.2772216796875 1625213301.628663
1822.3349609375 1625213301.635671
1773.1092529296875 1625213301.642631
1709.624755859375 1625213301.649757
1704.7308349609375 1625213301.656685
1692.6829833984375 1625213301.663693
1672.58056640625 1625213301.670737
1696.2843017578125 1625213301.677673
1752.49169921875 1625213301.684684
1829.642333984375 1625213301.69152
1868.0555419921875 1625213301.698484
1855.421630859375 1625213301.705557
1865.0518798828125 1625213301.712601
1929.5775146484375 1625213301.719561
1865.284912109375 1625213301.726511
1718.4942626953125 1625213301.733635
1815.87841796875 1625213301.740592
1905.4290771484375 1625213301.747582
1876.306640625 1625213301.754638
1762.541748046875 1625213301.761579
1775.919677734375 1625213301.768811
1775.0 1625213301.775779
1815.254150390625 1625213301.782847
1739.6351318359375 1625213301.789818
1675.806396484375 1625213301.796826
1659.711181640625 1625213301.803803
1622.8209228515625 1625213301.810797
1606.9730224609375 1625213301.817862
1585.0234375 1625213301.824838
1608.8328857421875 1625213301.831884
1579.1925048828125 1625213301.838636
1633.7579345703125 1625213301.845622
1624.8038330078125 1625213301.852628
1665.5999755859375 1625213301.859719
1693.442626953125 1625213301.866555
1596.5462646484375 1625213301.873633
1586.314208984375 1625213301.880544
1765.3909912109375 1625213301.887639
1667.73681640625 1625213301.894593
1741.2935791015625 1625213301.901417
1728.618408203125 1625213301.908392
1730.2630615234375 1625213301.915474
1699.8367919921875 1625213301.922483
1728.925537109375 1625213301.929467
1601.255859375 1625213301.936384
1617.32275390625 1625213301.943507
1629.3375244140625 1625213301.950509
1674.1572265625 1625213301.957491
1774.6243896484375 1625213301.964458
1839.0411376953125 1625213301.971409
1888.695556640625 1625213301.978498
1852.686279296875 1625213301.985457
1770.0 1625213301.992447
1751.2520751953125 1625213301.999471
1774.0863037109375 1625213302.006525
1807.1065673828125 1625213302.013483
1760.3992919921875 1625213302.020459
1771.2855224609375 1625213302.027497
1757.47509765625 1625213302.034506
1820.033935546875 1625213302.041528
1789.9158935546875 1625213302.048489
1719.2117919921875 1625213302.05554
1724.137939453125 1625213302.062486
1682.3338623046875 1625213302.069538
1699.67529296875 1625213302.076645
1761.7449951171875 1625213302.083602
1775.3743896484375 1625213302.090539
1856.6494140625 1625213302.097322
1853.4482421875 1625213302.104337
1828.1785888671875 1625213302.11144
1765.0 1625213302.118658
1744.6103515625 1625213302.125697
1738.0560302734375 1625213302.132702
1650.0802001953125 1625213302.139708
1609.105224609375 1625213302.146666
1599.3740234375 1625213302.153738
1581.6484375 1625213302.160628
1597.1787109375 1625213302.167675
1614.1732177734375 1625213302.174734
1624.0125732421875 1625213302.181646
1633.3333740234375 1625213302.188654
1629.746826171875 1625213302.195596
1643.3121337890625 1625213302.20274
1636.5079345703125 1625213302.209764
1638.5350341796875 1625213302.217673
1662.9212646484375 1625213302.224547
1665.5948486328125 1625213302.231506
1663.446044921875 1625213302.238724
1641.1483154296875 1625213302.245798
1618.2965087890625 1625213302.252735
1620.85302734375 1625213302.259783
1632.32958984375 1625213302.266783
1700.162109375 1625213302.274641
1711.7264404296875 1625213302.281631
1742.57421875 1625213302.288535
1738.41064453125 1625213302.295509
1739.27392578125 1625213302.302443
1710.09765625 1625213302.309381
1708.19677734375 1625213302.316334
1716.3934326171875 1625213302.323433
1680.1292724609375 1625213302.330357
1660.771728515625 1625213302.337386
1661.290283203125 1625213302.344385
1689.93505859375 1625213302.351394
1651.7572021484375 1625213302.35846
1698.6971435546875 1625213302.365371
1669.3419189453125 1625213302.372524
1673.10791015625 1625213302.379473
1632.16552734375 1625213302.38649
1565.8914794921875 1625213302.393452
1575.1937255859375 1625213302.400441
1620.85302734375 1625213302.407449
1628.5714111328125 1625213302.414506
1656.0 1625213302.421415
1639.6824951171875 1625213302.42847
1634.920654296875 1625213302.435281
1621.83544921875 1625213302.44215
1617.693603515625 1625213302.44929
1594.67919921875 1625213302.456257
1615.748046875 1625213302.463312
1624.40576171875 1625213302.470345
1631.74609375 1625213302.477522
1633.3333740234375 1625213302.484539
1652.3126220703125 1625213302.491547
1627.5753173828125 1625213302.498602
1625.3968505859375 1625213302.505555
1623.0284423828125 1625213302.51254
1695.2998046875 1625213302.519355
1703.5831298828125 1625213302.526349
1713.5843505859375 1625213302.53331
1721.767578125 1625213302.540286
1749.58544921875 1625213302.5474
1743.8016357421875 1625213302.554401
1761.6666259765625 1625213302.561396
1760.3992919921875 1625213302.568614
1750.0 1625213302.575658
1734.7611083984375 1625213302.582664
1731.4661865234375 1625213302.58958
1733.1136474609375 1625213302.596623
1727.4219970703125 1625213302.603637
1720.394775390625 1625213302.610635
1711.9476318359375 1625213302.617528
1716.3934326171875 1625213302.624296
1709.624755859375 1625213302.631268
1716.3934326171875 1625213302.638309
1696.4285888671875 1625213302.645261
1707.0377197265625 1625213302.652351
1701.954345703125 1625213302.659602
1700.98046875 1625213302.666805
1692.058349609375 1625213302.673613
1666.6666259765625 1625213302.680372
1654.4000244140625 1625213302.687466
1651.2000732421875 1625213302.694387
1661.316162109375 1625213302.701475
1670.41796875 1625213302.708429
1700.8131103515625 1625213302.715447
1701.954345703125 1625213302.722477
1704.7308349609375 1625213302.729432
1709.1502685546875 1625213302.736419
1700.32568359375 1625213302.743568
1694.3089599609375 1625213302.750441
1683.95458984375 1625213302.757426
1623.8095703125 1625213302.764376
1598.74609375 1625213302.771465
1597.1787109375 1625213302.77838
1569.875732421875 1625213302.785419
1533.5364990234375 1625213302.792589
1532.110107421875 1625213302.799454
1522.79638671875 1625213302.80631
1528.0728759765625 1625213302.813292
1550.926025390625 1625213302.820331
1563.467529296875 1625213302.827295
1546.0123291015625 1625213302.834316
1552.9954833984375 1625213302.841287
1560.1851806640625 1625213302.848308
1557.0987548828125 1625213302.855175
1536.697265625 1625213302.862119
1552.3077392578125 1625213302.869126
1537.51904296875 1625213302.876207
1548.3870849609375 1625213302.88325
1552.3077392578125 1625213302.89017
1547.6922607421875 1625213302.897217
1549.9232177734375 1625213302.904214
1557.9598388671875 1625213302.911105
1542.11328125 1625213302.918098
1539.050537109375 1625213302.925394
1534.35107421875 1625213302.932217
1531.2977294921875 1625213302.939236
1529.680419921875 1625213302.94619
1532.01220703125 1625213302.953179
1537.404541015625 1625213302.960144
1541.4110107421875 1625213302.967156
1535.168212890625 1625213302.974176
1532.8243408203125 1625213302.981086
1534.35107421875 1625213302.988055
1556.9229736328125 1625213302.99509
1565.4853515625 1625213303.002002
1576.744140625 1625213303.009043
1627.98095703125 1625213303.01614
1586.2069091796875 1625213303.023093
1652.7999267578125 1625213303.03004
1652.3126220703125 1625213303.037035
1644.338134765625 1625213303.044103
1644.904541015625 1625213303.051057
1613.924072265625 1625213303.058211
1562.5965576171875 1625213303.066129
1537.51904296875 1625213303.071988
1529.77099609375 1625213303.079153
1512.8983154296875 1625213303.086032
1531.2977294921875 1625213303.093165
1532.110107421875 1625213303.100125
1496.9969482421875 1625213303.107167
1512.1212158203125 1625213303.114153
1501.5106201171875 1625213303.121062
1506.8079833984375 1625213303.128087
1487.988037109375 1625213303.135466
1482.8101806640625 1625213303.142584
1512.859375 1625213303.149522
1503.770751953125 1625213303.157306
1510.6060791015625 1625213303.164393
1527.355712890625 1625213303.171291
1512.1212158203125 1625213303.178363
1533.5364990234375 1625213303.185385
1538.2261962890625 1625213303.192376
1533.63916015625 1625213303.199342
1505.279052734375 1625213303.206432
1499.245849609375 1625213303.213365
1504.53173828125 1625213303.220267
1468.75 1625213303.227405
1472.3468017578125 1625213303.234414
1463.4874267578125 1625213303.241318
1457.7777099609375 1625213303.248435
1465.0816650390625 1625213303.255322
1466.567626953125 1625213303.262217
1470.93896484375 1625213303.26926
1470.93896484375 1625213303.276288
1465.7738037109375 1625213303.283234
1458.45703125 1625213303.290291
1459.940673828125 1625213303.297293
1451.1834716796875 1625213303.304364
1458.45703125 1625213303.311303
1461.42431640625 1625213303.318351
1465.7738037109375 1625213303.325328
1466.567626953125 1625213303.332095
1456.2962646484375 1625213303.339116
1449.7042236328125 1625213303.346159
1429.6187744140625 1625213303.353145
1397.973876953125 1625213303.360121
1395.07958984375 1625213303.367115
1385.0574951171875 1625213303.374137
1395.9537353515625 1625213303.381112
1383.0703125 1625213303.388166
1387.0504150390625 1625213303.395192
1372.8570556640625 1625213303.402227
1370.529296875 1625213303.409194
1378.2235107421875 1625213303.416154
1374.28564453125 1625213303.423242
1402.0318603515625 1625213303.430236
1402.8985595703125 1625213303.437255
1391.6185302734375 1625213303.44427
1389.0489501953125 1625213303.451239
1393.9393310546875 1625213303.458199
1401.734130859375 1625213303.465228
1411.0787353515625 1625213303.472192
1407.246337890625 1625213303.479147
1429.6187744140625 1625213303.486107
1434.6549072265625 1625213303.493272
1428.7811279296875 1625213303.500098
1444.771728515625 1625213303.507105
1440.353515625 1625213303.51411
1441.1763916015625 1625213303.52117
1433.1865234375 1625213303.528159
1430.453857421875 1625213303.535215
1441.1763916015625 1625213303.54218
1436.7647705078125 1625213303.549144
1431.0849609375 1625213303.555978
1429.6187744140625 1625213303.562974
1434.017578125 1625213303.570083
1444.771728515625 1625213303.577005
1460.74072265625 1625213303.583958
1480.5389404296875 1625213303.591023
1506.060546875 1625213303.597983
1514.415771484375 1625213303.604999
1533.63916015625 1625213303.61193
1546.0123291015625 1625213303.619029
1541.284423828125 1625213303.625947
1547.5460205078125 1625213303.632981
1540.5819091796875 1625213303.639907
1533.63916015625 1625213303.646932
1527.43896484375 1625213303.654202
1496.9788818359375 1625213303.661282
1511.346435546875 1625213303.668323
1485.757080078125 1625213303.675285
1463.5958251953125 1625213303.682341
1451.851806640625 1625213303.690248
1426.900634765625 1625213303.697297
1422.5146484375 1625213303.704114
1419.8250732421875 1625213303.711066
1413.3916015625 1625213303.717947
1414.84716796875 1625213303.725262
1422.5146484375 1625213303.73227
1431.91796875 1625213303.739231
1423.9766845703125 1625213303.746216
1427.525634765625 1625213303.75314
1425.4385986328125 1625213303.760125
1421.8978271484375 1625213303.767095
1412.7906494140625 1625213303.774002
1414.84716796875 1625213303.781
1416.9095458984375 1625213303.787997
1415.451904296875 1625213303.795012
1415.69775390625 1625213303.801978
1414.244140625 1625213303.809079
1416.0584716796875 1625213303.816005
1416.3028564453125 1625213303.823058
1411.3372802734375 1625213303.829962
1414.244140625 1625213303.837216
1420.43798828125 1625213303.844245
1421.28271484375 1625213303.851313
1423.9766845703125 1625213303.858261
1421.8978271484375 1625213303.86516
1425.4385986328125 1625213303.871998
1424.8175048828125 1625213303.879065
1431.0849609375 1625213303.88593
1433.1865234375 1625213303.892919
1434.017578125 1625213303.89998
1438.2352294921875 1625213303.906987
1442.477783203125 1625213303.913932
1431.91796875 1625213303.92098
1438.2352294921875 1625213303.927934
1441.826171875 1625213303.934974
1434.6549072265625 1625213303.941934
1420.43798828125 1625213303.948931
1425.4385986328125 1625213303.95603
1421.28271484375 1625213303.962864
1428.362548828125 1625213303.970006
1428.98974609375 1625213303.976891
1430.453857421875 1625213303.984031
1454.9483642578125 1625213303.991008
1471.81005859375 1625213303.997934
1460.388671875 1625213304.005013
1441.9970703125 1625213304.011948
1471.111083984375 1625213304.018965
1473.2142333984375 1625213304.025907
1456.4254150390625 1625213304.03292
1454.1419677734375 1625213304.040067
1498.470947265625 1625213304.046969
1457.1005859375 1625213304.054011
1463.5958251953125 1625213304.060998
1456.2962646484375 1625213304.068082
1457.7777099609375 1625213304.074822
1468.053466796875 1625213304.081843
1467.261962890625 1625213304.088967
1468.053466796875 1625213304.096084
1470.93896484375 1625213304.103177
1465.7738037109375 1625213304.110093
1474.626953125 1625213304.11714
1479.880859375 1625213304.124076
1540.9090576171875 1625213304.131179
1589.0625 1625213304.138111
1580.09326171875 1625213304.145176
1576.0870361328125 1625213304.151936
1568.1114501953125 1625213304.158952
1535.603759765625 1625213304.165884
1507.5528564453125 1625213304.172797
1521.212158203125 1625213304.179847
1486.4864501953125 1625213304.186835
1477.6119384765625 1625213304.193867
1522.137451171875 1625213304.200897
1532.01220703125 1625213304.207899
1528.2442626953125 1625213304.21499
1536.809814453125 1625213304.221892
1525.1141357421875 1625213304.22914
1535.8778076171875 1625213304.235955
1519.6968994140625 1625213304.243303
1507.5758056640625 1625213304.251139
1511.346435546875 1625213304.258126
1509.0909423828125 1625213304.265168
1507.507568359375 1625213304.272064
1518.1817626953125 1625213304.279122
1522.79638671875 1625213304.286161
1496.9879150390625 1625213304.293934
1502.2557373046875 1625213304.300931
1514.3720703125 1625213304.307929
1529.052001953125 1625213304.314934
1506.8079833984375 1625213304.321849
1493.9940185546875 1625213304.328857
1485.757080078125 1625213304.335933
1491.7293701171875 1625213304.342844
1462.10986328125 1625213304.349813
1460.6241455078125 1625213304.356944
1456.2962646484375 1625213304.363963
1451.9940185546875 1625213304.371126
1458.45703125 1625213304.378041
1459.940673828125 1625213304.384998
1457.7777099609375 1625213304.392093
1459.940673828125 1625213304.399077
1458.45703125 1625213304.405938
1450.5169677734375 1625213304.412859
1453.47119140625 1625213304.419785
1461.42431640625 1625213304.42679
1467.261962890625 1625213304.433798
1470.238037109375 1625213304.440781
1469.4486083984375 1625213304.447811
1470.93896484375 1625213304.454858
1467.261962890625 1625213304.461804
1468.75 1625213304.468862
1476.119384765625 1625213304.475797
1483.532958984375 1625213304.482886
1478.3258056640625 1625213304.489875
1486.5269775390625 1625213304.496785
1502.2557373046875 1625213304.503831
1503.770751953125 1625213304.510879
1536.697265625 1625213304.517922
1561.2403564453125 1625213304.524816
1547.6922607421875 1625213304.531663
1569.659423828125 1625213304.538651
1576.0870361328125 1625213304.545827
1573.8724365234375 1625213304.552673
1567.4417724609375 1625213304.55967
1546.85107421875 1625213304.566695
1540.5819091796875 1625213304.573701
1540.5819091796875 1625213304.580712
1545.1761474609375 1625213304.587728
1545.1761474609375 1625213304.59469
1566.5634765625 1625213304.601684
1581.9031982421875 1625213304.608854
1548.3870849609375 1625213304.615751
1555.3846435546875 1625213304.622839
1563.2716064453125 1625213304.629799
1573.415771484375 1625213304.636783
1589.9842529296875 1625213304.643789
1558.8236083984375 1625213304.650875
1532.01220703125 1625213304.657875
1533.63916015625 1625213304.664753
1542.94482421875 1625213304.671694
1542.11328125 1625213304.678726
1572.9813232421875 1625213304.685678
1567.2333984375 1625213304.69273
1556.2403564453125 1625213304.699704
1531.2977294921875 1625213304.706531
1532.110107421875 1625213304.713521
1523.5921630859375 1625213304.720474
1527.355712890625 1625213304.727601
1532.925048828125 1625213304.734567
1540.3348388671875 1625213304.741637
1563.2716064453125 1625213304.74854
1551.617919921875 1625213304.755562
1560.8629150390625 1625213304.762618
1523.5921630859375 1625213304.769642
1528.2442626953125 1625213304.776578
1527.355712890625 1625213304.783546
1522.79638671875 1625213304.790654
1528.8753662109375 1625213304.797538
1539.8773193359375 1625213304.804865
1544.478515625 1625213304.811878
1544.478515625 1625213304.819013
1524.3160400390625 1625213304.825955
1530.48779296875 1625213304.833188
1528.9635009765625 1625213304.839995
1535.168212890625 1625213304.846947
1527.43896484375 1625213304.853919
1528.9635009765625 1625213304.860919
1526.63623046875 1625213304.867934
1522.8658447265625 1625213304.874926
1526.63623046875 1625213304.88197
1531.2977294921875 1625213304.888999
1532.8243408203125 1625213304.89603
1542.94482421875 1625213304.903805
1553.8460693359375 1625213304.910787
1561.051025390625 1625213304.917792
1552.3077392578125 1625213304.924874
1553.8460693359375 1625213304.931829
1542.94482421875 1625213304.938837
1544.342529296875 1625213304.945812
1558.64208984375 1625213304.952871
1534.35107421875 1625213304.959852
1546.0123291015625 1625213304.966919
1547.5460205078125 1625213304.973817
1559.5054931640625 1625213304.98082
1556.2403564453125 1625213304.987889
1556.2403564453125 1625213304.994959
1549.9232177734375 1625213305.002755
1538.2261962890625 1625213305.009693
1536.697265625 1625213305.016702
1539.75537109375 1625213305.023596
1535.98779296875 1625213305.030614
1548.3870849609375 1625213305.037578
1539.050537109375 1625213305.044406
1535.168212890625 1625213305.051452
1533.63916015625 1625213305.058481
1528.9635009765625 1625213305.065459
1537.51904296875 1625213305.072479
1525.9146728515625 1625213305.079474
1535.168212890625 1625213305.086496
1540.5819091796875 1625213305.093439
1541.4110107421875 1625213305.100444
1537.51904296875 1625213305.107487
1525.9146728515625 1625213305.114497
1534.4564208984375 1625213305.121493
1528.9635009765625 1625213305.128506
1527.43896484375 1625213305.135482
1528.2442626953125 1625213305.142597
1513.6363525390625 1625213305.149476
1515.1514892578125 1625213305.156586
1511.346435546875 1625213305.163461
1513.6363525390625 1625213305.170463
1517.45068359375 1625213305.177494
1510.6060791015625 1625213305.184502
1514.415771484375 1625213305.191451
1507.5528564453125 1625213305.198587
1510.6060791015625 1625213305.205526
1514.415771484375 1625213305.212535
1513.6363525390625 1625213305.21953
1509.8336181640625 1625213305.226363
1509.0909423828125 1625213305.233393
1504.53173828125 1625213305.240485
1517.45068359375 1625213305.247366
1521.276611328125 1625213305.254378
1522.070068359375 1625213305.261457
1515.9332275390625 1625213305.268474
1514.415771484375 1625213305.275424
1507.5528564453125 1625213305.282398
1510.6060791015625 1625213305.289408
1504.53173828125 1625213305.296463
1516.6666259765625 1625213305.303426
1525.9146728515625 1625213305.310466
1528.9635009765625 1625213305.317387
1515.9332275390625 1625213305.324432
1520.5479736328125 1625213305.331451
1513.6363525390625 1625213305.338432
1525.1141357421875 1625213305.345481
1518.9681396484375 1625213305.352441
1528.9635009765625 1625213305.359566
1537.51904296875 1625213305.36639
1536.697265625 1625213305.373528
1534.35107421875 1625213305.380469
1529.77099609375 1625213305.387425
1534.35107421875 1625213305.394491
1530.48779296875 1625213305.401276
1543.77880859375 1625213305.408316
1542.94482421875 1625213305.41531
1529.052001953125 1625213305.422292
1512.1212158203125 1625213305.429354
1519.7568359375 1625213305.436304
1512.1212158203125 1625213305.443399
1512.1212158203125 1625213305.450311
1506.8079833984375 1625213305.45727
1500.754150390625 1625213305.464363
1509.8336181640625 1625213305.471314
1510.6060791015625 1625213305.478369
1506.042236328125 1625213305.485352
1504.53173828125 1625213305.49235
1506.8079833984375 1625213305.499415
1518.9681396484375 1625213305.506328
1518.237060546875 1625213305.51339
1515.9332275390625 1625213305.520409
1510.6060791015625 1625213305.527384
1506.042236328125 1625213305.534427
1502.262451171875 1625213305.541418
1511.346435546875 1625213305.54843
1514.415771484375 1625213305.555407
1518.237060546875 1625213305.56244
1515.1514892578125 1625213305.569402
1513.6363525390625 1625213305.576495
1509.8336181640625 1625213305.583422
1509.8336181640625 1625213305.590223
1509.8336181640625 1625213305.597243
1512.1212158203125 1625213305.604195
1508.3206787109375 1625213305.61133
1520.485595703125 1625213305.618244
1521.276611328125 1625213305.625311
1531.2977294921875 1625213305.632304
1527.43896484375 1625213305.639286
1520.5479736328125 1625213305.646315
1518.9681396484375 1625213305.65328
1515.9332275390625 1625213305.660381
1525.1141357421875 1625213305.667318
1527.43896484375 1625213305.674361
1536.697265625 1625213305.681305
1543.77880859375 1625213305.688344
1531.2977294921875 1625213305.695364
1542.94482421875 1625213305.702356
1539.75537109375 1625213305.709465
1539.75537109375 1625213305.716384
1540.5819091796875 1625213305.723307
1523.5921630859375 1625213305.73037
1536.697265625 1625213305.737361
1535.168212890625 1625213305.744378
1532.01220703125 1625213305.751381
1553.8460693359375 1625213305.758543
1546.85107421875 1625213305.765402
1544.478515625 1625213305.772372
1546.0123291015625 1625213305.779291
1544.478515625 1625213305.78621
1564.1422119140625 1625213305.793279
1556.9229736328125 1625213305.800225
1560.8629150390625 1625213305.807142
1559.322021484375 1625213305.814219
1584.759033203125 1625213305.821164
1584.1121826171875 1625213305.828227
1586.58349609375 1625213305.835184
1591.263671875 1625213305.842243
1587.5 1625213305.84924
1566.5634765625 1625213305.856243
1576.0870361328125 1625213305.86329
1568.1114501953125 1625213305.870278
1574.5341796875 1625213305.877301
1584.1121826171875 1625213305.884241
1578.5380859375 1625213305.891365
1570.542724609375 1625213305.898301
1561.051025390625 1625213305.905264
1544.478515625 1625213305.912335
1539.75537109375 1625213305.919241
1540.5819091796875 1625213305.926288
1547.6922607421875 1625213305.933339
1540.5819091796875 1625213305.940274
1535.168212890625 1625213305.94731
1532.8243408203125 1625213305.954089
1528.9635009765625 1625213305.961144
1539.75537109375 1625213305.968132
1534.35107421875 1625213305.975186
1537.404541015625 1625213305.982225
1539.8773193359375 1625213305.989323
1546.0123291015625 1625213305.996281
1533.5364990234375 1625213306.003178
1546.85107421875 1625213306.010203
1556.067626953125 1625213306.017208
1561.7283935546875 1625213306.024208
1565.687744140625 1625213306.031329
1569.875732421875 1625213306.0383
1570.542724609375 1625213306.045459
1575.1937255859375 1625213306.052323
1580.09326171875 1625213306.05935
1572.093017578125 1625213306.066344
1595.94384765625 1625213306.073454
1602.8258056640625 1625213306.080362
1599.3740234375 1625213306.087348
1599.68603515625 1625213306.094412
1592.1875 1625213306.101419
1638.39990234375 1625213306.108409
1601.255859375 1625213306.115265
1622.8209228515625 1625213306.122304
1604.3956298828125 1625213306.129255
1578.5380859375 1625213306.136291
1578.2945556640625 1625213306.143252
1571.2073974609375 1625213306.150295
1568.9923095703125 1625213306.157237
1572.9813232421875 1625213306.164262
1578.5380859375 1625213306.171475
1578.5380859375 1625213306.178469
1574.5341796875 1625213306.185566
1553.8460693359375 1625213306.192529
1544.478515625 1625213306.199557
1533.63916015625 1625213306.206389
1527.355712890625 1625213306.213341
1548.2388916015625 1625213306.220322
1559.5054931640625 1625213306.227314
1565.687744140625 1625213306.234334
1580.09326171875 1625213306.241434
1592.4764404296875 1625213306.248329
1591.263671875 1625213306.255388
1595.9119873046875 1625213306.262356
1569.659423828125 1625213306.269356
1571.2073974609375 1625213306.276342
1563.2716064453125 1625213306.283346
1575.4276123046875 1625213306.290309
1570.7620849609375 1625213306.297327
1571.2073974609375 1625213306.304229
1585.6697998046875 1625213306.311162
1572.7554931640625 1625213306.318226
1596.244140625 1625213306.325207
1597.80908203125 1625213306.332218
1597.1787109375 1625213306.339189
1576.0870361328125 1625213306.346149
1552.3077392578125 1625213306.353376
1552.3077392578125 1625213306.360478
1578.5380859375 1625213306.3675
1588.41943359375 1625213306.374595
1589.70361328125 1625213306.382531
1587.2274169921875 1625213306.390496
1589.0625 1625213306.397507
1595.94384765625 1625213306.404476
1576.0870361328125 1625213306.411357
1567.4417724609375 1625213306.418417
1580.996826171875 1625213306.425316
1570.542724609375 1625213306.432349
1556.9229736328125 1625213306.439276
1578.5380859375 1625213306.446147
1582.9456787109375 1625213306.45331
1575.1937255859375 1625213306.460268
1586.8544921875 1625213306.4673
1581.3953857421875 1625213306.474327
1586.58349609375 1625213306.481268
1593.1142578125 1625213306.488325
1602.50390625 1625213306.495288
1615.50634765625 1625213306.502302
1586.8544921875 1625213306.509275
1581.3953857421875 1625213306.51625
1574.5341796875 1625213306.523356
1574.5341796875 1625213306.530239
1578.5380859375 1625213306.537229
1574.5341796875 1625213306.54428
1591.900390625 1625213306.551238
1612.598388671875 1625213306.558313
1601.880859375 1625213306.56527
1615.1419677734375 1625213306.572243
1626.39111328125 1625213306.579298
1625.0 1625213306.586319
1614.1732177734375 1625213306.5933
1622.432861328125 1625213306.600386
1631.74609375 1625213306.607483
1630.1588134765625 1625213306.614511
1625.990478515625 1625213306.622379
1631.3291015625 1625213306.629274
1638.5350341796875 1625213306.636298
1644.338134765625 1625213306.643201
1635.499267578125 1625213306.650266
1637.519775390625 1625213306.657305
1640.699462890625 1625213306.664176
1637.519775390625 1625213306.671212
1650.15966796875 1625213306.678117
1651.7572021484375 1625213306.685199
1646.4000244140625 1625213306.692124
1633.3333740234375 1625213306.699144
1610.0628662109375 1625213306.706275
1633.3333740234375 1625213306.71318
1688.81689453125 1625213306.720228
1682.847900390625 1625213306.727264
1684.466064453125 1625213306.734231
1678.5137939453125 1625213306.741207
1650.15966796875 1625213306.74828
1627.1722412109375 1625213306.755296
1641.7197265625 1625213306.762265
1610.4100341796875 1625213306.769282
1631.3291015625 1625213306.776304
1641.269775390625 1625213306.783469
1643.3121337890625 1625213306.790245
1648.089111328125 1625213306.797316
1664.5264892578125 1625213306.8042
1666.6666259765625 1625213306.811114
1613.20751953125 1625213306.818149
1614.1732177734375 1625213306.825154
1625.0 1625213306.832151
1612.598388671875 1625213306.839224
1608.4906005859375 1625213306.846146
1636.5079345703125 1625213306.853167
1594.67919921875 1625213306.860137
1596.244140625 1625213306.867062
1590.625 1625213306.874023
1560.1851806640625 1625213306.881052
1568.779052734375 1625213306.887961
1570.542724609375 1625213306.894949
1566.5634765625 1625213306.902298
1581.6484375 1625213306.909335
1585.6697998046875 1625213306.91635
1614.89697265625 1625213306.923358
1594.67919921875 1625213306.930384
1586.58349609375 1625213306.937303
1597.1787109375 1625213306.944354
1576.0870361328125 1625213306.951375
1589.424560546875 1625213306.959311
1592.1875 1625213306.966305
1585.0234375 1625213306.973123
1585.0234375 1625213306.980035
1581.6484375 1625213306.987046
1583.4632568359375 1625213306.994104
1572.9813232421875 1625213307.000921
1576.744140625 1625213307.00787
1577.6396484375 1625213307.01487
1572.9813232421875 1625213307.021999
1555.5555419921875 1625213307.029008
1556.2403564453125 1625213307.035886
1546.85107421875 1625213307.042967
1545.31494140625 1625213307.05003
1545.31494140625 1625213307.057049
1565.015380859375 1625213307.064038
1562.5965576171875 1625213307.07105
1572.7554931640625 1625213307.077966
1576.98291015625 1625213307.084925
1557.0987548828125 1625213307.091963
1540.7066650390625 1625213307.099061
1534.35107421875 1625213307.105918
1528.2442626953125 1625213307.113028
1506.042236328125 1625213307.119975
1494.73681640625 1625213307.126992
1506.787353515625 1625213307.13404
1501.5106201171875 1625213307.140926
1506.042236328125 1625213307.147892
1496.9879150390625 1625213307.154859
1513.6363525390625 1625213307.161904
1511.346435546875 1625213307.168944
1518.237060546875 1625213307.176005
1507.5528564453125 1625213307.183002
1515.9332275390625 1625213307.190092
1505.2950439453125 1625213307.196981
1507.5528564453125 1625213307.204016
1515.1514892578125 1625213307.210996
1505.279052734375 1625213307.21802
1519.7568359375 1625213307.224969
1513.6363525390625 1625213307.232062
1511.346435546875 1625213307.238999
1501.5059814453125 1625213307.246066
1509.0634765625 1625213307.253125
1515.1514892578125 1625213307.260084
1509.8336181640625 1625213307.267124
1511.346435546875 1625213307.274006
1503.770751953125 1625213307.281041
1503.0211181640625 1625213307.288139
1506.8079833984375 1625213307.294915
1496.9879150390625 1625213307.302001
1491.754150390625 1625213307.308976
1498.4940185546875 1625213307.315881
1493.2330322265625 1625213307.322985
1499.245849609375 1625213307.329954
1494.73681640625 1625213307.337034
1500.754150390625 1625213307.34397
1496.9879150390625 1625213307.351054
1496.2406005859375 1625213307.358122
1496.9879150390625 1625213307.36496
1493.2330322265625 1625213307.371936
1500.0 1625213307.378971
1498.4940185546875 1625213307.385968
1502.262451171875 1625213307.392946
1500.0 1625213307.400063
1508.3206787109375 1625213307.407065
1508.3206787109375 1625213307.414017
1501.5106201171875 1625213307.421051
1506.042236328125 1625213307.428081
1508.3206787109375 1625213307.435084
1517.45068359375 1625213307.441998
1515.9332275390625 1625213307.449154
1518.9681396484375 1625213307.456095
1514.415771484375 1625213307.463101
1513.6363525390625 1625213307.469906
1510.6060791015625 1625213307.47689
1506.042236328125 1625213307.483961
1511.346435546875 1625213307.490894
1512.859375 1625213307.497876
1525.1141357421875 1625213307.504938
1532.8243408203125 1625213307.511851
1527.43896484375 1625213307.518952
1518.9681396484375 1625213307.525892
1513.6363525390625 1625213307.533007
1525.1141357421875 1625213307.539982
1527.43896484375 1625213307.546961
1532.8243408203125 1625213307.554005
1527.43896484375 1625213307.560945
1522.070068359375 1625213307.568005
1531.2977294921875 1625213307.574889
1532.110107421875 1625213307.581897
1515.9332275390625 1625213307.588974
1496.2406005859375 1625213307.595926
1506.042236328125 1625213307.602976
1509.0909423828125 1625213307.609928
1497.737548828125 1625213307.616968
1489.4893798828125 1625213307.623928
1494.73681640625 1625213307.630942
1472.42919921875 1625213307.638008
1476.119384765625 1625213307.644942
1475.3363037109375 1625213307.652006
1476.8310546875 1625213307.658978
1468.75 1625213307.665906
1474.626953125 1625213307.672876
1476.119384765625 1625213307.679841
1463.5958251953125 1625213307.686867
1468.75 1625213307.693786
1470.238037109375 1625213307.700779
1463.5958251953125 1625213307.708056
1462.9080810546875 1625213307.714974
1489.4893798828125 1625213307.722024
1478.3258056640625 1625213307.72901
1474.702392578125 1625213307.736
1479.0419921875 1625213307.743008
1473.13427734375 1625213307.749939
1457.7777099609375 1625213307.756899
1454.1419677734375 1625213307.76391
1443.2989501953125 1625213307.770899
1452.6627197265625 1625213307.77793
1452.6627197265625 1625213307.784991
1451.1834716796875 1625213307.791833
1449.0399169921875 1625213307.798887
1448.3775634765625 1625213307.805924
1459.25927734375 1625213307.812898
1467.261962890625 1625213307.819912
1457.1005859375 1625213307.826961
1464.3917236328125 1625213307.833927
1450.5169677734375 1625213307.840934
1440.353515625 1625213307.847873
1426.900634765625 1625213307.855043
1438.2352294921875 1625213307.861973
1440.5286865234375 1625213307.868944
1443.9527587890625 1625213307.875776
1444.771728515625 1625213307.882806
1428.98974609375 1625213307.889711
1419.590576171875 1625213307.896637
1413.994140625 1625213307.903788
1413.6429443359375 1625213307.91069
1434.017578125 1625213307.917731
1397.3988037109375 1625213307.924797
1414.84716796875 1625213307.931847
1385.0574951171875 1625213307.938793
1395.9537353515625 1625213307.945792
1393.0635986328125 1625213307.953021
1404.9346923828125 1625213307.96002
1396.2535400390625 1625213307.966989
1421.28271484375 1625213307.974018
1405.797119140625 1625213307.980838
1408.43017578125 1625213307.987857
1416.3028564453125 1625213307.994745
1414.244140625 1625213308.001678
1392.496337890625 1625213308.009072
1390.489990234375 1625213308.016006
1387.0504150390625 1625213308.023005
1384.1727294921875 1625213308.030031
1385.611572265625 1625213308.037009
1382.1839599609375 1625213308.044014
1382.7337646484375 1625213308.051148
1387.9310302734375 1625213308.058926
1380.2008056640625 1625213308.065686
1388.4892578125 1625213308.072705
1392.496337890625 1625213308.07963
1397.973876953125 1625213308.08674
1390.489990234375 1625213308.093635
1384.7261962890625 1625213308.100629
1373.3905029296875 1625213308.107658
1388.4892578125 1625213308.114661
1397.3988037109375 1625213308.121924
1404.3477783203125 1625213308.128918
1391.9307861328125 1625213308.136034
1406.385986328125 1625213308.142982
1389.0489501953125 1625213308.150109
1409.2889404296875 1625213308.15802
1386.4942626953125 1625213308.164995
1395.6522216796875 1625213308.172091
1392.496337890625 1625213308.179828
1400.2890625 1625213308.1867
1400.0 1625213308.193645
1396.825439453125 1625213308.200552
1407.246337890625 1625213308.207566
1419.8250732421875 1625213308.214492
1413.994140625 1625213308.221809
1416.9095458984375 1625213308.228872
1427.7371826171875 1625213308.2359
1431.0849609375 1625213308.242873
1403.4832763671875 1625213308.24998
1405.5233154296875 1625213308.256966
1397.3988037109375 1625213308.263891
1382.1839599609375 1625213308.270943
1377.6824951171875 1625213308.277945
1382.3953857421875 1625213308.284794
1382.1839599609375 1625213308.291748
1379.65625 1625213308.298707
1391.053466796875 1625213308.305732
1394.5086669921875 1625213308.312821
1380.7470703125 1625213308.320947
1383.6207275390625 1625213308.327864
1387.9310302734375 1625213308.334677
1378.2235107421875 1625213308.341617
1400.8682861328125 1625213308.348791
1398.55078125 1625213308.355606
1395.3824462890625 1625213308.362627
1378.2235107421875 1625213308.369694
1389.3677978515625 1625213308.376633
1391.053466796875 1625213308.383629
1405.797119140625 1625213308.390754
1410.740234375 1625213308.397656
1451.9940185546875 1625213308.404676
1465.7738037109375 1625213308.41173
1459.940673828125 1625213308.418796
1459.13818359375 1625213308.425731
1458.45703125 1625213308.432757
1440.353515625 1625213308.439722
1434.017578125 1625213308.446655
1443.2989501953125 1625213308.453808
1459.25927734375 1625213308.460753
1454.9483642578125 1625213308.46778
1466.567626953125 1625213308.474759
1465.7738037109375 1625213308.481727
1463.5958251953125 1625213308.488783
1449.8524169921875 1625213308.495854
1450.5169677734375 1625213308.502847
1451.9940185546875 1625213308.509608
1444.771728515625 1625213308.516693
1451.9940185546875 1625213308.523614
1461.42431640625 1625213308.530634
1461.42431640625 1625213308.537695
1461.3095703125 1625213308.544597
1447.5628662109375 1625213308.551708
1452.6627197265625 1625213308.558636
1449.0399169921875 1625213308.56568
1455.6212158203125 1625213308.572729
1465.8753662109375 1625213308.579656
1452.6627197265625 1625213308.586679
1452.6627197265625 1625213308.593699
1438.0531005859375 1625213308.600713
1431.0849609375 1625213308.607903
1449.0399169921875 1625213308.614664
1436.9500732421875 1625213308.62179
1422.7406005859375 1625213308.628761
1440.353515625 1625213308.635699
1443.9527587890625 1625213308.642741
1462.10986328125 1625213308.649667
1462.10986328125 1625213308.656689
1454.9483642578125 1625213308.663652
1454.0059814453125 1625213308.670734
1454.1419677734375 1625213308.677672
1450.5169677734375 1625213308.684793
1444.771728515625 1625213308.691551
1465.0816650390625 1625213308.698611
1462.10986328125 1625213308.705703
1462.22216796875 1625213308.712741
1466.567626953125 1625213308.719692
1467.958251953125 1625213308.726767
1457.7777099609375 1625213308.733708
1466.567626953125 1625213308.740706
1454.1419677734375 1625213308.747744
1451.1834716796875 1625213308.754654
1438.2352294921875 1625213308.761709
1438.2352294921875 1625213308.768659
1439.0601806640625 1625213308.775624
1452.6627197265625 1625213308.782634
1443.2989501953125 1625213308.789672
1438.2352294921875 1625213308.796588
1429.6187744140625 1625213308.803621
1426.900634765625 1625213308.81062
1412.191650390625 1625213308.817665
1413.3916015625 1625213308.824625
1424.8175048828125 1625213308.831603
1428.1524658203125 1625213308.838661
1427.525634765625 1625213308.84587
1421.8978271484375 1625213308.852502
1420.43798828125 1625213308.859446
1423.9766845703125 1625213308.866567
1421.8978271484375 1625213308.873448
1421.8978271484375 1625213308.880434
1418.367431640625 1625213308.887506
1418.367431640625 1625213308.894489
1416.9095458984375 1625213308.901523
1418.367431640625 1625213308.908466
1418.367431640625 1625213308.915488
1421.8978271484375 1625213308.922474
1421.8978271484375 1625213308.929496
1422.5146484375 1625213308.936561
1425.4385986328125 1625213308.943472
1414.84716796875 1625213308.950663
1411.3372802734375 1625213308.957892
1409.2889404296875 1625213308.964748
1412.7906494140625 1625213308.971691
1420.43798828125 1625213308.978729
1420.43798828125 1625213308.985683
1419.8250732421875 1625213308.992765
1421.8978271484375 1625213308.999833
1419.8250732421875 1625213309.007663
1423.9766845703125 1625213309.014554
1425.4385986328125 1625213309.021363
1423.9766845703125 1625213309.028434
1427.525634765625 1625213309.03533
1428.98974609375 1625213309.042342
1430.453857421875 1625213309.049284
1423.9766845703125 1625213309.056326
1425.4385986328125 1625213309.063279
1426.900634765625 1625213309.070393
1425.4385986328125 1625213309.077365
1427.525634765625 1625213309.084424
1429.6187744140625 1625213309.091421
1423.357666015625 1625213309.098461
1416.9095458984375 1625213309.105457
1406.385986328125 1625213309.112508
1405.797119140625 1625213309.119472
1400.8682861328125 1625213309.12636
1411.9359130859375 1625213309.133436
1407.83740234375 1625213309.140425
1407.83740234375 1625213309.147469
1407.83740234375 1625213309.1545
1400.8682861328125 1625213309.161444
1405.797119140625 1625213309.168482
1407.246337890625 1625213309.175491
1416.9095458984375 1625213309.182546
1409.8837890625 1625213309.189543
1407.83740234375 1625213309.19649
1401.4493408203125 1625213309.203421
1399.421142578125 1625213309.210316
1406.385986328125 1625213309.217331
1404.3477783203125 1625213309.224297
1399.421142578125 1625213309.231365
1404.3477783203125 1625213309.238338
1402.3155517578125 1625213309.245361
1404.3477783203125 1625213309.252424
1400.0 1625213309.259322
1387.0504150390625 1625213309.266564
1385.0574951171875 1625213309.273537
1391.053466796875 1625213309.280654
1389.0489501953125 1625213309.287665
1391.9307861328125 1625213309.294614
1389.0489501953125 1625213309.301447
1387.0504150390625 1625213309.308384
1390.489990234375 1625213309.315348
1385.611572265625 1625213309.322291
1390.489990234375 1625213309.329377
1392.496337890625 1625213309.336348
1393.9393310546875 1625213309.343269
1392.496337890625 1625213309.350371
1390.489990234375 1625213309.357329
1387.0504150390625 1625213309.364389
1390.489990234375 1625213309.371328
1388.4892578125 1625213309.378294
1389.0489501953125 1625213309.38538
1385.611572265625 1625213309.392383
1383.6207275390625 1625213309.399425
1387.0504150390625 1625213309.406448
1383.6207275390625 1625213309.413288
1390.489990234375 1625213309.420301
1392.496337890625 1625213309.427361
1392.496337890625 1625213309.43431
1384.1727294921875 1625213309.441313
1388.4892578125 1625213309.448328
1391.9307861328125 1625213309.455276
1391.053466796875 1625213309.462358
1385.611572265625 1625213309.469375
1385.611572265625 1625213309.476372
1391.366943359375 1625213309.483431
1395.9537353515625 1625213309.490349
1393.9393310546875 1625213309.497371
1399.421142578125 1625213309.504407
1390.489990234375 1625213309.511358
1384.1727294921875 1625213309.51833
1383.6207275390625 1625213309.525392
1385.0574951171875 1625213309.532435
1385.611572265625 1625213309.539382
1384.1727294921875 1625213309.546359
1385.0574951171875 1625213309.553409
1388.4892578125 1625213309.560517
1379.3104248046875 1625213309.567489
1376.7908935546875 1625213309.574503
1376.7908935546875 1625213309.581465
1380.2008056640625 1625213309.588543
1382.1839599609375 1625213309.595379
1378.7662353515625 1625213309.602354
1371.9599609375 1625213309.609285
1374.28564453125 1625213309.616505
1378.2235107421875 1625213309.623304
1382.1839599609375 1625213309.630224
1389.0489501953125 1625213309.637252
1395.9537353515625 1625213309.644159
1398.8438720703125 1625213309.651285
1398.8438720703125 1625213309.658207
1395.9537353515625 1625213309.665241
1393.9393310546875 1625213309.672257
1390.489990234375 1625213309.679196
1394.5086669921875 1625213309.68625
1397.3988037109375 1625213309.693297
1387.6080322265625 1625213309.700314
1386.4942626953125 1625213309.707241
1383.6207275390625 1625213309.714193
1384.1727294921875 1625213309.721256
1383.6207275390625 1625213309.728236
1387.0504150390625 1625213309.735342
1383.6207275390625 1625213309.742228
1383.6207275390625 1625213309.749265
1383.6207275390625 1625213309.756268
1387.0504150390625 1625213309.763288
1389.0489501953125 1625213309.77055
1385.611572265625 1625213309.777592
1389.0489501953125 1625213309.784576
1383.6207275390625 1625213309.79239
1386.4942626953125 1625213309.799401
1382.7337646484375 1625213309.806455
1393.0635986328125 1625213309.81346
1387.0504150390625 1625213309.820461
1387.0504150390625 1625213309.827394
1389.0489501953125 1625213309.834578
1385.611572265625 1625213309.84256
1382.1839599609375 1625213309.850325
1380.2008056640625 1625213309.85732
1387.0504150390625 1625213309.864355
1385.611572265625 1625213309.871227
1378.7662353515625 1625213309.878174
1376.7908935546875 1625213309.885163
1380.2008056640625 1625213309.892166
1373.3905029296875 1625213309.89923
1370.0 1625213309.905978
1368.5714111328125 1625213309.913039
1370.529296875 1625213309.919991
1375.3582763671875 1625213309.927033
1373.3905029296875 1625213309.934002
1366.619140625 1625213309.941113
1367.1429443359375 1625213309.948045
1370.0 1625213309.955072
1366.619140625 1625213309.962083
1357.041259765625 1625213309.969079
1359.88623046875 1625213309.976157
1356.0283203125 1625213309.983167
1360.39892578125 1625213309.990132
1361.3087158203125 1625213309.997112
1368.045654296875 1625213310.004141
1361.3087158203125 1625213310.01116
1352.7738037109375 1625213310.018169
1346.53466796875 1625213310.025134
1347.0255126953125 1625213310.032203
1351.2747802734375 1625213310.039153
1349.8583984375 1625213310.046144
1348.4420166015625 1625213310.053197
1349.8583984375 1625213310.06019
1344.6326904296875 1625213310.067151
1341.8079833984375 1625213310.073978
1349.8583984375 1625213310.08099
1347.0255126953125 1625213310.088029
1339.9154052734375 1625213310.095032
1341.3258056640625 1625213310.102011
1339.9154052734375 1625213310.109076
1331.9268798828125 1625213310.116042
1328.190673828125 1625213310.123301
1336.146240234375 1625213310.130411
1335.68408203125 1625213310.137331
1343.2203369140625 1625213310.144332
1341.3258056640625 1625213310.151491
1340.3955078125 1625213310.159403
1343.2203369140625 1625213310.166415
1341.8079833984375 1625213310.173547
1345.1202392578125 1625213310.181503
1347.0255126953125 1625213310.189355
1343.2203369140625 1625213310.196327
1345.1202392578125 1625213310.203134
1339.9154052734375 1625213310.210012
1346.53466796875 1625213310.21705
1345.1202392578125 1625213310.224051
1339.9154052734375 1625213310.231074
1341.3258056640625 1625213310.238068
1335.2113037109375 1625213310.245133
1336.6197509765625 1625213310.252061
1341.3258056640625 1625213310.259083
1343.2203369140625 1625213310.266115
1341.3258056640625 1625213310.273063
1345.1202392578125 1625213310.280123
1334.7457275390625 1625213310.287144
1338.9830322265625 1625213310.29412
1338.5048828125 1625213310.30135
1343.2203369140625 1625213310.308476
1344.6326904296875 1625213310.316349
1343.2203369140625 1625213310.323456
1339.9154052734375 1625213310.331281
1341.3258056640625 1625213310.338261
1344.6326904296875 1625213310.345262
1346.53466796875 1625213310.352278
1347.0255126953125 1625213310.359321
1345.1202392578125 1625213310.366031
1346.53466796875 1625213310.373228
1346.53466796875 1625213310.38023
1339.4366455078125 1625213310.387295
1338.5048828125 1625213310.394366
1338.0281982421875 1625213310.401313
1340.3955078125 1625213310.408316
1339.9154052734375 1625213310.415075
1343.2203369140625 1625213310.422087
1336.6197509765625 1625213310.428954
1333.3333740234375 1625213310.43608
1334.73974609375 1625213310.443014
1336.6197509765625 1625213310.450112
1339.9154052734375 1625213310.457046
1336.6197509765625 1625213310.464097
1339.4366455078125 1625213310.471274
1348.4420166015625 1625213310.478391
1346.53466796875 1625213310.486196
1349.363525390625 1625213310.49326
1352.272705078125 1625213310.50028
1348.4420166015625 1625213310.507209
1342.7362060546875 1625213310.514243
1341.8079833984375 1625213310.521255
1341.8079833984375 1625213310.528269
1339.9154052734375 1625213310.535323
1346.0452880859375 1625213310.542213
1349.8583984375 1625213310.549303
1348.9361572265625 1625213310.556088
1351.7730712890625 1625213310.562992
1341.8079833984375 1625213310.570212
1341.8079833984375 1625213310.577205
1341.8079833984375 1625213310.584269
1343.2203369140625 1625213310.591321
1346.53466796875 1625213310.598385
1347.0255126953125 1625213310.606389
1347.948974609375 1625213310.614218
1357.9544677734375 1625213310.621068
1359.375 1625213310.627958
1360.39892578125 1625213310.635045
1368.045654296875 1625213310.642077
1366.619140625 1625213310.648943
1376.7908935546875 1625213310.656047
1373.3905029296875 1625213310.662986
1382.1839599609375 1625213310.670233
1388.4892578125 1625213310.677239
1407.83740234375 1625213310.684158
1411.9359130859375 1625213310.691243
1407.83740234375 1625213310.698365
1402.8985595703125 1625213310.706287
1395.3824462890625 1625213310.714306
1404.3477783203125 1625213310.722107
1389.6103515625 1625213310.729104
1383.6207275390625 1625213310.736093
1380.4034423828125 1625213310.743125
1383.6207275390625 1625213310.750177
1390.489990234375 1625213310.7572
1387.0504150390625 1625213310.764173
1378.7662353515625 1625213310.771203
1376.7908935546875 1625213310.778176
1370.529296875 1625213310.785102
1370.0 1625213310.792145
1385.611572265625 1625213310.799125
1393.0635986328125 1625213310.806345
1391.053466796875 1625213310.814227
1388.4892578125 1625213310.821226
1393.9393310546875 1625213310.828271
1395.9537353515625 1625213310.836021
1398.8438720703125 1625213310.84307
1397.3988037109375 1625213310.850206
1400.8682861328125 1625213310.857143
1402.3155517578125 1625213310.864134
1397.3988037109375 1625213310.871042
1397.3988037109375 1625213310.878114
1381.635498046875 1625213310.884935
1383.6207275390625 1625213310.891815
1391.9307861328125 1625213310.898831
1389.6103515625 1625213310.905891
1395.3824462890625 1625213310.912892
1395.3824462890625 1625213310.919859
1400.8682861328125 1625213310.926918
1400.8682861328125 1625213310.933864
1417.75830078125 1625213310.940821
1407.5692138671875 1625213310.947902
1409.2889404296875 1625213310.954861
1419.8250732421875 1625213310.961921
1426.0615234375 1625213310.968909
1425.4385986328125 1625213310.975859
1428.98974609375 1625213310.98284
1421.8978271484375 1625213310.989681
1422.7406005859375 1625213310.996668
1423.357666015625 1625213311.003622
1435.4837646484375 1625213311.010635
1442.6470947265625 1625213311.017654
1446.902587890625 1625213311.024664
1452.6627197265625 1625213311.031669
1445.427734375 1625213311.03866
1454.1419677734375 1625213311.045719
1452.6627197265625 1625213311.052687
1464.2857666015625 1625213311.059703
1444.771728515625 1625213311.066712
1428.98974609375 1625213311.073741
1428.98974609375 1625213311.080686
1416.0584716796875 1625213311.087693
1433.1865234375 1625213311.094683
1418.367431640625 1625213311.10171
1424.8175048828125 1625213311.108757
1448.3775634765625 1625213311.115707
1449.0399169921875 1625213311.122769
1441.826171875 1625213311.129781
1441.654296875 1625213311.136728
1438.2352294921875 1625213311.143754
1441.826171875 1625213311.15077
1454.9483642578125 1625213311.157825
1459.940673828125 1625213311.164649
1459.940673828125 1625213311.17162
1451.9940185546875 1625213311.178669
1415.69775390625 1625213311.185645
1440.353515625 1625213311.19266
1440.353515625 1625213311.199629
1428.7811279296875 1625213311.206651
1408.43017578125 1625213311.213715
1418.9781494140625 1625213311.220657
1412.191650390625 1625213311.227716
1420.43798828125 1625213311.234684
1398.8438720703125 1625213311.24173
1409.8837890625 1625213311.248699
1413.994140625 1625213311.255822
1400.8682861328125 1625213311.262628
1410.740234375 1625213311.269673
1413.6429443359375 1625213311.276725
1409.2889404296875 1625213311.283664
1415.69775390625 1625213311.290741
1428.98974609375 1625213311.297769
1414.84716796875 1625213311.304609
1424.8175048828125 1625213311.311647
1416.3028564453125 1625213311.318712
1417.75830078125 1625213311.325701
1424.597412109375 1625213311.33271
1421.28271484375 1625213311.339822
1421.8978271484375 1625213311.3469
1423.357666015625 1625213311.353933
1431.91796875 1625213311.360874
1444.771728515625 1625213311.367908
1454.1419677734375 1625213311.37484
1447.5628662109375 1625213311.381852
1451.1834716796875 1625213311.389087
1441.826171875 1625213311.395878
1446.902587890625 1625213311.402956
1455.6212158203125 1625213311.409947
1451.327392578125 1625213311.416934
1463.5958251953125 1625213311.424035
1450.5169677734375 1625213311.430878
1445.427734375 1625213311.437918
1451.9940185546875 1625213311.444879
1436.7647705078125 1625213311.451839
1436.1234130859375 1625213311.458873
1440.353515625 1625213311.465919
1436.1234130859375 1625213311.472815
1434.6549072265625 1625213311.479847
1429.6187744140625 1625213311.486897
1432.55126953125 1625213311.493888
1434.6549072265625 1625213311.50091
1428.98974609375 1625213311.507817
1421.8978271484375 1625213311.514894
1425.4385986328125 1625213311.521903
1423.9766845703125 1625213311.5288
1421.8978271484375 1625213311.535832
1423.9766845703125 1625213311.542833
1431.91796875 1625213311.550034
1443.9527587890625 1625213311.557212
1424.597412109375 1625213311.564986
1416.9095458984375 1625213311.571907
1428.98974609375 1625213311.578916
1422.5146484375 1625213311.585795
1423.9766845703125 1625213311.593
1421.8978271484375 1625213311.600006
1423.357666015625 1625213311.60704
1402.8985595703125 1625213311.614003
1416.9095458984375 1625213311.621709
1425.4385986328125 1625213311.628656
1416.9095458984375 1625213311.635662
1419.590576171875 1625213311.64274
1413.3916015625 1625213311.6497
1414.84716796875 1625213311.65671
1413.3916015625 1625213311.663727
1409.8837890625 1625213311.670686
1412.7906494140625 1625213311.677702
1413.3916015625 1625213311.684733
1413.3916015625 1625213311.691791
1402.8985595703125 1625213311.698502
1398.8438720703125 1625213311.705605
1402.8985595703125 1625213311.712661
1398.8438720703125 1625213311.719566
1383.6207275390625 1625213311.726556
1389.0489501953125 1625213311.733636
1382.1839599609375 1625213311.740617
1383.0703125 1625213311.747536
1385.611572265625 1625213311.754616
1392.496337890625 1625213311.76162
1391.366943359375 1625213311.768705
1395.9537353515625 1625213311.775652
1395.3824462890625 1625213311.782703
1404.9346923828125 1625213311.789626
1403.7626953125 1625213311.796635
1397.973876953125 1625213311.803717
1398.8438720703125 1625213311.810646
1397.3988037109375 1625213311.817643
1391.9307861328125 1625213311.824678
1395.9537353515625 1625213311.831738
1385.611572265625 1625213311.838636
1382.1839599609375 1625213311.845691
1402.8985595703125 1625213311.852694
1386.1671142578125 1625213311.859703
1386.1671142578125 1625213311.866431
1385.0574951171875 1625213311.873428
1385.611572265625 1625213311.880526
1388.4892578125 1625213311.887473
1397.3988037109375 1625213311.894569
1395.9537353515625 1625213311.90171
1397.973876953125 1625213311.908853
1400.8682861328125 1625213311.915808
1402.8985595703125 1625213311.922816
1395.9537353515625 1625213311.929911
1383.6207275390625 1625213311.937016
1384.1727294921875 1625213311.944838
1388.4892578125 1625213311.95192
1388.4892578125 1625213311.959762
1387.0504150390625 1625213311.966821
1385.0574951171875 1625213311.973748
1383.6207275390625 1625213311.980723
1390.489990234375 1625213311.987663
1387.0504150390625 1625213311.994662
1388.4892578125 1625213312.001619
1391.9307861328125 1625213312.008644
1387.0504150390625 1625213312.015614
1390.489990234375 1625213312.022608
1378.9625244140625 1625213312.029587
1371.9599609375 1625213312.036671
1378.2235107421875 1625213312.043665
1376.2518310546875 1625213312.050727
1371.9599609375 1625213312.057636
1371.4285888671875 1625213312.06463
1377.1429443359375 1625213312.07171
1390.489990234375 1625213312.078694
1385.0574951171875 1625213312.085652
1381.635498046875 1625213312.092686
1380.2008056640625 1625213312.099748
1383.6207275390625 1625213312.106806
1388.4892578125 1625213312.11385
1383.6207275390625 1625213312.120784
1363.2479248046875 1625213312.127875
1368.5714111328125 1625213312.13573
1368.045654296875 1625213312.142542
1370.0 1625213312.149516
1363.2479248046875 1625213312.15652
1363.2479248046875 1625213312.163525
1370.0 1625213312.170415
1368.5714111328125 1625213312.177528
1361.8233642578125 1625213312.184564
1370.0 1625213312.191468
1372.8570556640625 1625213312.19856
1387.0504150390625 1625213312.205511
1379.3104248046875 1625213312.212493
1376.7908935546875 1625213312.219596
1381.0888671875 1625213312.226485
1380.2008056640625 1625213312.233584
1385.611572265625 1625213312.240497
1378.2235107421875 1625213312.247631
1385.0574951171875 1625213312.254519
1373.3905029296875 1625213312.261439
1376.7908935546875 1625213312.268596
1371.4285888671875 1625213312.275548
1385.611572265625 1625213312.282552
1388.4892578125 1625213312.289607
1387.6080322265625 1625213312.296577
1392.496337890625 1625213312.303568
1393.9393310546875 1625213312.310533
1386.1671142578125 1625213312.317636
1391.9307861328125 1625213312.324557
1398.8438720703125 1625213312.331451
1400.8682861328125 1625213312.338378
1401.4493408203125 1625213312.3454
1401.4493408203125 1625213312.352458
1402.3155517578125 1625213312.359436
1406.385986328125 1625213312.366423
1409.8837890625 1625213312.374471
1408.43017578125 1625213312.381492
1409.8837890625 1625213312.388464
1413.3916015625 1625213312.395482
1417.75830078125 1625213312.402568
1426.0615234375 1625213312.409488
1432.55126953125 1625213312.416516
1432.55126953125 1625213312.423442
1431.0849609375 1625213312.430474
1436.1234130859375 1625213312.437539
1425.4385986328125 1625213312.44448
1425.4385986328125 1625213312.451444
1419.8250732421875 1625213312.458493
1420.43798828125 1625213312.465536
1425.4385986328125 1625213312.472455
1420.43798828125 1625213312.479489
1420.43798828125 1625213312.486463
1418.367431640625 1625213312.49353
1419.8250732421875 1625213312.500468
1426.0615234375 1625213312.507531
1418.367431640625 1625213312.514565
1423.9766845703125 1625213312.52178
1416.9095458984375 1625213312.528557
1418.9781494140625 1625213312.535594
1400.2890625 1625213312.542632
1423.9766845703125 1625213312.549676
1420.43798828125 1625213312.556588
1423.357666015625 1625213312.563574
1432.55126953125 1625213312.570392
1423.9766845703125 1625213312.577442
1428.1524658203125 1625213312.584349
1428.98974609375 1625213312.591343
1419.8250732421875 1625213312.598413
1423.9766845703125 1625213312.605405
1423.9766845703125 1625213312.612493
1424.8175048828125 1625213312.619428
1423.357666015625 1625213312.626415
1421.8978271484375 1625213312.633444
1436.1234130859375 1625213312.640427
1432.55126953125 1625213312.64753
1426.900634765625 1625213312.654406
1432.55126953125 1625213312.661392
1438.2352294921875 1625213312.668495
1439.705810546875 1625213312.675449
1438.2352294921875 1625213312.682465
1434.6549072265625 1625213312.689425
1431.0849609375 1625213312.696476
1423.9766845703125 1625213312.703476
1436.1234130859375 1625213312.710388
1434.6549072265625 1625213312.717362
1437.591796875 1625213312.72431
1436.1234130859375 1625213312.731327
1443.2989501953125 1625213312.738331
1435.294189453125 1625213312.745313
1438.2352294921875 1625213312.752307
1438.2352294921875 1625213312.759269
1439.705810546875 1625213312.766393
1439.705810546875 1625213312.773326
1438.2352294921875 1625213312.78041
1445.427734375 1625213312.787552
1439.705810546875 1625213312.794586
1431.0849609375 1625213312.801557
1433.1865234375 1625213312.808627
1432.55126953125 1625213312.815758
1428.98974609375 1625213312.822615
1430.453857421875 1625213312.829697
1436.1234130859375 1625213312.83664
1430.453857421875 1625213312.843701
1438.2352294921875 1625213312.851655
1431.0849609375 1625213312.858757
1426.0615234375 1625213312.866248
1436.1234130859375 1625213312.873207
1426.900634765625 1625213312.880197
1432.55126953125 1625213312.887167
1430.453857421875 1625213312.894216
1418.367431640625 1625213312.901172
1422.5146484375 1625213312.908193
1423.9766845703125 1625213312.915286
1423.9766845703125 1625213312.922174
1417.75830078125 1625213312.929265
1421.8978271484375 1625213312.936251
1421.8978271484375 1625213312.94325
1426.0615234375 1625213312.950353
1421.8978271484375 1625213312.957321
1424.8175048828125 1625213312.964366
1425.4385986328125 1625213312.9714
1425.4385986328125 1625213312.978357
1431.0849609375 1625213312.985295
1428.98974609375 1625213312.992359
1429.6187744140625 1625213312.999418
1427.525634765625 1625213313.006369
1427.525634765625 1625213313.013444
1423.9766845703125 1625213313.020372
1423.9766845703125 1625213313.027222
1421.8978271484375 1625213313.03415
1426.900634765625 1625213313.041217
1431.0849609375 1625213313.048231
1428.98974609375 1625213313.055167
1428.98974609375 1625213313.062289
1427.525634765625 1625213313.069398
1425.4385986328125 1625213313.076486
1428.98974609375 1625213313.083449
1428.98974609375 1625213313.090504
1431.0849609375 1625213313.097522
1439.705810546875 1625213313.104415
1434.017578125 1625213313.111229
1434.6549072265625 1625213313.11818
1434.6549072265625 1625213313.125143
1428.98974609375 1625213313.132126
1423.9766845703125 1625213313.139142
1417.518310546875 1625213313.146465
1413.3916015625 1625213313.153163
1416.9095458984375 1625213313.160519
1428.1524658203125 1625213313.167617
1423.357666015625 1625213313.175554
1434.6549072265625 1625213313.182615
1429.6187744140625 1625213313.190377
1431.0849609375 1625213313.197196
1418.9781494140625 1625213313.204214
1427.525634765625 1625213313.211208
1424.597412109375 1625213313.218272
1410.740234375 1625213313.225237
1411.0787353515625 1625213313.232218
1413.3916015625 1625213313.239195
1412.191650390625 1625213313.246271
1420.43798828125 1625213313.253326
1409.8837890625 1625213313.26029
1406.9766845703125 1625213313.267333
1404.3477783203125 1625213313.274291
1411.3372802734375 1625213313.281345
1406.385986328125 1625213313.288329
1405.797119140625 1625213313.295242
1409.8837890625 1625213313.302368
1407.83740234375 1625213313.309253
1405.797119140625 1625213313.31628
1400.58056640625 1625213313.323251
1389.0489501953125 1625213313.330305
1397.973876953125 1625213313.337387
1399.421142578125 1625213313.34428
1399.421142578125 1625213313.351347
1412.7906494140625 1625213313.358372
1410.4803466796875 1625213313.365421
1414.84716796875 1625213313.37247
1416.9095458984375 1625213313.380167
1416.9095458984375 1625213313.387346
1407.83740234375 1625213313.394374
1407.83740234375 1625213313.40134
1406.9766845703125 1625213313.408366
1400.8682861328125 1625213313.415185
1395.3824462890625 1625213313.42239
1395.9537353515625 1625213313.429371
1398.8438720703125 1625213313.436163
1394.5086669921875 1625213313.443108
1383.0703125 1625213313.450129
1397.973876953125 1625213313.457113
1392.496337890625 1625213313.464127
1395.9537353515625 1625213313.47135
1418.367431640625 1625213313.478435
1431.0849609375 1625213313.485354
1425.4385986328125 1625213313.492329
1423.9766845703125 1625213313.499347
1421.8978271484375 1625213313.506252
1423.357666015625 1625213313.513246
1421.8978271484375 1625213313.520311
1419.8250732421875 1625213313.527258
1421.8978271484375 1625213313.534321
1418.367431640625 1625213313.541305
1419.8250732421875 1625213313.548269
1427.525634765625 1625213313.555218
1425.4385986328125 1625213313.562318
1425.4385986328125 1625213313.569132
1421.8978271484375 1625213313.57609
1421.8978271484375 1625213313.583143
1429.6187744140625 1625213313.590172
1422.5146484375 1625213313.597184
1423.9766845703125 1625213313.604201
1421.8978271484375 1625213313.611186
1423.357666015625 1625213313.618167
1420.43798828125 1625213313.625191
1423.9766845703125 1625213313.632228
1421.8978271484375 1625213313.639159
1423.357666015625 1625213313.646154
1427.525634765625 1625213313.65323
1414.84716796875 1625213313.66015
1414.84716796875 1625213313.667281
1416.9095458984375 1625213313.67416
1418.367431640625 1625213313.681235
1416.9095458984375 1625213313.688176
1411.9359130859375 1625213313.695178
1414.84716796875 1625213313.702367
1409.2889404296875 1625213313.709336
1411.3372802734375 1625213313.716361
1407.83740234375 1625213313.723291
1407.246337890625 1625213313.730438
1414.84716796875 1625213313.738214
1409.8837890625 1625213313.745296
1404.3477783203125 1625213313.752229
1397.973876953125 1625213313.759246
1414.84716796875 1625213313.766129
1409.8837890625 1625213313.773026
1406.385986328125 1625213313.780062
1399.421142578125 1625213313.787091
1395.3824462890625 1625213313.794072
1402.3155517578125 1625213313.801084
1397.3988037109375 1625213313.808049
1397.3988037109375 1625213313.815048
1395.3824462890625 1625213313.82206
1398.8438720703125 1625213313.82902
1401.4493408203125 1625213313.836085
1405.797119140625 1625213313.843027
1404.3477783203125 1625213313.85009
1399.421142578125 1625213313.857081
1400.8682861328125 1625213313.864142
1404.3477783203125 1625213313.871051
1397.3988037109375 1625213313.878121
1397.3988037109375 1625213313.885146
1399.421142578125 1625213313.892117
1398.268310546875 1625213313.899113
1401.4493408203125 1625213313.906103
1398.8438720703125 1625213313.912988
1399.421142578125 1625213313.919955
1399.421142578125 1625213313.926927
1391.053466796875 1625213313.933978
1390.489990234375 1625213313.940894
1393.9393310546875 1625213313.948003
1389.0489501953125 1625213313.954994
1397.3988037109375 1625213313.961988
1381.8443603515625 1625213313.969036
1390.489990234375 1625213313.975994
1391.9307861328125 1625213313.982993
1395.3824462890625 1625213313.990002
1397.3988037109375 1625213313.99708
1391.053466796875 1625213314.00399
1387.6080322265625 1625213314.010944
1389.0489501953125 1625213314.018068
1387.6080322265625 1625213314.025015
1377.3314208984375 1625213314.032118
1376.7908935546875 1625213314.039033
1385.611572265625 1625213314.046102
1372.4927978515625 1625213314.053275
1383.6207275390625 1625213314.060291
1381.635498046875 1625213314.0673
1373.9254150390625 1625213314.074235
1339.9154052734375 1625213314.081153
1335.68408203125 1625213314.087909
1335.2113037109375 1625213314.094828
1339.4366455078125 1625213314.101746
1345.1202392578125 1625213314.10882
1341.8079833984375 1625213314.115921
1347.0255126953125 1625213314.122822
1343.2203369140625 1625213314.129906
1345.1202392578125 1625213314.136925
1349.8583984375 1625213314.143927
1349.8583984375 1625213314.150983
1351.7730712890625 1625213314.157903
1343.2203369140625 1625213314.164957
1345.1202392578125 1625213314.171842
1346.53466796875 1625213314.178817
1357.44677734375 1625213314.185842
1347.948974609375 1625213314.192947
1348.4420166015625 1625213314.20007
1354.6099853515625 1625213314.207018
1354.6099853515625 1625213314.214099
1346.967529296875 1625213314.221144
1344.146728515625 1625213314.228209
1348.9361572265625 1625213314.23524
1341.8079833984375 1625213314.242329
1335.2113037109375 1625213314.250179
1346.53466796875 1625213314.257181
1347.4576416015625 1625213314.264118
1347.948974609375 1625213314.270964
1333.3333740234375 1625213314.277953
1318.881103515625 1625213314.285043
1328.651611328125 1625213314.291979
1328.190673828125 1625213314.299062
1335.2113037109375 1625213314.305985
1329.114013671875 1625213314.31302
1324.965087890625 1625213314.319957
1342.7362060546875 1625213314.326953
1334.73974609375 1625213314.334119
1355.1136474609375 1625213314.34115
1336.6197509765625 1625213314.348097
1355.1136474609375 1625213314.35503
1353.1915283203125 1625213314.362099
1349.8583984375 1625213314.36903
1339.9154052734375 1625213314.376092
1346.53466796875 1625213314.382958
1347.948974609375 1625213314.39
1351.7730712890625 1625213314.396902
1355.1136474609375 1625213314.403896
1351.7730712890625 1625213314.410845
1348.4420166015625 1625213314.417847
1341.8079833984375 1625213314.424883
1345.1202392578125 1625213314.431874
1349.2957763671875 1625213314.438979
1363.2479248046875 1625213314.445929
1373.3905029296875 1625213314.452896
1373.9254150390625 1625213314.459885
1368.5714111328125 1625213314.466945
1376.7908935546875 1625213314.473985
1378.7662353515625 1625213314.480976
1376.7908935546875 1625213314.487914
1376.7908935546875 1625213314.494969
1378.2235107421875 1625213314.501953
1380.7470703125 1625213314.508956
1378.7662353515625 1625213314.515972
1378.7662353515625 1625213314.522966
1378.7662353515625 1625213314.529897
1385.611572265625 1625213314.536676
1387.6080322265625 1625213314.543721
1378.7662353515625 1625213314.550792
1378.7662353515625 1625213314.557728
1365.8536376953125 1625213314.564777
1331.460693359375 1625213314.571683
1333.3333740234375 1625213314.578737
1335.6644287109375 1625213314.585828
1373.3905029296875 1625213314.592739
1368.5714111328125 1625213314.599973
1376.7908935546875 1625213314.607026
1351.851806640625 1625213314.614083
1352.1126708984375 1625213314.621117
1378.2235107421875 1625213314.628169
1341.8079833984375 1625213314.634837
1346.53466796875 1625213314.641857
1347.948974609375 1625213314.648868
1358.4637451171875 1625213314.655826
1361.3087158203125 1625213314.662798
1366.0968017578125 1625213314.669754
1361.8233642578125 1625213314.676835
1349.8583984375 1625213314.683905
1337.5706787109375 1625213314.690851
1341.3258056640625 1625213314.697744
1348.9361572265625 1625213314.704705
1341.8079833984375 1625213314.711802
1344.6326904296875 1625213314.718657
1350.3544921875 1625213314.725733
1363.76611328125 1625213314.732797
1390.1734619140625 1625213314.73974
1375.53955078125 1625213314.746765
1383.6207275390625 1625213314.753738
1397.1014404296875 1625213314.760789
1406.385986328125 1625213314.767724
1379.8560791015625 1625213314.774747
1385.611572265625 1625213314.781788
1387.6080322265625 1625213314.788907
1377.87353515625 1625213314.796021
1384.5050048828125 1625213314.802986
1343.2203369140625 1625213314.810041
1340.3955078125 1625213314.817112
1382.1839599609375 1625213314.825034
1387.9310302734375 1625213314.832111
1400.2890625 1625213314.839894
1400.0 1625213314.847105
1394.5086669921875 1625213314.854968
1384.1727294921875 1625213314.861893
1376.7908935546875 1625213314.868877
1361.8233642578125 1625213314.875813
1367.1429443359375 1625213314.882986
1371.9599609375 1625213314.890009
1371.4285888671875 1625213314.897047
1382.521484375 1625213314.904016
1400.2890625 1625213314.911042
1407.83740234375 1625213314.918037
1408.43017578125 1625213314.925052
1413.3916015625 1625213314.931964
1409.2889404296875 1625213314.938889
1407.83740234375 1625213314.945816
1406.385986328125 1625213314.952912
1408.43017578125 1625213314.95988
1409.8837890625 1625213314.966877
1407.83740234375 1625213314.973715
1406.385986328125 1625213314.980741
1407.83740234375 1625213314.987711
1407.83740234375 1625213314.994729
1409.8837890625 1625213315.001795
1400.8682861328125 1625213315.008765
1394.5086669921875 1625213315.015794
1393.9393310546875 1625213315.022657
1390.489990234375 1625213315.029749
1385.0574951171875 1625213315.036819
1395.3824462890625 1625213315.043777
1400.8682861328125 1625213315.050734
1406.385986328125 1625213315.057789
1395.9537353515625 1625213315.064848
1397.3988037109375 1625213315.071743
1399.421142578125 1625213315.079155
1397.3988037109375 1625213315.08598
1400.8682861328125 1625213315.093049
1390.489990234375 1625213315.101021
1395.9537353515625 1625213315.108031
1394.5086669921875 1625213315.114974
1397.3988037109375 1625213315.12187
1395.9537353515625 1625213315.128848
1392.496337890625 1625213315.135678
1390.489990234375 1625213315.142494
1389.0489501953125 1625213315.149511
1382.7337646484375 1625213315.156515
1380.2008056640625 1625213315.163499
1383.6207275390625 1625213315.170528
1380.2008056640625 1625213315.1776
1383.0703125 1625213315.184664
1387.6080322265625 1625213315.191574
1387.0504150390625 1625213315.198644
1384.1727294921875 1625213315.205576
1375.3582763671875 1625213315.212919
1366.619140625 1625213315.219885
1366.619140625 1625213315.22689
1364.67236328125 1625213315.23389
1370.529296875 1625213315.24095
1371.9599609375 1625213315.247986
1364.67236328125 1625213315.256049
1366.619140625 1625213315.263794
1365.1925048828125 1625213315.270805
1363.2479248046875 1625213315.277913
1368.5714111328125 1625213315.284896
1368.5714111328125 1625213315.291819
1369.47216796875 1625213315.298599
1370.0 1625213315.30562
1361.8233642578125 1625213315.312637
1363.2479248046875 1625213315.319638
1359.88623046875 1625213315.326643
1363.76611328125 1625213315.333587
1366.619140625 1625213315.340611
1361.3087158203125 1625213315.347587
1371.4285888671875 1625213315.354628
1364.67236328125 1625213315.361611
1373.3905029296875 1625213315.368552
1370.0 1625213315.375617
1370.529296875 1625213315.382649
1361.3087158203125 1625213315.389433
1363.2479248046875 1625213315.396537
1363.2479248046875 1625213315.403435
1363.2479248046875 1625213315.410477
1373.3905029296875 1625213315.417442
1369.47216796875 1625213315.424559
1373.3905029296875 1625213315.431567
1375.3582763671875 1625213315.438519
1378.2235107421875 1625213315.445577
1377.3314208984375 1625213315.452535
1373.3905029296875 1625213315.459556
1370.0 1625213315.466596
1371.4285888671875 1625213315.473823
1370.0 1625213315.480841
1368.045654296875 1625213315.487772
1371.4285888671875 1625213315.494919
1371.4285888671875 1625213315.502891
1378.7662353515625 1625213315.509701
1383.6207275390625 1625213315.516691
1382.1839599609375 1625213315.523432
1385.0574951171875 1625213315.530439
1376.7908935546875 1625213315.537439
1374.8211669921875 1625213315.544535
1375.3582763671875 1625213315.551499
1371.9599609375 1625213315.558443
1367.5213623046875 1625213315.565564
1371.9599609375 1625213315.57271
1376.2518310546875 1625213315.579698
1375.3582763671875 1625213315.586761
1376.7908935546875 1625213315.59381
1376.2518310546875 1625213315.600811
1387.0504150390625 1625213315.607728
1378.7662353515625 1625213315.614759
1385.0574951171875 1625213315.621816
1389.0489501953125 1625213315.62885
1383.6207275390625 1625213315.635803
1390.489990234375 1625213315.642743
1393.9393310546875 1625213315.64987
1389.0489501953125 1625213315.657816
1385.611572265625 1625213315.664857
1365.1925048828125 1625213315.672573
1375.3582763671875 1625213315.679467
1375.3582763671875 1625213315.686506
1376.7908935546875 1625213315.693397
1380.7470703125 1625213315.700524
1380.2008056640625 1625213315.707427
1381.635498046875 1625213315.71435
1375.3582763671875 1625213315.721682
1368.5714111328125 1625213315.728778
1378.2235107421875 1625213315.735734
1382.1839599609375 1625213315.742736
1383.6207275390625 1625213315.749659
1385.611572265625 1625213315.756717
1383.6207275390625 1625213315.763804
1387.0504150390625 1625213315.770498
1379.65625 1625213315.777465
1377.3314208984375 1625213315.784496
1380.7470703125 1625213315.791417
1380.7470703125 1625213315.798501
1375.3582763671875 1625213315.805493
1368.045654296875 1625213315.812552
1370.0 1625213315.819333
1378.2235107421875 1625213315.826345
1381.635498046875 1625213315.833344
1378.2235107421875 1625213315.84032
1385.611572265625 1625213315.847735
1402.8985595703125 1625213315.854627
1404.9346923828125 1625213315.861714
1397.3988037109375 1625213315.868581
1395.3824462890625 1625213315.875556
1397.973876953125 1625213315.882386
1393.9393310546875 1625213315.889405
1395.9537353515625 1625213315.896432
1395.9537353515625 1625213315.903382
1399.421142578125 1625213315.910445
1392.496337890625 1625213315.917437
1394.5086669921875 1625213315.924357
1394.5086669921875 1625213315.931343
1385.611572265625 1625213315.938394
1390.489990234375 1625213315.945375
1383.6207275390625 1625213315.952335
1385.611572265625 1625213315.95939
1388.4892578125 1625213315.966445
1393.9393310546875 1625213315.973365
1385.0574951171875 1625213315.980341
1387.0504150390625 1625213315.987234
1387.6080322265625 1625213315.994194
1385.0574951171875 1625213316.001122
1380.2008056640625 1625213316.008193
1382.1839599609375 1625213316.015224
1384.1727294921875 1625213316.022228
1380.2008056640625 1625213316.029298
1376.7908935546875 1625213316.036214
1376.7908935546875 1625213316.043241
1361.3087158203125 1625213316.050264
1364.67236328125 1625213316.057268
1365.1925048828125 1625213316.06426
1367.5213623046875 1625213316.071326
1369.62744140625 1625213316.078312
1374.8211669921875 1625213316.08525
1378.7662353515625 1625213316.092318
1355.1136474609375 1625213316.099323
1351.2747802734375 1625213316.106304
1354.6099853515625 1625213316.113297
1358.4637451171875 1625213316.12031
1349.363525390625 1625213316.127323
1349.8583984375 1625213316.134338
1353.1915283203125 1625213316.141385
1356.5341796875 1625213316.148342
1356.5341796875 1625213316.15526
1361.8233642578125 1625213316.162251
1349.8583984375 1625213316.169197
