-1.94 1624947221.499369 start_exp
-1.94 1624947221.790178 start_0_iteration
-1.94 1624947222.594491
-1.94 1624947222.598161
-1.94 1624947222.601721
-1.94 1624947222.605375
-1.94 1624947222.610051
-1.94 1624947222.613643
-1.94 1624947222.617198
-1.94 1624947222.620709
-1.94 1624947222.624288
-1.94 1624947222.628034
-1.94 1624947222.631665
-1.94 1624947222.635205
-1.94 1624947222.638745
-1.94 1624947222.642351
-1.94 1624947222.646046
-1.94 1624947222.649675
-1.94 1624947222.653211
-1.94 1624947222.65682
-1.94 1624947222.660452
-1.94 1624947222.664065
-1.94 1624947222.667583
-1.94 1624947222.671183
-1.94 1624947222.674762
-1.94 1624947222.678396
-1.94 1624947222.682008
-1.94 1624947222.685594
-1.94 1624947222.689628
-1.94 1624947222.693207
-1.94 1624947222.696816
-1.94 1624947222.700333
-1.94 1624947222.703947
-1.94 1624947222.707698
-1.94 1624947222.711282
-1.94 1624947222.714947
-1.94 1624947222.718494
-1.94 1624947222.722051
-1.94 1624947222.725681
-1.94 1624947222.729334
-1.94 1624947222.733041
-1.94 1624947222.736669
-1.94 1624947222.740177
-1.94 1624947222.74379
-1.94 1624947222.747341
-1.94 1624947222.751015
-1.94 1624947222.754585
-1.94 1624947222.758145
-1.94 1624947222.761721
-1.94 1624947222.765265
-1.94 1624947222.768855
-1.94 1624947222.772393
-1.94 1624947222.775933
-1.94 1624947222.779405
-1.94 1624947222.783018
-1.94 1624947222.786711
-1.94 1624947222.790235
-1.94 1624947222.793799
-1.94 1624947222.797349
-1.94 1624947222.800937
-1.94 1624947222.804463
-1.94 1624947222.807987
-1.94 1624947222.811468
-1.94 1624947222.815087
-1.94 1624947222.818729
-1.94 1624947222.822312
-1.94 1624947222.826017
-1.94 1624947222.829702
-1.94 1624947222.833302
-1.94 1624947222.837018
-1.94 1624947222.840674
-1.94 1624947222.8443
-1.94 1624947222.84794
-1.94 1624947222.851502
-1.94 1624947222.855202
-1.94 1624947222.858859
-1.94 1624947222.862426
-1.94 1624947222.866061
-1.94 1624947222.869654
-1.94 1624947222.873209
-1.94 1624947222.876827
-1.94 1624947222.880413
-1.94 1624947222.884029
-1.94 1624947222.887609
-1.94 1624947222.891117
-1.94 1624947222.894687
-1.94 1624947222.89825
-1.94 1624947222.901817
-1.94 1624947222.905344
-1.94 1624947222.908995
-1.94 1624947222.912612
-1.94 1624947222.916158
-1.94 1624947222.919719
-1.94 1624947222.92338
-1.94 1624947222.927021
-1.94 1624947222.930695
-1.94 1624947222.934205
-1.94 1624947222.937755
-1.94 1624947222.941338
-1.94 1624947222.945036
-1.94 1624947222.948669
-1.94 1624947222.952241
-1.94 1624947222.955812
-1.94 1624947222.959366
-1.94 1624947222.963138
-1.94 1624947222.966734
-1.94 1624947222.970291
-1.94 1624947222.974033
-1.44 1624947222.977635
10.76 1624947222.981506
33.99 1624947222.995548 touch_grd
3.64 1624947224.103785 go_up_roll
-1.94 1624947225.316389 start_1_iteration
-1.94 1624947226.111193
-1.94 1624947226.114753
-1.94 1624947226.118356
-1.94 1624947226.121849
-1.94 1624947226.125341
-1.94 1624947226.128921
-1.94 1624947226.13247
-1.94 1624947226.136043
-1.94 1624947226.13963
-1.94 1624947226.143183
-1.94 1624947226.146728
-1.94 1624947226.150386
-1.94 1624947226.15402
-1.94 1624947226.157577
-1.94 1624947226.161264
-1.94 1624947226.164985
-1.94 1624947226.168601
-1.94 1624947226.172092
-1.94 1624947226.175705
-1.94 1624947226.179237
-1.94 1624947226.182827
-1.94 1624947226.18636
-1.94 1624947226.19002
-1.94 1624947226.193649
-1.94 1624947226.197151
-1.94 1624947226.200771
-1.94 1624947226.204285
-1.94 1624947226.208291
-1.94 1624947226.211926
-1.94 1624947226.215592
-1.94 1624947226.219196
-1.94 1624947226.22287
-1.94 1624947226.226361
-1.94 1624947226.230025
-1.94 1624947226.233699
-1.94 1624947226.237252
-1.94 1624947226.240937
-1.94 1624947226.244802
-1.94 1624947226.248721
-1.94 1624947226.252391
-1.94 1624947226.256143
-1.94 1624947226.259935
-1.94 1624947226.26384
-1.94 1624947226.267576
-1.94 1624947226.271358
-1.94 1624947226.275158
-1.94 1624947226.278962
-1.94 1624947226.28275
-1.94 1624947226.286542
-1.94 1624947226.29029
-1.94 1624947226.2941
-1.94 1624947226.297891
-1.94 1624947226.301729
-1.94 1624947226.305546
-1.94 1624947226.319929
-1.94 1624947226.323693
-1.94 1624947226.327461
-1.94 1624947226.331379
-1.94 1624947226.33518
-1.94 1624947226.338962
-1.94 1624947226.342897
-1.94 1624947226.346757
-1.94 1624947226.351051
-1.94 1624947226.35491
-1.94 1624947226.358892
-1.94 1624947226.362712
-1.94 1624947226.366529
-1.94 1624947226.370284
-1.94 1624947226.374074
-1.94 1624947226.377829
-1.94 1624947226.385281
-1.94 1624947226.389138
-1.94 1624947226.393061
-1.94 1624947226.396888
-1.94 1624947226.401015
-1.94 1624947226.404831
-1.94 1624947226.411737
-1.94 1624947226.418939
-1.94 1624947226.422755
-1.94 1624947226.426721
-1.94 1624947226.430578
-1.94 1624947226.434396
-1.94 1624947226.438164
-1.94 1624947226.441913
-1.94 1624947226.445748
-1.94 1624947226.449552
-1.94 1624947226.453671
-1.94 1624947226.457332
-1.94 1624947226.461014
-1.94 1624947226.464734
-1.94 1624947226.468348
-1.94 1624947226.472112
-1.94 1624947226.475804
-1.94 1624947226.479509
-1.94 1624947226.483193
-1.94 1624947226.486926
-1.94 1624947226.490634
-1.94 1624947226.494273
3.82 1624947226.498067
23.03 1624947226.517997 touch_grd
3.57 1624947227.629853 go_up_roll
-1.94 1624947228.826631 start_2_iteration
-1.94 1624947229.62923
-1.94 1624947229.632803
-1.94 1624947229.636326
-1.94 1624947229.640012
-1.94 1624947229.643576
-1.94 1624947229.647188
-1.94 1624947229.65067
-1.94 1624947229.654172
-1.94 1624947229.657754
-1.94 1624947229.661283
-1.94 1624947229.665003
-1.94 1624947229.668552
-1.94 1624947229.672089
-1.94 1624947229.675612
-1.94 1624947229.679239
-1.94 1624947229.682782
-1.94 1624947229.686317
-1.94 1624947229.689876
-1.94 1624947229.693496
-1.94 1624947229.697141
-1.94 1624947229.700689
-1.94 1624947229.704274
-1.94 1624947229.708001
-1.94 1624947229.711653
-1.94 1624947229.715186
-1.94 1624947229.718712
-1.94 1624947229.722229
-1.94 1624947229.726302
-1.94 1624947229.729933
-1.94 1624947229.73357
-1.94 1624947229.737149
-1.94 1624947229.740696
-1.94 1624947229.744283
-1.94 1624947229.747899
-1.94 1624947229.751456
-1.94 1624947229.755037
-1.94 1624947229.758621
-1.94 1624947229.762187
-1.94 1624947229.765871
-1.94 1624947229.769429
-1.94 1624947229.772985
-1.94 1624947229.776589
-1.94 1624947229.780145
-1.94 1624947229.783666
-1.94 1624947229.787213
-1.94 1624947229.79079
-1.94 1624947229.794335
-1.94 1624947229.797898
-1.94 1624947229.805036
-1.94 1624947229.808601
-1.94 1624947229.812161
-1.94 1624947229.815749
-1.94 1624947229.819278
-1.94 1624947229.822926
-1.94 1624947229.826585
-1.94 1624947229.830085
-1.94 1624947229.83371
-1.94 1624947229.837239
-1.94 1624947229.840836
-1.94 1624947229.844495
-1.94 1624947229.848166
-1.94 1624947229.851704
-1.94 1624947229.855263
-1.94 1624947229.858828
-1.94 1624947229.862427
-1.94 1624947229.866051
-1.94 1624947229.869631
-1.94 1624947229.873168
-1.94 1624947229.876758
-1.94 1624947229.880312
-1.94 1624947229.88387
-1.94 1624947229.887432
-1.94 1624947229.891034
-1.94 1624947229.894695
-1.94 1624947229.898214
-1.94 1624947229.901779
-1.94 1624947229.905362
-1.94 1624947229.909023
-1.94 1624947229.912579
-1.94 1624947229.916218
-1.94 1624947229.919747
-1.94 1624947229.923409
-1.94 1624947229.931557
-1.94 1624947229.935398
-1.94 1624947229.939199
-1.94 1624947229.943203
-1.94 1624947229.947133
-1.94 1624947229.95088
-1.94 1624947229.954677
-1.94 1624947229.958466
-1.94 1624947229.962258
-1.94 1624947229.966138
-1.94 1624947229.969919
-1.94 1624947229.973718
-1.94 1624947229.977614
-1.94 1624947229.98139
-1.94 1624947229.985175
-1.94 1624947229.989083
-1.94 1624947229.992847
-1.94 1624947229.996754
-1.94 1624947230.000677
-1.94 1624947230.004435
-1.94 1624947230.008156
-1.94 1624947230.012035
0.48 1624947230.016124
26.31 1624947230.02032
17.88 1624947230.037594 touch_grd
4.69 1624947231.1432 go_up_roll
-1.94 1624947232.3507 start_3_iteration
-1.94 1624947233.146626
-1.94 1624947233.150191
-1.94 1624947233.153663
-1.94 1624947233.157251
-1.94 1624947233.160821
-1.94 1624947233.16453
-1.94 1624947233.168017
-1.94 1624947233.171557
-1.94 1624947233.175145
-1.94 1624947233.178715
-1.94 1624947233.182266
-1.94 1624947233.185839
-1.94 1624947233.189414
-1.94 1624947233.19299
-1.94 1624947233.196556
-1.94 1624947233.200115
-1.94 1624947233.203684
-1.94 1624947233.207257
-1.94 1624947233.21078
-1.94 1624947233.214347
-1.94 1624947233.21797
-1.94 1624947233.221565
-1.94 1624947233.22518
-1.94 1624947233.22864
-1.94 1624947233.232172
-1.94 1624947233.235871
-1.94 1624947233.239752
-1.94 1624947233.247729
-1.94 1624947233.25146
-1.94 1624947233.255292
-1.94 1624947233.259068
-1.94 1624947233.262843
-1.94 1624947233.266545
-1.94 1624947233.270304
-1.94 1624947233.274217
-1.94 1624947233.278025
-1.94 1624947233.281802
-1.94 1624947233.28555
-1.94 1624947233.289286
-1.94 1624947233.293019
-1.94 1624947233.296781
-1.94 1624947233.300674
-1.94 1624947233.30438
-1.94 1624947233.308305
-1.94 1624947233.312082
-1.94 1624947233.315826
-1.94 1624947233.319519
-1.94 1624947233.32329
-1.94 1624947233.326971
-1.94 1624947233.330724
-1.94 1624947233.334649
-1.94 1624947233.338523
-1.94 1624947233.348443
-1.94 1624947233.352191
-1.94 1624947233.356079
-1.94 1624947233.360084
-1.94 1624947233.363949
-1.94 1624947233.367706
-1.94 1624947233.371511
-1.94 1624947233.375401
-1.94 1624947233.379338
-1.94 1624947233.383153
-1.94 1624947233.386914
-1.94 1624947233.390829
-1.94 1624947233.394678
-1.94 1624947233.398548
-1.94 1624947233.402323
-1.94 1624947233.406561
-1.94 1624947233.410348
-1.94 1624947233.414325
-1.94 1624947233.418285
-1.94 1624947233.42209
-1.94 1624947233.425845
-1.94 1624947233.429686
-1.94 1624947233.433489
-1.94 1624947233.437292
-1.94 1624947233.441381
-1.94 1624947233.449341
-1.94 1624947233.453095
-1.94 1624947233.45685
-1.94 1624947233.460765
-1.94 1624947233.464354
-1.94 1624947233.467949
-1.94 1624947233.47163
-1.94 1624947233.475286
-1.94 1624947233.479117
-1.94 1624947233.483069
-1.94 1624947233.486742
-1.94 1624947233.49066
-1.94 1624947233.494331
-1.94 1624947233.498014
-1.94 1624947233.501664
-1.94 1624947233.505377
-1.94 1624947233.509107
-1.94 1624947233.516219
-1.94 1624947233.519805
-1.94 1624947233.523672
-1.94 1624947233.52739
-1.94 1624947233.531037
8.84 1624947233.534859
35.79 1624947233.548897 touch_grd
4.32 1624947234.656235 go_up_roll
-1.94 1624947235.862351 start_4_iteration
-1.94 1624947236.665292
-1.94 1624947236.668885
-1.94 1624947236.67256
-1.94 1624947236.676176
-1.94 1624947236.679691
-1.94 1624947236.68327
-1.94 1624947236.68699
-1.94 1624947236.690632
-1.94 1624947236.694157
-1.94 1624947236.697746
-1.94 1624947236.701418
-1.94 1624947236.704987
-1.94 1624947236.708567
-1.94 1624947236.712068
-1.94 1624947236.715678
-1.94 1624947236.722669
-1.94 1624947236.726244
-1.94 1624947236.729824
-1.94 1624947236.733348
-1.94 1624947236.73704
-1.94 1624947236.740597
-1.94 1624947236.744182
-1.94 1624947236.747763
-1.94 1624947236.751316
-1.94 1624947236.754983
-1.94 1624947236.758547
-1.94 1624947236.762102
-1.94 1624947236.765653
-1.94 1624947236.769242
-1.94 1624947236.772756
-1.94 1624947236.776366
-1.94 1624947236.779935
-1.94 1624947236.783579
-1.94 1624947236.787161
-1.94 1624947236.790752
-1.94 1624947236.794433
-1.94 1624947236.798072
-1.94 1624947236.80162
-1.94 1624947236.805198
-1.94 1624947236.80877
-1.94 1624947236.812324
-1.94 1624947236.816032
-1.94 1624947236.81959
-1.94 1624947236.823113
-1.94 1624947236.826729
-1.94 1624947236.830264
-1.94 1624947236.833963
-1.94 1624947236.837565
-1.94 1624947236.841085
-1.94 1624947236.844609
-1.94 1624947236.848199
-1.94 1624947236.851799
-1.94 1624947236.855366
-1.94 1624947236.859023
-1.94 1624947236.862578
-1.94 1624947236.866095
-1.94 1624947236.869694
-1.94 1624947236.873402
-1.94 1624947236.877035
-1.94 1624947236.88063
-1.94 1624947236.884273
-1.94 1624947236.887876
-1.94 1624947236.891557
-1.94 1624947236.895212
-1.94 1624947236.898694
-1.94 1624947236.902367
-1.94 1624947236.905892
-1.94 1624947236.90943
-1.94 1624947236.913007
-1.94 1624947236.916542
-1.94 1624947236.920085
-1.94 1624947236.923607
-1.94 1624947236.927153
-1.94 1624947236.934224
-1.94 1624947236.937982
-1.94 1624947236.941605
-1.94 1624947236.945214
-1.94 1624947236.948866
-1.94 1624947236.952514
-1.94 1624947236.956187
-1.94 1624947236.959883
-1.94 1624947236.967488
-1.94 1624947236.971509
-1.94 1624947236.975232
-1.94 1624947236.979055
-1.94 1624947236.98273
-1.94 1624947236.986453
-1.94 1624947236.990191
-1.94 1624947236.994028
-1.94 1624947236.997739
-1.94 1624947237.001403
-1.94 1624947237.005133
-1.94 1624947237.009099
-1.94 1624947237.012725
-1.94 1624947237.016487
-1.94 1624947237.02015
-1.94 1624947237.023793
-1.94 1624947237.027444
-1.94 1624947237.031166
-1.94 1624947237.035193
-1.94 1624947237.03904
-1.94 1624947237.042747
-1.94 1624947237.046484
-0.2 1624947237.05042
23.4 1624947237.055018
30.03 1624947237.069291 touch_grd
1.78 1624947238.175368 go_up_roll
-1.94 1624947239.383685 start_5_iteration
-1.94 1624947240.181378
-1.94 1624947240.184942
-1.94 1624947240.188522
-1.94 1624947240.192125
-1.94 1624947240.195776
-1.94 1624947240.199351
-1.94 1624947240.203009
-1.94 1624947240.206544
-1.94 1624947240.210093
-1.94 1624947240.213624
-1.94 1624947240.217153
-1.94 1624947240.220689
-1.94 1624947240.224403
-1.94 1624947240.227931
-1.94 1624947240.231558
-1.94 1624947240.235052
-1.94 1624947240.238639
-1.94 1624947240.242211
-1.94 1624947240.245764
-1.94 1624947240.249322
-1.94 1624947240.252975
-1.94 1624947240.256555
-1.94 1624947240.260131
-1.94 1624947240.263674
-1.94 1624947240.267216
-1.94 1624947240.270889
-1.94 1624947240.274549
-1.94 1624947240.278123
-1.94 1624947240.28155
-1.94 1624947240.285053
-1.94 1624947240.288664
-1.94 1624947240.29223
-1.94 1624947240.295872
-1.94 1624947240.299457
-1.94 1624947240.302971
-1.94 1624947240.306522
-1.94 1624947240.310135
-1.94 1624947240.313666
-1.94 1624947240.317223
-1.94 1624947240.320836
-1.94 1624947240.324412
-1.94 1624947240.327969
-1.94 1624947240.331538
-1.94 1624947240.335098
-1.94 1624947240.338633
-1.94 1624947240.342181
-1.94 1624947240.345777
-1.94 1624947240.349302
-1.94 1624947240.353014
-1.94 1624947240.356599
-1.94 1624947240.360252
-1.94 1624947240.363909
-1.94 1624947240.36755
-1.94 1624947240.371164
-1.94 1624947240.374778
-1.94 1624947240.378348
-1.94 1624947240.382032
-1.94 1624947240.385606
-1.94 1624947240.389183
-1.94 1624947240.392763
-1.94 1624947240.396422
-1.94 1624947240.399974
-1.94 1624947240.403571
-1.94 1624947240.407119
-1.94 1624947240.410651
-1.94 1624947240.414195
-1.94 1624947240.417713
-1.94 1624947240.421266
-1.94 1624947240.42498
-1.94 1624947240.428651
-1.94 1624947240.432319
-1.94 1624947240.435998
-1.94 1624947240.439739
-1.94 1624947240.443469
-1.94 1624947240.447238
-1.94 1624947240.451354
-1.94 1624947240.45517
-1.94 1624947240.459062
-1.94 1624947240.462782
-1.94 1624947240.466681
-1.94 1624947240.470488
-1.94 1624947240.474248
-1.94 1624947240.483729
-1.94 1624947240.487594
-1.94 1624947240.491417
-1.94 1624947240.495195
-1.94 1624947240.499189
-1.94 1624947240.503089
-1.94 1624947240.506888
-1.94 1624947240.510618
-1.94 1624947240.514412
-1.94 1624947240.518225
-1.94 1624947240.522235
-1.94 1624947240.526014
-1.94 1624947240.529851
-1.94 1624947240.533626
-1.94 1624947240.53741
-1.94 1624947240.541319
-1.94 1624947240.545181
-1.94 1624947240.549054
-1.94 1624947240.552848
-1.94 1624947240.556705
-1.94 1624947240.560812
-1.94 1624947240.564608
-0.39 1624947240.568721
29.9 1624947240.572812
20.24 1624947240.589242 touch_grd
3.88 1624947241.695228 go_up_roll
-1.94 1624947242.898671 start_6_iteration
-1.94 1624947243.699045
-1.94 1624947243.702633
-1.94 1624947243.706171
-1.94 1624947243.709747
-1.94 1624947243.713285
-1.94 1624947243.716976
-1.94 1624947243.72057
-1.94 1624947243.724102
-1.94 1624947243.727653
-1.94 1624947243.731209
-1.94 1624947243.734686
-1.94 1624947243.738318
-1.94 1624947243.741929
-1.94 1624947243.745505
-1.94 1624947243.749044
-1.94 1624947243.752598
-1.94 1624947243.756208
-1.94 1624947243.759728
-1.94 1624947243.763364
-1.94 1624947243.766982
-1.94 1624947243.770546
-1.94 1624947243.774174
-1.94 1624947243.777645
-1.94 1624947243.781211
-1.94 1624947243.784824
-1.94 1624947243.788537
-1.94 1624947243.7921
-1.94 1624947243.795809
-1.94 1624947243.799682
-1.94 1624947243.803289
-1.94 1624947243.806875
-1.94 1624947243.810533
-1.94 1624947243.81409
-1.94 1624947243.817648
-1.94 1624947243.821291
-1.94 1624947243.824977
-1.94 1624947243.828549
-1.94 1624947243.832113
-1.94 1624947243.835701
-1.94 1624947243.839282
-1.94 1624947243.842946
-1.94 1624947243.846505
-1.94 1624947243.850035
-1.94 1624947243.853604
-1.94 1624947243.857191
-1.94 1624947243.860746
-1.94 1624947243.864303
-1.94 1624947243.867846
-1.94 1624947243.871427
-1.94 1624947243.874978
-1.94 1624947243.878609
-1.94 1624947243.882123
-1.94 1624947243.885683
-1.94 1624947243.889322
-1.94 1624947243.892953
-1.94 1624947243.896576
-1.94 1624947243.900169
-1.94 1624947243.903784
-1.94 1624947243.907361
-1.94 1624947243.910943
-1.94 1624947243.914542
-1.94 1624947243.918079
-1.94 1624947243.921685
-1.94 1624947243.925237
-1.94 1624947243.928927
-1.94 1624947243.932552
-1.94 1624947243.936151
-1.94 1624947243.939743
-1.94 1624947243.943417
-1.94 1624947243.947078
-1.94 1624947243.9506
-1.94 1624947243.954199
-1.94 1624947243.957764
-1.94 1624947243.961296
-1.94 1624947243.964871
-1.94 1624947243.968579
-1.94 1624947243.972216
-1.94 1624947243.975821
-1.94 1624947243.979375
-1.94 1624947243.98288
-1.94 1624947243.986518
-1.94 1624947243.990186
-1.94 1624947243.993817
-1.94 1624947243.99735
-1.94 1624947244.000867
-1.94 1624947244.004525
-1.94 1624947244.008097
-1.94 1624947244.011629
-1.94 1624947244.015221
-1.94 1624947244.018742
-1.94 1624947244.022325
-1.94 1624947244.025996
-1.94 1624947244.029619
-1.94 1624947244.03322
-1.94 1624947244.036828
-1.94 1624947244.040576
-1.94 1624947244.0442
-1.94 1624947244.047712
-1.94 1624947244.051292
-1.94 1624947244.054884
-1.94 1624947244.058446
-1.94 1624947244.062097
-1.94 1624947244.065657
-1.94 1624947244.069287
-1.94 1624947244.073076
-1.94 1624947244.076681
-1.94 1624947244.080225
-1.94 1624947244.083897
16.27 1624947244.087762
34.3 1624947244.101783 touch_grd
5.12 1624947245.213216 go_up_roll
-1.94 1624947246.441858 start_7_iteration
-1.94 1624947247.217328
-1.94 1624947247.220866
-1.94 1624947247.224564
-1.94 1624947247.22812
-1.94 1624947247.231668
-1.94 1624947247.23527
-1.94 1624947247.239054
-1.94 1624947247.242601
-1.94 1624947247.246175
-1.94 1624947247.250036
-1.94 1624947247.257535
-1.94 1624947247.261679
-1.94 1624947247.265241
-1.94 1624947247.268872
-1.94 1624947247.27238
-1.94 1624947247.275965
-1.94 1624947247.279512
-1.94 1624947247.28312
-1.94 1624947247.286723
-1.94 1624947247.290378
-1.94 1624947247.293985
-1.94 1624947247.297579
-1.94 1624947247.301179
-1.94 1624947247.304955
-1.94 1624947247.308591
-1.94 1624947247.313803
-1.94 1624947247.317376
-1.94 1624947247.321068
-1.94 1624947247.324576
-1.94 1624947247.328178
-1.94 1624947247.331774
-1.94 1624947247.335421
-1.94 1624947247.339012
-1.94 1624947247.342675
-1.94 1624947247.346242
-1.94 1624947247.349882
-1.94 1624947247.353527
-1.94 1624947247.357094
-1.94 1624947247.360678
-1.94 1624947247.364236
-1.94 1624947247.367995
-1.94 1624947247.371512
-1.94 1624947247.375095
-1.94 1624947247.378633
-1.94 1624947247.382135
-1.94 1624947247.385613
-1.94 1624947247.389242
-1.94 1624947247.39295
-1.94 1624947247.39654
-1.94 1624947247.400131
-1.94 1624947247.403665
-1.94 1624947247.407269
-1.94 1624947247.410915
-1.94 1624947247.414495
-1.94 1624947247.418031
-1.94 1624947247.421591
-1.94 1624947247.425153
-1.94 1624947247.428747
-1.94 1624947247.432317
-1.94 1624947247.435973
-1.94 1624947247.439564
-1.94 1624947247.443085
-1.94 1624947247.446634
-1.94 1624947247.450232
-1.94 1624947247.453927
-1.94 1624947247.457499
-1.94 1624947247.46457
-1.94 1624947247.468074
-1.94 1624947247.47164
-1.94 1624947247.475279
-1.94 1624947247.479047
-1.94 1624947247.482917
-1.94 1624947247.486774
-1.94 1624947247.49054
-1.94 1624947247.494337
-1.94 1624947247.498085
-1.94 1624947247.501715
-1.94 1624947247.505491
-1.94 1624947247.5092
-1.94 1624947247.519419
-1.94 1624947247.523322
-1.94 1624947247.52709
-1.94 1624947247.530955
-1.94 1624947247.534766
-1.94 1624947247.538671
-1.94 1624947247.542458
-1.94 1624947247.546213
-1.94 1624947247.550021
-1.94 1624947247.553696
-1.94 1624947247.557614
-1.94 1624947247.56139
-1.94 1624947247.565072
-1.94 1624947247.568843
-1.94 1624947247.572741
-1.94 1624947247.576674
-1.94 1624947247.580757
-1.94 1624947247.584731
-1.94 1624947247.58851
-1.94 1624947247.592327
-1.94 1624947247.596205
-1.94 1624947247.600109
-1.69 1624947247.603924
25.57 1624947247.608057
22.84 1624947247.624949 touch_grd
5.99 1624947248.729011 go_up_roll
-1.94 1624947249.933201 start_8_iteration
-1.94 1624947250.736164
-1.94 1624947250.739741
-1.94 1624947250.743286
-1.94 1624947250.746924
-1.94 1624947250.75055
-1.94 1624947250.754126
-1.94 1624947250.757669
-1.94 1624947250.761219
-1.94 1624947250.764808
-1.94 1624947250.768358
-1.94 1624947250.77194
-1.94 1624947250.775531
-1.94 1624947250.779037
-1.94 1624947250.78266
-1.94 1624947250.786321
-1.94 1624947250.789968
-1.94 1624947250.793562
-1.94 1624947250.797084
-1.94 1624947250.800747
-1.94 1624947250.80433
-1.94 1624947250.807895
-1.94 1624947250.811474
-1.94 1624947250.815011
-1.94 1624947250.818566
-1.94 1624947250.822145
-1.94 1624947250.825726
-1.94 1624947250.829387
-1.94 1624947250.832943
-1.94 1624947250.836479
-1.94 1624947250.840146
-1.94 1624947250.843706
-1.94 1624947250.847191
-1.94 1624947250.850859
-1.94 1624947250.854495
-1.94 1624947250.858007
-1.94 1624947250.861581
-1.94 1624947250.865168
-1.94 1624947250.868677
-1.94 1624947250.872317
-1.94 1624947250.875904
-1.94 1624947250.879488
-1.94 1624947250.883105
-1.94 1624947250.886789
-1.94 1624947250.890502
-1.94 1624947250.894086
-1.94 1624947250.897753
-1.94 1624947250.901309
-1.94 1624947250.904845
-1.94 1624947250.908546
-1.94 1624947250.912105
-1.94 1624947250.915668
-1.94 1624947250.919306
-1.94 1624947250.922976
-1.94 1624947250.926693
-1.94 1624947250.930255
-1.94 1624947250.933923
-1.94 1624947250.93749
-1.94 1624947250.941069
-1.94 1624947250.944776
-1.94 1624947250.94845
-1.94 1624947250.952106
-1.94 1624947250.95567
-1.94 1624947250.959364
-1.94 1624947250.962896
-1.94 1624947250.966509
-1.94 1624947250.970074
-1.94 1624947250.973703
-1.94 1624947250.977211
-1.94 1624947250.980731
-1.94 1624947250.98427
-1.94 1624947250.987973
-1.94 1624947250.99151
-1.94 1624947250.995083
-1.94 1624947250.9987
-1.94 1624947251.002339
-1.94 1624947251.005926
-1.94 1624947251.009533
-1.94 1624947251.013116
-1.94 1624947251.016719
-1.94 1624947251.020375
-1.94 1624947251.023991
-1.94 1624947251.027562
-1.94 1624947251.033612
-1.94 1624947251.037227
-1.94 1624947251.040993
-1.94 1624947251.04457
-1.94 1624947251.048165
-1.94 1624947251.051783
-1.94 1624947251.055403
-1.94 1624947251.059116
-1.94 1624947251.062902
-1.94 1624947251.06667
-1.94 1624947251.070382
-1.94 1624947251.074186
-1.94 1624947251.077916
-1.94 1624947251.081642
-1.94 1624947251.085464
-1.94 1624947251.089331
-1.94 1624947251.093074
-1.94 1624947251.096829
-1.94 1624947251.100732
-1.94 1624947251.104639
-1.94 1624947251.108498
-1.94 1624947251.112263
-1.94 1624947251.116027
-1.94 1624947251.119891
18.32 1624947251.124133
21.17 1624947251.142224 touch_grd
3.02 1624947252.250638 go_up_roll
-1.94 1624947253.461594 start_9_iteration
-1.94 1624947254.253932
-1.94 1624947254.257534
-1.94 1624947254.261107
-1.94 1624947254.264694
-1.94 1624947254.268216
-1.94 1624947254.271813
-1.94 1624947254.275339
-1.94 1624947254.278886
-1.94 1624947254.282484
-1.94 1624947254.286051
-1.94 1624947254.289601
-1.94 1624947254.293248
-1.94 1624947254.297204
-1.94 1624947254.300996
-1.94 1624947254.304737
-1.94 1624947254.308505
-1.94 1624947254.312192
-1.94 1624947254.316064
-1.94 1624947254.319793
-1.94 1624947254.323621
-1.94 1624947254.327364
-1.94 1624947254.331264
-1.94 1624947254.335096
-1.94 1624947254.339035
-1.94 1624947254.342894
-1.94 1624947254.346657
-1.94 1624947254.356264
-1.94 1624947254.360035
-1.94 1624947254.363745
-1.94 1624947254.367543
-1.94 1624947254.371442
-1.94 1624947254.375252
-1.94 1624947254.379042
-1.94 1624947254.382923
-1.94 1624947254.386701
-1.94 1624947254.390598
-1.94 1624947254.39434
-1.94 1624947254.398212
-1.94 1624947254.402064
-1.94 1624947254.405906
-1.94 1624947254.409647
-1.94 1624947254.41342
-1.94 1624947254.417201
-1.94 1624947254.421198
-1.94 1624947254.425079
-1.94 1624947254.42878
-1.94 1624947254.432586
-1.94 1624947254.436547
-1.94 1624947254.440436
-1.94 1624947254.444296
-1.94 1624947254.448068
-1.94 1624947254.455554
-1.94 1624947254.459298
-1.94 1624947254.463133
-1.94 1624947254.466959
-1.94 1624947254.470772
-1.94 1624947254.474603
-1.94 1624947254.47836
-1.94 1624947254.482152
-1.94 1624947254.486131
-1.94 1624947254.490029
-1.94 1624947254.493785
-1.94 1624947254.497683
-1.94 1624947254.501441
-1.94 1624947254.505295
-1.94 1624947254.509187
-1.94 1624947254.513029
-1.94 1624947254.516868
-1.94 1624947254.520731
-1.94 1624947254.524632
-1.94 1624947254.528453
-1.94 1624947254.532157
-1.94 1624947254.535986
-1.94 1624947254.539746
-1.94 1624947254.543392
-1.94 1624947254.547031
-1.94 1624947254.552581
-1.94 1624947254.556212
-1.94 1624947254.559972
-1.94 1624947254.563685
-1.94 1624947254.567336
-1.94 1624947254.571035
-1.94 1624947254.574646
-1.94 1624947254.57822
-1.94 1624947254.581933
-1.94 1624947254.585621
-1.94 1624947254.589321
-1.94 1624947254.592952
-1.94 1624947254.596583
-1.94 1624947254.600181
-1.94 1624947254.603742
-1.94 1624947254.607432
-1.94 1624947254.611076
-1.94 1624947254.614627
-1.94 1624947254.618212
-1.94 1624947254.621875
-1.94 1624947254.625598
-1.94 1624947254.62932
-1.94 1624947254.632931
-1.94 1624947254.636607
2.03 1624947254.640488
32.19 1624947254.656802 touch_grd
5.0 1624947255.76282 go_up_roll
