1610.68701171875 1637771017.948367
1610.68701171875 1637771018.11035
1610.68701171875 1637771018.272198
1610.68701171875 1637771018.434192
1610.68701171875 1637771018.596088
1610.68701171875 1637771018.758051
1610.68701171875 1637771018.920022
1610.68701171875 1637771019.081971
1610.68701171875 1637771019.243875
1610.68701171875 1637771019.405803
1610.68701171875 1637771019.567813
1610.68701171875 1637771019.729769
1610.68701171875 1637771019.891768
1610.68701171875 1637771020.053678
1610.68701171875 1637771020.215607
1610.68701171875 1637771020.377613
1610.68701171875 1637771020.539501
1610.68701171875 1637771020.701612
1610.68701171875 1637771020.863592
1610.68701171875 1637771021.025413
1610.68701171875 1637771021.187317
1610.68701171875 1637771021.349432
1610.68701171875 1637771021.511337
1610.68701171875 1637771021.673244
1610.68701171875 1637771021.835245
1610.68701171875 1637771021.997164
1610.68701171875 1637771022.159104
1610.68701171875 1637771022.321033
1610.68701171875 1637771022.483074
1610.68701171875 1637771022.645008
1610.68701171875 1637771022.80696
1610.68701171875 1637771022.968843
1610.68701171875 1637771023.130958
1610.68701171875 1637771023.292776
1610.68701171875 1637771023.45481
1610.68701171875 1637771023.616612
1610.68701171875 1637771023.778575
1610.68701171875 1637771023.940778
1610.68701171875 1637771024.102538
1610.68701171875 1637771024.264483
1610.68701171875 1637771024.426575
1610.68701171875 1637771024.588385
1610.68701171875 1637771024.750408
1610.68701171875 1637771024.912377
1610.68701171875 1637771025.074259
1610.68701171875 1637771025.236177
1610.68701171875 1637771025.398235
1610.68701171875 1637771025.560174
1610.68701171875 1637771025.72207
1610.68701171875 1637771025.883951
1610.68701171875 1637771026.046045
1610.68701171875 1637771026.207907
1610.68701171875 1637771026.369811
1610.68701171875 1637771026.531851
1610.68701171875 1637771026.693804
1610.68701171875 1637771026.85582
1610.68701171875 1637771027.017685
1610.68701171875 1637771027.179802
1610.68701171875 1637771027.341638
1610.68701171875 1637771027.503511
1610.68701171875 1637771027.665567
1610.68701171875 1637771027.827442
1610.68701171875 1637771027.989363
1610.68701171875 1637771028.151291
1610.68701171875 1637771028.313374
1610.68701171875 1637771028.475325
1610.68701171875 1637771028.637184
1610.68701171875 1637771028.799096
1610.68701171875 1637771028.961161
1610.68701171875 1637771029.123044
1610.68701171875 1637771029.2851
1610.68701171875 1637771029.44698
1610.68701171875 1637771029.609028
1610.68701171875 1637771029.770841
1610.68701171875 1637771029.932863
1610.68701171875 1637771030.094818
1610.68701171875 1637771030.256759
1610.68701171875 1637771030.418625
1610.68701171875 1637771030.580777
1610.68701171875 1637771030.742657
1610.68701171875 1637771030.904522
1610.68701171875 1637771031.066507
1610.68701171875 1637771031.228625
1610.68701171875 1637771031.390363
1610.68701171875 1637771031.552448
1610.68701171875 1637771031.714308
1610.68701171875 1637771031.876191
1610.68701171875 1637771032.038205
1610.68701171875 1637771032.200241
1610.68701171875 1637771032.362208
1610.68701171875 1637771032.524052
1610.68701171875 1637771032.686117
1610.68701171875 1637771032.847968
1610.68701171875 1637771033.009878
1610.68701171875 1637771033.171936
1610.68701171875 1637771033.333823
1610.68701171875 1637771033.495843
1610.68701171875 1637771033.657663
1610.68701171875 1637771033.819713
1610.68701171875 1637771033.981719
1610.68701171875 1637771034.143567
1610.68701171875 1637771034.305653
1610.68701171875 1637771034.467509
1610.68701171875 1637771034.629401
1610.68701171875 1637771034.791397
1610.68701171875 1637771034.953466
1610.68701171875 1637771035.115299
1610.68701171875 1637771035.277232
1610.68701171875 1637771035.439323
1610.68701171875 1637771035.601226
1610.68701171875 1637771035.763121
1610.68701171875 1637771035.925039
1610.68701171875 1637771036.087106
1610.68701171875 1637771036.248959
1610.68701171875 1637771036.410901
1610.68701171875 1637771036.572941
1610.68701171875 1637771036.734897
1610.68701171875 1637771036.896775
1610.68701171875 1637771037.058964
1610.68701171875 1637771037.220665
1610.68701171875 1637771037.38254
1610.68701171875 1637771037.544652
1610.68701171875 1637771037.706656
1610.68701171875 1637771037.868511
1610.68701171875 1637771038.030559
1610.68701171875 1637771038.192453
1610.68701171875 1637771038.35429
1610.68701171875 1637771038.516335
1610.68701171875 1637771038.678214
1610.68701171875 1637771038.840315
1610.68701171875 1637771039.002193
1610.68701171875 1637771039.164073
1610.68701171875 1637771039.326132
1610.68701171875 1637771039.488041
1610.68701171875 1637771039.650024
1610.68701171875 1637771039.811964
1610.68701171875 1637771039.974019
1610.68701171875 1637771040.135897
1610.68701171875 1637771040.297863
1610.68701171875 1637771040.45973
1610.68701171875 1637771040.621763
1610.68701171875 1637771040.78362
1610.68701171875 1637771040.945637
1610.68701171875 1637771041.107538
1610.68701171875 1637771041.269606
1610.68701171875 1637771041.431466
1610.68701171875 1637771041.593473
1610.68701171875 1637771041.755328
1610.68701171875 1637771041.917417
1610.68701171875 1637771042.079253
1610.68701171875 1637771042.241314
1610.68701171875 1637771042.403178
1610.68701171875 1637771042.565087
1610.68701171875 1637771042.726989
1610.68701171875 1637771042.889094
1610.68701171875 1637771043.050969
1610.68701171875 1637771043.212959
1610.68701171875 1637771043.374987
1610.68701171875 1637771043.536864
1610.68701171875 1637771043.698756
1610.68701171875 1637771043.86079
1610.68701171875 1637771044.022653
1610.68701171875 1637771044.184753
1610.68701171875 1637771044.346645
1610.68701171875 1637771044.508521
1610.68701171875 1637771044.670593
1610.68701171875 1637771044.832443
1610.68701171875 1637771044.994396
1610.68701171875 1637771045.156385
1610.68701171875 1637771045.3183
1610.68701171875 1637771045.480308
1610.68701171875 1637771045.642224
1610.68701171875 1637771045.80432
1610.68701171875 1637771045.966152
1610.68701171875 1637771046.128194
1610.68701171875 1637771046.29003
1610.68701171875 1637771046.452078
1610.68701171875 1637771046.613929
1610.68701171875 1637771046.776154
1610.68701171875 1637771046.937881
1610.68701171875 1637771047.099912
1610.68701171875 1637771047.261761
1610.68701171875 1637771047.423629
1610.68701171875 1637771047.585717
1610.68701171875 1637771047.747603
1610.68701171875 1637771047.909594
1610.68701171875 1637771048.071519
1610.68701171875 1637771048.233593
1610.68701171875 1637771048.395421
1610.68701171875 1637771048.557454
1610.68701171875 1637771048.719379
1610.68701171875 1637771048.881425
1610.68701171875 1637771049.043207
1610.68701171875 1637771049.205246
1610.68701171875 1637771049.367099
1610.68701171875 1637771049.529174
1610.68701171875 1637771049.69108
1610.68701171875 1637771049.852994
1610.68701171875 1637771050.015294
1610.68701171875 1637771050.177951
1610.68701171875 1637771050.339912
1610.68701171875 1637771050.501925
1610.68701171875 1637771050.663721
1610.68701171875 1637771050.825761
1610.68701171875 1637771050.987775
1610.68701171875 1637771051.14976
1610.68701171875 1637771051.311562
1610.68701171875 1637771051.473638
1610.68701171875 1637771051.635549
1610.68701171875 1637771051.797383
1610.68701171875 1637771051.959465
1610.68701171875 1637771052.12137
1610.68701171875 1637771052.283245
1610.68701171875 1637771052.445361
1610.68701171875 1637771052.607179
1610.68701171875 1637771052.769123
1610.68701171875 1637771052.931154
1610.68701171875 1637771053.092949
1610.68701171875 1637771053.255054
1610.68701171875 1637771053.417014
1610.68701171875 1637771053.57898
1610.68701171875 1637771053.740971
1610.68701171875 1637771053.902938
1610.68701171875 1637771054.064761
1610.68701171875 1637771054.226821
1610.68701171875 1637771054.388712
1610.68701171875 1637771054.550636
1610.68701171875 1637771054.712618
1610.68701171875 1637771054.874716
1610.68701171875 1637771055.036525
1610.68701171875 1637771055.198422
1610.68701171875 1637771055.360345
1610.68701171875 1637771055.522354
1610.68701171875 1637771055.684438
1610.68701171875 1637771055.846313
1610.68701171875 1637771056.008226
1610.68701171875 1637771056.170176
1610.68701171875 1637771056.332115
1610.68701171875 1637771056.4941
1610.68701171875 1637771056.655975
1610.68701171875 1637771056.818985
1610.68701171875 1637771056.981017
1610.68701171875 1637771057.142956
1610.68701171875 1637771057.304778
1610.68701171875 1637771057.466832
1610.68701171875 1637771057.628727
1610.68701171875 1637771057.79064
1610.68701171875 1637771057.952736
1610.68701171875 1637771058.114626
1610.68701171875 1637771058.276563
1610.68701171875 1637771058.438455
1610.68701171875 1637771058.600544
1610.68701171875 1637771058.762453
1610.68701171875 1637771058.924348
1610.68701171875 1637771059.086274
1610.68701171875 1637771059.248366
1610.68701171875 1637771059.410331
1610.68701171875 1637771059.572234
1610.68701171875 1637771059.734279
1610.68701171875 1637771059.896173
1610.68701171875 1637771060.058085
1610.68701171875 1637771060.219937
1610.68701171875 1637771060.381995
1610.68701171875 1637771060.543995
1610.68701171875 1637771060.705985
1610.68701171875 1637771060.867754
1610.68701171875 1637771061.029706
1610.68701171875 1637771061.191788
1610.68701171875 1637771061.353756
1610.68701171875 1637771061.515632
1610.68701171875 1637771061.677619
1610.68701171875 1637771061.839521
1610.68701171875 1637771062.001409
1610.68701171875 1637771062.163488
1610.68701171875 1637771062.325351
1610.68701171875 1637771062.487411
1610.68701171875 1637771062.649306
1610.68701171875 1637771062.811322
1610.68701171875 1637771062.973234
1610.68701171875 1637771063.135121
1610.68701171875 1637771063.297157
1610.68701171875 1637771063.459035
1610.68701171875 1637771063.62108
1610.68701171875 1637771063.78298
1610.68701171875 1637771063.944969
1610.68701171875 1637771064.106822
1610.68701171875 1637771064.268902
1610.68701171875 1637771064.430807
1610.68701171875 1637771064.59266
1610.68701171875 1637771064.754693
1610.68701171875 1637771064.916564
1610.68701171875 1637771065.078613
1610.68701171875 1637771065.240458
1610.68701171875 1637771065.402477
1610.68701171875 1637771065.564522
1610.68701171875 1637771065.726388
1610.68701171875 1637771065.888379
1610.68701171875 1637771066.05023
1610.68701171875 1637771066.212282
1610.68701171875 1637771066.374186
1610.68701171875 1637771066.536193
1610.68701171875 1637771066.698075
1610.68701171875 1637771066.860226
1610.68701171875 1637771067.021983
1610.68701171875 1637771067.184047
1610.68701171875 1637771067.345966
1610.68701171875 1637771067.507973
1610.68701171875 1637771067.669838
1610.68701171875 1637771067.831958
1610.68701171875 1637771067.993674
1610.68701171875 1637771068.155732
1610.68701171875 1637771068.317625
1610.68701171875 1637771068.479676
1610.68701171875 1637771068.641583
1610.68701171875 1637771068.803474
1610.68701171875 1637771068.965553
1610.68701171875 1637771069.127424
1610.68701171875 1637771069.289304
1610.68701171875 1637771069.451359
1610.68701171875 1637771069.613296
1610.68701171875 1637771069.77515
1610.68701171875 1637771069.937234
1610.68701171875 1637771070.099157
1610.68701171875 1637771070.260986
1610.68701171875 1637771070.42307
1610.68701171875 1637771070.584984
1610.68701171875 1637771070.746994
1610.68701171875 1637771070.908807
1610.68701171875 1637771071.07094
1610.68701171875 1637771071.232716
1610.68701171875 1637771071.39477
1610.68701171875 1637771071.55656
1610.68701171875 1637771071.718629
1610.68701171875 1637771071.880666
1610.68701171875 1637771072.042453
1610.68701171875 1637771072.204525
1610.68701171875 1637771072.366509
1610.68701171875 1637771072.528422
1610.68701171875 1637771072.690424
1610.68701171875 1637771072.85231
1610.68701171875 1637771073.014351
1610.68701171875 1637771073.176199
1610.68701171875 1637771073.33826
1610.68701171875 1637771073.500088
1610.68701171875 1637771073.662097
1610.68701171875 1637771073.824125
1610.68701171875 1637771073.98601
1610.68701171875 1637771074.147904
1610.68701171875 1637771074.309922
1610.68701171875 1637771074.471751
1610.68701171875 1637771074.633802
1610.68701171875 1637771074.79572
1610.68701171875 1637771074.957746
1610.68701171875 1637771075.119697
1610.68701171875 1637771075.281584
1610.68701171875 1637771075.443615
1610.68701171875 1637771075.605501
1610.68701171875 1637771075.767547
1610.68701171875 1637771075.929489
1610.68701171875 1637771076.091347
1610.68701171875 1637771076.253263
1610.68701171875 1637771076.415339
1610.68701171875 1637771076.577258
1610.68701171875 1637771076.739225
1610.68701171875 1637771076.901208
1610.68701171875 1637771077.063017
1610.68701171875 1637771077.225066
1610.68701171875 1637771077.387064
1610.68701171875 1637771077.54909
1610.68701171875 1637771077.710882
1610.68701171875 1637771077.872762
1610.68701171875 1637771078.034909
1610.68701171875 1637771078.196722
1610.68701171875 1637771078.358764
1610.68701171875 1637771078.520742
1610.68701171875 1637771078.682619
1610.68701171875 1637771078.844541
1610.68701171875 1637771079.00657
1610.68701171875 1637771079.168465
1610.68701171875 1637771079.330322
1610.68701171875 1637771079.492381
1610.68701171875 1637771079.654263
1610.68701171875 1637771079.816389
1610.68701171875 1637771079.978271
1610.68701171875 1637771080.140138
1610.68701171875 1637771080.302106
1610.68701171875 1637771080.464243
1610.68701171875 1637771080.626038
1610.68701171875 1637771080.788043
1610.68701171875 1637771080.94991
1610.68701171875 1637771081.111932
1610.68701171875 1637771081.273878
1610.68701171875 1637771081.435871
1610.68701171875 1637771081.597696
1610.68701171875 1637771081.759565
1610.68701171875 1637771081.921637
1610.68701171875 1637771082.08359
1610.68701171875 1637771082.245656
1610.68701171875 1637771082.407509
1610.68701171875 1637771082.569429
1610.68701171875 1637771082.731434
1610.68701171875 1637771082.893318
1610.68701171875 1637771083.05537
1610.68701171875 1637771083.217242
1610.68701171875 1637771083.379291
1610.68701171875 1637771083.541206
1610.68701171875 1637771083.703115
1610.68701171875 1637771083.865102
1610.68701171875 1637771084.027027
1610.68701171875 1637771084.18914
1610.68701171875 1637771084.350953
1610.68701171875 1637771084.512837
1610.68701171875 1637771084.674875
1610.68701171875 1637771084.836764
1610.68701171875 1637771084.998772
1610.68701171875 1637771085.16079
1610.68701171875 1637771085.322668
1610.68701171875 1637771085.484663
1610.68701171875 1637771085.646557
1610.68701171875 1637771085.808578
1610.68701171875 1637771085.970441
1610.68701171875 1637771086.132554
1610.68701171875 1637771086.294358
1610.68701171875 1637771086.456394
1610.68701171875 1637771086.618279
1610.68701171875 1637771086.78031
1610.68701171875 1637771086.942128
1610.68701171875 1637771087.104211
1610.68701171875 1637771087.266095
1610.68701171875 1637771087.428119
1610.68701171875 1637771087.590128
1610.68701171875 1637771087.75188
1610.68701171875 1637771087.913972
1610.68701171875 1637771088.075823
1610.68701171875 1637771088.237907
1610.68701171875 1637771088.399861
1610.68701171875 1637771088.561887
1610.68701171875 1637771088.723668
1610.68701171875 1637771088.885574
1610.68701171875 1637771089.047682
1610.68701171875 1637771089.209606
1610.68701171875 1637771089.371488
1610.68701171875 1637771089.533462
1610.68701171875 1637771089.695429
1610.68701171875 1637771089.857292
1610.68701171875 1637771090.019362
1610.68701171875 1637771090.181212
1610.68701171875 1637771090.343274
1610.68701171875 1637771090.505191
1610.68701171875 1637771090.667135
1610.68701171875 1637771090.829119
1610.68701171875 1637771090.991069
1610.68701171875 1637771091.152915
1610.68701171875 1637771091.31499
1610.68701171875 1637771091.476898
1610.68701171875 1637771091.638942
1610.68701171875 1637771091.800768
1610.68701171875 1637771091.962652
1610.68701171875 1637771092.124728
1610.68701171875 1637771092.286631
1610.68701171875 1637771092.448675
1610.68701171875 1637771092.610515
1610.68701171875 1637771092.772571
1610.68701171875 1637771092.934425
1610.68701171875 1637771093.09646
1610.68701171875 1637771093.258311
1610.68701171875 1637771093.420398
1610.68701171875 1637771093.582239
