1610.68701171875 1637770918.990383
1610.68701171875 1637770919.152072
1610.68701171875 1637770919.31418
1610.68701171875 1637770919.476008
1610.68701171875 1637770919.637895
1610.68701171875 1637770919.799921
1610.68701171875 1637770919.961809
1610.68701171875 1637770920.123872
1610.68701171875 1637770920.285818
1610.68701171875 1637770920.447674
1610.68701171875 1637770920.609762
1610.68701171875 1637770920.771653
1610.68701171875 1637770920.93356
1610.68701171875 1637770921.095568
1610.68701171875 1637770921.257429
1610.68701171875 1637770921.419533
1610.68701171875 1637770921.581412
1610.68701171875 1637770921.743511
1610.68701171875 1637770921.905335
1610.68701171875 1637770922.067382
1610.68701171875 1637770922.229341
1610.68701171875 1637770922.391163
1610.68701171875 1637770922.553213
1610.68701171875 1637770922.715016
1610.68701171875 1637770922.877054
1610.68701171875 1637770923.039001
1610.68701171875 1637770923.200987
1610.68701171875 1637770923.362829
1610.68701171875 1637770923.524786
1610.68701171875 1637770923.686879
1610.68701171875 1637770923.848733
1610.68701171875 1637770924.010791
1610.68701171875 1637770924.172646
1610.68701171875 1637770924.334724
1610.68701171875 1637770924.496495
1610.68701171875 1637770924.658568
1610.68701171875 1637770924.820473
1610.68701171875 1637770924.982511
1610.68701171875 1637770925.144421
1610.68701171875 1637770925.306403
1610.68701171875 1637770925.468315
1610.68701171875 1637770925.630323
1610.68701171875 1637770925.792334
1610.68701171875 1637770925.954135
1610.68701171875 1637770926.116182
1610.68701171875 1637770926.278054
1610.68701171875 1637770926.440069
1610.68701171875 1637770926.602034
1610.68701171875 1637770926.7639
1610.68701171875 1637770926.925899
1610.68701171875 1637770927.087886
1610.68701171875 1637770927.249737
1610.68701171875 1637770927.411707
1610.68701171875 1637770927.573702
1610.68701171875 1637770927.735667
1610.68701171875 1637770927.897617
1610.68701171875 1637770928.059501
1610.68701171875 1637770928.221517
1610.68701171875 1637770928.383446
1610.68701171875 1637770928.545485
1610.68701171875 1637770928.707391
1610.68701171875 1637770928.86933
1610.68701171875 1637770929.031348
1610.68701171875 1637770929.193229
1610.68701171875 1637770929.355083
1610.68701171875 1637770929.517189
1610.68701171875 1637770929.679127
1610.68701171875 1637770929.841049
1610.68701171875 1637770930.002972
1610.68701171875 1637770930.164833
1610.68701171875 1637770930.326988
1610.68701171875 1637770930.488929
1610.68701171875 1637770930.650812
1610.68701171875 1637770930.81275
1610.68701171875 1637770930.974734
1610.68701171875 1637770931.13661
1610.68701171875 1637770931.298725
1610.68701171875 1637770931.460633
1610.68701171875 1637770931.622518
1610.68701171875 1637770931.78442
1610.68701171875 1637770931.946336
1610.68701171875 1637770932.108494
1610.68701171875 1637770932.270386
1610.68701171875 1637770932.432348
1610.68701171875 1637770932.594224
1610.68701171875 1637770932.756096
1610.68701171875 1637770932.91805
1610.68701171875 1637770933.080119
1610.68701171875 1637770933.242036
1610.68701171875 1637770933.404042
1610.68701171875 1637770933.566001
1610.68701171875 1637770933.727878
1610.68701171875 1637770933.88983
1610.68701171875 1637770934.051888
1610.68701171875 1637770934.213749
1610.68701171875 1637770934.375624
1610.68701171875 1637770934.537696
1610.68701171875 1637770934.699635
1610.68701171875 1637770934.861633
1610.68701171875 1637770935.023521
1610.68701171875 1637770935.185404
1610.68701171875 1637770935.347444
1610.68701171875 1637770935.509424
1610.68701171875 1637770935.671396
1610.68701171875 1637770935.833286
1610.68701171875 1637770935.995195
1610.68701171875 1637770936.157299
1610.68701171875 1637770936.319135
1610.68701171875 1637770936.481198
1610.68701171875 1637770936.64303
1610.68701171875 1637770936.805057
1610.68701171875 1637770936.966977
1610.68701171875 1637770937.128984
1610.68701171875 1637770937.290938
1610.68701171875 1637770937.452833
1610.68701171875 1637770937.61476
1610.68701171875 1637770937.776644
1610.68701171875 1637770937.938658
1610.68701171875 1637770938.100697
1610.68701171875 1637770938.262641
1610.68701171875 1637770938.424525
1610.68701171875 1637770938.586481
1610.68701171875 1637770938.748404
1610.68701171875 1637770938.910407
1610.68701171875 1637770939.072368
1610.68701171875 1637770939.234254
1610.68701171875 1637770939.396198
1610.68701171875 1637770939.558197
1610.68701171875 1637770939.720089
1610.68701171875 1637770939.882184
1610.68701171875 1637770940.044087
1610.68701171875 1637770940.205956
1610.68701171875 1637770940.367884
1610.68701171875 1637770940.529978
1610.68701171875 1637770940.691868
1610.68701171875 1637770940.853765
1610.68701171875 1637770941.015692
1610.68701171875 1637770941.177782
1610.68701171875 1637770941.339671
1610.68701171875 1637770941.501608
1610.68701171875 1637770941.66369
1610.68701171875 1637770941.825552
1610.68701171875 1637770941.987449
1610.68701171875 1637770942.149406
1610.68701171875 1637770942.311405
1610.68701171875 1637770942.473482
1610.68701171875 1637770942.635401
1610.68701171875 1637770942.797231
1610.68701171875 1637770942.959276
1610.68701171875 1637770943.121116
1610.68701171875 1637770943.283188
1610.68701171875 1637770943.445049
1610.68701171875 1637770943.606942
1610.68701171875 1637770943.768942
1610.68701171875 1637770943.930939
1610.68701171875 1637770944.092995
1610.68701171875 1637770944.254788
1610.68701171875 1637770944.4169
1610.68701171875 1637770944.578786
1610.68701171875 1637770944.740639
1610.68701171875 1637770944.902631
1610.68701171875 1637770945.064687
1610.68701171875 1637770945.226512
1610.68701171875 1637770945.388565
1610.68701171875 1637770945.550446
1610.68701171875 1637770945.712337
1610.68701171875 1637770945.874428
1610.68701171875 1637770946.03627
1610.68701171875 1637770946.198353
1610.68701171875 1637770946.360207
1610.68701171875 1637770946.522094
1610.68701171875 1637770946.684187
1610.68701171875 1637770946.846095
1610.68701171875 1637770947.008082
1610.68701171875 1637770947.169927
1610.68701171875 1637770947.332032
1610.68701171875 1637770947.493961
1610.68701171875 1637770947.655833
1610.68701171875 1637770947.817779
1610.68701171875 1637770947.979735
1610.68701171875 1637770948.141752
1610.68701171875 1637770948.303684
1610.68701171875 1637770948.465664
1610.68701171875 1637770948.627608
1610.68701171875 1637770948.789492
1610.68701171875 1637770948.951403
1610.68701171875 1637770949.113414
1610.68701171875 1637770949.275296
1610.68701171875 1637770949.437451
1610.68701171875 1637770949.599462
1610.68701171875 1637770949.761338
1610.68701171875 1637770949.923236
1610.68701171875 1637770950.085181
1610.68701171875 1637770950.247037
1610.68701171875 1637770950.408993
1610.68701171875 1637770950.570978
1610.68701171875 1637770950.732859
1610.68701171875 1637770950.894922
1610.68701171875 1637770951.0568
1610.68701171875 1637770951.218716
1610.68701171875 1637770951.380734
1610.68701171875 1637770951.542664
1610.68701171875 1637770951.704742
1610.68701171875 1637770951.866652
1610.68701171875 1637770952.028535
1610.68701171875 1637770952.190693
1610.68701171875 1637770952.352441
1610.68701171875 1637770952.51433
1610.68701171875 1637770952.676466
1610.68701171875 1637770952.838338
1610.68701171875 1637770953.00023
1610.68701171875 1637770953.162153
1610.68701171875 1637770953.32425
1610.68701171875 1637770953.486115
1610.68701171875 1637770953.648054
1610.68701171875 1637770953.810099
1610.68701171875 1637770953.972067
1610.68701171875 1637770954.133944
1610.68701171875 1637770954.295877
1610.68701171875 1637770954.457837
1610.68701171875 1637770954.619877
1610.68701171875 1637770954.781797
1610.68701171875 1637770954.943841
1610.68701171875 1637770955.105722
1610.68701171875 1637770955.267602
1610.68701171875 1637770955.429603
1610.68701171875 1637770955.591492
1610.68701171875 1637770955.753517
1610.68701171875 1637770955.915499
1610.68701171875 1637770956.077285
1610.68701171875 1637770956.239361
1610.68701171875 1637770956.401194
1610.68701171875 1637770956.563151
1610.68701171875 1637770956.72521
1610.68701171875 1637770956.887164
1610.68701171875 1637770957.04917
1610.68701171875 1637770957.211104
1610.68701171875 1637770957.373058
1610.68701171875 1637770957.534969
1610.68701171875 1637770957.696841
1610.68701171875 1637770957.858983
1610.68701171875 1637770958.02087
1610.68701171875 1637770958.182744
1610.68701171875 1637770958.344662
1610.68701171875 1637770958.50661
1610.68701171875 1637770958.668685
1610.68701171875 1637770958.830598
1610.68701171875 1637770958.992469
1610.68701171875 1637770959.154639
1610.68701171875 1637770959.316503
1610.68701171875 1637770959.47837
1610.68701171875 1637770959.640333
1610.68701171875 1637770959.802298
1610.68701171875 1637770959.964159
1610.68701171875 1637770960.126258
1610.68701171875 1637770960.288224
1610.68701171875 1637770960.450106
1610.68701171875 1637770960.61201
1610.68701171875 1637770960.773913
1610.68701171875 1637770960.935981
1610.68701171875 1637770961.098001
1610.68701171875 1637770961.259936
1610.68701171875 1637770961.42182
1610.68701171875 1637770961.583686
1610.68701171875 1637770961.745663
1610.68701171875 1637770961.907808
1610.68701171875 1637770962.06971
1610.68701171875 1637770962.231592
1610.68701171875 1637770962.393528
1610.68701171875 1637770962.555529
1610.68701171875 1637770962.717503
1610.68701171875 1637770962.879361
1610.68701171875 1637770963.041513
1610.68701171875 1637770963.203329
1610.68701171875 1637770963.365224
1610.68701171875 1637770963.527119
1610.68701171875 1637770963.689227
1610.68701171875 1637770963.851136
1610.68701171875 1637770964.012992
1610.68701171875 1637770964.175052
1610.68701171875 1637770964.336971
1610.68701171875 1637770964.498845
1610.68701171875 1637770964.6609
1610.68701171875 1637770964.822956
1610.68701171875 1637770964.984791
1610.68701171875 1637770965.146631
1610.68701171875 1637770965.308754
1610.68701171875 1637770965.470689
1610.68701171875 1637770965.632536
1610.68701171875 1637770965.79448
1610.68701171875 1637770965.95651
1610.68701171875 1637770966.11852
1610.68701171875 1637770966.280524
1610.68701171875 1637770966.442331
1610.68701171875 1637770966.604293
1610.68701171875 1637770966.766387
1610.68701171875 1637770966.928321
1610.68701171875 1637770967.090134
1610.68701171875 1637770967.252179
1610.68701171875 1637770967.414076
1610.68701171875 1637770967.576028
1610.68701171875 1637770967.738024
1610.68701171875 1637770967.899902
1610.68701171875 1637770968.061967
1610.68701171875 1637770968.223854
1610.68701171875 1637770968.385774
1610.68701171875 1637770968.547674
1610.68701171875 1637770968.709695
1610.68701171875 1637770968.87173
1610.68701171875 1637770969.033632
1610.68701171875 1637770969.195552
1610.68701171875 1637770969.357577
1610.68701171875 1637770969.519542
1610.68701171875 1637770969.681364
1610.68701171875 1637770969.843414
1610.68701171875 1637770970.005332
1610.68701171875 1637770970.167194
1610.68701171875 1637770970.329252
1610.68701171875 1637770970.491101
1610.68701171875 1637770970.653165
1610.68701171875 1637770970.815157
1610.68701171875 1637770970.977004
1610.68701171875 1637770971.139075
1610.68701171875 1637770971.300984
1610.68701171875 1637770971.46292
1610.68701171875 1637770971.624965
1610.68701171875 1637770971.78689
1610.68701171875 1637770971.948802
1610.68701171875 1637770972.110789
1610.68701171875 1637770972.272692
1610.68701171875 1637770972.434668
1610.68701171875 1637770972.596525
1610.68701171875 1637770972.758405
1610.68701171875 1637770972.920587
1610.68701171875 1637770973.082397
1610.68701171875 1637770973.244361
1610.68701171875 1637770973.406343
1610.68701171875 1637770973.568281
1610.68701171875 1637770973.730154
1610.68701171875 1637770973.892217
1610.68701171875 1637770974.054168
1610.68701171875 1637770974.216084
1610.68701171875 1637770974.37812
1610.68701171875 1637770974.539968
1610.68701171875 1637770974.701869
1610.68701171875 1637770974.863964
1610.68701171875 1637770975.025866
1610.68701171875 1637770975.187785
1610.68701171875 1637770975.349711
1610.68701171875 1637770975.511752
1610.68701171875 1637770975.673671
1610.68701171875 1637770975.835722
1610.68701171875 1637770975.997594
1610.68701171875 1637770976.159577
1610.68701171875 1637770976.321416
1610.68701171875 1637770976.48346
1610.68701171875 1637770976.645332
1610.68701171875 1637770976.807372
1610.68701171875 1637770976.96927
1610.68701171875 1637770977.131306
1610.68701171875 1637770977.293144
1610.68701171875 1637770977.455249
1610.68701171875 1637770977.617131
1610.68701171875 1637770977.779065
1610.68701171875 1637770977.941034
1610.68701171875 1637770978.102936
1610.68701171875 1637770978.264987
1610.68701171875 1637770978.426948
1610.68701171875 1637770978.588847
1610.68701171875 1637770978.750781
1610.68701171875 1637770978.912841
1610.68701171875 1637770979.074701
1610.68701171875 1637770979.23664
1610.68701171875 1637770979.398645
1610.68701171875 1637770979.560624
1610.68701171875 1637770979.7226
1610.68701171875 1637770979.884478
1610.68701171875 1637770980.046346
1610.68701171875 1637770980.208437
1610.68701171875 1637770980.370334
1610.68701171875 1637770980.532244
1610.68701171875 1637770980.694146
1610.68701171875 1637770980.856261
1610.68701171875 1637770981.0181
1610.68701171875 1637770981.180063
1610.68701171875 1637770981.342108
1610.68701171875 1637770981.504008
1610.68701171875 1637770981.665882
1610.68701171875 1637770981.82795
1610.68701171875 1637770981.989875
1610.68701171875 1637770982.151796
1610.68701171875 1637770982.313649
1610.68701171875 1637770982.475734
1610.68701171875 1637770982.637681
1610.68701171875 1637770982.799621
1610.68701171875 1637770982.961486
1610.68701171875 1637770983.123439
1610.68701171875 1637770983.285498
1610.68701171875 1637770983.4474
1610.68701171875 1637770983.609262
1610.68701171875 1637770983.771348
1610.68701171875 1637770983.933173
1610.68701171875 1637770984.095239
1610.68701171875 1637770984.257099
1610.68701171875 1637770984.419146
1610.68701171875 1637770984.581026
1610.68701171875 1637770984.742986
1610.68701171875 1637770984.905046
1610.68701171875 1637770985.06687
1610.68701171875 1637770985.228935
1610.68701171875 1637770985.390846
1610.68701171875 1637770985.552716
1610.68701171875 1637770985.71476
1610.68701171875 1637770985.876639
1610.68701171875 1637770986.03876
1610.68701171875 1637770986.200607
1610.68701171875 1637770986.362475
1610.68701171875 1637770986.524611
1610.68701171875 1637770986.686413
1610.68701171875 1637770986.848661
1610.68701171875 1637770987.01036
1610.68701171875 1637770987.172259
1610.68701171875 1637770987.334207
1610.68701171875 1637770987.496294
1610.68701171875 1637770987.65818
1610.68701171875 1637770987.820067
1610.68701171875 1637770987.982157
1610.68701171875 1637770988.144034
1610.68701171875 1637770988.305921
1610.68701171875 1637770988.467827
1610.68701171875 1637770988.629918
1610.68701171875 1637770988.791793
1610.68701171875 1637770988.953874
1610.68701171875 1637770989.115767
1610.68701171875 1637770989.277656
1610.68701171875 1637770989.43978
1610.68701171875 1637770989.601652
1610.68701171875 1637770989.763482
1610.68701171875 1637770989.925633
1610.68701171875 1637770990.087522
1610.68701171875 1637770990.249402
1610.68701171875 1637770990.411421
1610.68701171875 1637770990.573395
1610.68701171875 1637770990.735171
1610.68701171875 1637770990.897272
1610.68701171875 1637770991.059094
1610.68701171875 1637770991.22116
1610.68701171875 1637770991.383159
1610.68701171875 1637770991.545056
1610.68701171875 1637770991.706921
1610.68701171875 1637770991.868971
1610.68701171875 1637770992.031038
1610.68701171875 1637770992.192844
1610.68701171875 1637770992.354829
1610.68701171875 1637770992.516726
1610.68701171875 1637770992.67863
1610.68701171875 1637770992.840715
1610.68701171875 1637770993.002638
1610.68701171875 1637770993.164657
1610.68701171875 1637770993.326436
1610.68701171875 1637770993.488534
1610.68701171875 1637770993.650457
1610.68701171875 1637770993.812354
1610.68701171875 1637770993.974247
1610.68701171875 1637770994.136347
1610.68701171875 1637770994.298214
1610.68701171875 1637770994.460102
1610.68701171875 1637770994.622138
1610.68701171875 1637770994.784165
