-1.94 1624948912.004208 start_exp
-1.94 1624948912.303126 start_0_iteration
-1.94 1624948913.096751
-1.94 1624948913.100364
-1.94 1624948913.103842
-1.94 1624948913.107428
-1.94 1624948913.110934
-1.94 1624948913.114538
-1.94 1624948913.118157
-1.94 1624948913.121757
-1.94 1624948913.125416
-1.94 1624948913.128887
-1.94 1624948913.132442
-1.94 1624948913.136035
-1.94 1624948913.139599
-1.94 1624948913.143174
-1.94 1624948913.146744
-1.94 1624948913.150366
-1.94 1624948913.153866
-1.94 1624948913.15741
-1.94 1624948913.160895
-1.94 1624948913.168039
-1.94 1624948913.171726
-1.94 1624948913.17528
-1.94 1624948913.178861
-1.94 1624948913.182416
-1.94 1624948913.185918
-1.94 1624948913.189387
-1.94 1624948913.193311
-1.94 1624948913.196857
-1.94 1624948913.20038
-1.94 1624948913.203971
-1.94 1624948913.207555
-1.94 1624948913.211104
-1.94 1624948913.214675
-1.94 1624948913.218305
-1.94 1624948913.221818
-1.94 1624948913.225478
-1.94 1624948913.229016
-1.94 1624948913.232649
-1.94 1624948913.23614
-1.94 1624948913.239627
-1.94 1624948913.243304
-1.94 1624948913.246855
-1.94 1624948913.250428
-1.94 1624948913.253983
-1.94 1624948913.25768
-1.94 1624948913.261244
-1.94 1624948913.264791
-1.94 1624948913.268372
-1.94 1624948913.271959
-1.94 1624948913.275533
-1.94 1624948913.279045
-1.94 1624948913.282728
-1.94 1624948913.286285
-1.94 1624948913.289833
-1.94 1624948913.293793
-1.94 1624948913.297286
-1.94 1624948913.300868
-1.94 1624948913.304532
-1.94 1624948913.308235
-1.94 1624948913.311825
-1.94 1624948913.31546
-1.94 1624948913.319091
-1.94 1624948913.322722
-1.94 1624948913.326451
-1.94 1624948913.330021
-1.94 1624948913.333661
-1.94 1624948913.337249
-1.94 1624948913.340958
-1.94 1624948913.344793
-1.94 1624948913.348438
-1.94 1624948913.352241
-1.94 1624948913.355966
-1.94 1624948913.359834
-1.94 1624948913.36357
-1.94 1624948913.367471
-1.94 1624948913.371249
-1.94 1624948913.37506
-1.94 1624948913.378827
-1.94 1624948913.382617
-1.94 1624948913.386473
-1.94 1624948913.390178
-1.94 1624948913.396637
-1.94 1624948913.400526
-1.94 1624948913.404387
-1.94 1624948913.408134
-1.94 1624948913.411986
-1.94 1624948913.415754
-1.94 1624948913.419616
-1.94 1624948913.423505
-1.94 1624948913.42719
-1.94 1624948913.431009
-1.94 1624948913.434866
-1.88 1624948913.438747
-1.94 1624948913.442621
-1.94 1624948913.446496
-1.94 1624948913.45047
-1.94 1624948913.45459
-1.94 1624948913.458447
-1.94 1624948913.462173
-1.88 1624948913.465859
9.34 1624948913.470042
43.96 1624948913.49962 touch_grd
8.96 1624948914.608471 go_up_roll
-1.94 1624948915.809311 start_1_iteration
-1.94 1624948916.608985
-1.94 1624948916.612431
-1.94 1624948916.616031
-1.94 1624948916.619616
-1.94 1624948916.623254
-1.94 1624948916.626813
-1.94 1624948916.630376
-1.94 1624948916.633963
-1.94 1624948916.637481
-1.94 1624948916.641055
-1.94 1624948916.644611
-1.94 1624948916.648075
-1.94 1624948916.651698
-1.94 1624948916.655292
-1.94 1624948916.658889
-1.94 1624948916.662461
-1.94 1624948916.666025
-1.94 1624948916.669596
-1.94 1624948916.673272
-1.94 1624948916.676825
-1.94 1624948916.680368
-1.94 1624948916.68391
-1.94 1624948916.687494
-1.94 1624948916.691092
-1.94 1624948916.694679
-1.94 1624948916.698289
-1.94 1624948916.701886
-1.94 1624948916.705408
-1.94 1624948916.709021
-1.94 1624948916.712698
-1.94 1624948916.716281
-1.94 1624948916.719889
-1.94 1624948916.723485
-1.94 1624948916.727016
-1.94 1624948916.730585
-1.94 1624948916.734158
-1.88 1624948916.737718
-1.94 1624948916.741285
-1.94 1624948916.744886
-1.94 1624948916.748471
-1.94 1624948916.752138
-1.88 1624948916.755698
-1.94 1624948916.759363
-1.94 1624948916.762872
-1.94 1624948916.766437
-1.94 1624948916.770042
-1.88 1624948916.77367
-1.94 1624948916.777291
-1.94 1624948916.780791
-1.94 1624948916.784287
-1.94 1624948916.787859
-1.94 1624948916.791429
-1.94 1624948916.79496
-1.94 1624948916.79867
-1.94 1624948916.802371
-1.94 1624948916.805869
-1.94 1624948916.809444
-1.94 1624948916.813023
-1.94 1624948916.816561
-1.94 1624948916.820166
-1.94 1624948916.823842
-1.94 1624948916.827363
-1.94 1624948916.830974
-1.94 1624948916.834513
-1.94 1624948916.838171
-1.94 1624948916.841818
-1.94 1624948916.845322
-1.94 1624948916.848954
-1.94 1624948916.852548
-1.94 1624948916.85613
-1.94 1624948916.85978
-1.94 1624948916.863358
-1.94 1624948916.866935
-1.94 1624948916.870485
-1.94 1624948916.874065
-1.94 1624948916.877751
-1.94 1624948916.881292
-1.94 1624948916.884964
-1.94 1624948916.888668
-1.94 1624948916.892313
-1.94 1624948916.895899
-1.94 1624948916.899464
-1.94 1624948916.903151
-1.94 1624948916.906934
-1.94 1624948916.910576
-1.94 1624948916.914194
-1.94 1624948916.917777
-1.94 1624948916.921414
-1.94 1624948916.925102
-1.94 1624948916.928807
-1.88 1624948916.932431
-1.88 1624948916.936142
-1.88 1624948916.939842
-1.94 1624948916.943404
-1.94 1624948916.946995
-1.88 1624948916.950702
-1.94 1624948916.954356
-1.94 1624948916.957935
-1.94 1624948916.961549
-1.94 1624948916.965158
-1.94 1624948916.968824
-1.94 1624948916.972374
-1.94 1624948916.975976
-1.44 1624948916.979649
5.0 1624948916.983458
41.92 1624948917.010932 touch_grd
7.11 1624948918.121799 go_up_roll
-1.94 1624948919.320877 start_2_iteration
-1.94 1624948920.121757
-1.94 1624948920.12535
-1.94 1624948920.128893
-1.94 1624948920.132465
-1.94 1624948920.136005
-1.94 1624948920.139585
-1.94 1624948920.143097
-1.94 1624948920.146664
-1.94 1624948920.150255
-1.94 1624948920.153816
-1.94 1624948920.15738
-1.94 1624948920.160991
-1.94 1624948920.164656
-1.94 1624948920.168269
-1.94 1624948920.171912
-1.94 1624948920.175429
-1.94 1624948920.179007
-1.94 1624948920.182665
-1.94 1624948920.186241
-1.94 1624948920.189771
-1.94 1624948920.193253
-1.94 1624948920.196815
-1.94 1624948920.200379
-1.94 1624948920.203921
-1.94 1624948920.207461
-1.94 1624948920.210891
-1.88 1624948920.214374
-1.94 1624948920.21794
-1.94 1624948920.221508
-1.94 1624948920.225032
-1.94 1624948920.228653
-1.94 1624948920.232246
-1.94 1624948920.235779
-1.94 1624948920.239328
-1.94 1624948920.242906
-1.94 1624948920.246447
-1.94 1624948920.250013
-1.94 1624948920.25366
-1.94 1624948920.25727
-1.94 1624948920.260797
-1.94 1624948920.264287
-1.94 1624948920.267823
-1.94 1624948920.271515
-1.94 1624948920.275064
-1.94 1624948920.27866
-1.94 1624948920.282256
-1.94 1624948920.28578
-1.94 1624948920.289324
-1.94 1624948920.292897
-1.94 1624948920.296455
-1.94 1624948920.300043
-1.94 1624948920.303732
-1.94 1624948920.307235
-1.94 1624948920.310778
-1.94 1624948920.314254
-1.94 1624948920.318329
-1.94 1624948920.321942
-1.94 1624948920.325545
-1.94 1624948920.329099
-1.94 1624948920.33628
-1.94 1624948920.339764
-1.94 1624948920.343352
-1.94 1624948920.346898
-1.94 1624948920.350515
-1.94 1624948920.354051
-1.88 1624948920.357568
-1.81 1624948920.361181
-1.94 1624948920.364712
-1.94 1624948920.368361
-1.94 1624948920.371904
-1.94 1624948920.375547
-1.94 1624948920.379045
-1.94 1624948920.382689
-1.94 1624948920.386311
-1.94 1624948920.389897
-1.94 1624948920.393424
-1.94 1624948920.397017
-1.94 1624948920.400694
-1.94 1624948920.40424
-1.94 1624948920.40781
-1.94 1624948920.411383
-1.94 1624948920.414934
-1.94 1624948920.418969
-1.94 1624948920.422657
-1.94 1624948920.426321
-1.94 1624948920.429864
-1.94 1624948920.43347
-1.94 1624948920.437079
-1.88 1624948920.440659
-1.94 1624948920.444274
-1.94 1624948920.447783
-1.88 1624948920.451371
-1.88 1624948920.454909
-1.94 1624948920.458482
-1.94 1624948920.462077
-1.94 1624948920.465594
-1.94 1624948920.469213
-1.94 1624948920.472744
-1.94 1624948920.47626
-1.94 1624948920.479887
-1.94 1624948920.483455
-1.94 1624948920.486942
-1.69 1624948920.490549
-0.27 1624948920.494236
26.12 1624948920.498075
41.61 1624948920.522774 touch_grd
6.11 1624948921.634542 go_up_roll
-1.94 1624948922.839016 start_3_iteration
-1.94 1624948923.633438
-1.94 1624948923.636949
-1.94 1624948923.640536
-1.94 1624948923.644077
-1.94 1624948923.647693
-1.94 1624948923.651302
-1.94 1624948923.654855
-1.94 1624948923.658445
-1.94 1624948923.661999
-1.94 1624948923.665532
-1.94 1624948923.66902
-1.94 1624948923.672734
-1.94 1624948923.676264
-1.94 1624948923.679817
-1.94 1624948923.683427
-1.94 1624948923.687045
-1.94 1624948923.690637
-1.94 1624948923.694241
-1.94 1624948923.697817
-1.94 1624948923.701315
-1.94 1624948923.704863
-1.94 1624948923.708424
-1.94 1624948923.712048
-1.94 1624948923.715562
-1.94 1624948923.719017
-1.94 1624948923.722589
-1.94 1624948923.726123
-1.94 1624948923.730272
-1.94 1624948923.733813
-1.94 1624948923.737399
-1.94 1624948923.740939
-1.94 1624948923.744517
-1.94 1624948923.748074
-1.94 1624948923.75164
-1.94 1624948923.755225
-1.94 1624948923.758748
-1.94 1624948923.762327
-1.94 1624948923.765921
-1.88 1624948923.769458
-1.88 1624948923.772999
-1.94 1624948923.776564
-1.94 1624948923.780149
-1.94 1624948923.783735
-1.94 1624948923.787388
-1.94 1624948923.790953
-1.88 1624948923.794687
-1.94 1624948923.798322
-1.94 1624948923.80192
-1.94 1624948923.805423
-1.94 1624948923.808975
-1.94 1624948923.812606
-1.94 1624948923.816131
-1.94 1624948923.819669
-1.94 1624948923.823338
-1.94 1624948923.826989
-1.94 1624948923.834222
-1.94 1624948923.838013
-1.94 1624948923.84188
-1.94 1624948923.84582
-1.94 1624948923.849648
-1.94 1624948923.853463
-1.94 1624948923.857302
-1.94 1624948923.861115
-1.94 1624948923.864756
-1.94 1624948923.868621
-1.94 1624948923.872358
-1.94 1624948923.876231
-1.94 1624948923.88002
-1.88 1624948923.883779
-1.94 1624948923.887636
-1.94 1624948923.891431
-1.94 1624948923.895216
-1.94 1624948923.899069
-1.94 1624948923.902975
-1.94 1624948923.906756
-1.94 1624948923.910593
-1.94 1624948923.914398
-1.94 1624948923.918315
-1.94 1624948923.922287
-1.94 1624948923.926084
-1.94 1624948923.930007
-1.94 1624948923.934311
-1.94 1624948923.937978
-1.94 1624948923.941786
-1.94 1624948923.945465
-1.94 1624948923.949236
-1.88 1624948923.952986
-1.88 1624948923.956858
-1.88 1624948923.960793
-1.88 1624948923.964546
-1.94 1624948923.968356
-1.94 1624948923.972265
-1.94 1624948923.97604
-1.94 1624948923.980033
-1.94 1624948923.983811
-1.94 1624948923.987739
-1.94 1624948923.991549
-1.94 1624948923.995282
-1.94 1624948923.998999
-1.75 1624948924.002748
5.74 1624948924.006753
61.43 1624948924.03897 touch_grd
13.8 1624948925.143922 go_up_roll
-1.94 1624948926.345216 start_4_iteration
-1.94 1624948927.146979
-1.94 1624948927.150865
-1.94 1624948927.154365
-1.94 1624948927.157918
-1.94 1624948927.161433
-1.94 1624948927.165006
-1.94 1624948927.168636
-1.94 1624948927.172226
-1.94 1624948927.175773
-1.94 1624948927.179361
-1.94 1624948927.183002
-1.94 1624948927.186568
-1.94 1624948927.190108
-1.94 1624948927.193666
-1.94 1624948927.197277
-1.94 1624948927.200811
-1.94 1624948927.204403
-1.94 1624948927.207966
-1.94 1624948927.211485
-1.94 1624948927.215108
-1.94 1624948927.218749
-1.94 1624948927.222307
-1.94 1624948927.225828
-1.94 1624948927.229408
-1.94 1624948927.232995
-1.94 1624948927.236659
-1.94 1624948927.240234
-1.94 1624948927.243782
-1.94 1624948927.247358
-1.94 1624948927.250921
-1.94 1624948927.254452
-1.94 1624948927.258034
-1.94 1624948927.261613
-1.94 1624948927.265288
-1.88 1624948927.268925
-1.88 1624948927.272405
-1.94 1624948927.275943
-1.94 1624948927.279654
-1.94 1624948927.283421
-1.88 1624948927.287257
-1.94 1624948927.29105
-1.94 1624948927.294889
-1.94 1624948927.298717
-1.94 1624948927.302505
-1.88 1624948927.306381
-1.94 1624948927.310256
-1.94 1624948927.314078
-1.94 1624948927.317859
-1.94 1624948927.321666
-1.94 1624948927.325439
-1.94 1624948927.329184
-1.94 1624948927.332903
-1.94 1624948927.336662
-1.94 1624948927.34049
-1.94 1624948927.345714
-1.94 1624948927.349467
-1.94 1624948927.353445
-1.94 1624948927.357185
-1.94 1624948927.361033
-1.94 1624948927.364834
-1.94 1624948927.368673
-1.94 1624948927.372485
-1.94 1624948927.37622
-1.88 1624948927.379941
-1.94 1624948927.383826
-1.94 1624948927.387787
-1.88 1624948927.391524
-1.94 1624948927.395335
-1.94 1624948927.399027
-1.94 1624948927.402826
-1.94 1624948927.40665
-1.94 1624948927.410348
-1.94 1624948927.414112
-1.94 1624948927.417936
-1.94 1624948927.421861
-1.94 1624948927.425578
-1.94 1624948927.429449
-1.94 1624948927.433147
-1.94 1624948927.436856
-1.94 1624948927.440627
-1.94 1624948927.446264
-1.94 1624948927.450043
-1.94 1624948927.453738
-1.94 1624948927.457478
-1.94 1624948927.461238
-1.94 1624948927.465073
-1.88 1624948927.46887
-1.94 1624948927.472813
-1.94 1624948927.476615
-1.94 1624948927.480492
-1.94 1624948927.484422
-1.94 1624948927.488261
-1.88 1624948927.491976
-1.94 1624948927.495802
-1.94 1624948927.499638
-1.94 1624948927.50343
-1.94 1624948927.507271
-1.94 1624948927.51117
-1.94 1624948927.515099
4.26 1624948927.519086
50.47 1624948927.550335 touch_grd
6.18 1624948928.653343 go_up_roll
-1.94 1624948929.859615 start_5_iteration
-1.94 1624948930.658771
-1.94 1624948930.662343
-1.94 1624948930.665893
-1.94 1624948930.669456
-1.94 1624948930.673046
-1.94 1624948930.676663
-1.94 1624948930.680222
-1.94 1624948930.68386
-1.94 1624948930.687413
-1.94 1624948930.690976
-1.94 1624948930.694571
-1.94 1624948930.698407
-1.94 1624948930.701965
-1.94 1624948930.705579
-1.94 1624948930.709141
-1.94 1624948930.712743
-1.94 1624948930.716352
-1.94 1624948930.719974
-1.94 1624948930.723569
-1.94 1624948930.727013
-1.94 1624948930.730679
-1.94 1624948930.734295
-1.94 1624948930.73781
-1.94 1624948930.741428
-1.94 1624948930.744976
-1.94 1624948930.748545
-1.94 1624948930.752124
-1.94 1624948930.755625
-1.94 1624948930.759256
-1.94 1624948930.762834
-1.94 1624948930.766342
-1.94 1624948930.769932
-1.94 1624948930.773458
-1.94 1624948930.777032
-1.94 1624948930.780674
-1.94 1624948930.784232
-1.88 1624948930.787845
-1.94 1624948930.791421
-1.94 1624948930.79499
-1.94 1624948930.798568
-1.94 1624948930.802119
-1.94 1624948930.805635
-1.94 1624948930.809219
-1.94 1624948930.812801
-1.94 1624948930.816363
-1.94 1624948930.819908
-1.94 1624948930.823586
-1.94 1624948930.827243
-1.88 1624948930.830777
-1.94 1624948930.834453
-1.94 1624948930.837954
-1.94 1624948930.841413
-1.94 1624948930.844977
-1.88 1624948930.848514
-1.94 1624948930.85201
-1.94 1624948930.855609
-1.94 1624948930.859133
-1.94 1624948930.862689
-1.94 1624948930.866244
-1.94 1624948930.869799
-1.94 1624948930.873366
-1.94 1624948930.876953
-1.94 1624948930.88068
-1.94 1624948930.884321
-1.94 1624948930.887845
-1.94 1624948930.891401
-1.94 1624948930.895009
-1.94 1624948930.898637
-1.94 1624948930.902258
-1.94 1624948930.905746
-1.94 1624948930.909299
-1.94 1624948930.912905
-1.94 1624948930.916554
-1.94 1624948930.920243
-1.94 1624948930.923851
-1.88 1624948930.927393
-1.94 1624948930.930946
-1.94 1624948930.934457
-1.94 1624948930.937911
-1.94 1624948930.941444
-1.94 1624948930.944979
-1.94 1624948930.948756
-1.94 1624948930.952342
-1.94 1624948930.955976
-1.94 1624948930.959548
-1.94 1624948930.963136
-1.94 1624948930.966716
-1.88 1624948930.970364
-1.94 1624948930.974112
-1.88 1624948930.977829
-1.88 1624948930.981581
-1.94 1624948930.985328
-1.81 1624948930.989428
-1.88 1624948930.993258
-1.94 1624948930.997053
-1.94 1624948931.000779
-1.94 1624948931.004571
-1.88 1624948931.008249
-1.94 1624948931.012057
-1.94 1624948931.015827
-1.94 1624948931.019581
-1.94 1624948931.023486
-1.69 1624948931.027185
4.94 1624948931.031353
48.11 1624948931.062466 touch_grd
-1.13 1624948932.17138 go_up_roll
-1.94 1624948933.369604 start_6_iteration
-1.94 1624948934.170831
-1.94 1624948934.174378
-1.94 1624948934.177908
-1.94 1624948934.181517
-1.94 1624948934.185064
-1.94 1624948934.188637
-1.94 1624948934.192243
-1.94 1624948934.195791
-1.94 1624948934.199303
-1.94 1624948934.202883
-1.94 1624948934.206468
-1.94 1624948934.210033
-1.94 1624948934.213715
-1.94 1624948934.217239
-1.94 1624948934.220833
-1.94 1624948934.224433
-1.94 1624948934.228123
-1.94 1624948934.231917
-1.94 1624948934.23573
-1.94 1624948934.239438
-1.94 1624948934.243211
-1.94 1624948934.247066
-1.94 1624948934.250794
-1.94 1624948934.254684
-1.94 1624948934.258516
-1.94 1624948934.262232
-1.94 1624948934.26609
-1.94 1624948934.26997
-1.94 1624948934.273757
-1.94 1624948934.277514
-1.94 1624948934.281277
-1.94 1624948934.285074
-1.88 1624948934.288748
-1.94 1624948934.292481
-1.94 1624948934.296319
-1.94 1624948934.300192
-1.94 1624948934.304
-1.94 1624948934.30777
-1.94 1624948934.311523
-1.94 1624948934.315408
-1.94 1624948934.319101
-1.94 1624948934.322929
-1.94 1624948934.327786
-1.94 1624948934.331755
-1.94 1624948934.335468
-1.94 1624948934.339358
-1.94 1624948934.34316
-1.94 1624948934.346995
-1.94 1624948934.350861
-1.94 1624948934.355074
-1.94 1624948934.35903
-1.94 1624948934.362874
-1.88 1624948934.370067
-1.94 1624948934.374648
-1.94 1624948934.378541
-1.94 1624948934.382292
-1.94 1624948934.386008
-1.94 1624948934.389746
-1.94 1624948934.393557
-1.94 1624948934.397326
-1.94 1624948934.401051
-1.94 1624948934.404814
-1.94 1624948934.408797
-1.94 1624948934.412596
-1.94 1624948934.416445
-1.94 1624948934.420136
-1.94 1624948934.423986
-1.94 1624948934.427776
-1.94 1624948934.431636
-1.94 1624948934.435417
-1.94 1624948934.442904
-1.94 1624948934.446846
-1.94 1624948934.450666
-1.94 1624948934.454482
-1.94 1624948934.458323
-1.94 1624948934.462038
-1.94 1624948934.465777
-1.94 1624948934.470949
-1.94 1624948934.474725
-1.88 1624948934.47858
-1.94 1624948934.482542
-1.94 1624948934.486325
-1.88 1624948934.490074
-1.88 1624948934.493845
-1.94 1624948934.498008
-1.94 1624948934.501825
-1.94 1624948934.505581
-1.94 1624948934.509423
-1.94 1624948934.513176
-1.94 1624948934.52417
-1.94 1624948934.527824
-1.94 1624948934.531517
-1.94 1624948934.535269
-1.88 1624948934.538869
-0.14 1624948934.5426
12.99 1624948934.546406
41.67 1624948934.572904 touch_grd
3.82 1624948935.685837 go_up_roll
-1.94 1624948936.891621 start_7_iteration
-1.88 1624948937.684094
-1.94 1624948937.68775
-1.94 1624948937.691348
-1.94 1624948937.694891
-1.94 1624948937.698441
-1.94 1624948937.702075
-1.94 1624948937.705699
-1.94 1624948937.709318
-1.94 1624948937.712914
-1.94 1624948937.716498
-1.94 1624948937.720066
-1.94 1624948937.723602
-1.94 1624948937.72718
-1.94 1624948937.730743
-1.94 1624948937.734367
-1.94 1624948937.737977
-1.94 1624948937.741531
-1.94 1624948937.748336
-1.94 1624948937.753869
-1.94 1624948937.758171
-1.94 1624948937.762176
-1.94 1624948937.76575
-1.94 1624948937.769329
-1.94 1624948937.772895
-1.94 1624948937.776476
-1.94 1624948937.780512
-1.94 1624948937.784067
-1.94 1624948937.787837
-1.94 1624948937.791401
-1.94 1624948937.794928
-1.94 1624948937.798649
-1.94 1624948937.802243
-1.94 1624948937.80576
-1.94 1624948937.809313
-1.94 1624948937.812874
-1.94 1624948937.816432
-1.94 1624948937.820027
-1.94 1624948937.823524
-1.94 1624948937.827135
-1.94 1624948937.830697
-1.94 1624948937.834228
-1.94 1624948937.837813
-1.94 1624948937.841334
-1.94 1624948937.844908
-1.94 1624948937.848501
-1.94 1624948937.852088
-1.94 1624948937.85564
-1.94 1624948937.859194
-1.94 1624948937.862752
-1.94 1624948937.866314
-1.94 1624948937.869846
-1.88 1624948937.873389
-1.94 1624948937.876884
-1.94 1624948937.880792
-1.94 1624948937.884374
-1.88 1624948937.887978
-1.94 1624948937.891609
-1.94 1624948937.895221
-1.94 1624948937.898713
-1.94 1624948937.902303
-1.94 1624948937.905868
-1.94 1624948937.909428
-1.94 1624948937.912937
-1.94 1624948937.916557
-1.94 1624948937.920138
-1.94 1624948937.923725
-1.88 1624948937.927353
-1.94 1624948937.930909
-1.88 1624948937.934479
-1.94 1624948937.938033
-1.94 1624948937.941616
-1.94 1624948937.945224
-1.88 1624948937.948759
-1.94 1624948937.952291
-1.94 1624948937.955718
-1.94 1624948937.959267
-1.94 1624948937.962779
-1.94 1624948937.966322
-1.94 1624948937.969927
-1.94 1624948937.973581
-1.94 1624948937.977205
-1.94 1624948937.981615
-1.88 1624948937.985208
-1.94 1624948937.988718
-1.94 1624948937.992328
-1.94 1624948937.995878
-1.94 1624948937.999397
-1.94 1624948938.002942
-1.88 1624948938.00656
-1.88 1624948938.010125
-1.94 1624948938.013668
-1.94 1624948938.017223
-1.94 1624948938.020765
-1.88 1624948938.024313
-1.94 1624948938.027788
-1.94 1624948938.031316
-1.94 1624948938.034965
-1.94 1624948938.038616
-1.94 1624948938.042247
-1.94 1624948938.045815
-1.94 1624948938.049372
-1.81 1624948938.052952
6.42 1624948938.056793
44.34 1624948938.085499 touch_grd
13.05 1624948939.199215 go_up_roll
-1.94 1624948940.400965 start_8_iteration
-1.94 1624948941.196547
-1.94 1624948941.19999
-1.94 1624948941.203641
-1.88 1624948941.207213
-1.94 1624948941.21072
-1.94 1624948941.214371
-1.94 1624948941.217974
-1.94 1624948941.221571
-1.94 1624948941.225209
-1.94 1624948941.228771
-1.94 1624948941.232322
-1.94 1624948941.235931
-1.94 1624948941.239609
-1.94 1624948941.24323
-1.94 1624948941.24682
-1.94 1624948941.250382
-1.94 1624948941.253952
-1.94 1624948941.257645
-1.94 1624948941.261245
-1.94 1624948941.264843
-1.94 1624948941.268451
-1.94 1624948941.272098
-1.94 1624948941.275721
-1.94 1624948941.279232
-1.94 1624948941.282751
-1.94 1624948941.286306
-1.94 1624948941.289889
-1.94 1624948941.29347
-1.94 1624948941.296992
-1.94 1624948941.300629
-1.94 1624948941.304231
-1.94 1624948941.307748
-1.94 1624948941.311313
-1.94 1624948941.314843
-1.94 1624948941.318441
-1.94 1624948941.321949
-1.94 1624948941.325521
-1.94 1624948941.329098
-1.94 1624948941.332701
-1.94 1624948941.336203
-1.94 1624948941.339767
-1.94 1624948941.343341
-1.88 1624948941.346934
-1.94 1624948941.350437
-1.94 1624948941.354084
-1.94 1624948941.357618
-1.94 1624948941.361198
-1.94 1624948941.364727
-1.94 1624948941.368291
-1.94 1624948941.371895
-1.94 1624948941.375556
-1.94 1624948941.379078
-1.88 1624948941.38266
-1.94 1624948941.38618
-1.94 1624948941.389674
-1.94 1624948941.393292
-1.94 1624948941.396922
-1.94 1624948941.400565
-1.94 1624948941.404174
-1.94 1624948941.407669
-1.94 1624948941.411306
-1.94 1624948941.41482
-1.94 1624948941.418475
-1.94 1624948941.422056
-1.94 1624948941.42566
-1.94 1624948941.429436
-1.94 1624948941.433016
-1.94 1624948941.436756
-1.94 1624948941.440461
-1.94 1624948941.443944
-1.94 1624948941.447596
-1.94 1624948941.451182
-1.94 1624948941.454693
-1.94 1624948941.458312
-1.94 1624948941.461851
-1.94 1624948941.465407
-1.94 1624948941.468995
-1.94 1624948941.472552
-1.94 1624948941.476105
-1.94 1624948941.479774
-1.94 1624948941.483389
-1.94 1624948941.48701
-1.94 1624948941.490612
-1.94 1624948941.494214
-1.94 1624948941.497875
-1.94 1624948941.501611
-1.94 1624948941.505185
-1.94 1624948941.508837
-1.94 1624948941.512366
-1.88 1624948941.515998
-1.94 1624948941.519622
-1.88 1624948941.523271
-1.94 1624948941.526926
-1.94 1624948941.530629
-1.88 1624948941.534266
-1.94 1624948941.537792
-1.94 1624948941.54135
-1.94 1624948941.544926
-1.94 1624948941.548624
-1.94 1624948941.552223
-1.94 1624948941.555837
-1.94 1624948941.559406
-1.94 1624948941.562944
-1.94 1624948941.566547
4.69 1624948941.570376
37.71 1624948941.598238 touch_grd
5.74 1624948942.712475 go_up_roll
-1.94 1624948943.907569 start_9_iteration
-1.94 1624948944.710059
-1.94 1624948944.71364
-1.94 1624948944.717206
-1.94 1624948944.72071
-1.94 1624948944.724184
-1.94 1624948944.727729
-1.94 1624948944.731352
-1.94 1624948944.734878
-1.94 1624948944.73864
-1.94 1624948944.742365
-1.94 1624948944.745937
-1.94 1624948944.749442
-1.94 1624948944.75306
-1.94 1624948944.75662
-1.94 1624948944.760175
-1.94 1624948944.763699
-1.94 1624948944.767265
-1.94 1624948944.770868
-1.94 1624948944.774444
-1.94 1624948944.777988
-1.94 1624948944.781521
-1.94 1624948944.785131
-1.94 1624948944.788659
-1.94 1624948944.792227
-1.94 1624948944.795754
-1.94 1624948944.79938
-1.88 1624948944.802891
-1.94 1624948944.806461
-1.94 1624948944.810094
-1.94 1624948944.813599
-1.88 1624948944.817218
-1.94 1624948944.820765
-1.94 1624948944.824305
-1.94 1624948944.827881
-1.94 1624948944.831415
-1.94 1624948944.83501
-1.88 1624948944.838647
-1.94 1624948944.842215
-1.88 1624948944.845835
-1.88 1624948944.849333
-1.88 1624948944.852863
-1.94 1624948944.856372
-1.94 1624948944.859962
-1.94 1624948944.8636
-1.94 1624948944.867264
-1.94 1624948944.870863
-1.94 1624948944.87445
-1.94 1624948944.877928
-1.88 1624948944.881538
-1.94 1624948944.885083
-1.88 1624948944.888641
-1.94 1624948944.892278
-1.94 1624948944.895784
-1.94 1624948944.899363
-1.94 1624948944.902884
-1.94 1624948944.906535
-1.94 1624948944.910212
-1.94 1624948944.91375
-1.94 1624948944.917289
-1.94 1624948944.920854
-1.94 1624948944.924413
-1.94 1624948944.928002
-1.94 1624948944.931535
-1.94 1624948944.935263
-1.94 1624948944.938886
-1.94 1624948944.942644
-1.88 1624948944.946224
-1.94 1624948944.949852
-1.94 1624948944.953626
-1.94 1624948944.957256
-1.94 1624948944.960841
-1.94 1624948944.964394
-1.94 1624948944.968108
-1.94 1624948944.971641
-1.94 1624948944.97532
-1.94 1624948944.979007
-1.94 1624948944.982635
-1.94 1624948944.986247
-1.94 1624948944.989748
-1.94 1624948944.99339
-1.94 1624948944.996928
-1.94 1624948945.000631
-1.94 1624948945.004245
-1.94 1624948945.007991
-1.94 1624948945.01166
-1.94 1624948945.015363
-1.94 1624948945.018983
-1.94 1624948945.022617
-1.88 1624948945.026281
-1.88 1624948945.029871
-1.88 1624948945.033465
-1.94 1624948945.037014
-1.88 1624948945.040658
-1.88 1624948945.044267
-1.94 1624948945.047917
-1.94 1624948945.051667
-1.94 1624948945.055305
-1.94 1624948945.058951
-1.94 1624948945.062665
-1.94 1624948945.066358
-1.94 1624948945.069946
-1.94 1624948945.073527
-1.75 1624948945.077129
2.65 1624948945.080906
35.04 1624948945.110451 touch_grd
5.93 1624948946.222111 go_up_roll
