294.07177734375 1625213430.017089
293.2917175292969 1625213430.024115
293.2917175292969 1625213430.031098
293.2917175292969 1625213430.038217
293.2917175292969 1625213430.045184
294.07177734375 1625213430.052318
294.07177734375 1625213430.060189
294.07177734375 1625213430.067173
294.07177734375 1625213430.073769
294.30133056640625 1625213430.080827
294.07177734375 1625213430.087785
294.07177734375 1625213430.094856
293.8425598144531 1625213430.101821
293.2917175292969 1625213430.108845
293.2917175292969 1625213430.11586
293.2917175292969 1625213430.123128
293.2917175292969 1625213430.130247
293.2917175292969 1625213430.13817
293.2917175292969 1625213430.145249
293.2917175292969 1625213430.153112
292.2837219238281 1625213430.160125
293.0631408691406 1625213430.16727
293.0631408691406 1625213430.175015
292.2837219238281 1625213430.181999
293.0631408691406 1625213430.188806
292.2837219238281 1625213430.195811
292.2837219238281 1625213430.202813
292.2837219238281 1625213430.209775
292.2837219238281 1625213430.216833
292.2837219238281 1625213430.224055
293.0631408691406 1625213430.231113
293.0631408691406 1625213430.238107
293.0631408691406 1625213430.245119
293.0631408691406 1625213430.252053
293.0631408691406 1625213430.259093
292.2837219238281 1625213430.266132
300.85736083984375 1625213430.273793
381.3354797363281 1625213430.280846
640.9090576171875 1625213430.287894
895.0892944335938 1625213430.294869
1168.0 1625213430.301809
1397.6063232421875 1625213430.308849
2277.669921875 1625213430.315901
2563.169189453125 1625213430.322917
2619.7802734375 1625213430.329902
2445.606689453125 1625213430.336854
2480.083984375 1625213430.34385
2526.539306640625 1625213430.350898
2518.046630859375 1625213430.35809
2252.485107421875 1625213430.365237
2283.43310546875 1625213430.373144
2131.1787109375 1625213430.380109
2196.15380859375 1625213430.386987
2257.8125 1625213430.393966
2422.037353515625 1625213430.400935
2293.65087890625 1625213430.407728
2404.517333984375 1625213430.414665
2410.677734375 1625213430.42179
2380.081298828125 1625213430.428706
2380.855224609375 1625213430.435713
2391.836669921875 1625213430.442739
2437.75927734375 1625213430.4497
2409.465087890625 1625213430.456725
2409.465087890625 1625213430.463788
2374.745361328125 1625213430.470752
2340.040283203125 1625213430.477801
2369.387939453125 1625213430.484763
2226.744140625 1625213430.491834
2328.0 1625213430.498863
2412.37109375 1625213430.505717
2415.2890625 1625213430.512758
2340.725830078125 1625213430.519757
2245.09814453125 1625213430.526774
2215.1162109375 1625213430.533875
2200.38525390625 1625213430.540824
2034.798583984375 1625213430.547797
2076.779052734375 1625213430.554815
1939.71630859375 1625213430.56182
2146.110107421875 1625213430.568731
2192.67822265625 1625213430.57562
2173.6640625 1625213430.582893
2188.099853515625 1625213430.589728
2210.83154296875 1625213430.596691
2200.772216796875 1625213430.603925
2233.918212890625 1625213430.610978
2221.359375 1625213430.617981
2221.359375 1625213430.624914
2206.96337890625 1625213430.63195
2228.0703125 1625213430.63871
2240.70458984375 1625213430.645678
2215.1162109375 1625213430.652728
2211.650390625 1625213430.659624
2158.09521484375 1625213430.666732
2156.1904296875 1625213430.673742
2140.41748046875 1625213430.68066
2178.160888671875 1625213430.687972
2190.01904296875 1625213430.695218
2196.9111328125 1625213430.703023
2184.260986328125 1625213430.709858
2181.9921875 1625213430.716959
2190.75146484375 1625213430.723718
2244.140625 1625213430.730653
2176.923095703125 1625213430.737938
2074.211669921875 1625213430.7449
2072.22216796875 1625213430.751915
2034.7349853515625 1625213430.758914
2066.420654296875 1625213430.765917
2112.5703125 1625213430.77272
2144.21240234375 1625213430.779744
2134.4697265625 1625213430.786745
2080.074462890625 1625213430.793716
2062.73046875 1625213430.800744
2034.7349853515625 1625213430.807779
2040.1458740234375 1625213430.814645
2044.3623046875 1625213430.82169
2030.96533203125 1625213430.828764
2018.1817626953125 1625213430.835694
2009.0909423828125 1625213430.842591
1982.0467529296875 1625213430.8497
2009.04150390625 1625213430.856682
1996.38330078125 1625213430.863685
1953.6541748046875 1625213430.870648
1910.3690185546875 1625213430.877651
1905.5943603515625 1625213430.884741
1908.7718505859375 1625213430.891716
1920.774658203125 1625213430.898744
1917.39892578125 1625213430.905716
1939.71630859375 1625213430.912505
1948.58154296875 1625213430.919563
1967.741943359375 1625213430.926555
1924.2957763671875 1625213430.933609
1917.39892578125 1625213430.940549
1957.59716796875 1625213430.947602
2059.04052734375 1625213430.954585
2095.149169921875 1625213430.961628
2122.41064453125 1625213430.968688
2110.694091796875 1625213430.975597
2068.518310546875 1625213430.982643
2083.798828125 1625213430.98955
2110.90234375 1625213430.996603
2134.215576171875 1625213431.003728
2070.370361328125 1625213431.010635
2079.629638671875 1625213431.017723
2100.74609375 1625213431.024621
2098.880615234375 1625213431.031622
2119.85009765625 1625213431.038709
2175.908447265625 1625213431.045624
2176.58349609375 1625213431.052605
2194.230712890625 1625213431.059645
2204.63330078125 1625213431.066671
2182.341552734375 1625213431.073617
2182.341552734375 1625213431.08062
2128.3017578125 1625213431.087835
2126.654052734375 1625213431.094767
2100.371826171875 1625213431.101734
2101.12353515625 1625213431.108737
1994.5750732421875 1625213431.11573
2018.1817626953125 1625213431.122694
2137.99609375 1625213431.129725
2112.994384765625 1625213431.136635
2078.06689453125 1625213431.143569
2064.57568359375 1625213431.150599
2049.63232421875 1625213431.157527
2029.2503662109375 1625213431.164507
2023.72265625 1625213431.171524
1983.7838134765625 1625213431.178577
1974.8653564453125 1625213431.185631
1957.21923828125 1625213431.192539
1948.3985595703125 1625213431.199585
1943.262451171875 1625213431.206636
1955.436767578125 1625213431.213597
1953.6541748046875 1625213431.220675
1960.64404296875 1625213431.227577
1929.3287353515625 1625213431.234677
1922.53515625 1625213431.241659
1973.070068359375 1625213431.248597
1976.702392578125 1625213431.255658
1962.3656005859375 1625213431.262625
1960.7843017578125 1625213431.269709
1978.417236328125 1625213431.276437
1969.5885009765625 1625213431.283528
1946.7139892578125 1625213431.290891
1969.5340576171875 1625213431.298823
1955.5159912109375 1625213431.305633
1902.43896484375 1625213431.312738
1901.9263916015625 1625213431.319959
1892.173828125 1625213431.327746
1910.6829833984375 1625213431.334749
1912.2806396484375 1625213431.341811
1897.033203125 1625213431.349879
1907.3426513671875 1625213431.357777
1896.8531494140625 1625213431.364629
1950.3546142578125 1625213431.371484
1969.5885009765625 1625213431.378416
1946.7139892578125 1625213431.385513
1932.8621826171875 1625213431.392396
1951.9573974609375 1625213431.399543
1948.3065185546875 1625213431.406436
1950.1778564453125 1625213431.413457
1948.3985595703125 1625213431.42073
1957.21923828125 1625213431.42766
2020.0364990234375 1625213431.434749
1989.189208984375 1625213431.441744
1976.61865234375 1625213431.448841
1987.387451171875 1625213431.456793
1987.4100341796875 1625213431.464724
1994.5848388671875 1625213431.471556
1994.5848388671875 1625213431.478391
1948.3065185546875 1625213431.485274
1946.8084716796875 1625213431.492261
1967.857177734375 1625213431.499411
1964.349365234375 1625213431.506372
2005.4249267578125 1625213431.513328
2045.703857421875 1625213431.52033
2055.248779296875 1625213431.527396
2057.09033203125 1625213431.534406
2064.695068359375 1625213431.541554
2072.088623046875 1625213431.548635
2126.4150390625 1625213431.555614
2114.446533203125 1625213431.56259
2106.74169921875 1625213431.569594
2072.22216796875 1625213431.576604
2062.8466796875 1625213431.583681
2055.248779296875 1625213431.590646
2032.90673828125 1625213431.597723
2051.470458984375 1625213431.604683
2045.9559326171875 1625213431.611647
2034.798583984375 1625213431.618705
2059.149658203125 1625213431.625668
2010.9288330078125 1625213431.632522
2001.808349609375 1625213431.639565
2007.2596435546875 1625213431.646582
1983.81298828125 1625213431.653472
1996.389892578125 1625213431.660597
2018.14892578125 1625213431.667599
2034.798583984375 1625213431.674594
2025.59423828125 1625213431.68155
2076.35009765625 1625213431.688558
2064.456787109375 1625213431.695588
2051.376220703125 1625213431.702647
2025.5474853515625 1625213431.70956
2055.0458984375 1625213431.716458
2123.827392578125 1625213431.723234
2183.2060546875 1625213431.730256
2210.83154296875 1625213431.737339
2198.058349609375 1625213431.744323
2204.63330078125 1625213431.751367
2200.38525390625 1625213431.758321
2237.81689453125 1625213431.765323
2285.71435546875 1625213431.772353
2302.788818359375 1625213431.779359
2287.698486328125 1625213431.786656
2263.779541015625 1625213431.793647
2263.26123046875 1625213431.800705
2276.6796875 1625213431.807698
2274.70361328125 1625213431.81461
2274.161865234375 1625213431.821579
2249.01953125 1625213431.828687
2250.98046875 1625213431.835471
2230.46875 1625213431.842532
2206.96337890625 1625213431.849457
2213.178466796875 1625213431.856587
2223.301025390625 1625213431.86352
2180.42236328125 1625213431.870649
2158.39697265625 1625213431.877509
2136.622314453125 1625213431.884409
2095.149169921875 1625213431.891347
2085.343017578125 1625213431.898372
2093.28369140625 1625213431.90543
2120.52734375 1625213431.912357
2146.110107421875 1625213431.919429
2126.177001953125 1625213431.92643
2101.313232421875 1625213431.933355
2106.34326171875 1625213431.940379
2142.31494140625 1625213431.947242
2063.197021484375 1625213431.954279
2104.283203125 1625213431.961292
2132.075439453125 1625213431.968299
2094.97216796875 1625213431.975293
2081.784423828125 1625213431.982289
2104.6728515625 1625213431.98958
2068.265625 1625213431.996773
2079.925537109375 1625213432.004635
2089.385498046875 1625213432.011634
2097.014892578125 1625213432.018621
2108.411376953125 1625213432.026541
2126.177001953125 1625213432.033536
2110.487060546875 1625213432.040442
2132.57568359375 1625213432.04752
2074.349365234375 1625213432.0546
2045.78759765625 1625213432.061497
2103.189453125 1625213432.068532
2066.790283203125 1625213432.075494
2020.072998046875 1625213432.082544
2016.3636474609375 1625213432.089544
1996.389892578125 1625213432.096401
2014.54541015625 1625213432.1033
1852.233642578125 1625213432.110395
1870.017333984375 1625213432.117361
1882.3529052734375 1625213432.124229
1948.3985595703125 1625213432.13126
1910.0528564453125 1625213432.138319
1910.5262451171875 1625213432.145389
1885.017333984375 1625213432.152533
1868.51220703125 1625213432.159528
1890.0523681640625 1625213432.16658
1890.625 1625213432.173601
1902.097900390625 1625213432.180664
2045.8714599609375 1625213432.188462
2074.349365234375 1625213432.195435
2051.470458984375 1625213432.202281
2020.1466064453125 1625213432.209267
1875.216552734375 1625213432.216301
1887.543212890625 1625213432.223299
1884.0830078125 1625213432.230385
1860.1036376953125 1625213432.237289
1809.4434814453125 1625213432.244319
1877.5863037109375 1625213432.251302
1908.45068359375 1625213432.258316
1897.2125244140625 1625213432.265471
1886.7596435546875 1625213432.272498
1869.7916259765625 1625213432.279421
1897.391357421875 1625213432.286595
1960.71435546875 1625213432.294529
1992.7928466796875 1625213432.301554
2000.0 1625213432.308526
1998.1917724609375 1625213432.315575
1998.1851806640625 1625213432.323419
1998.1917724609375 1625213432.330476
1971.5301513671875 1625213432.337407
2045.703857421875 1625213432.344368
2014.5718994140625 1625213432.351449
2042.2017822265625 1625213432.358392
1996.3702392578125 1625213432.3655
1952.127685546875 1625213432.372414
2010.8695068359375 1625213432.379446
2049.45068359375 1625213432.386496
2077.77783203125 1625213432.393421
2118.421142578125 1625213432.400491
2110.694091796875 1625213432.407446
2083.643310546875 1625213432.414516
2066.66650390625 1625213432.421358
2057.195556640625 1625213432.428484
2077.922119140625 1625213432.435595
2074.073974609375 1625213432.443465
2079.925537109375 1625213432.450529
2057.195556640625 1625213432.457473
2053.308837890625 1625213432.464546
2042.2017822265625 1625213432.472426
2051.5654296875 1625213432.479399
2106.74169921875 1625213432.486426
2128.3017578125 1625213432.493434
2118.421142578125 1625213432.500375
2124.293701171875 1625213432.507526
2091.588623046875 1625213432.514485
2070.240234375 1625213432.5214
2089.55224609375 1625213432.528467
2049.723876953125 1625213432.535462
2066.66650390625 1625213432.542418
2085.82080078125 1625213432.549463
2053.308837890625 1625213432.556415
2044.03662109375 1625213432.563372
2021.8978271484375 1625213432.570378
2016.3934326171875 1625213432.577487
2045.8714599609375 1625213432.584448
2018.1817626953125 1625213432.59146
2027.4222412109375 1625213432.59848
2027.372314453125 1625213432.605448
2012.7041015625 1625213432.612398
2009.074462890625 1625213432.619476
2014.54541015625 1625213432.627458
2001.808349609375 1625213432.634285
1985.611572265625 1625213432.641262
1965.9498291015625 1625213432.648226
1973.070068359375 1625213432.655311
1951.78564453125 1625213432.662404
1967.741943359375 1625213432.669365
1936.283203125 1625213432.676237
1951.87158203125 1625213432.683243
1955.357177734375 1625213432.690282
1934.5133056640625 1625213432.697255
1934.397216796875 1625213432.704349
1966.0107421875 1625213432.711355
1960.71435546875 1625213432.719456
1964.15771484375 1625213432.727428
1973.070068359375 1625213432.734413
1953.81884765625 1625213432.741448
1973.1663818359375 1625213432.748594
1987.387451171875 1625213432.756411
1983.842041015625 1625213432.763417
1950.1778564453125 1625213432.770394
1941.6961669921875 1625213432.777363
1950.089111328125 1625213432.784443
1927.5618896484375 1625213432.791404
1883.2752685546875 1625213432.79843
1901.75439453125 1625213432.805432
1837.8839111328125 1625213432.812603
1870.46630859375 1625213432.820208
1835.8974609375 1625213432.8273
1850.5155029296875 1625213432.834413
1794.2664794921875 1625213432.841308
1829.9320068359375 1625213432.848429
1819.2568359375 1625213432.856348
1829.642333984375 1625213432.863499
1857.876708984375 1625213432.87142
1905.4290771484375 1625213432.879474
1895.1048583984375 1625213432.887247
1898.423828125 1625213432.89437
1925.6636962890625 1625213432.901195
1880.0 1625213432.908245
1924.4288330078125 1625213432.915277
1927.304931640625 1625213432.922338
1898.7783203125 1625213432.929346
1900.349609375 1625213432.93623
1886.56201171875 1625213432.943205
1895.1048583984375 1625213432.950291
1895.1048583984375 1625213432.957304
1908.9317626953125 1625213432.964465
1898.9547119140625 1625213432.972318
1868.2841796875 1625213432.979447
1876.07568359375 1625213432.987358
1854.41943359375 1625213432.994514
1862.0689697265625 1625213433.002197
1845.6260986328125 1625213433.009341
1862.0689697265625 1625213433.01623
1878.47216796875 1625213433.023256
1873.2637939453125 1625213433.030402
1849.056640625 1625213433.03834
1843.642578125 1625213433.045357
1821.4285888671875 1625213433.053321
1809.8472900390625 1625213433.060287
1798.9864501953125 1625213433.067896
1794.61279296875 1625213433.075201
1797.2972412109375 1625213433.082309
1777.2193603515625 1625213433.089188
1806.7796630859375 1625213433.096129
1816.6383056640625 1625213433.103212
1805.7431640625 1625213433.110344
1814.9405517578125 1625213433.117205
1806.7796630859375 1625213433.124236
1808.7987060546875 1625213433.131329
1835.8974609375 1625213433.138206
1814.6258544921875 1625213433.145205
1783.5570068359375 1625213433.152173
1810.49072265625 1625213433.159137
1824.8299560546875 1625213433.166139
1839.0411376953125 1625213433.173286
1834.18798828125 1625213433.181168
1829.642333984375 1625213433.188133
1875.4324951171875 1625213433.195175
1888.695556640625 1625213433.202244
1830.7691650390625 1625213433.209205
1805.084716796875 1625213433.216199
1806.07080078125 1625213433.223022
1832.4786376953125 1625213433.230085
1820.033935546875 1625213433.237084
1818.0272216796875 1625213433.244094
1817.2587890625 1625213433.251072
1837.6068115234375 1625213433.258118
1818.0272216796875 1625213433.265187
1819.7279052734375 1625213433.272194
1835.8974609375 1625213433.27917
1842.195556640625 1625213433.286114
1829.3515625 1625213433.293099
1847.0789794921875 1625213433.300129
1843.9107666015625 1625213433.307132
1839.0411376953125 1625213433.314231
1849.056640625 1625213433.321158
1868.7392578125 1625213433.328098
1862.0689697265625 1625213433.33501
1881.9444580078125 1625213433.342131
1880.0 1625213433.349102
1886.56201171875 1625213433.35613
1863.557861328125 1625213433.36319
1866.781982421875 1625213433.370269
1870.017333984375 1625213433.37827
1865.0518798828125 1625213433.38598
1862.0689697265625 1625213433.393003
1855.17236328125 1625213433.400085
1823.1292724609375 1625213433.407206
1809.4434814453125 1625213433.414105
1845.890380859375 1625213433.421168
1856.896484375 1625213433.428092
1852.233642578125 1625213433.435043
1853.951904296875 1625213433.44218
1844.1781005859375 1625213433.449033
1863.7930908203125 1625213433.456069
1859.1065673828125 1625213433.46317
1865.0518798828125 1625213433.470169
1837.3287353515625 1625213433.477129
1832.4786376953125 1625213433.484124
1840.4803466796875 1625213433.491136
1814.6258544921875 1625213433.498137
1816.3265380859375 1625213433.505108
1813.559326171875 1625213433.512159
1805.7431640625 1625213433.51915
1787.2696533203125 1625213433.526131
1805.7431640625 1625213433.533151
1805.41455078125 1625213433.540197
1809.12158203125 1625213433.546951
1824.2320556640625 1625213433.554109
1829.3515625 1625213433.560971
1802.3648681640625 1625213433.568028
1830.7691650390625 1625213433.575133
1830.7691650390625 1625213433.582037
1834.18798828125 1625213433.589049
1775.54443359375 1625213433.595989
1758.7354736328125 1625213433.603048
1757.877197265625 1625213433.610028
1762.063232421875 1625213433.617056
1823.1292724609375 1625213433.624038
1802.3648681640625 1625213433.631103
1814.9405517578125 1625213433.63802
1843.9107666015625 1625213433.644994
1860.585205078125 1625213433.651976
1871.75048828125 1625213433.659052
1858.864013671875 1625213433.666087
1870.46630859375 1625213433.67311
1876.9498291015625 1625213433.680212
1903.5087890625 1625213433.687918
1890.0523681640625 1625213433.694922
1881.7391357421875 1625213433.701971
1883.478271484375 1625213433.708972
1901.75439453125 1625213433.715962
1890.0523681640625 1625213433.723021
1912.2806396484375 1625213433.729987
1898.6014404296875 1625213433.736919
1910.5262451171875 1625213433.744002
1907.017578125 1625213433.750951
1924.1622314453125 1625213433.75799
1903.677734375 1625213433.765171
1917.2535400390625 1625213433.772072
1920.774658203125 1625213433.778976
1918.871337890625 1625213433.786035
1927.5618896484375 1625213433.792995
1941.4893798828125 1625213433.80002
1934.5133056640625 1625213433.806977
1913.732421875 1625213433.814104
1934.62890625 1625213433.821047
1932.980712890625 1625213433.828026
1917.39892578125 1625213433.835058
1900.349609375 1625213433.842005
1885.2174072265625 1625213433.848807
1886.95654296875 1625213433.855803
1862.0689697265625 1625213433.862895
1856.896484375 1625213433.869928
1865.284912109375 1625213433.876938
1868.51220703125 1625213433.883912
1868.51220703125 1625213433.890913
1883.6805419921875 1625213433.897993
1886.56201171875 1625213433.905015
1876.7362060546875 1625213433.911948
1881.9444580078125 1625213433.919026
1895.2879638671875 1625213433.925934
1888.501708984375 1625213433.932912
1880.2083740234375 1625213433.940002
1853.4482421875 1625213433.947006
1821.124267578125 1625213433.95392
1781.5125732421875 1625213433.960923
1767.9466552734375 1625213433.967998
1750.83056640625 1625213433.974814
1755.81396484375 1625213433.981758
1746.2686767578125 1625213433.988693
1739.27392578125 1625213433.995695
1728.618408203125 1625213434.002652
1721.3114013671875 1625213434.009715
1722.4959716796875 1625213434.016546
1718.4942626953125 1625213434.023553
1726.9736328125 1625213434.030596
1722.4959716796875 1625213434.037526
1733.1136474609375 1625213434.044524
1718.4942626953125 1625213434.051543
1740.4959716796875 1625213434.058547
1738.0560302734375 1625213434.06554
1738.843017578125 1625213434.072543
1742.1488037109375 1625213434.079598
1759.13623046875 1625213434.086604
1743.8016357421875 1625213434.093595
1749.58544921875 1625213434.100557
1743.37744140625 1625213434.107551
1740.066162109375 1625213434.114539
1742.57421875 1625213434.121556
1742.9984130859375 1625213434.128594
1805.0419921875 1625213434.135605
1838.2099609375 1625213434.142617
1797.63916015625 1625213434.149609
1868.2841796875 1625213434.15666
1795.9527587890625 1625213434.163594
1813.559326171875 1625213434.17059
1813.559326171875 1625213434.177622
1841.296875 1625213434.184615
1867.2413330078125 1625213434.191533
1875.862060546875 1625213434.198518
1908.7718505859375 1625213434.205454
1917.2535400390625 1625213434.212525
1896.8531494140625 1625213434.219513
1875.216552734375 1625213434.226519
1870.2421875 1625213434.233518
1885.2174072265625 1625213434.240471
1895.1048583984375 1625213434.247504
1886.95654296875 1625213434.254472
1890.4346923828125 1625213434.261563
1908.7718505859375 1625213434.268471
1900.5235595703125 1625213434.27562
1886.95654296875 1625213434.282608
1895.2879638671875 1625213434.289621
1884.615478515625 1625213434.296588
1845.36083984375 1625213434.303478
1827.938720703125 1625213434.310566
1837.6068115234375 1625213434.31755
1843.9107666015625 1625213434.324636
1840.75341796875 1625213434.331582
1831.3458251953125 1625213434.338579
1821.4285888671875 1625213434.345574
1831.3458251953125 1625213434.35241
1843.9107666015625 1625213434.359435
1832.4786376953125 1625213434.366453
1829.3515625 1625213434.373385
1813.559326171875 1625213434.38042
1824.531494140625 1625213434.387428
1824.531494140625 1625213434.394487
1834.18798828125 1625213434.401437
1831.0579833984375 1625213434.408466
1826.235107421875 1625213434.415507
1832.4786376953125 1625213434.422432
1835.8974609375 1625213434.429486
1805.7431640625 1625213434.436458
1840.75341796875 1625213434.443493
1834.18798828125 1625213434.450485
1849.056640625 1625213434.457524
1845.36083984375 1625213434.464553
1842.195556640625 1625213434.471442
1843.9107666015625 1625213434.478499
1834.18798828125 1625213434.485494
1832.7645263671875 1625213434.49253
1837.6068115234375 1625213434.499534
1863.32177734375 1625213434.506543
1865.0518798828125 1625213434.513504
1860.1036376953125 1625213434.52033
1871.75048828125 1625213434.527358
1891.7974853515625 1625213434.534395
1868.7392578125 1625213434.541407
1905.26318359375 1625213434.548458
1888.8887939453125 1625213434.555361
1880.8289794921875 1625213434.562372
1920.774658203125 1625213434.569363
1901.9263916015625 1625213434.576368
1859.13037109375 1625213434.583374
1794.61279296875 1625213434.590397
1774.6243896484375 1625213434.597475
1767.9466552734375 1625213434.6044
1767.054931640625 1625213434.611451
1800.33837890625 1625213434.61845
1823.4295654296875 1625213434.625451
1762.541748046875 1625213434.63242
1750.83056640625 1625213434.639445
1743.8016357421875 1625213434.646409
1748.344482421875 1625213434.653418
1759.13623046875 1625213434.660451
1759.13623046875 1625213434.667455
1757.071533203125 1625213434.674542
1746.688720703125 1625213434.681352
1753.311279296875 1625213434.688344
1857.142822265625 1625213434.695345
1850.5155029296875 1625213434.702369
1835.8974609375 1625213434.709338
1826.235107421875 1625213434.71638
1789.5623779296875 1625213434.723346
1771.2855224609375 1625213434.730412
1752.49169921875 1625213434.737328
1747.107421875 1625213434.744405
1771.2855224609375 1625213434.751413
1760.3992919921875 1625213434.758419
1768.7188720703125 1625213434.76537
1781.879150390625 1625213434.772358
1777.4029541015625 1625213434.779374
1743.4210205078125 1625213434.786427
1767.9466552734375 1625213434.793512
1758.7354736328125 1625213434.800482
1731.0230712890625 1625213434.807245
1716.8575439453125 1625213434.814355
1714.0523681640625 1625213434.821313
1713.5843505859375 1625213434.828369
1709.624755859375 1625213434.835333
1718.0328369140625 1625213434.84235
1731.9078369140625 1625213434.849322
1725.3289794921875 1625213434.856359
1719.672119140625 1625213434.863409
1721.3114013671875 1625213434.8704
1724.137939453125 1625213434.877383
1715.220947265625 1625213434.884307
1715.220947265625 1625213434.891432
1706.3621826171875 1625213434.898411
1729.06396484375 1625213434.905298
1729.81884765625 1625213434.912342
1738.843017578125 1625213434.919355
1758.7354736328125 1625213434.926335
1760.3992919921875 1625213434.933355
1759.13623046875 1625213434.940379
1755.81396484375 1625213434.947413
1758.7354736328125 1625213434.954377
1760.3992919921875 1625213434.961404
1757.0247802734375 1625213434.96834
1749.58544921875 1625213434.975386
1732.67333984375 1625213434.982224
1720.130859375 1625213434.989267
1736.4085693359375 1625213434.996271
1765.3909912109375 1625213435.00328
1787.2696533203125 1625213435.010305
1791.245849609375 1625213435.017251
1821.4285888671875 1625213435.024296
1825.9385986328125 1625213435.031286
1821.124267578125 1625213435.038278
1841.025634765625 1625213435.045301
1843.9107666015625 1625213435.052248
1826.530517578125 1625213435.059253
1861.8306884765625 1625213435.066289
1843.1033935546875 1625213435.073289
1800.6756591796875 1625213435.080367
1810.49072265625 1625213435.087491
1814.189208984375 1625213435.094337
1895.4703369140625 1625213435.101453
1919.0140380859375 1625213435.108445
1908.7718505859375 1625213435.115481
1932.8621826171875 1625213435.122671
1937.9432373046875 1625213435.129743
1939.71630859375 1625213435.136682
1944.9378662109375 1625213435.143694
1932.7432861328125 1625213435.150587
1927.9437255859375 1625213435.157539
1937.9432373046875 1625213435.16436
1937.9432373046875 1625213435.17131
1936.283203125 1625213435.178333
1937.9432373046875 1625213435.185332
1939.822998046875 1625213435.192328
1958.9285888671875 1625213435.199344
1924.1622314453125 1625213435.206292
1934.397216796875 1625213435.213343
1926.056396484375 1625213435.22034
1943.262451171875 1625213435.22738
1941.4893798828125 1625213435.23439
1958.9285888671875 1625213435.241362
1969.5340576171875 1625213435.248412
1962.432861328125 1625213435.25538
1943.262451171875 1625213435.262342
1915.4930419921875 1625213435.269376
1910.5262451171875 1625213435.276392
1931.0953369140625 1625213435.283416
1923.893798828125 1625213435.29038
1969.5885009765625 1625213435.297253
1976.61865234375 1625213435.304233
1978.417236328125 1625213435.311243
1958.9285888671875 1625213435.318342
1937.9432373046875 1625213435.325258
1934.62890625 1625213435.332291
1932.8621826171875 1625213435.339312
1927.5618896484375 1625213435.346338
1929.3287353515625 1625213435.353517
1908.7718505859375 1625213435.360506
1907.180419921875 1625213435.36756
1912.2806396484375 1625213435.374505
1890.0523681640625 1625213435.381553
1895.1048583984375 1625213435.388565
1908.7718505859375 1625213435.395519
1912.1265869140625 1625213435.402529
1905.26318359375 1625213435.409562
1917.39892578125 1625213435.416516
1931.0953369140625 1625213435.423534
1910.5262451171875 1625213435.430496
1920.774658203125 1625213435.437424
1896.8531494140625 1625213435.44432
1880.4158935546875 1625213435.451342
1871.9722900390625 1625213435.458219
1871.75048828125 1625213435.465172
1877.16259765625 1625213435.472155
1905.5943603515625 1625213435.479238
1922.3985595703125 1625213435.48626
1939.822998046875 1625213435.493252
1912.434326171875 1625213435.500312
1931.0953369140625 1625213435.507233
1920.774658203125 1625213435.514421
1919.0140380859375 1625213435.521302
1939.822998046875 1625213435.528248
1935.9429931640625 1625213435.535312
1919.0140380859375 1625213435.542275
1910.6829833984375 1625213435.549324
1910.3690185546875 1625213435.556258
1908.7718505859375 1625213435.563287
1927.5618896484375 1625213435.570478
1903.677734375 1625213435.577513
1910.2113037109375 1625213435.584482
1913.884033203125 1625213435.591506
1915.6414794921875 1625213435.598519
1915.6414794921875 1625213435.605485
1915.4930419921875 1625213435.612517
1915.6414794921875 1625213435.619554
1915.4930419921875 1625213435.626394
1929.3287353515625 1625213435.633331
1907.017578125 1625213435.640386
1934.62890625 1625213435.647534
1978.4560546875 1625213435.654376
1973.1663818359375 1625213435.661227
2000.0 1625213435.668271
1992.7667236328125 1625213435.675267
1941.0714111328125 1625213435.682342
1948.490234375 1625213435.689305
1950.1778564453125 1625213435.696372
1973.070068359375 1625213435.703337
1985.611572265625 1625213435.710299
1985.611572265625 1625213435.717266
1920.6348876953125 1625213435.724258
1896.4912109375 1625213435.731239
1897.2125244140625 1625213435.738302
1880.0 1625213435.745337
1883.478271484375 1625213435.752365
1897.033203125 1625213435.759277
1861.8306884765625 1625213435.766332
1850.7718505859375 1625213435.773285
1875.647705078125 1625213435.780304
1903.677734375 1625213435.787404
1874.564453125 1625213435.794304
1886.95654296875 1625213435.801375
1898.7783203125 1625213435.808455
1924.0283203125 1625213435.815483
1901.75439453125 1625213435.822502
1857.142822265625 1625213435.82951
1868.9654541015625 1625213435.837386
1888.8887939453125 1625213435.844352
1883.478271484375 1625213435.851478
1881.7391357421875 1625213435.858331
1880.0 1625213435.865333
1843.642578125 1625213435.872316
1837.8839111328125 1625213435.879392
1852.233642578125 1625213435.886317
1864.0274658203125 1625213435.893257
1879.7908935546875 1625213435.900341
1868.2841796875 1625213435.907336
1847.0789794921875 1625213435.914421
1840.75341796875 1625213435.921433
1839.0411376953125 1625213435.928447
1839.3162841796875 1625213435.935343
1848.7972412109375 1625213435.942375
1835.8974609375 1625213435.949456
1856.896484375 1625213435.956421
1887.15283203125 1625213435.963251
1886.56201171875 1625213435.970157
1905.4290771484375 1625213435.977134
1890.0523681640625 1625213435.984125
1881.7391357421875 1625213435.991096
1888.695556640625 1625213435.998102
1891.7974853515625 1625213436.005125
1889.860107421875 1625213436.011936
1897.033203125 1625213436.01891
1852.233642578125 1625213436.025999
1873.4835205078125 1625213436.03285
1845.6260986328125 1625213436.039957
1861.3013916015625 1625213436.047033
1871.52783203125 1625213436.054106
1860.1036376953125 1625213436.061109
1866.781982421875 1625213436.068085
1881.9444580078125 1625213436.075052
1886.95654296875 1625213436.082062
1868.2841796875 1625213436.089011
1845.6260986328125 1625213436.096146
1827.938720703125 1625213436.103015
1834.470947265625 1625213436.110018
1867.0120849609375 1625213436.117303
1868.7392578125 1625213436.124344
1867.0120849609375 1625213436.131366
1868.7392578125 1625213436.138412
1865.284912109375 1625213436.145408
1868.7392578125 1625213436.152388
1845.6260986328125 1625213436.159326
1876.9498291015625 1625213436.166432
1865.284912109375 1625213436.173414
1878.682861328125 1625213436.180339
1880.0 1625213436.1872
1880.2083740234375 1625213436.194219
1870.2421875 1625213436.201223
1863.557861328125 1625213436.208222
1843.9107666015625 1625213436.21509
1843.9107666015625 1625213436.22196
1843.9107666015625 1625213436.229047
1857.142822265625 1625213436.236014
1862.54296875 1625213436.242968
1902.268798828125 1625213436.250043
1927.6895751953125 1625213436.257
1931.0953369140625 1625213436.264079
1944.83984375 1625213436.271028
1944.83984375 1625213436.278079
1932.7432861328125 1625213436.285131
1924.1622314453125 1625213436.2921
1917.2535400390625 1625213436.299072
1898.6014404296875 1625213436.306062
1886.95654296875 1625213436.313134
1905.4290771484375 1625213436.320158
1893.728271484375 1625213436.327067
1898.7783203125 1625213436.334131
1890.625 1625213436.341092
1912.2806396484375 1625213436.348188
1912.2806396484375 1625213436.355138
1910.5262451171875 1625213436.361936
1907.180419921875 1625213436.369129
1912.1265869140625 1625213436.376137
1912.1265869140625 1625213436.383173
1912.1265869140625 1625213436.390215
1905.4290771484375 1625213436.397169
1915.6414794921875 1625213436.404215
1915.7894287109375 1625213436.411187
1939.822998046875 1625213436.418189
1943.16162109375 1625213436.425162
1929.3287353515625 1625213436.432066
1920.6348876953125 1625213436.43912
1936.170166015625 1625213436.44613
1934.5133056640625 1625213436.45316
1936.283203125 1625213436.460124
1946.7139892578125 1625213436.467165
1953.6541748046875 1625213436.474037
1951.9573974609375 1625213436.481094
1939.822998046875 1625213436.48813
1946.6192626953125 1625213436.495074
1939.822998046875 1625213436.502179
1948.3985595703125 1625213436.509073
1943.16162109375 1625213436.516071
1941.3853759765625 1625213436.523262
1946.6192626953125 1625213436.530257
1912.1265869140625 1625213436.536911
1922.8070068359375 1625213436.543973
1944.9378662109375 1625213436.551043
1950.1778564453125 1625213436.557944
1943.262451171875 1625213436.565051
1950.1778564453125 1625213436.572004
1958.9285888671875 1625213436.578955
1967.857177734375 1625213436.585971
1960.71435546875 1625213436.593021
1948.490234375 1625213436.600164
1953.6541748046875 1625213436.606996
1932.8621826171875 1625213436.614025
1934.5133056640625 1625213436.621063
1939.822998046875 1625213436.628051
1951.87158203125 1625213436.635149
1943.262451171875 1625213436.642021
1950.1778564453125 1625213436.649032
1953.6541748046875 1625213436.656039
1946.7139892578125 1625213436.663081
1944.9378662109375 1625213436.670125
1951.9573974609375 1625213436.677009
1962.5 1625213436.684157
1955.5159912109375 1625213436.691119
1965.9498291015625 1625213436.697933
1936.283203125 1625213436.704906
1957.21923828125 1625213436.711991
1948.3985595703125 1625213436.719019
1937.9432373046875 1625213436.725934
1937.9432373046875 1625213436.732965
1863.7930908203125 1625213436.73996
1835.616455078125 1625213436.747135
1843.9107666015625 1625213436.754004
1844.1781005859375 1625213436.761008
1834.7530517578125 1625213436.768043
1843.9107666015625 1625213436.775001
1850.5155029296875 1625213436.782077
1874.137939453125 1625213436.789014
1870.017333984375 1625213436.796006
1873.4835205078125 1625213436.803084
1880.2083740234375 1625213436.809995
1873.4835205078125 1625213436.816975
1840.75341796875 1625213436.824039
1865.5172119140625 1625213436.83106
1873.4835205078125 1625213436.83795
1841.025634765625 1625213436.845044
1870.017333984375 1625213436.852071
1858.62060546875 1625213436.859094
1858.62060546875 1625213436.866042
1845.890380859375 1625213436.873062
1845.6260986328125 1625213436.88007
1834.18798828125 1625213436.887043
1843.9107666015625 1625213436.89409
1843.9107666015625 1625213436.900979
1879.7908935546875 1625213436.908003
1865.284912109375 1625213436.915058
1862.0689697265625 1625213436.92215
1859.1065673828125 1625213436.929034
1865.284912109375 1625213436.935978
1850.5155029296875 1625213436.942937
1865.284912109375 1625213436.949911
1830.7691650390625 1625213436.956853
1842.195556640625 1625213436.963909
1844.1781005859375 1625213436.970982
1839.0411376953125 1625213436.977818
1880.2083740234375 1625213436.984935
1810.16943359375 1625213436.99188
1788.2353515625 1625213436.998842
1780.2012939453125 1625213437.00585
1826.235107421875 1625213437.012861
1814.9405517578125 1625213437.019794
1812.9251708984375 1625213437.026681
1767.9466552734375 1625213437.033748
1770.0 1625213437.040716
1776.2938232421875 1625213437.047747
1810.49072265625 1625213437.054684
1816.3265380859375 1625213437.061777
1798.9864501953125 1625213437.068999
1812.1827392578125 1625213437.075963
1810.16943359375 1625213437.083136
1813.8748779296875 1625213437.090039
1847.34130859375 1625213437.097206
1870.017333984375 1625213437.105042
1835.33447265625 1625213437.111893
1822.827880859375 1625213437.118796
1834.18798828125 1625213437.125811
1839.0411376953125 1625213437.132906
1878.47216796875 1625213437.13981
1868.51220703125 1625213437.146835
1875.0 1625213437.15388
1873.702392578125 1625213437.160878
1860.3448486328125 1625213437.167683
1781.879150390625 1625213437.174686
1781.30224609375 1625213437.181768
1786.5545654296875 1625213437.189007
1733.1136474609375 1625213437.196002
1758.7354736328125 1625213437.203202
1762.938232421875 1625213437.209973
1778.8944091796875 1625213437.217015
1773.869384765625 1625213437.224005
1783.5570068359375 1625213437.231055
1792.9293212890625 1625213437.238109
1743.37744140625 1625213437.245056
1729.81884765625 1625213437.251888
1731.4661865234375 1625213437.258889
1726.52392578125 1625213437.265936
1733.5526123046875 1625213437.272845
1735.9736328125 1625213437.279881
1729.81884765625 1625213437.287003
1725.780029296875 1625213437.293903
1715.220947265625 1625213437.301079
1703.5831298828125 1625213437.308064
1707.516357421875 1625213437.315055
1710.7843017578125 1625213437.322098
1706.3621826171875 1625213437.329049
1713.5843505859375 1625213437.335741
1718.4942626953125 1625213437.342602
1718.0328369140625 1625213437.349547
1726.9736328125 1625213437.356567
1731.9078369140625 1625213437.363671
1733.5526123046875 1625213437.370869
1760.0 1625213437.377962
1738.41064453125 1625213437.384891
1767.054931640625 1625213437.39188
1757.877197265625 1625213437.398779
1743.37744140625 1625213437.405794
1758.7354736328125 1625213437.412872
1787.37548828125 1625213437.41989
1847.0789794921875 1625213437.426815
1838.7650146484375 1625213437.433817
1825.9385986328125 1625213437.440904
1845.890380859375 1625213437.44783
1860.3448486328125 1625213437.454875
1855.421630859375 1625213437.461814
1855.17236328125 1625213437.468806
1837.3287353515625 1625213437.475846
1805.7431640625 1625213437.482886
1813.2427978515625 1625213437.48983
1826.530517578125 1625213437.496656
1847.34130859375 1625213437.503656
1860.1036376953125 1625213437.510677
1850.5155029296875 1625213437.517732
1835.8974609375 1625213437.524701
1831.0579833984375 1625213437.531673
1840.75341796875 1625213437.538667
1834.470947265625 1625213437.545686
1853.7005615234375 1625213437.552641
1862.0689697265625 1625213437.559691
1858.62060546875 1625213437.566713
1863.7930908203125 1625213437.573695
1845.36083984375 1625213437.580834
1845.6260986328125 1625213437.58798
1821.4285888671875 1625213437.594916
1795.9527587890625 1625213437.602118
1811.8643798828125 1625213437.609957
1816.3265380859375 1625213437.616842
1800.6756591796875 1625213437.623752
1787.8787841796875 1625213437.630759
1822.827880859375 1625213437.63768
1832.1917724609375 1625213437.644763
1798.6463623046875 1625213437.651885
1804.384521484375 1625213437.658787
1800.6756591796875 1625213437.665921
1801.69482421875 1625213437.672822
1762.063232421875 1625213437.67985
1752.49169921875 1625213437.686823
1754.15283203125 1625213437.693803
1749.58544921875 1625213437.701077
1738.41064453125 1625213437.708852
1737.190185546875 1625213437.71567
1749.58544921875 1625213437.72263
1740.4959716796875 1625213437.729666
1755.81396484375 1625213437.736636
1752.902099609375 1625213437.743635
1726.9736328125 1625213437.750638
1752.902099609375 1625213437.75778
1762.063232421875 1625213437.764648
1765.0 1625213437.771901
1749.58544921875 1625213437.779015
1730.2630615234375 1625213437.786805
1714.0523681640625 1625213437.79385
1719.672119140625 1625213437.800533
1718.0328369140625 1625213437.807495
1733.1136474609375 1625213437.814519
1748.344482421875 1625213437.821486
1747.9271240234375 1625213437.828441
1740.4959716796875 1625213437.835479
1747.5247802734375 1625213437.842402
1780.569580078125 1625213437.849464
1775.54443359375 1625213437.8565
1763.3333740234375 1625213437.863439
1750.83056640625 1625213437.870456
1735.1973876953125 1625213437.87743
1763.72705078125 1625213437.884476
1761.6666259765625 1625213437.891455
1735.9736328125 1625213437.898532
1755.40771484375 1625213437.905517
1734.7611083984375 1625213437.912474
1740.924072265625 1625213437.919464
1754.560546875 1625213437.926474
1775.919677734375 1625213437.93374
1783.5570068359375 1625213437.940907
1792.9293212890625 1625213437.948938
1781.879150390625 1625213437.95601
1794.61279296875 1625213437.963804
1805.7431640625 1625213437.970874
1819.7279052734375 1625213437.979004
1816.6383056640625 1625213437.98673
1794.61279296875 1625213437.993627
1783.5570068359375 1625213438.000672
1822.827880859375 1625213438.007587
1792.9293212890625 1625213438.014572
1789.9158935546875 1625213438.021556
1791.245849609375 1625213438.028534
1842.4656982421875 1625213438.035478
1820.033935546875 1625213438.042468
1827.64501953125 1625213438.049526
1823.1292724609375 1625213438.056524
1834.470947265625 1625213438.063436
1831.0579833984375 1625213438.07052
1824.531494140625 1625213438.077334
1823.4295654296875 1625213438.084354
1821.4285888671875 1625213438.091375
1819.7279052734375 1625213438.09828
1829.3515625 1625213438.105353
1831.0579833984375 1625213438.112338
1853.951904296875 1625213438.11932
1873.2637939453125 1625213438.12635
1845.890380859375 1625213438.133356
1845.890380859375 1625213438.140356
1820.2054443359375 1625213438.147353
1797.63916015625 1625213438.154356
1791.245849609375 1625213438.161373
1773.869384765625 1625213438.168398
1790.893798828125 1625213438.175393
1797.658935546875 1625213438.182412
1823.1292724609375 1625213438.189399
1825.1273193359375 1625213438.196426
1815.254150390625 1625213438.203376
1857.142822265625 1625213438.210416
1873.702392578125 1625213438.217329
1890.243896484375 1625213438.224423
1895.2879638671875 1625213438.231415
1898.423828125 1625213438.238467
1896.8531494140625 1625213438.245378
1903.84619140625 1625213438.252398
1900.5235595703125 1625213438.259421
1894.921142578125 1625213438.266433
1912.1265869140625 1625213438.273443
1892.173828125 1625213438.280536
1905.4290771484375 1625213438.287387
1905.26318359375 1625213438.294455
1883.2752685546875 1625213438.301239
1813.2427978515625 1625213438.308258
1811.5450439453125 1625213438.315269
1807.432373046875 1625213438.32232
1849.5726318359375 1625213438.329329
1860.1036376953125 1625213438.336322
1871.9722900390625 1625213438.343339
1883.478271484375 1625213438.350355
1883.071533203125 1625213438.357316
1816.9490966796875 1625213438.364337
1837.2880859375 1625213438.371304
1873.4835205078125 1625213438.378403
1881.9444580078125 1625213438.385301
1893.542724609375 1625213438.392262
1883.478271484375 1625213438.39931
1867.2413330078125 1625213438.406317
1875.0 1625213438.413319
1834.18798828125 1625213438.420328
1845.36083984375 1625213438.427432
1814.6258544921875 1625213438.434303
1844.4443359375 1625213438.441323
1873.4835205078125 1625213438.448381
1880.2083740234375 1625213438.455295
1881.9444580078125 1625213438.462366
1855.90283203125 1625213438.469369
1818.0272216796875 1625213438.476361
1793.2203369140625 1625213438.483354
1808.4033203125 1625213438.490368
1835.33447265625 1625213438.497396
1810.810791015625 1625213438.504358
1827.64501953125 1625213438.511258
1824.531494140625 1625213438.518287
1818.336181640625 1625213438.525255
1810.16943359375 1625213438.532258
1768.3333740234375 1625213438.53925
1768.3333740234375 1625213438.546417
1780.3660888671875 1625213438.553239
1803.7225341796875 1625213438.560247
1792.9293212890625 1625213438.567279
1785.2349853515625 1625213438.574207
1798.65771484375 1625213438.581283
1824.8299560546875 1625213438.588293
1851.9793701171875 1625213438.595282
1834.470947265625 1625213438.602356
1824.8299560546875 1625213438.609297
1852.233642578125 1625213438.616332
1850.5155029296875 1625213438.623226
1865.284912109375 1625213438.630268
1855.421630859375 1625213438.63736
1856.896484375 1625213438.644616
1860.3448486328125 1625213438.651635
1858.62060546875 1625213438.658539
1858.37646484375 1625213438.665619
1873.2637939453125 1625213438.67263
1867.0120849609375 1625213438.679954
1852.686279296875 1625213438.68747
1878.47216796875 1625213438.694278
1834.18798828125 1625213438.701291
1854.4520263671875 1625213438.708227
1840.4803466796875 1625213438.715306
1843.9107666015625 1625213438.722233
1832.7645263671875 1625213438.729283
1834.18798828125 1625213438.736497
1830.7691650390625 1625213438.743523
1832.7645263671875 1625213438.750518
1837.6068115234375 1625213438.757502
1871.9722900390625 1625213438.764523
1843.642578125 1625213438.771489
1824.531494140625 1625213438.778597
1818.64404296875 1625213438.785665
1821.4285888671875 1625213438.792551
1826.8251953125 1625213438.799676
1848.5369873046875 1625213438.806439
1837.3287353515625 1625213438.813267
1810.16943359375 1625213438.820267
1804.0540771484375 1625213438.827355
1811.5450439453125 1625213438.834397
1813.2427978515625 1625213438.841336
1772.5753173828125 1625213438.848405
1785.2349853515625 1625213438.855316
1777.2193603515625 1625213438.862321
1772.5753173828125 1625213438.869375
1764.2139892578125 1625213438.876178
1766.277099609375 1625213438.883175
1767.9466552734375 1625213438.890221
1783.5570068359375 1625213438.897209
1814.9405517578125 1625213438.904503
1833.9041748046875 1625213438.91148
1788.590576171875 1625213438.918469
1792.9293212890625 1625213438.925388
1811.2244873046875 1625213438.932466
1791.245849609375 1625213438.939432
1797.9798583984375 1625213438.946523
1814.9405517578125 1625213438.953422
1814.9405517578125 1625213438.960479
1808.7987060546875 1625213438.967403
1791.245849609375 1625213438.974357
1809.12158203125 1625213438.981298
1814.9405517578125 1625213438.988334
1802.3648681640625 1625213438.995211
1794.61279296875 1625213439.002214
1783.5570068359375 1625213439.009173
1780.569580078125 1625213439.016226
1788.9447021484375 1625213439.023311
1779.4613037109375 1625213439.030182
1755.81396484375 1625213439.037326
1760.79736328125 1625213439.044201
1746.688720703125 1625213439.051434
1769.615966796875 1625213439.058393
1766.277099609375 1625213439.06534
1757.47509765625 1625213439.072332
1761.6666259765625 1625213439.079528
1755.81396484375 1625213439.086345
1760.0 1625213439.0933
1747.50830078125 1625213439.10037
1714.0523681640625 1625213439.107441
1720.394775390625 1625213439.114419
1724.137939453125 1625213439.121344
1723.6842041015625 1625213439.12823
1715.927734375 1625213439.135181
1707.9935302734375 1625213439.142062
1698.6971435546875 1625213439.149162
1699.67529296875 1625213439.15614
1718.4942626953125 1625213439.16314
1717.56982421875 1625213439.170139
1692.058349609375 1625213439.177137
1698.0518798828125 1625213439.184217
1758.7354736328125 1625213439.191145
1755.81396484375 1625213439.19812
1758.3333740234375 1625213439.205183
1756.2188720703125 1625213439.212193
1752.49169921875 1625213439.219136
1765.8863525390625 1625213439.225986
1767.9466552734375 1625213439.233051
1750.83056640625 1625213439.240026
1762.063232421875 1625213439.247008
1750.0 1625213439.254018
1752.902099609375 1625213439.261026
1774.24755859375 1625213439.268116
1784.8740234375 1625213439.275026
1786.1953125 1625213439.282107
1791.245849609375 1625213439.28907
1785.2349853515625 1625213439.2961
1803.7225341796875 1625213439.303127
1789.9158935546875 1625213439.310085
1796.2962646484375 1625213439.317165
1781.5125732421875 1625213439.324137
1778.8944091796875 1625213439.331158
1775.54443359375 1625213439.338097
1768.3333740234375 1625213439.345117
1770.9029541015625 1625213439.352486
1751.2437744140625 1625213439.359399
1760.3992919921875 1625213439.366541
1757.47509765625 1625213439.374317
1764.607666015625 1625213439.3811
1761.6666259765625 1625213439.388235
1747.107421875 1625213439.395181
1763.72705078125 1625213439.402248
1755.81396484375 1625213439.409203
1758.7354736328125 1625213439.416253
1754.15283203125 1625213439.423092
1740.924072265625 1625213439.430171
1755.40771484375 1625213439.437247
1725.780029296875 1625213439.444192
1724.137939453125 1625213439.451138
1725.3289794921875 1625213439.458196
1713.5843505859375 1625213439.465291
1700.8131103515625 1625213439.47222
1705.2117919921875 1625213439.479242
1723.6842041015625 1625213439.486263
1710.7843017578125 1625213439.493256
1720.853759765625 1625213439.500204
1706.3621826171875 1625213439.507283
1706.3621826171875 1625213439.514275
1724.137939453125 1625213439.521256
1721.3114013671875 1625213439.528221
1732.67333984375 1625213439.535083
1738.0560302734375 1625213439.542087
1745.033203125 1625213439.549163
1735.9736328125 1625213439.556144
1737.623779296875 1625213439.563077
1730.2630615234375 1625213439.570147
1749.58544921875 1625213439.577199
1733.1136474609375 1625213439.584302
1730.2630615234375 1625213439.591285
1742.1488037109375 1625213439.598374
1725.3289794921875 1625213439.605256
1729.06396484375 1625213439.612423
1719.672119140625 1625213439.619382
1714.0523681640625 1625213439.626516
1713.5843505859375 1625213439.634124
1710.7843017578125 1625213439.641099
1715.686279296875 1625213439.648144
1710.7843017578125 1625213439.655106
1703.0994873046875 1625213439.662125
1683.3602294921875 1625213439.6692
1670.947021484375 1625213439.675947
1659.199951171875 1625213439.682934
1662.9212646484375 1625213439.689916
1664.5264892578125 1625213439.697095
1658.65380859375 1625213439.703961
1657.05126953125 1625213439.711018
1661.85888671875 1625213439.718007
1680.1292724609375 1625213439.725038
1664.5264892578125 1625213439.73203
1679.6116943359375 1625213439.738954
1663.9871826171875 1625213439.746027
1667.20263671875 1625213439.75302
1651.2000732421875 1625213439.759973
1667.20263671875 1625213439.767045
1653.84619140625 1625213439.774022
1678.5137939453125 1625213439.780973
1679.6116943359375 1625213439.787995
1654.4000244140625 1625213439.795118
1654.9520263671875 1625213439.802034
1660.25634765625 1625213439.80897
1665.5948486328125 1625213439.816062
1666.6666259765625 1625213439.823039
1692.6829833984375 1625213439.83009
1692.058349609375 1625213439.83714
1682.847900390625 1625213439.844052
1661.85888671875 1625213439.851062
1641.1483154296875 1625213439.858042
1625.990478515625 1625213439.865136
1622.432861328125 1625213439.872082
1637.519775390625 1625213439.87907
1635.9300537109375 1625213439.886214
1635.9300537109375 1625213439.893182
1636.5079345703125 1625213439.900192
1632.7503662109375 1625213439.907103
1625.990478515625 1625213439.914232
1619.2733154296875 1625213439.921176
1620.253173828125 1625213439.928126
1623.417724609375 1625213439.935159
1616.71923828125 1625213439.942141
1644.338134765625 1625213439.948982
1652.3126220703125 1625213439.955979
1606.918212890625 1625213439.962956
1637.519775390625 1625213439.969875
1665.5948486328125 1625213439.976859
1661.316162109375 1625213439.984084
1666.131591796875 1625213439.991088
1673.6334228515625 1625213439.99807
1680.713134765625 1625213440.005123
1694.80517578125 1625213440.012153
1688.81689453125 1625213440.019075
1700.32568359375 1625213440.026109
1686.0841064453125 1625213440.033061
1697.56103515625 1625213440.040072
1722.4959716796875 1625213440.047114
1749.58544921875 1625213440.054155
1741.350830078125 1625213440.061031
1747.50830078125 1625213440.06795
1738.843017578125 1625213440.074997
1713.5843505859375 1625213440.081953
1711.0015869140625 1625213440.088971
1680.1292724609375 1625213440.09596
1688.81689453125 1625213440.102884
1688.81689453125 1625213440.10973
1680.1292724609375 1625213440.116754
1676.898193359375 1625213440.123822
1705.2117919921875 1625213440.130871
1697.56103515625 1625213440.13778
1690.4375 1625213440.144853
1672.0516357421875 1625213440.152187
1662.9212646484375 1625213440.159136
1676.3284912109375 1625213440.166197
1693.181884765625 1625213440.173151
1713.11474609375 1625213440.180162
1722.9508056640625 1625213440.187231
1714.0523681640625 1625213440.194176
1724.137939453125 1625213440.201002
1731.9078369140625 1625213440.208056
1716.8575439453125 1625213440.215079
1745.8746337890625 1625213440.221978
1743.8016357421875 1625213440.229052
1726.9736328125 1625213440.236059
1733.990234375 1625213440.243069
1734.3233642578125 1625213440.249878
1713.5843505859375 1625213440.25678
1745.033203125 1625213440.263756
1731.4661865234375 1625213440.270863
1729.81884765625 1625213440.277809
1721.3114013671875 1625213440.284789
1730.7060546875 1625213440.291768
1737.623779296875 1625213440.298849
1736.7550048828125 1625213440.305797
1746.688720703125 1625213440.312796
1722.4959716796875 1625213440.320054
1735.9736328125 1625213440.327118
1734.3233642578125 1625213440.334233
1718.4942626953125 1625213440.342153
1731.4661865234375 1625213440.349112
1714.754150390625 1625213440.356201
1706.3621826171875 1625213440.363216
1711.9476318359375 1625213440.370914
1710.7843017578125 1625213440.377906
1710.7843017578125 1625213440.385018
1727.4219970703125 1625213440.392015
1744.6103515625 1625213440.399017
1701.7828369140625 1625213440.406108
1727.4219970703125 1625213440.413226
1721.3114013671875 1625213440.419812
1730.2630615234375 1625213440.426861
1730.2630615234375 1625213440.433806
1715.220947265625 1625213440.440882
1724.87646484375 1625213440.447831
1725.780029296875 1625213440.454821
1726.9736328125 1625213440.46181
1721.3114013671875 1625213440.468893
1714.754150390625 1625213440.475864
1701.46826171875 1625213440.482886
1714.0523681640625 1625213440.489874
1718.0328369140625 1625213440.496876
1716.3934326171875 1625213440.503927
1711.9476318359375 1625213440.51087
1718.4942626953125 1625213440.517922
1724.137939453125 1625213440.524901
1725.780029296875 1625213440.531948
1707.516357421875 1625213440.538892
1712.4183349609375 1625213440.54585
1718.0328369140625 1625213440.552771
1724.5902099609375 1625213440.559794
1732.67333984375 1625213440.566828
1765.3909912109375 1625213440.573804
1767.9466552734375 1625213440.58073
1772.5753173828125 1625213440.587787
1766.277099609375 1625213440.594774
1764.607666015625 1625213440.601733
1778.8944091796875 1625213440.608788
1767.9466552734375 1625213440.615812
1770.9029541015625 1625213440.622747
1769.615966796875 1625213440.629797
1770.9029541015625 1625213440.636778
1769.615966796875 1625213440.643833
1778.5234375 1625213440.650826
1769.615966796875 1625213440.657865
1777.2193603515625 1625213440.664808
1783.5570068359375 1625213440.672159
1786.912841796875 1625213440.680165
1791.245849609375 1625213440.688011
1785.2349853515625 1625213440.695364
1772.9549560546875 1625213440.701883
1791.5966796875 1625213440.708825
1807.1065673828125 1625213440.715799
1807.1065673828125 1625213440.722835
1811.8643798828125 1625213440.729844
1825.9385986328125 1625213440.736858
1821.124267578125 1625213440.743845
1824.8299560546875 1625213440.750808
1832.4786376953125 1625213440.757799
1824.8299560546875 1625213440.764863
1840.75341796875 1625213440.771868
1824.8299560546875 1625213440.778827
1813.559326171875 1625213440.785843
1811.5450439453125 1625213440.792844
1816.6383056640625 1625213440.799974
1805.41455078125 1625213440.807184
1789.9158935546875 1625213440.814928
1769.615966796875 1625213440.821867
1763.3333740234375 1625213440.828806
1778.8944091796875 1625213440.835854
1784.8740234375 1625213440.8431
1800.6756591796875 1625213440.849624
1792.580078125 1625213440.856626
1796.2962646484375 1625213440.86357
1803.3897705078125 1625213440.870615
1786.5545654296875 1625213440.877568
1798.9864501953125 1625213440.884641
1797.63916015625 1625213440.891634
1759.599365234375 1625213440.898688
1740.924072265625 1625213440.905596
1742.1488037109375 1625213440.912653
1737.623779296875 1625213440.919692
1747.9271240234375 1625213440.92663
1738.41064453125 1625213440.933612
1731.9078369140625 1625213440.940672
1734.3233642578125 1625213440.947744
1732.67333984375 1625213440.954673
1730.2630615234375 1625213440.961637
1747.9271240234375 1625213440.968725
1724.5902099609375 1625213440.975672
1734.7611083984375 1625213440.982682
1733.88427734375 1625213440.989678
1750.0 1625213440.996672
1752.902099609375 1625213441.003655
1751.2437744140625 1625213441.010658
1750.0 1625213441.017707
1719.672119140625 1625213441.024676
1706.3621826171875 1625213441.031774
1706.3621826171875 1625213441.038556
1703.5831298828125 1625213441.045585
1727.4219970703125 1625213441.052828
1721.3114013671875 1625213441.0598
1738.843017578125 1625213441.06679
1739.703369140625 1625213441.073797
1762.063232421875 1625213441.080682
1769.615966796875 1625213441.087619
1750.4158935546875 1625213441.094581
1762.063232421875 1625213441.101601
1758.7354736328125 1625213441.108556
1767.9466552734375 1625213441.115664
1772.9549560546875 1625213441.12288
1780.2012939453125 1625213441.129924
1771.2855224609375 1625213441.1371
1755.40771484375 1625213441.144664
1760.3992919921875 1625213441.151636
1756.6666259765625 1625213441.158661
1759.599365234375 1625213441.165746
1754.15283203125 1625213441.172962
1747.9271240234375 1625213441.179959
1748.344482421875 1625213441.18685
1740.4959716796875 1625213441.19377
1743.37744140625 1625213441.200585
1739.27392578125 1625213441.207546
1739.27392578125 1625213441.214552
1740.4959716796875 1625213441.221877
1734.7611083984375 1625213441.228933
1758.7354736328125 1625213441.235637
1758.7354736328125 1625213441.242687
1765.0 1625213441.249742
1780.569580078125 1625213441.256633
1771.2855224609375 1625213441.263663
1773.1092529296875 1625213441.270555
1742.1488037109375 1625213441.277606
1742.9984130859375 1625213441.284817
1759.53564453125 1625213441.291887
1782.2445068359375 1625213441.299104
1773.489990234375 1625213441.306954
1742.52490234375 1625213441.314711
1721.58154296875 1625213441.321965
1705.2117919921875 1625213441.329811
1725.780029296875 1625213441.336627
1747.9271240234375 1625213441.34368
1739.703369140625 1625213441.350695
1767.9466552734375 1625213441.357681
1730.2630615234375 1625213441.364724
1738.843017578125 1625213441.371521
1739.27392578125 1625213441.37868
1731.9078369140625 1625213441.385859
1731.4661865234375 1625213441.392877
1731.4661865234375 1625213441.399862
1723.6842041015625 1625213441.406934
1712.4183349609375 1625213441.414597
1699.67529296875 1625213441.421627
1705.88232421875 1625213441.428658
1724.5902099609375 1625213441.435543
1728.618408203125 1625213441.442463
1734.3233642578125 1625213441.449479
1729.81884765625 1625213441.456495
1715.220947265625 1625213441.463514
1705.88232421875 1625213441.470478
1706.3621826171875 1625213441.477477
1695.439697265625 1625213441.48481
1706.3621826171875 1625213441.491756
1695.93505859375 1625213441.498859
1681.2298583984375 1625213441.506619
1679.0322265625 1625213441.513551
1676.898193359375 1625213441.520559
1682.847900390625 1625213441.527445
1687.1961669921875 1625213441.534727
1685.5753173828125 1625213441.541835
1686.0841064453125 1625213441.548838
1691.5584716796875 1625213441.556448
1694.80517578125 1625213441.563452
1703.5831298828125 1625213441.570636
1718.0328369140625 1625213441.577694
1715.220947265625 1625213441.584719
1709.1502685546875 1625213441.591718
1708.468994140625 1625213441.59867
1728.618408203125 1625213441.605543
1721.3114013671875 1625213441.612492
1718.0328369140625 1625213441.619526
1719.672119140625 1625213441.626444
1733.5526123046875 1625213441.633527
1734.3233642578125 1625213441.640457
1735.9736328125 1625213441.647552
1735.5372314453125 1625213441.654488
1739.27392578125 1625213441.661496
1728.618408203125 1625213441.668579
1742.1488037109375 1625213441.675479
1746.688720703125 1625213441.682466
1752.49169921875 1625213441.689507
1747.9271240234375 1625213441.696501
1737.623779296875 1625213441.703502
1733.1136474609375 1625213441.710511
1738.0560302734375 1625213441.717515
1732.67333984375 1625213441.724482
1739.27392578125 1625213441.731594
1735.9736328125 1625213441.738508
1716.8575439453125 1625213441.745517
1725.780029296875 1625213441.752753
1729.81884765625 1625213441.759643
1730.7060546875 1625213441.766566
1731.4661865234375 1625213441.773567
1722.4959716796875 1625213441.780581
1724.137939453125 1625213441.787426
1731.4661865234375 1625213441.794441
1712.4183349609375 1625213441.801554
1731.4661865234375 1625213441.808484
1706.8404541015625 1625213441.815426
1715.220947265625 1625213441.822486
1722.9508056640625 1625213441.82951
1728.17138671875 1625213441.836547
1720.853759765625 1625213441.843527
1745.033203125 1625213441.850619
1728.17138671875 1625213441.857493
1722.4959716796875 1625213441.86451
1731.0230712890625 1625213441.871556
1719.672119140625 1625213441.878541
1701.954345703125 1625213441.885731
1714.0523681640625 1625213441.893828
1736.4085693359375 1625213441.901557
1710.3109130859375 1625213441.908498
1712.887451171875 1625213441.915479
1726.677490234375 1625213441.922519
1735.9736328125 1625213441.92951
1729.81884765625 1625213441.936666
1703.5831298828125 1625213441.943773
1719.672119140625 1625213441.951704
1718.0328369140625 1625213441.958665
1718.0328369140625 1625213441.965544
1712.887451171875 1625213441.972452
1720.853759765625 1625213441.979439
1706.3621826171875 1625213441.986415
1715.686279296875 1625213441.993468
1722.0394287109375 1625213442.000516
1693.181884765625 1625213442.007365
1684.466064453125 1625213442.014325
1694.80517578125 1625213442.021333
1694.80517578125 1625213442.028317
1709.1502685546875 1625213442.035453
1711.475341796875 1625213442.042288
1722.4959716796875 1625213442.049543
1713.5843505859375 1625213442.056516
1714.0523681640625 1625213442.063593
1706.3621826171875 1625213442.070659
1700.32568359375 1625213442.077609
1710.7843017578125 1625213442.084388
1729.81884765625 1625213442.09138
1737.190185546875 1625213442.098394
1735.9736328125 1625213442.105302
1740.924072265625 1625213442.112325
1750.0 1625213442.11951
1749.58544921875 1625213442.126708
1755.81396484375 1625213442.134661
1773.869384765625 1625213442.141745
1770.0 1625213442.149479
1778.8944091796875 1625213442.156525
1791.245849609375 1625213442.163296
1781.879150390625 1625213442.170369
1771.2855224609375 1625213442.177341
1797.63916015625 1625213442.184279
1810.16943359375 1625213442.191217
1805.7431640625 1625213442.198266
1804.0540771484375 1625213442.205252
1754.560546875 1625213442.212326
1767.9466552734375 1625213442.219283
1763.3333740234375 1625213442.226315
1745.8746337890625 1625213442.233333
1739.27392578125 1625213442.240301
1745.033203125 1625213442.247356
1743.8016357421875 1625213442.254292
1761.6666259765625 1625213442.2613
1767.44189453125 1625213442.268343
1800.33837890625 1625213442.275375
1751.655517578125 1625213442.282265
1752.902099609375 1625213442.289307
1764.607666015625 1625213442.296487
1755.40771484375 1625213442.303449
1742.1488037109375 1625213442.310561
1771.2855224609375 1625213442.317525
1772.5753173828125 1625213442.324515
1755.81396484375 1625213442.3315
1775.919677734375 1625213442.338549
1762.063232421875 1625213442.345583
1769.615966796875 1625213442.352478
1762.063232421875 1625213442.359381
1788.2353515625 1625213442.366348
1760.0 1625213442.37317
1762.063232421875 1625213442.380548
1770.0 1625213442.387542
1774.24755859375 1625213442.394599
1787.5211181640625 1625213442.402353
1766.6666259765625 1625213442.409418
1763.3333740234375 1625213442.416477
1767.9466552734375 1625213442.423354
1772.9549560546875 1625213442.430453
1768.3333740234375 1625213442.437398
1808.4744873046875 1625213442.444288
1829.3515625 1625213442.451351
1827.64501953125 1625213442.458363
1804.0540771484375 1625213442.465332
1810.16943359375 1625213442.472255
1818.0272216796875 1625213442.479383
1790.893798828125 1625213442.486348
1802.3648681640625 1625213442.493282
1821.4285888671875 1625213442.500355
1804.0540771484375 1625213442.507239
1829.059814453125 1625213442.514265
1824.531494140625 1625213442.52128
1849.056640625 1625213442.528316
1861.8306884765625 1625213442.535366
1839.0411376953125 1625213442.542372
1833.3333740234375 1625213442.5493
1870.2421875 1625213442.556313
1855.17236328125 1625213442.563269
1826.530517578125 1625213442.57035
1842.195556640625 1625213442.577288
1814.9405517578125 1625213442.584323
1818.0272216796875 1625213442.591345
1784.8740234375 1625213442.598395
1820.033935546875 1625213442.605302
1804.0540771484375 1625213442.612339
1807.1065673828125 1625213442.619518
1821.7318115234375 1625213442.627357
1829.642333984375 1625213442.63443
1829.3515625 1625213442.641456
1824.531494140625 1625213442.648455
1821.4285888671875 1625213442.655435
1810.16943359375 1625213442.662178
1724.137939453125 1625213442.669159
1734.7611083984375 1625213442.676169
1703.5831298828125 1625213442.68314
1733.1136474609375 1625213442.690172
1726.9736328125 1625213442.697408
1713.5843505859375 1625213442.704361
1710.7843017578125 1625213442.711475
1713.5843505859375 1625213442.718399
1706.8404541015625 1625213442.725417
1722.9508056640625 1625213442.732252
1724.137939453125 1625213442.73926
1722.0394287109375 1625213442.746272
1697.56103515625 1625213442.753207
1707.9935302734375 1625213442.76026
1703.5831298828125 1625213442.767434
1715.220947265625 1625213442.774445
1725.780029296875 1625213442.781308
1715.220947265625 1625213442.788334
1700.32568359375 1625213442.795154
1727.8687744140625 1625213442.802041
1722.4959716796875 1625213442.809072
1708.468994140625 1625213442.816113
1713.5843505859375 1625213442.823143
1705.88232421875 1625213442.83018
1694.3089599609375 1625213442.837128
1701.954345703125 1625213442.844067
1699.18701171875 1625213442.8512
1710.7843017578125 1625213442.858177
1703.0994873046875 1625213442.865125
1704.7308349609375 1625213442.872166
1688.3116455078125 1625213442.879389
1699.18701171875 1625213442.88646
1703.0994873046875 1625213442.893407
1701.954345703125 1625213442.900423
1709.1502685546875 1625213442.907452
1706.3621826171875 1625213442.914405
1701.954345703125 1625213442.921475
1712.4183349609375 1625213442.928238
1713.5843505859375 1625213442.935262
1722.9508056640625 1625213442.942182
1718.0328369140625 1625213442.9491
1704.7308349609375 1625213442.956025
1713.5843505859375 1625213442.962951
1714.754150390625 1625213442.970335
1707.9935302734375 1625213442.977548
1709.1502685546875 1625213442.985323
1687.7022705078125 1625213442.992336
1691.5584716796875 1625213442.999389
1697.56103515625 1625213443.00736
1695.439697265625 1625213443.014161
1700.32568359375 1625213443.021061
1706.3621826171875 1625213443.028194
1710.3109130859375 1625213443.035197
1704.7308349609375 1625213443.042134
1703.5831298828125 1625213443.049211
1716.8575439453125 1625213443.055984
1722.4959716796875 1625213443.063098
1713.5843505859375 1625213443.070241
1730.2630615234375 1625213443.077317
1728.618408203125 1625213443.084211
1733.5526123046875 1625213443.091279
1745.45458984375 1625213443.098223
1752.49169921875 1625213443.105355
1762.063232421875 1625213443.112062
1770.9029541015625 1625213443.119053
1765.3909912109375 1625213443.126105
1780.569580078125 1625213443.133072
1784.8740234375 1625213443.140115
1785.2349853515625 1625213443.147129
1786.5545654296875 1625213443.154122
1775.919677734375 1625213443.161177
1774.24755859375 1625213443.168144
1740.924072265625 1625213443.175035
1736.4085693359375 1625213443.182124
1754.15283203125 1625213443.189056
1752.902099609375 1625213443.196125
1747.9271240234375 1625213443.203187
1735.9736328125 1625213443.210178
1740.4959716796875 1625213443.217146
1731.4661865234375 1625213443.223952
1734.7611083984375 1625213443.23096
1755.81396484375 1625213443.237956
1752.902099609375 1625213443.245068
1732.67333984375 1625213443.252018
1740.131591796875 1625213443.258921
1778.8944091796875 1625213443.266073
1766.6666259765625 1625213443.273012
1781.879150390625 1625213443.280075
1786.912841796875 1625213443.286997
1775.54443359375 1625213443.293979
1786.912841796875 1625213443.300944
1789.9158935546875 1625213443.308041
1796.2962646484375 1625213443.315077
1800.6756591796875 1625213443.32211
1791.245849609375 1625213443.328997
1792.9293212890625 1625213443.336044
1787.8787841796875 1625213443.343178
1795.9527587890625 1625213443.350123
1789.5623779296875 1625213443.357079
1792.9293212890625 1625213443.364129
1786.5545654296875 1625213443.371087
1781.5125732421875 1625213443.378036
1780.569580078125 1625213443.384957
1783.9195556640625 1625213443.391964
1789.5623779296875 1625213443.398931
1792.9293212890625 1625213443.405929
1802.3648681640625 1625213443.412936
1792.9293212890625 1625213443.419921
1783.1932373046875 1625213443.427005
1779.26416015625 1625213443.433871
1782.2445068359375 1625213443.440906
1791.245849609375 1625213443.448163
1783.9195556640625 1625213443.455158
1795.9527587890625 1625213443.462233
1795.9527587890625 1625213443.469196
1807.1065673828125 1625213443.476167
1781.879150390625 1625213443.483079
1789.9158935546875 1625213443.490087
1793.2772216796875 1625213443.497259
1788.2353515625 1625213443.504237
1779.26416015625 1625213443.511323
1776.845703125 1625213443.519387
1767.9466552734375 1625213443.527163
1766.6666259765625 1625213443.533911
1772.9549560546875 1625213443.540974
1788.2353515625 1625213443.547958
1786.5545654296875 1625213443.554881
1789.9158935546875 1625213443.561873
1792.9293212890625 1625213443.568922
1799.325439453125 1625213443.575852
1795.9527587890625 1625213443.58295
1792.9293212890625 1625213443.589889
1795.9527587890625 1625213443.596962
1788.2353515625 1625213443.603927
1781.879150390625 1625213443.611105
1807.1065673828125 1625213443.617956
1811.8643798828125 1625213443.624945
1804.0540771484375 1625213443.631933
1814.9405517578125 1625213443.638971
1813.2427978515625 1625213443.645998
1811.5450439453125 1625213443.653
1808.7987060546875 1625213443.659862
1810.49072265625 1625213443.666913
1808.4744873046875 1625213443.673817
1829.642333984375 1625213443.680918
1823.4295654296875 1625213443.687847
1831.0579833984375 1625213443.694892
1832.7645263671875 1625213443.701929
1823.1292724609375 1625213443.708848
1811.8643798828125 1625213443.715825
1818.336181640625 1625213443.722876
1808.4744873046875 1625213443.729869
1806.7796630859375 1625213443.736818
1807.1065673828125 1625213443.743947
1795.9527587890625 1625213443.750912
1783.1932373046875 1625213443.757849
1774.24755859375 1625213443.764999
1775.54443359375 1625213443.771972
1791.245849609375 1625213443.778976
1780.2012939453125 1625213443.785914
1777.5919189453125 1625213443.792993
1794.2664794921875 1625213443.799866
1782.2445068359375 1625213443.806828
1779.8319091796875 1625213443.813874
1765.0 1625213443.820817
1769.615966796875 1625213443.827822
1752.902099609375 1625213443.834975
1738.843017578125 1625213443.841977
1746.688720703125 1625213443.849099
1709.1502685546875 1625213443.856132
1707.9935302734375 1625213443.862988
1718.0328369140625 1625213443.87008
1715.220947265625 1625213443.876999
1721.3114013671875 1625213443.884046
1726.9736328125 1625213443.891076
1716.3934326171875 1625213443.898244
1731.0230712890625 1625213443.906188
1738.0560302734375 1625213443.91387
1746.688720703125 1625213443.92071
1734.3233642578125 1625213443.927676
1735.9736328125 1625213443.934951
1749.58544921875 1625213443.941874
1750.0 1625213443.948869
1747.9271240234375 1625213443.955811
1742.1488037109375 1625213443.962904
1752.902099609375 1625213443.969865
1765.0 1625213443.976861
1749.16943359375 1625213443.984072
1735.9736328125 1625213443.990965
1732.67333984375 1625213443.998033
1726.9736328125 1625213444.005096
1719.672119140625 1625213444.011957
1724.137939453125 1625213444.018982
1745.45458984375 1625213444.025928
1741.721923828125 1625213444.032893
1734.3233642578125 1625213444.039826
1723.6842041015625 1625213444.046892
1711.9476318359375 1625213444.053865
1716.3934326171875 1625213444.060991
1709.1502685546875 1625213444.067911
1700.32568359375 1625213444.074708
1709.1502685546875 1625213444.081681
1710.7843017578125 1625213444.088696
1711.9476318359375 1625213444.095731
1716.3934326171875 1625213444.102942
1721.3114013671875 1625213444.109922
1718.0328369140625 1625213444.117006
1677.4193115234375 1625213444.124065
1667.20263671875 1625213444.131057
1658.65380859375 1625213444.137815
1644.904541015625 1625213444.144734
1657.60009765625 1625213444.151682
1671.49755859375 1625213444.15866
1698.0518798828125 1625213444.165704
1701.46826171875 1625213444.172736
1700.8131103515625 1625213444.17968
1705.88232421875 1625213444.186706
1694.3089599609375 1625213444.193795
1680.1292724609375 1625213444.200724
1690.4375 1625213444.207668
1708.67431640625 1625213444.214671
1699.18701171875 1625213444.221989
1710.3109130859375 1625213444.228784
1703.5831298828125 1625213444.235547
1716.3934326171875 1625213444.242581
1720.130859375 1625213444.249523
1720.853759765625 1625213444.256574
1723.404296875 1625213444.263581
1726.9736328125 1625213444.270521
1737.190185546875 1625213444.277616
1720.394775390625 1625213444.284872
1711.475341796875 1625213444.291944
1710.3109130859375 1625213444.298954
1716.8575439453125 1625213444.305876
1739.27392578125 1625213444.312963
1724.137939453125 1625213444.319959
1725.3289794921875 1625213444.326962
1716.8575439453125 1625213444.333679
1730.2630615234375 1625213444.34072
1738.843017578125 1625213444.347781
1738.843017578125 1625213444.354711
1724.5902099609375 1625213444.361749
1739.703369140625 1625213444.368821
1742.57421875 1625213444.375722
1780.569580078125 1625213444.382809
1746.688720703125 1625213444.389721
1749.58544921875 1625213444.396799
1738.843017578125 1625213444.403552
1747.107421875 1625213444.410581
1740.4959716796875 1625213444.417513
1742.1488037109375 1625213444.424663
1746.688720703125 1625213444.43156
1746.688720703125 1625213444.438535
1741.721923828125 1625213444.445559
1734.3233642578125 1625213444.452554
1721.3114013671875 1625213444.459538
1738.0560302734375 1625213444.466548
1755.81396484375 1625213444.473571
1752.902099609375 1625213444.480691
1742.1488037109375 1625213444.487624
1743.8016357421875 1625213444.494619
1781.879150390625 1625213444.501661
1783.9195556640625 1625213444.508612
1793.2772216796875 1625213444.515679
1792.9293212890625 1625213444.522583
1797.63916015625 1625213444.529646
1792.229736328125 1625213444.536617
1775.919677734375 1625213444.543632
1776.2938232421875 1625213444.55062
1791.9462890625 1625213444.557653
1808.7987060546875 1625213444.564633
1811.8643798828125 1625213444.571696
1812.1827392578125 1625213444.578663
1829.642333984375 1625213444.585746
1808.7987060546875 1625213444.592871
1818.336181640625 1625213444.599849
1834.18798828125 1625213444.606827
1832.4786376953125 1625213444.613922
1829.642333984375 1625213444.620789
1824.531494140625 1625213444.62786
1807.432373046875 1625213444.634711
1827.64501953125 1625213444.641662
1832.7645263671875 1625213444.648739
1822.827880859375 1625213444.655678
1818.64404296875 1625213444.662672
1823.1292724609375 1625213444.669845
1813.559326171875 1625213444.676855
1796.2962646484375 1625213444.683838
1797.9798583984375 1625213444.690802
1795.9527587890625 1625213444.697739
1801.0118408203125 1625213444.704597
1796.2962646484375 1625213444.711617
1799.325439453125 1625213444.718548
1800.6756591796875 1625213444.725653
1802.3648681640625 1625213444.732673
1814.9405517578125 1625213444.739669
1816.9490966796875 1625213444.746637
1818.0272216796875 1625213444.753417
1794.2664794921875 1625213444.760488
1805.084716796875 1625213444.767532
1801.0118408203125 1625213444.774528
1800.6756591796875 1625213444.781511
1801.0118408203125 1625213444.788473
1814.9405517578125 1625213444.79554
1835.33447265625 1625213444.802804
1816.9490966796875 1625213444.809753
1823.1292724609375 1625213444.816784
1834.18798828125 1625213444.823775
1840.75341796875 1625213444.830806
1835.616455078125 1625213444.837824
1834.470947265625 1625213444.844858
1833.0494384765625 1625213444.851748
1837.3287353515625 1625213444.85869
1829.3515625 1625213444.865601
1821.4285888671875 1625213444.872673
1832.4786376953125 1625213444.879658
1842.4656982421875 1625213444.886649
1849.056640625 1625213444.893588
1834.18798828125 1625213444.900627
1819.7279052734375 1625213444.907762
1821.4285888671875 1625213444.914593
1829.642333984375 1625213444.921552
1834.18798828125 1625213444.928504
1832.7645263671875 1625213444.935547
1824.531494140625 1625213444.942478
1829.3515625 1625213444.949594
1831.0579833984375 1625213444.956627
1834.18798828125 1625213444.963523
1816.3265380859375 1625213444.970544
1800.6756591796875 1625213444.977534
1808.7987060546875 1625213444.984645
1824.8299560546875 1625213444.991558
1834.18798828125 1625213444.998587
1831.0579833984375 1625213445.005613
1827.938720703125 1625213445.012626
1835.616455078125 1625213445.019607
