-1.94 1624948572.90481 start_exp
-1.94 1624948573.197748 start_0_iteration
-1.94 1624948573.998921
-1.94 1624948574.002913
-1.94 1624948574.006728
-1.94 1624948574.010378
-1.94 1624948574.014178
-1.94 1624948574.018889
-1.94 1624948574.022484
-1.94 1624948574.026011
-1.94 1624948574.029577
-1.94 1624948574.033132
-1.94 1624948574.03672
-1.94 1624948574.040254
-1.94 1624948574.043728
-1.94 1624948574.047297
-1.94 1624948574.050871
-1.94 1624948574.054544
-1.94 1624948574.058185
-1.94 1624948574.061778
-1.94 1624948574.065316
-1.94 1624948574.068913
-1.94 1624948574.072562
-1.94 1624948574.076177
-1.94 1624948574.079905
-1.94 1624948574.08364
-1.94 1624948574.087326
-1.94 1624948574.091079
-1.94 1624948574.094955
-1.94 1624948574.098763
-1.94 1624948574.102713
-1.94 1624948574.106556
-1.94 1624948574.110513
-1.88 1624948574.114337
-1.94 1624948574.118068
-1.94 1624948574.12184
-1.94 1624948574.125654
-1.94 1624948574.129402
-1.88 1624948574.133269
-1.94 1624948574.137071
-1.94 1624948574.140903
-1.94 1624948574.144796
-1.94 1624948574.148679
-1.94 1624948574.152475
-1.94 1624948574.156334
-1.94 1624948574.160116
-1.94 1624948574.163931
-1.94 1624948574.167725
-1.94 1624948574.171587
-1.88 1624948574.17543
-1.88 1624948574.179263
-1.94 1624948574.183054
-1.94 1624948574.186793
-1.94 1624948574.190697
-1.88 1624948574.194554
-1.94 1624948574.199323
-1.94 1624948574.203168
-1.94 1624948574.206969
-1.94 1624948574.210843
-1.94 1624948574.214606
-1.94 1624948574.218517
-1.94 1624948574.222363
-1.94 1624948574.226294
-1.94 1624948574.230135
-1.94 1624948574.233907
-1.94 1624948574.237648
-1.94 1624948574.241337
-1.94 1624948574.245085
-1.94 1624948574.248824
-1.94 1624948574.252826
-1.88 1624948574.25672
-1.88 1624948574.26054
-1.88 1624948574.264367
-1.94 1624948574.268334
-1.94 1624948574.272153
-1.94 1624948574.27596
-1.94 1624948574.279717
-1.94 1624948574.283491
-1.94 1624948574.287331
-1.94 1624948574.291291
-1.94 1624948574.295112
-1.94 1624948574.298871
-1.94 1624948574.302632
-1.94 1624948574.306436
-1.94 1624948574.31034
-1.94 1624948574.314116
-1.94 1624948574.317975
-1.94 1624948574.321785
-1.94 1624948574.32564
-1.94 1624948574.329393
-1.94 1624948574.333184
-1.88 1624948574.336976
-1.88 1624948574.340682
-1.94 1624948574.34444
-1.94 1624948574.348333
-1.94 1624948574.352126
-1.94 1624948574.35592
-1.88 1624948574.359656
-1.88 1624948574.363437
-1.94 1624948574.367126
-1.94 1624948574.370902
0.35 1624948574.374793
2.65 1624948574.378892
21.66 1624948574.403241 touch_grd
23.09 1624948575.513069 go_up_roll
-1.94 1624948576.71604 start_1_iteration
-1.94 1624948577.511562
-1.94 1624948577.515062
-1.94 1624948577.518635
-1.94 1624948577.522183
-1.94 1624948577.525773
-1.94 1624948577.529313
-1.94 1624948577.532908
-1.94 1624948577.536578
-1.94 1624948577.540184
-1.94 1624948577.543787
-1.94 1624948577.547369
-1.94 1624948577.550909
-1.94 1624948577.554585
-1.94 1624948577.558164
-1.94 1624948577.561703
-1.94 1624948577.565261
-1.94 1624948577.568861
-1.94 1624948577.572566
-1.94 1624948577.57621
-1.94 1624948577.579763
-1.94 1624948577.583278
-1.94 1624948577.586872
-1.94 1624948577.590572
-1.94 1624948577.59414
-1.94 1624948577.597672
-1.94 1624948577.601257
-1.94 1624948577.604819
-1.94 1624948577.608365
-1.94 1624948577.611969
-1.94 1624948577.615475
-1.94 1624948577.619026
-1.88 1624948577.622568
-1.94 1624948577.626158
-1.94 1624948577.62974
-1.94 1624948577.633564
-1.88 1624948577.637336
-1.88 1624948577.641121
-1.94 1624948577.644948
-1.94 1624948577.64868
-1.94 1624948577.652515
-1.94 1624948577.656227
-1.94 1624948577.659904
-1.94 1624948577.663672
-1.94 1624948577.667534
-1.94 1624948577.671341
-1.88 1624948577.675082
-1.94 1624948577.678861
-1.88 1624948577.682706
-1.94 1624948577.686495
-1.94 1624948577.690235
-1.94 1624948577.694077
-1.94 1624948577.697781
-1.94 1624948577.701505
-1.94 1624948577.705216
-1.94 1624948577.710708
-1.94 1624948577.714434
-1.88 1624948577.718332
-1.94 1624948577.722264
-1.94 1624948577.725993
-1.94 1624948577.729821
-1.94 1624948577.733646
-1.94 1624948577.737367
-1.94 1624948577.7412
-1.94 1624948577.745084
-1.94 1624948577.748804
-1.94 1624948577.752677
-1.88 1624948577.756399
-1.88 1624948577.760032
-1.88 1624948577.763788
-1.88 1624948577.767688
-1.94 1624948577.77145
-1.94 1624948577.77528
-1.94 1624948577.778991
-1.88 1624948577.782632
-1.88 1624948577.786326
-1.94 1624948577.790044
-1.88 1624948577.793807
-1.94 1624948577.797648
-1.94 1624948577.801472
-1.94 1624948577.805348
-1.94 1624948577.811709
-1.94 1624948577.815647
-1.94 1624948577.81947
-1.94 1624948577.823239
-1.94 1624948577.826932
-1.94 1624948577.83092
-1.94 1624948577.834627
-1.94 1624948577.838428
-1.94 1624948577.842339
-1.94 1624948577.846086
-1.94 1624948577.849833
-1.94 1624948577.853686
-1.94 1624948577.857579
-1.88 1624948577.861365
-1.88 1624948577.865178
-1.94 1624948577.868888
-1.88 1624948577.872611
-1.88 1624948577.876411
-1.88 1624948577.880175
-1.88 1624948577.883983
-1.94 1624948577.887786
4.32 1624948577.891812
24.02 1624948577.915951 touch_grd
23.58 1624948579.027052 go_up_roll
-1.88 1624948580.223395 start_2_iteration
-1.94 1624948581.024038
-1.94 1624948581.027709
-1.94 1624948581.031222
-1.88 1624948581.034755
-1.94 1624948581.038367
-1.88 1624948581.041871
-1.94 1624948581.04544
-1.94 1624948581.049008
-1.94 1624948581.052508
-1.88 1624948581.05603
-1.94 1624948581.059621
-1.94 1624948581.063201
-1.94 1624948581.066715
-1.94 1624948581.070369
-1.94 1624948581.074004
-1.94 1624948581.07754
-1.94 1624948581.081126
-1.94 1624948581.08468
-1.94 1624948581.088348
-1.94 1624948581.091907
-1.94 1624948581.095588
-1.88 1624948581.099136
-1.94 1624948581.102743
-1.94 1624948581.106292
-1.94 1624948581.109825
-1.94 1624948581.1133
-1.94 1624948581.116828
-1.94 1624948581.121112
-1.94 1624948581.124645
-1.94 1624948581.128248
-1.94 1624948581.13198
-1.94 1624948581.135738
-1.88 1624948581.13948
-1.88 1624948581.143254
-1.88 1624948581.147055
-1.94 1624948581.15086
-1.94 1624948581.154599
-1.88 1624948581.158263
-1.94 1624948581.161978
-1.88 1624948581.16574
-1.94 1624948581.169989
-1.94 1624948581.173792
-1.88 1624948581.177707
-1.94 1624948581.181547
-1.94 1624948581.185428
-1.88 1624948581.189269
-1.94 1624948581.193009
-1.88 1624948581.196864
-1.94 1624948581.200692
-1.88 1624948581.204361
-1.94 1624948581.208055
-1.94 1624948581.211793
-1.94 1624948581.215544
-1.88 1624948581.219315
-1.94 1624948581.2243
-1.88 1624948581.228112
-1.94 1624948581.231788
-1.88 1624948581.235608
-1.94 1624948581.239708
-1.94 1624948581.247715
-1.94 1624948581.251548
-1.94 1624948581.255386
-1.94 1624948581.259324
-1.94 1624948581.263134
-1.94 1624948581.26694
-1.94 1624948581.270762
-1.94 1624948581.274702
-1.81 1624948581.278658
-1.88 1624948581.282724
-1.94 1624948581.28651
-1.88 1624948581.290352
-1.88 1624948581.294248
-1.94 1624948581.298002
-1.88 1624948581.301814
-1.94 1624948581.305711
-1.94 1624948581.309474
-1.94 1624948581.313219
-1.88 1624948581.316911
-1.94 1624948581.320789
-1.94 1624948581.324962
-1.94 1624948581.328688
-1.94 1624948581.332529
-1.94 1624948581.336347
-1.88 1624948581.340098
-1.88 1624948581.343971
-1.94 1624948581.347752
-1.94 1624948581.351617
-1.88 1624948581.355391
-1.94 1624948581.359282
-1.88 1624948581.363156
-1.88 1624948581.366992
-1.94 1624948581.370766
-1.88 1624948581.374667
-1.88 1624948581.378549
-1.88 1624948581.382346
-1.94 1624948581.386197
-1.94 1624948581.390004
-1.94 1624948581.393699
-1.94 1624948581.397414
0.35 1624948581.401404
12.8 1624948581.405569
30.15 1624948581.428778 touch_grd
24.57 1624948582.534915 go_up_roll
-1.94 1624948583.74401 start_3_iteration
-1.94 1624948584.536628
-1.94 1624948584.540229
-1.94 1624948584.543881
-1.94 1624948584.547571
-1.94 1624948584.551127
-1.94 1624948584.554649
-1.88 1624948584.558215
-1.94 1624948584.561812
-1.88 1624948584.565331
-1.94 1624948584.568955
-1.94 1624948584.572602
-1.88 1624948584.576199
-1.94 1624948584.579707
-1.94 1624948584.583283
-1.94 1624948584.586824
-1.94 1624948584.590275
-1.94 1624948584.593854
-1.88 1624948584.597527
-1.88 1624948584.601211
-1.94 1624948584.604773
-1.94 1624948584.608335
-1.94 1624948584.611941
-1.94 1624948584.615494
-1.88 1624948584.619157
-1.94 1624948584.622783
-1.94 1624948584.626464
-1.94 1624948584.629958
-1.94 1624948584.633613
-1.94 1624948584.637153
-1.88 1624948584.640737
-1.94 1624948584.644288
-1.94 1624948584.647907
-1.94 1624948584.651542
-1.94 1624948584.655148
-1.94 1624948584.65876
-1.94 1624948584.662345
-1.88 1624948584.665905
-1.88 1624948584.669543
-1.94 1624948584.673159
-1.88 1624948584.676693
-1.81 1624948584.680241
-1.88 1624948584.683858
-1.94 1624948584.687596
-1.94 1624948584.691349
-1.94 1624948584.694973
-1.94 1624948584.698516
-1.88 1624948584.702146
-1.94 1624948584.705642
-1.94 1624948584.709223
-1.94 1624948584.712814
-1.88 1624948584.716522
-1.88 1624948584.720113
-1.88 1624948584.723705
-1.94 1624948584.727279
-1.94 1624948584.730937
-1.88 1624948584.734542
-1.88 1624948584.738165
-1.94 1624948584.741739
-1.88 1624948584.745239
-1.88 1624948584.748851
-1.94 1624948584.75241
-1.88 1624948584.755972
-1.94 1624948584.759572
-1.94 1624948584.763131
-1.94 1624948584.766718
-1.94 1624948584.770366
-1.88 1624948584.773896
-1.88 1624948584.777613
-1.88 1624948584.781255
-1.88 1624948584.78481
-1.88 1624948584.788533
-1.94 1624948584.792168
-1.88 1624948584.795753
-1.88 1624948584.799338
-1.88 1624948584.802917
-1.94 1624948584.806555
-1.94 1624948584.810136
-1.88 1624948584.813714
-1.88 1624948584.817315
-1.88 1624948584.820911
-1.88 1624948584.824446
-1.94 1624948584.828016
-1.94 1624948584.831579
-1.94 1624948584.835135
-1.94 1624948584.83866
-1.94 1624948584.842257
-1.94 1624948584.845842
-1.94 1624948584.849386
-1.94 1624948584.853009
-1.88 1624948584.856593
-1.88 1624948584.86014
-1.88 1624948584.863736
-1.94 1624948584.867389
-1.94 1624948584.870981
-1.94 1624948584.874617
-1.88 1624948584.878246
-1.88 1624948584.881938
-1.94 1624948584.885555
-1.88 1624948584.889226
-1.88 1624948584.892719
-1.88 1624948584.896294
-1.88 1624948584.899878
-1.88 1624948584.903547
-1.88 1624948584.907254
-1.94 1624948584.910784
4.44 1624948584.914649
22.78 1624948584.938937 touch_grd
23.58 1624948586.044235 go_up_roll
-1.94 1624948587.254352 start_4_iteration
-1.94 1624948588.049808
-1.94 1624948588.053378
-1.88 1624948588.056854
-1.88 1624948588.060464
-1.94 1624948588.0641
-1.94 1624948588.067637
-1.94 1624948588.071158
-1.94 1624948588.074737
-1.94 1624948588.07828
-1.94 1624948588.081833
-1.94 1624948588.08557
-1.94 1624948588.089318
-1.94 1624948588.092899
-1.88 1624948588.096457
-1.88 1624948588.100095
-1.94 1624948588.103568
-1.94 1624948588.107117
-1.94 1624948588.110693
-1.94 1624948588.114287
-1.94 1624948588.11787
-1.88 1624948588.121498
-1.94 1624948588.125098
-1.94 1624948588.128623
-1.94 1624948588.132188
-1.94 1624948588.135809
-1.94 1624948588.139451
-1.94 1624948588.143046
-1.94 1624948588.146566
-1.94 1624948588.150152
-1.94 1624948588.15371
-1.94 1624948588.157281
-1.88 1624948588.160867
-1.94 1624948588.164561
-1.94 1624948588.16813
-1.94 1624948588.171686
-1.88 1624948588.17523
-1.94 1624948588.178812
-1.88 1624948588.182358
-1.94 1624948588.185934
-1.94 1624948588.189569
-1.94 1624948588.193122
-1.88 1624948588.196772
-1.88 1624948588.20046
-1.88 1624948588.204152
-1.94 1624948588.207952
-1.94 1624948588.211528
-1.94 1624948588.215096
-1.88 1624948588.218612
-1.88 1624948588.222252
-1.94 1624948588.22578
-1.88 1624948588.229355
-1.94 1624948588.232949
-1.94 1624948588.236578
-1.88 1624948588.240128
-1.88 1624948588.243721
-1.94 1624948588.247415
-1.88 1624948588.250975
-1.94 1624948588.254495
-1.88 1624948588.258107
-1.88 1624948588.261652
-1.94 1624948588.265217
-1.94 1624948588.268766
-1.94 1624948588.272255
-1.94 1624948588.2759
-1.88 1624948588.279578
-1.88 1624948588.283139
-1.88 1624948588.286675
-1.88 1624948588.290204
-1.94 1624948588.293787
-1.88 1624948588.297416
-1.81 1624948588.300929
-1.88 1624948588.304519
-1.81 1624948588.308113
-1.88 1624948588.311626
-1.88 1624948588.315207
-1.88 1624948588.318747
-1.88 1624948588.322284
-1.88 1624948588.325849
-1.88 1624948588.329441
-1.94 1624948588.33305
-1.94 1624948588.336562
-1.88 1624948588.340137
-1.88 1624948588.343663
-1.94 1624948588.347165
-1.94 1624948588.350734
-1.94 1624948588.354367
-1.88 1624948588.357942
-1.88 1624948588.361496
-1.88 1624948588.36513
-1.88 1624948588.368717
-1.94 1624948588.372211
-1.94 1624948588.375774
-1.88 1624948588.37931
-1.88 1624948588.38276
-1.94 1624948588.38634
-1.88 1624948588.389899
-1.94 1624948588.393463
-1.88 1624948588.397013
-1.88 1624948588.400592
-1.88 1624948588.404181
-1.88 1624948588.407712
-1.94 1624948588.411286
-1.88 1624948588.414873
-1.88 1624948588.418513
-1.88 1624948588.4221
-1.94 1624948588.425648
2.65 1624948588.42933
12.74 1624948588.450901 touch_grd
23.83 1624948589.557611 go_up_roll
-1.88 1624948590.761303 start_5_iteration
-1.94 1624948591.56271
-1.94 1624948591.566302
-1.94 1624948591.569825
-1.94 1624948591.57351
-1.94 1624948591.577121
-1.94 1624948591.580666
-1.94 1624948591.584176
-1.94 1624948591.587756
-1.94 1624948591.591347
-1.94 1624948591.594914
-1.94 1624948591.598568
-1.94 1624948591.602203
-1.88 1624948591.605802
-1.94 1624948591.609374
-1.94 1624948591.612949
-1.94 1624948591.616433
-1.88 1624948591.619943
-1.94 1624948591.623511
-1.88 1624948591.627128
-1.88 1624948591.630648
-1.94 1624948591.634209
-1.94 1624948591.63775
-1.94 1624948591.641349
-1.94 1624948591.64488
-1.94 1624948591.648545
-1.94 1624948591.652108
-1.94 1624948591.655647
-1.94 1624948591.659257
-1.94 1624948591.662865
-1.94 1624948591.666498
-1.88 1624948591.670175
-1.94 1624948591.673739
-1.88 1624948591.677295
-1.88 1624948591.680872
-1.94 1624948591.68451
-1.94 1624948591.688117
-1.94 1624948591.691726
-1.94 1624948591.695348
-1.88 1624948591.698912
-1.94 1624948591.702523
-1.94 1624948591.706008
-1.88 1624948591.709618
-1.94 1624948591.713155
-1.94 1624948591.716713
-1.94 1624948591.720239
-1.94 1624948591.723733
-1.88 1624948591.727297
-1.94 1624948591.730884
-1.94 1624948591.734517
-1.88 1624948591.738132
-1.94 1624948591.741776
-1.88 1624948591.745289
-1.88 1624948591.748888
-1.94 1624948591.752522
-1.94 1624948591.756118
-1.94 1624948591.759744
-1.94 1624948591.76325
-1.81 1624948591.766826
-1.94 1624948591.770487
-1.94 1624948591.774126
-1.88 1624948591.777754
-1.88 1624948591.781322
-1.94 1624948591.784884
-1.94 1624948591.788518
-1.94 1624948591.792027
-1.94 1624948591.795564
-1.88 1624948591.799156
-1.88 1624948591.802663
-1.94 1624948591.806231
-1.94 1624948591.809821
-1.94 1624948591.813466
-1.88 1624948591.817181
-1.81 1624948591.82073
-1.81 1624948591.82427
-1.88 1624948591.827836
-1.88 1624948591.831441
-1.88 1624948591.834963
-1.88 1624948591.83852
-1.88 1624948591.842077
-1.88 1624948591.845582
-1.94 1624948591.849155
-1.94 1624948591.852736
-1.94 1624948591.856379
-1.88 1624948591.86
-1.94 1624948591.863537
-1.94 1624948591.867136
-1.94 1624948591.870754
-1.94 1624948591.874375
-1.94 1624948591.877957
-1.94 1624948591.881457
-1.94 1624948591.885172
-1.94 1624948591.888786
-1.94 1624948591.892537
-1.94 1624948591.896159
-1.88 1624948591.899755
-1.88 1624948591.903383
-1.88 1624948591.906964
-1.88 1624948591.910495
-1.94 1624948591.914123
-1.88 1624948591.917609
-1.81 1624948591.921182
-1.88 1624948591.924764
-1.88 1624948591.928282
-1.94 1624948591.931881
-1.88 1624948591.935504
-1.88 1624948591.939023
2.15 1624948591.942685
13.3 1624948591.964454 touch_grd
23.27 1624948593.070558 go_up_roll
-1.94 1624948594.278619 start_6_iteration
-1.94 1624948595.075627
-1.94 1624948595.079164
-1.88 1624948595.082711
-1.94 1624948595.086293
-1.94 1624948595.089817
-1.94 1624948595.093405
-1.94 1624948595.097021
-1.94 1624948595.100682
-1.94 1624948595.104219
-1.94 1624948595.107782
-1.94 1624948595.111306
-1.94 1624948595.114904
-1.94 1624948595.118527
-1.94 1624948595.122083
-1.88 1624948595.125585
-1.94 1624948595.129138
-1.94 1624948595.132631
-1.94 1624948595.136187
-1.88 1624948595.139738
-1.94 1624948595.143328
-1.94 1624948595.146881
-1.94 1624948595.150523
-1.94 1624948595.154075
-1.94 1624948595.157626
-1.88 1624948595.161137
-1.94 1624948595.164696
-1.88 1624948595.168233
-1.94 1624948595.172892
-1.88 1624948595.176502
-1.94 1624948595.180122
-1.94 1624948595.183755
-1.88 1624948595.187326
-1.88 1624948595.190852
-1.88 1624948595.194504
-1.88 1624948595.1981
-1.88 1624948595.201651
-1.88 1624948595.205209
-1.94 1624948595.20881
-1.94 1624948595.212327
-1.88 1624948595.215893
-1.88 1624948595.219531
-1.88 1624948595.223141
-1.94 1624948595.226697
-1.94 1624948595.230332
-1.94 1624948595.233938
-1.88 1624948595.237549
-1.94 1624948595.241112
-1.88 1624948595.244686
-1.94 1624948595.248275
-1.88 1624948595.252018
-1.94 1624948595.255811
-1.94 1624948595.259614
-1.88 1624948595.263376
-1.94 1624948595.268146
-1.88 1624948595.271892
-1.94 1624948595.276093
-1.94 1624948595.279801
-1.88 1624948595.283665
-1.88 1624948595.287422
-1.88 1624948595.291235
-1.94 1624948595.295009
-1.94 1624948595.298703
-1.94 1624948595.302664
-1.94 1624948595.306614
-1.94 1624948595.310344
-1.94 1624948595.314208
-1.88 1624948595.317935
-1.88 1624948595.32164
-1.88 1624948595.325451
-1.94 1624948595.329249
-1.94 1624948595.332996
-1.88 1624948595.336757
-1.88 1624948595.340666
-1.88 1624948595.344402
-1.88 1624948595.34811
-1.88 1624948595.351834
-1.94 1624948595.355615
-1.88 1624948595.359424
-1.88 1624948595.363191
-1.94 1624948595.366972
-1.94 1624948595.37073
-1.94 1624948595.375732
-1.88 1624948595.379666
-1.94 1624948595.383476
-1.94 1624948595.387279
-1.94 1624948595.391063
-1.88 1624948595.394918
-1.88 1624948595.398744
-1.94 1624948595.402621
-1.88 1624948595.406357
-1.94 1624948595.410119
-1.88 1624948595.414018
-1.88 1624948595.417852
-1.94 1624948595.421617
-1.88 1624948595.425389
-1.88 1624948595.429058
-1.94 1624948595.432733
-1.88 1624948595.436497
-1.88 1624948595.440278
-1.88 1624948595.444194
-1.88 1624948595.447992
-1.94 1624948595.45176
5.87 1624948595.455955
28.42 1624948595.480496 touch_grd
24.26 1624948596.58877 go_up_roll
-1.88 1624948597.795917 start_7_iteration
-1.94 1624948598.590911
-1.94 1624948598.594662
-1.94 1624948598.598366
-1.94 1624948598.602097
-1.94 1624948598.605549
-1.94 1624948598.609182
-1.94 1624948598.612723
-1.94 1624948598.616259
-1.88 1624948598.61983
-1.88 1624948598.623422
-1.94 1624948598.626926
-1.94 1624948598.630467
-1.94 1624948598.634091
-1.94 1624948598.637679
-1.94 1624948598.641358
-1.94 1624948598.644873
-1.94 1624948598.648531
-1.94 1624948598.652088
-1.94 1624948598.655572
-1.88 1624948598.659162
-1.88 1624948598.662727
-1.94 1624948598.666357
-1.94 1624948598.669919
-1.94 1624948598.673505
-1.94 1624948598.677102
-1.88 1624948598.680616
-1.94 1624948598.684188
-1.94 1624948598.687774
-1.94 1624948598.691284
-1.94 1624948598.694788
-1.94 1624948598.698321
-1.88 1624948598.701893
-1.94 1624948598.705471
-1.94 1624948598.709076
-1.94 1624948598.712603
-1.94 1624948598.716199
-1.81 1624948598.719947
-1.88 1624948598.723519
-1.94 1624948598.727088
-1.88 1624948598.730748
-1.94 1624948598.734288
-1.88 1624948598.737869
-1.94 1624948598.741546
-1.88 1624948598.745166
-1.94 1624948598.748703
-1.94 1624948598.752253
-1.94 1624948598.755817
-1.88 1624948598.759437
-1.88 1624948598.763107
-1.88 1624948598.766707
-1.88 1624948598.770249
-1.94 1624948598.773847
-1.94 1624948598.77742
-1.88 1624948598.781062
-1.88 1624948598.784664
-1.94 1624948598.788192
-1.94 1624948598.791727
-1.94 1624948598.795333
-1.88 1624948598.798902
-1.88 1624948598.80258
-1.88 1624948598.806054
-1.88 1624948598.809501
-1.94 1624948598.813102
-1.94 1624948598.816575
-1.88 1624948598.820162
-1.88 1624948598.823704
-1.94 1624948598.827299
-1.88 1624948598.830826
-1.94 1624948598.834391
-1.88 1624948598.837915
-1.88 1624948598.841508
-1.88 1624948598.845079
-1.88 1624948598.84863
-1.88 1624948598.852211
-1.88 1624948598.855817
-1.94 1624948598.859403
-1.88 1624948598.862893
-1.94 1624948598.866494
-1.88 1624948598.870111
-1.88 1624948598.873761
-1.94 1624948598.877271
-1.88 1624948598.880823
-1.94 1624948598.884357
-1.88 1624948598.888064
-1.94 1624948598.891596
-1.94 1624948598.895263
-1.88 1624948598.898729
-1.94 1624948598.902303
-1.94 1624948598.905919
-1.88 1624948598.909554
-1.94 1624948598.913073
-1.94 1624948598.916574
-1.88 1624948598.920163
-1.81 1624948598.923714
-1.88 1624948598.927412
-1.94 1624948598.931121
-1.94 1624948598.934754
-1.88 1624948598.9384
-1.88 1624948598.941948
-1.88 1624948598.945571
-1.94 1624948598.949197
-1.94 1624948598.952751
-1.94 1624948598.956346
-1.81 1624948598.960046
-1.88 1624948598.963612
-1.94 1624948598.967287
5.0 1624948598.97124
13.55 1624948598.992738 touch_grd
22.16 1624948600.105759 go_up_roll
-1.81 1624948601.303631 start_8_iteration
-1.94 1624948602.105077
-1.94 1624948602.108565
-1.94 1624948602.11215
-1.94 1624948602.115686
-1.88 1624948602.119242
-1.94 1624948602.122839
-1.94 1624948602.126426
-1.94 1624948602.129931
-1.94 1624948602.133527
-1.94 1624948602.137079
-1.94 1624948602.140642
-1.88 1624948602.144214
-1.88 1624948602.147806
-1.94 1624948602.151486
-1.94 1624948602.155096
-1.94 1624948602.158676
-1.88 1624948602.162301
-1.88 1624948602.165833
-1.94 1624948602.169442
-1.94 1624948602.173063
-1.94 1624948602.176578
-1.88 1624948602.1801
-1.94 1624948602.18363
-1.88 1624948602.187183
-1.94 1624948602.190764
-1.94 1624948602.194348
-1.94 1624948602.197887
-1.94 1624948602.201547
-1.88 1624948602.205161
-1.88 1624948602.208684
-1.94 1624948602.212274
-1.88 1624948602.215785
-1.88 1624948602.219548
-1.88 1624948602.223068
-1.88 1624948602.226596
-1.81 1624948602.230157
-1.94 1624948602.233743
-1.94 1624948602.23733
-1.88 1624948602.240795
-1.88 1624948602.244335
-1.88 1624948602.247966
-1.88 1624948602.251542
-1.94 1624948602.25513
-1.88 1624948602.25862
-1.94 1624948602.262224
-1.88 1624948602.265774
-1.88 1624948602.269339
-1.88 1624948602.27291
-1.94 1624948602.276453
-1.88 1624948602.280122
-1.88 1624948602.287281
-1.94 1624948602.290833
-1.94 1624948602.294425
-1.94 1624948602.298068
-1.88 1624948602.301757
-1.94 1624948602.305347
-1.88 1624948602.308866
-1.94 1624948602.312493
-1.94 1624948602.316125
-1.88 1624948602.323177
-1.94 1624948602.326714
-1.94 1624948602.330294
-1.94 1624948602.333883
-1.94 1624948602.337512
-1.88 1624948602.341089
-1.94 1624948602.34467
-1.94 1624948602.348182
-1.88 1624948602.351802
-1.88 1624948602.355666
-1.81 1624948602.359449
-1.88 1624948602.363283
-1.88 1624948602.367085
-1.88 1624948602.37102
-1.94 1624948602.374923
-1.88 1624948602.378614
-1.88 1624948602.382419
-1.88 1624948602.386304
-1.94 1624948602.389982
-1.94 1624948602.393807
-1.94 1624948602.397722
-1.94 1624948602.405774
-1.88 1624948602.409665
-1.94 1624948602.413396
-1.94 1624948602.417133
-1.88 1624948602.420776
-1.88 1624948602.424608
-1.94 1624948602.428472
-1.94 1624948602.432224
-1.94 1624948602.436038
-1.81 1624948602.4398
-1.88 1624948602.443646
-1.88 1624948602.447358
-1.94 1624948602.451064
-1.88 1624948602.45485
-1.88 1624948602.458586
-1.88 1624948602.462368
-1.88 1624948602.466224
-1.88 1624948602.469983
-1.94 1624948602.47399
-1.94 1624948602.477766
-1.88 1624948602.481619
10.95 1624948602.485656
27.11 1624948602.5089 touch_grd
24.7 1624948603.616898 go_up_roll
-1.94 1624948604.824333 start_9_iteration
-1.94 1624948605.618856
-1.94 1624948605.622406
-1.94 1624948605.625928
-1.94 1624948605.629512
-1.94 1624948605.633091
-1.94 1624948605.636603
-1.94 1624948605.640261
-1.88 1624948605.643781
-1.94 1624948605.647322
-1.88 1624948605.650908
-1.94 1624948605.654463
-1.94 1624948605.658073
-1.81 1624948605.661605
-1.94 1624948605.665194
-1.94 1624948605.668712
-1.94 1624948605.67228
-1.94 1624948605.67586
-1.94 1624948605.679574
-1.88 1624948605.683224
-1.94 1624948605.686751
-1.94 1624948605.690494
-1.94 1624948605.694123
-1.94 1624948605.697666
-1.88 1624948605.701273
-1.94 1624948605.704822
-1.88 1624948605.708416
-1.94 1624948605.711983
-1.94 1624948605.715513
-1.88 1624948605.719092
-1.94 1624948605.722619
-1.88 1624948605.729862
-1.94 1624948605.733506
-1.94 1624948605.737074
-1.88 1624948605.740588
-1.81 1624948605.744125
-1.88 1624948605.747712
-1.88 1624948605.751326
-1.94 1624948605.754943
-1.94 1624948605.758494
-1.88 1624948605.762113
-1.88 1624948605.765641
-1.94 1624948605.769205
-1.94 1624948605.772788
-1.94 1624948605.776355
-1.88 1624948605.77988
-1.88 1624948605.783461
-1.88 1624948605.787069
-1.88 1624948605.790662
-1.94 1624948605.794231
-1.88 1624948605.797839
-1.88 1624948605.801481
-1.88 1624948605.805089
-1.94 1624948605.808643
-1.88 1624948605.812152
-1.94 1624948605.815849
-1.88 1624948605.819514
-1.88 1624948605.823087
-1.81 1624948605.826697
-1.94 1624948605.830301
-1.94 1624948605.834046
-1.88 1624948605.837565
-1.88 1624948605.84114
-1.88 1624948605.844745
-1.88 1624948605.848252
-1.88 1624948605.851808
-1.94 1624948605.855386
-1.88 1624948605.858955
-1.88 1624948605.862466
-1.88 1624948605.865977
-1.81 1624948605.86961
-1.94 1624948605.873223
-1.88 1624948605.876904
-1.88 1624948605.880488
-1.81 1624948605.884121
-1.88 1624948605.887765
-1.88 1624948605.891258
-1.94 1624948605.894878
-1.94 1624948605.898494
-1.88 1624948605.902091
-1.94 1624948605.905659
-1.94 1624948605.909261
-1.94 1624948605.91285
-1.94 1624948605.917889
-1.88 1624948605.922618
-1.94 1624948605.926544
-1.94 1624948605.930329
-1.94 1624948605.934141
-1.94 1624948605.93782
-1.88 1624948605.941565
-1.88 1624948605.945305
-1.88 1624948605.949054
-1.94 1624948605.952712
-1.94 1624948605.956509
-1.94 1624948605.960271
-1.81 1624948605.964162
-1.94 1624948605.96789
-1.88 1624948605.971662
-1.88 1624948605.975426
-1.88 1624948605.97935
-1.81 1624948605.983243
-1.88 1624948605.987026
-1.94 1624948605.990676
-1.94 1624948605.994497
0.97 1624948605.998396
17.14 1624948606.022987 touch_grd
24.02 1624948607.128856 go_up_roll
