-1.94 1624949159.637001 start_exp
-1.94 1624949159.940524 start_0_iteration
-1.94 1624949160.735067
-1.94 1624949160.738706
-1.94 1624949160.742284
-1.94 1624949160.746022
-1.94 1624949160.749687
-1.94 1624949160.753204
-1.94 1624949160.756799
-1.94 1624949160.760347
-1.94 1624949160.764022
-1.94 1624949160.767547
-1.94 1624949160.771159
-1.94 1624949160.774717
-1.94 1624949160.77824
-1.94 1624949160.781725
-1.94 1624949160.785244
-1.94 1624949160.788767
-1.94 1624949160.792314
-1.94 1624949160.795909
-1.94 1624949160.799386
-1.94 1624949160.802986
-1.94 1624949160.806558
-1.94 1624949160.810094
-1.94 1624949160.813693
-1.94 1624949160.817192
-1.94 1624949160.820659
-1.94 1624949160.824116
-1.94 1624949160.827697
-1.94 1624949160.832155
-1.94 1624949160.835693
-1.94 1624949160.83917
-1.94 1624949160.842721
-1.94 1624949160.846161
-1.94 1624949160.849705
-1.94 1624949160.853314
-1.94 1624949160.856931
-1.94 1624949160.86042
-1.94 1624949160.863948
-1.94 1624949160.867426
-1.94 1624949160.87105
-1.94 1624949160.874703
-1.94 1624949160.878214
-1.94 1624949160.881656
-1.94 1624949160.885238
-1.94 1624949160.888829
-1.94 1624949160.892429
-1.94 1624949160.896065
-1.94 1624949160.899733
-1.94 1624949160.90329
-1.94 1624949160.906849
-1.94 1624949160.910444
-1.94 1624949160.91403
-1.94 1624949160.917532
-1.94 1624949160.921147
-1.94 1624949160.924792
-1.94 1624949160.928333
-1.94 1624949160.932926
-1.94 1624949160.936546
-1.94 1624949160.940052
-1.94 1624949160.943612
-1.94 1624949160.947154
-1.94 1624949160.950656
-1.94 1624949160.954274
-1.94 1624949160.957856
-1.94 1624949160.961411
-1.94 1624949160.965139
-1.94 1624949160.968684
-1.94 1624949160.972274
-1.94 1624949160.975833
-1.94 1624949160.979398
-1.94 1624949160.98292
-1.94 1624949160.986488
-1.94 1624949160.990115
-1.94 1624949160.993734
-1.94 1624949160.997305
-1.94 1624949161.000884
-1.94 1624949161.004478
-1.94 1624949161.011756
-1.94 1624949161.015355
-1.94 1624949161.01919
-1.94 1624949161.022742
-1.94 1624949161.026344
-1.94 1624949161.029909
-1.94 1624949161.03362
-1.94 1624949161.037207
-1.94 1624949161.040757
-1.94 1624949161.044285
-1.94 1624949161.047891
-1.94 1624949161.051383
-1.94 1624949161.054884
-1.94 1624949161.05841
-1.94 1624949161.062002
-1.94 1624949161.065524
-1.94 1624949161.069112
-1.94 1624949161.072714
-1.94 1624949161.07627
-1.94 1624949161.079823
-1.94 1624949161.083402
-1.94 1624949161.08697
-1.94 1624949161.090616
-1.94 1624949161.094261
-1.94 1624949161.097835
-1.94 1624949161.101417
-1.94 1624949161.105007
4.13 1624949161.108799
3.2 1624949161.138171 touch_grd
7.54 1624949162.255693 go_up_roll
-1.94 1624949163.453101 start_1_iteration
-1.94 1624949164.256281
-1.94 1624949164.259845
-1.94 1624949164.263359
-1.94 1624949164.266954
-1.94 1624949164.270563
-1.94 1624949164.274103
-1.94 1624949164.277674
-1.94 1624949164.281195
-1.94 1624949164.284796
-1.94 1624949164.288362
-1.94 1624949164.291897
-1.94 1624949164.295505
-1.94 1624949164.299051
-1.94 1624949164.302568
-1.94 1624949164.30616
-1.94 1624949164.309702
-1.94 1624949164.313275
-1.94 1624949164.316885
-1.94 1624949164.320425
-1.94 1624949164.32408
-1.94 1624949164.327686
-1.94 1624949164.331247
-1.94 1624949164.334757
-1.94 1624949164.338339
-1.94 1624949164.3419
-1.94 1624949164.345525
-1.94 1624949164.349036
-1.94 1624949164.352552
-1.94 1624949164.356125
-1.94 1624949164.359737
-1.94 1624949164.363325
-1.94 1624949164.366838
-1.94 1624949164.370449
-1.94 1624949164.374199
-1.94 1624949164.377862
-1.94 1624949164.381457
-1.94 1624949164.385082
-1.94 1624949164.388783
-1.94 1624949164.392343
-1.94 1624949164.395927
-1.94 1624949164.399555
-1.94 1624949164.403181
-1.94 1624949164.406713
-1.94 1624949164.410381
-1.94 1624949164.414193
-1.94 1624949164.417778
-1.94 1624949164.42133
-1.94 1624949164.424923
-1.94 1624949164.428605
-1.94 1624949164.432297
-1.94 1624949164.435972
-1.94 1624949164.439676
-1.94 1624949164.443306
-1.94 1624949164.447194
-1.94 1624949164.454377
-1.94 1624949164.459272
-1.94 1624949164.462945
-1.94 1624949164.466638
-1.94 1624949164.470278
-1.94 1624949164.474039
-1.94 1624949164.47778
-1.94 1624949164.481491
-1.94 1624949164.485228
-1.94 1624949164.488889
-1.94 1624949164.492581
-1.94 1624949164.496437
-1.94 1624949164.500204
-1.94 1624949164.503902
-1.94 1624949164.507541
-1.94 1624949164.511212
-1.94 1624949164.515035
-1.94 1624949164.518772
-1.94 1624949164.52244
-1.94 1624949164.5263
-1.94 1624949164.530027
-1.94 1624949164.533785
-1.94 1624949164.53749
-1.94 1624949164.541386
-1.94 1624949164.54518
-1.94 1624949164.548954
-1.94 1624949164.555238
-1.94 1624949164.560971
-1.94 1624949164.564676
-1.94 1624949164.568392
-1.94 1624949164.572071
-1.94 1624949164.575833
-1.88 1624949164.579425
-1.94 1624949164.5831
-1.88 1624949164.586741
-1.94 1624949164.590411
-1.94 1624949164.594152
-1.94 1624949164.59788
-1.94 1624949164.60163
-1.94 1624949164.605256
-1.94 1624949164.608966
-1.94 1624949164.612639
-1.94 1624949164.616353
-1.94 1624949164.619942
-1.94 1624949164.623582
-1.94 1624949164.627283
2.46 1624949164.631225
39.87 1624949164.659442 touch_grd
3.95 1624949165.77666 go_up_roll
-1.94 1624949166.971786 start_2_iteration
-1.94 1624949167.773976
-1.94 1624949167.777537
-1.94 1624949167.781068
-1.94 1624949167.784557
-1.94 1624949167.791599
-1.94 1624949167.795189
-1.94 1624949167.79866
-1.94 1624949167.802248
-1.94 1624949167.805807
-1.94 1624949167.80946
-1.94 1624949167.813106
-1.94 1624949167.816886
-1.94 1624949167.820374
-1.94 1624949167.823993
-1.94 1624949167.827553
-1.94 1624949167.831113
-1.94 1624949167.834669
-1.94 1624949167.838216
-1.94 1624949167.841838
-1.94 1624949167.845467
-1.94 1624949167.849152
-1.94 1624949167.852678
-1.94 1624949167.856234
-1.94 1624949167.859689
-1.94 1624949167.86332
-1.94 1624949167.866984
-1.94 1624949167.871418
-1.94 1624949167.8751
-1.94 1624949167.878644
-1.94 1624949167.882238
-1.94 1624949167.885807
-1.94 1624949167.889473
-1.94 1624949167.892986
-1.94 1624949167.896487
-1.94 1624949167.900164
-1.94 1624949167.903679
-1.94 1624949167.907276
-1.94 1624949167.910815
-1.94 1624949167.914396
-1.94 1624949167.918122
-1.94 1624949167.921663
-1.94 1624949167.925168
-1.94 1624949167.928663
-1.94 1624949167.932181
-1.94 1624949167.935741
-1.94 1624949167.939298
-1.94 1624949167.942866
-1.94 1624949167.946442
-1.94 1624949167.950023
-1.94 1624949167.953656
-1.94 1624949167.957196
-1.94 1624949167.960813
-1.94 1624949167.964421
-1.94 1624949167.96807
-1.94 1624949167.971501
-1.94 1624949167.975107
-1.94 1624949167.978643
-1.94 1624949167.982213
-1.94 1624949167.985662
-1.94 1624949167.989228
-1.94 1624949167.992679
-1.94 1624949167.996271
-1.94 1624949167.999818
-1.94 1624949168.003366
-1.94 1624949168.00691
-1.94 1624949168.010495
-1.94 1624949168.014026
-1.94 1624949168.017498
-1.94 1624949168.021095
-1.94 1624949168.024657
-1.94 1624949168.028233
-1.94 1624949168.031804
-1.94 1624949168.035336
-1.94 1624949168.038915
-1.94 1624949168.042469
-1.94 1624949168.046018
-1.94 1624949168.049487
-1.94 1624949168.053099
-1.94 1624949168.056696
-1.94 1624949168.060234
-1.94 1624949168.063883
-1.94 1624949168.067452
-1.94 1624949168.071895
-1.94 1624949168.075402
-1.94 1624949168.079033
-1.94 1624949168.082696
-1.94 1624949168.086232
-1.94 1624949168.0934
-1.94 1624949168.097051
-1.94 1624949168.100566
-1.94 1624949168.104146
-1.94 1624949168.107794
-1.94 1624949168.111278
-1.94 1624949168.114853
-1.94 1624949168.118395
-1.94 1624949168.121952
-1.94 1624949168.125455
-1.94 1624949168.128946
-1.94 1624949168.132478
-1.94 1624949168.136006
-1.94 1624949168.139566
-1.94 1624949168.143128
1.41 1624949168.146832
48.61 1624949168.176317 touch_grd
3.7 1624949169.289287 go_up_roll
-1.94 1624949170.495771 start_3_iteration
-1.94 1624949171.293391
-1.94 1624949171.297058
-1.94 1624949171.300679
-1.94 1624949171.30476
-1.94 1624949171.30834
-1.94 1624949171.311901
-1.94 1624949171.315691
-1.94 1624949171.319341
-1.94 1624949171.322866
-1.94 1624949171.326449
-1.94 1624949171.330111
-1.94 1624949171.333713
-1.94 1624949171.337253
-1.94 1624949171.34078
-1.94 1624949171.344295
-1.94 1624949171.347862
-1.94 1624949171.351451
-1.94 1624949171.355098
-1.94 1624949171.358689
-1.94 1624949171.362333
-1.94 1624949171.365917
-1.94 1624949171.369423
-1.94 1624949171.373166
-1.94 1624949171.376795
-1.94 1624949171.380339
-1.94 1624949171.38406
-1.94 1624949171.387628
-1.94 1624949171.391245
-1.94 1624949171.394815
-1.94 1624949171.398404
-1.94 1624949171.402089
-1.94 1624949171.405716
-1.94 1624949171.409341
-1.94 1624949171.41284
-1.94 1624949171.416423
-1.94 1624949171.419996
-1.94 1624949171.423576
-1.94 1624949171.427144
-1.94 1624949171.430959
-1.94 1624949171.434469
-1.94 1624949171.438138
-1.94 1624949171.445336
-1.94 1624949171.448963
-1.94 1624949171.452673
-1.94 1624949171.456198
-1.94 1624949171.459751
-1.94 1624949171.463319
-1.94 1624949171.467014
-1.94 1624949171.470522
-1.94 1624949171.474127
-1.94 1624949171.477674
-1.94 1624949171.481238
-1.94 1624949171.484789
-1.94 1624949171.489127
-1.94 1624949171.492754
-1.94 1624949171.496299
-1.94 1624949171.499891
-1.94 1624949171.50354
-1.94 1624949171.507054
-1.94 1624949171.510676
-1.94 1624949171.514227
-1.94 1624949171.517726
-1.94 1624949171.521575
-1.94 1624949171.52511
-1.94 1624949171.528651
-1.94 1624949171.532206
-1.94 1624949171.535783
-1.94 1624949171.539399
-1.94 1624949171.543085
-1.94 1624949171.546849
-1.94 1624949171.550545
-1.94 1624949171.55421
-1.94 1624949171.557891
-1.94 1624949171.561421
-1.94 1624949171.565111
-1.94 1624949171.568702
-1.94 1624949171.572222
-1.94 1624949171.575677
-1.94 1624949171.579269
-1.94 1624949171.582816
-1.94 1624949171.586377
-1.94 1624949171.591507
-1.94 1624949171.595025
-1.94 1624949171.598537
-1.94 1624949171.602035
-1.94 1624949171.605726
-1.94 1624949171.609312
-1.94 1624949171.612889
-1.94 1624949171.616399
-1.94 1624949171.62005
-1.94 1624949171.623672
-1.94 1624949171.627321
-1.94 1624949171.630915
-1.94 1624949171.634485
-1.94 1624949171.638039
-1.94 1624949171.64161
-1.94 1624949171.645212
-1.94 1624949171.64881
-1.94 1624949171.652278
-1.94 1624949171.655837
-1.94 1624949171.659431
-1.94 1624949171.663075
4.19 1624949171.666682
44.21 1624949171.695691 touch_grd
8.34 1624949172.80295 go_up_roll
-1.94 1624949174.018206 start_4_iteration
-1.94 1624949174.810769
-1.94 1624949174.81439
-1.94 1624949174.818117
-1.94 1624949174.821746
-1.94 1624949174.825297
-1.94 1624949174.828788
-1.94 1624949174.832266
-1.94 1624949174.83584
-1.94 1624949174.839381
-1.94 1624949174.842978
-1.94 1624949174.846501
-1.94 1624949174.850015
-1.94 1624949174.853633
-1.94 1624949174.857232
-1.94 1624949174.86081
-1.94 1624949174.864359
-1.94 1624949174.868019
-1.94 1624949174.871549
-1.94 1624949174.87508
-1.94 1624949174.878617
-1.94 1624949174.882161
-1.94 1624949174.885731
-1.94 1624949174.889253
-1.94 1624949174.892808
-1.94 1624949174.896278
-1.94 1624949174.899879
-1.94 1624949174.903432
-1.94 1624949174.907879
-1.94 1624949174.911475
-1.94 1624949174.915157
-1.94 1624949174.918672
-1.94 1624949174.922253
-1.94 1624949174.925791
-1.94 1624949174.929394
-1.94 1624949174.933083
-1.94 1624949174.936639
-1.94 1624949174.940276
-1.94 1624949174.943779
-1.94 1624949174.947348
-1.94 1624949174.950865
-1.94 1624949174.954396
-1.94 1624949174.95803
-1.94 1624949174.961563
-1.94 1624949174.965117
-1.94 1624949174.968643
-1.94 1624949174.972096
-1.94 1624949174.975735
-1.94 1624949174.979253
-1.94 1624949174.982778
-1.94 1624949174.986332
-1.94 1624949174.989937
-1.94 1624949174.993517
-1.94 1624949174.997105
-1.94 1624949175.000685
-1.94 1624949175.004285
-1.94 1624949175.00844
-1.94 1624949175.012058
-1.94 1624949175.015707
-1.94 1624949175.019281
-1.94 1624949175.022771
-1.94 1624949175.026349
-1.94 1624949175.029991
-1.94 1624949175.033644
-1.94 1624949175.037251
-1.94 1624949175.040835
-1.88 1624949175.04441
-1.94 1624949175.048097
-1.94 1624949175.051658
-1.94 1624949175.055217
-1.94 1624949175.058784
-1.94 1624949175.062314
-1.94 1624949175.06589
-1.94 1624949175.069468
-1.94 1624949175.07314
-1.94 1624949175.076693
-1.94 1624949175.080255
-1.94 1624949175.083802
-1.94 1624949175.087344
-1.94 1624949175.090905
-1.94 1624949175.094355
-1.94 1624949175.097835
-1.94 1624949175.101449
-1.94 1624949175.105081
-1.94 1624949175.109582
-1.94 1624949175.113142
-1.94 1624949175.116666
-1.94 1624949175.120266
-1.94 1624949175.123803
-1.94 1624949175.127382
-1.94 1624949175.130993
-1.94 1624949175.134664
-1.94 1624949175.138255
-1.88 1624949175.141805
-1.94 1624949175.145609
-1.94 1624949175.149326
-1.94 1624949175.153211
-1.94 1624949175.157003
-1.94 1624949175.16085
-1.94 1624949175.164558
-1.94 1624949175.168322
-1.94 1624949175.172234
-1.94 1624949175.176164
-1.94 1624949175.179981
3.02 1624949175.183958
61.43 1624949175.218449 touch_grd
4.57 1624949176.321471 go_up_roll
-1.94 1624949177.537736 start_5_iteration
-1.94 1624949178.32844
-1.94 1624949178.332045
-1.94 1624949178.33569
-1.94 1624949178.339321
-1.94 1624949178.342878
-1.94 1624949178.346406
-1.94 1624949178.35007
-1.94 1624949178.353635
-1.94 1624949178.357185
-1.94 1624949178.36082
-1.94 1624949178.364428
-1.94 1624949178.368025
-1.94 1624949178.371553
-1.94 1624949178.375194
-1.94 1624949178.37878
-1.94 1624949178.382354
-1.94 1624949178.385925
-1.94 1624949178.389502
-1.94 1624949178.393062
-1.94 1624949178.396633
-1.94 1624949178.400164
-1.94 1624949178.403748
-1.94 1624949178.407284
-1.94 1624949178.410736
-1.94 1624949178.414343
-1.94 1624949178.418052
-1.94 1624949178.421644
-1.94 1624949178.425505
-1.94 1624949178.429135
-1.94 1624949178.432754
-1.94 1624949178.436308
-1.94 1624949178.439901
-1.94 1624949178.443415
-1.94 1624949178.447093
-1.94 1624949178.450679
-1.94 1624949178.454235
-1.94 1624949178.457729
-1.94 1624949178.461293
-1.94 1624949178.464864
-1.94 1624949178.468436
-1.94 1624949178.471988
-1.94 1624949178.47554
-1.94 1624949178.479149
-1.94 1624949178.482707
-1.94 1624949178.486275
-1.94 1624949178.489926
-1.94 1624949178.493476
-1.94 1624949178.49708
-1.94 1624949178.500693
-1.94 1624949178.504305
-1.94 1624949178.507953
-1.94 1624949178.511576
-1.94 1624949178.515081
-1.94 1624949178.518639
-1.94 1624949178.522224
-1.94 1624949178.525907
-1.94 1624949178.529471
-1.94 1624949178.53308
-1.94 1624949178.536654
-1.94 1624949178.540153
-1.94 1624949178.543712
-1.94 1624949178.547328
-1.94 1624949178.550853
-1.94 1624949178.55445
-1.94 1624949178.557966
-1.94 1624949178.561543
-1.94 1624949178.565109
-1.94 1624949178.568747
-1.94 1624949178.57234
-1.94 1624949178.575957
-1.94 1624949178.579496
-1.94 1624949178.583151
-1.94 1624949178.58674
-1.94 1624949178.590289
-1.94 1624949178.593825
-1.94 1624949178.597389
-1.94 1624949178.600977
-1.94 1624949178.60463
-1.94 1624949178.608226
-1.94 1624949178.611809
-1.94 1624949178.615434
-1.94 1624949178.619124
-1.94 1624949178.622664
-1.94 1624949178.626293
-1.94 1624949178.629923
-1.94 1624949178.633506
-1.94 1624949178.637066
-1.94 1624949178.64068
-1.94 1624949178.644174
-1.94 1624949178.647813
-1.94 1624949178.651413
-1.94 1624949178.655056
-1.94 1624949178.658656
-1.94 1624949178.662206
-1.94 1624949178.665783
-1.94 1624949178.669313
-1.94 1624949178.672907
-1.94 1624949178.676432
-1.94 1624949178.680119
-1.94 1624949178.683708
-1.94 1624949178.687304
-1.94 1624949178.69095
-1.94 1624949178.694487
-1.94 1624949178.698076
4.01 1624949178.701786
31.51 1624949178.730139 touch_grd
4.63 1624949179.837742 go_up_roll
-1.94 1624949181.044038 start_6_iteration
-1.94 1624949181.848131
-1.94 1624949181.851781
-1.94 1624949181.855326
-1.94 1624949181.859007
-1.94 1624949181.86268
-1.94 1624949181.866275
-1.94 1624949181.869821
-1.94 1624949181.873403
-1.94 1624949181.877044
-1.94 1624949181.880748
-1.94 1624949181.884295
-1.94 1624949181.887881
-1.94 1624949181.891426
-1.94 1624949181.894958
-1.94 1624949181.898474
-1.94 1624949181.902016
-1.94 1624949181.905668
-1.94 1624949181.909233
-1.94 1624949181.912855
-1.94 1624949181.916362
-1.94 1624949181.919927
-1.94 1624949181.923521
-1.94 1624949181.927046
-1.94 1624949181.930651
-1.94 1624949181.934198
-1.94 1624949181.937716
-1.94 1624949181.942896
-1.94 1624949181.946493
-1.94 1624949181.950108
-1.94 1624949181.953645
-1.94 1624949181.95712
-1.94 1624949181.960638
-1.94 1624949181.964174
-1.94 1624949181.967751
-1.94 1624949181.971345
-1.94 1624949181.974974
-1.94 1624949181.978577
-1.94 1624949181.982271
-1.94 1624949181.98591
-1.94 1624949181.989473
-1.94 1624949181.993135
-1.94 1624949181.996686
-1.94 1624949182.000282
-1.94 1624949182.003845
-1.94 1624949182.007372
-1.94 1624949182.011003
-1.94 1624949182.014648
-1.94 1624949182.01819
-1.94 1624949182.02189
-1.94 1624949182.025511
-1.94 1624949182.029181
-1.94 1624949182.032814
-1.94 1624949182.036463
-1.94 1624949182.040061
-1.94 1624949182.044293
-1.94 1624949182.047859
-1.94 1624949182.051584
-1.94 1624949182.055188
-1.94 1624949182.058769
-1.94 1624949182.062291
-1.94 1624949182.06593
-1.94 1624949182.069536
-1.94 1624949182.073088
-1.94 1624949182.076676
-1.94 1624949182.080263
-1.94 1624949182.083907
-1.94 1624949182.087488
-1.94 1624949182.091123
-1.94 1624949182.09475
-1.94 1624949182.098436
-1.94 1624949182.102044
-1.94 1624949182.105634
-1.94 1624949182.109185
-1.94 1624949182.112721
-1.94 1624949182.116311
-1.94 1624949182.119881
-1.94 1624949182.123439
-1.94 1624949182.127076
-1.94 1624949182.130664
-1.94 1624949182.134242
-1.94 1624949182.137902
-1.94 1624949182.141481
-1.94 1624949182.145111
-1.94 1624949182.14876
-1.94 1624949182.152379
-1.94 1624949182.156083
-1.94 1624949182.159654
-1.94 1624949182.163439
-1.94 1624949182.16703
-1.94 1624949182.170639
-1.94 1624949182.174185
-1.94 1624949182.177699
-1.94 1624949182.181333
-1.94 1624949182.185001
-1.94 1624949182.188589
-1.94 1624949182.19218
-1.94 1624949182.19569
-1.94 1624949182.199263
-1.94 1624949182.202831
-1.94 1624949182.20641
-1.94 1624949182.209982
-1.94 1624949182.213623
-1.94 1624949182.217366
17.33 1624949182.221425
61.37 1624949182.25059 touch_grd
3.76 1624949183.362233 go_up_roll
-1.94 1624949184.561849 start_7_iteration
-1.94 1624949185.363621
-1.94 1624949185.367194
-1.94 1624949185.370715
-1.94 1624949185.374268
-1.94 1624949185.377841
-1.94 1624949185.38138
-1.94 1624949185.384954
-1.94 1624949185.388602
-1.94 1624949185.392207
-1.94 1624949185.395883
-1.94 1624949185.399469
-1.94 1624949185.403224
-1.94 1624949185.406793
-1.94 1624949185.410501
-1.94 1624949185.414142
-1.94 1624949185.417708
-1.94 1624949185.421232
-1.94 1624949185.424715
-1.94 1624949185.428291
-1.94 1624949185.435439
-1.94 1624949185.438928
-1.94 1624949185.442524
-1.94 1624949185.446128
-1.94 1624949185.449658
-1.94 1624949185.45324
-1.94 1624949185.456768
-1.94 1624949185.460712
-1.94 1624949185.46441
-1.94 1624949185.468075
-1.94 1624949185.471748
-1.94 1624949185.475336
-1.94 1624949185.478985
-1.94 1624949185.482544
-1.94 1624949185.486218
-1.94 1624949185.489776
-1.94 1624949185.493331
-1.94 1624949185.496875
-1.94 1624949185.500449
-1.94 1624949185.50402
-1.94 1624949185.507673
-1.94 1624949185.511218
-1.94 1624949185.51479
-1.94 1624949185.518371
-1.94 1624949185.522065
-1.94 1624949185.525632
-1.94 1624949185.529229
-1.94 1624949185.53291
-1.94 1624949185.536551
-1.94 1624949185.540068
-1.94 1624949185.543636
-1.94 1624949185.547225
-1.94 1624949185.550817
-1.94 1624949185.554452
-1.94 1624949185.558044
-1.94 1624949185.561869
-1.94 1624949185.565471
-1.94 1624949185.569055
-1.94 1624949185.572685
-1.94 1624949185.576332
-1.94 1624949185.579912
-1.94 1624949185.583559
-1.94 1624949185.587218
-1.94 1624949185.590772
-1.94 1624949185.594368
-1.94 1624949185.598086
-1.94 1624949185.601647
-1.94 1624949185.605221
-1.94 1624949185.608786
-1.94 1624949185.612334
-1.94 1624949185.616118
-1.94 1624949185.619729
-1.94 1624949185.6233
-1.94 1624949185.626821
-1.94 1624949185.630432
-1.94 1624949185.634094
-1.94 1624949185.63765
-1.94 1624949185.641197
-1.94 1624949185.644769
-1.94 1624949185.648345
-1.94 1624949185.652085
-1.94 1624949185.655742
-1.94 1624949185.659246
-1.94 1624949185.662818
-1.94 1624949185.666339
-1.94 1624949185.66991
-1.94 1624949185.673536
-1.88 1624949185.677063
-1.94 1624949185.680674
-1.94 1624949185.68428
-1.94 1624949185.68784
-1.94 1624949185.691442
-1.94 1624949185.695125
-1.94 1624949185.698766
-1.94 1624949185.702425
-1.94 1624949185.706111
-1.94 1624949185.709683
-1.94 1624949185.713227
-1.94 1624949185.716806
-1.94 1624949185.720359
-1.94 1624949185.724089
-1.94 1624949185.727725
-1.94 1624949185.731311
-0.7 1624949185.735108
8.03 1624949185.738932
45.64 1624949185.766451 touch_grd
7.17 1624949186.873502 go_up_roll
-1.94 1624949188.080557 start_8_iteration
-1.94 1624949188.884175
-1.94 1624949188.887723
-1.94 1624949188.891323
-1.94 1624949188.894913
-1.94 1624949188.898509
-1.94 1624949188.902146
-1.94 1624949188.905664
-1.94 1624949188.909231
-1.94 1624949188.912711
-1.94 1624949188.916288
-1.94 1624949188.923414
-1.94 1624949188.927147
-1.94 1624949188.930754
-1.94 1624949188.93431
-1.94 1624949188.937844
-1.94 1624949188.941419
-1.94 1624949188.94507
-1.94 1624949188.948702
-1.94 1624949188.952236
-1.94 1624949188.955786
-1.94 1624949188.959393
-1.94 1624949188.963053
-1.94 1624949188.966606
-1.94 1624949188.970191
-1.94 1624949188.973721
-1.94 1624949188.97895
-1.94 1624949188.982495
-1.94 1624949188.986133
-1.94 1624949188.989668
-1.94 1624949188.993248
-1.94 1624949188.996787
-1.94 1624949189.000341
-1.94 1624949189.003869
-1.94 1624949189.007494
-1.94 1624949189.01109
-1.94 1624949189.014617
-1.94 1624949189.018152
-1.94 1624949189.021719
-1.94 1624949189.025285
-1.94 1624949189.02888
-1.94 1624949189.032418
-1.94 1624949189.036047
-1.94 1624949189.03965
-1.94 1624949189.043276
-1.94 1624949189.046901
-1.94 1624949189.050424
-1.94 1624949189.054026
-1.94 1624949189.057656
-1.94 1624949189.061233
-1.94 1624949189.064828
-1.94 1624949189.068417
-1.94 1624949189.071943
-1.94 1624949189.075527
-1.94 1624949189.079765
-1.94 1624949189.08333
-1.94 1624949189.086859
-1.94 1624949189.090435
-1.94 1624949189.094102
-1.94 1624949189.097634
-1.94 1624949189.101249
-1.94 1624949189.104861
-1.94 1624949189.10834
-1.94 1624949189.111929
-1.94 1624949189.115431
-1.94 1624949189.119032
-1.94 1624949189.122634
-1.94 1624949189.126233
-1.94 1624949189.129732
-1.94 1624949189.133414
-1.94 1624949189.137112
-1.94 1624949189.140711
-1.94 1624949189.144353
-1.94 1624949189.148222
-1.94 1624949189.152012
-1.94 1624949189.15582
-1.94 1624949189.159539
-1.94 1624949189.163248
-1.94 1624949189.167008
-1.94 1624949189.170859
-1.94 1624949189.174579
-1.94 1624949189.183863
-1.94 1624949189.187541
-1.94 1624949189.191225
-1.94 1624949189.195099
-1.94 1624949189.198916
-1.94 1624949189.202756
-1.94 1624949189.206716
-1.94 1624949189.210544
-1.94 1624949189.214239
-1.94 1624949189.218198
-1.94 1624949189.222168
-1.94 1624949189.225883
-1.94 1624949189.229726
-1.94 1624949189.233423
-1.94 1624949189.237248
-1.94 1624949189.240984
-1.94 1624949189.244892
-1.94 1624949189.248729
-1.94 1624949189.252562
1.28 1624949189.256523
61.43 1624949189.289628 touch_grd
2.4 1624949190.39705 go_up_roll
-1.94 1624949191.607457 start_9_iteration
-1.94 1624949192.40225
-1.94 1624949192.405915
-1.94 1624949192.409516
-1.94 1624949192.413061
-1.94 1624949192.416587
-1.94 1624949192.42018
-1.94 1624949192.42364
-1.94 1624949192.427152
-1.94 1624949192.430809
-1.94 1624949192.434318
-1.94 1624949192.438026
-1.94 1624949192.441704
-1.94 1624949192.445261
-1.94 1624949192.448784
-1.94 1624949192.452405
-1.94 1624949192.455965
-1.94 1624949192.459603
-1.94 1624949192.46322
-1.94 1624949192.466726
-1.94 1624949192.470313
-1.94 1624949192.473899
-1.94 1624949192.477567
-1.94 1624949192.481186
-1.94 1624949192.484728
-1.94 1624949192.488241
-1.94 1624949192.49182
-1.94 1624949192.496869
-1.94 1624949192.500391
-1.94 1624949192.504072
-1.94 1624949192.507689
-1.94 1624949192.511268
-1.94 1624949192.514753
-1.94 1624949192.518336
-1.94 1624949192.52204
-1.88 1624949192.525664
-1.94 1624949192.529262
-1.94 1624949192.532803
-1.94 1624949192.5364
-1.94 1624949192.539969
-1.94 1624949192.543616
-1.94 1624949192.547209
-1.94 1624949192.55072
-1.94 1624949192.554258
-1.94 1624949192.557853
-1.94 1624949192.56142
-1.94 1624949192.56517
-1.94 1624949192.568792
-1.94 1624949192.572358
-1.94 1624949192.579609
-1.94 1624949192.583149
-1.94 1624949192.58668
-1.94 1624949192.590289
-1.94 1624949192.593828
-1.94 1624949192.597369
-1.94 1624949192.601038
-1.94 1624949192.604523
-1.94 1624949192.608125
-1.94 1624949192.611797
-1.94 1624949192.61542
-1.94 1624949192.619068
-1.94 1624949192.622688
-1.94 1624949192.626392
-1.94 1624949192.630154
-1.94 1624949192.633902
-1.94 1624949192.637671
-1.94 1624949192.64147
-1.94 1624949192.645373
-1.94 1624949192.649175
-1.94 1624949192.652984
-1.94 1624949192.656809
-1.94 1624949192.660541
-1.94 1624949192.664324
-1.94 1624949192.668167
-1.94 1624949192.672021
-1.94 1624949192.675844
-1.94 1624949192.680789
-1.94 1624949192.684788
-1.94 1624949192.688634
-1.94 1624949192.692453
-1.94 1624949192.699518
-1.94 1624949192.708155
-1.94 1624949192.711879
-1.94 1624949192.715705
-1.94 1624949192.719513
-1.94 1624949192.723369
-1.94 1624949192.727158
-1.94 1624949192.731109
-1.94 1624949192.734955
-1.94 1624949192.738846
-1.88 1624949192.742582
-1.94 1624949192.746295
-1.94 1624949192.750144
-1.94 1624949192.753882
-1.94 1624949192.757636
-1.94 1624949192.76136
-1.94 1624949192.765323
-1.94 1624949192.76909
-1.94 1624949192.772764
0.17 1624949192.776549
16.83 1624949192.780421
24.45 1624949192.802917 touch_grd
2.09 1624949193.921856 go_up_roll
