-1.94 1624949609.719554 start_exp
-1.94 1624949609.997947 start_0_iteration
-1.94 1624949610.797219
-1.94 1624949610.800869
-1.94 1624949610.804422
-1.94 1624949610.808224
-1.94 1624949610.812948
-1.94 1624949610.816562
-1.94 1624949610.820162
-1.94 1624949610.823792
-1.94 1624949610.827323
-1.94 1624949610.831044
-1.94 1624949610.834617
-1.94 1624949610.838232
-1.94 1624949610.841866
-1.94 1624949610.845526
-1.94 1624949610.849134
-1.94 1624949610.852804
-1.94 1624949610.856404
-1.94 1624949610.859993
-1.94 1624949610.863553
-1.94 1624949610.867145
-1.94 1624949610.870752
-1.94 1624949610.874352
-1.94 1624949610.877958
-1.94 1624949610.881617
-1.94 1624949610.885205
-1.94 1624949610.888824
-1.94 1624949610.892422
-1.94 1624949610.896099
-1.94 1624949610.900201
-1.94 1624949610.903957
-1.88 1624949610.907553
-1.94 1624949610.911123
-1.94 1624949610.914788
-1.94 1624949610.91834
-1.94 1624949610.921911
-1.94 1624949610.925588
-1.94 1624949610.929147
-1.94 1624949610.93286
-1.94 1624949610.93655
-1.94 1624949610.940181
-1.94 1624949610.9438
-1.94 1624949610.947398
-1.94 1624949610.951008
-1.94 1624949610.954598
-1.94 1624949610.958244
-1.94 1624949610.96198
-1.94 1624949610.965571
-1.94 1624949610.969138
-1.94 1624949610.972698
-1.94 1624949610.97628
-1.94 1624949610.979859
-1.94 1624949610.983401
-1.88 1624949610.987114
-1.94 1624949610.990684
-1.88 1624949610.994305
-1.94 1624949610.997826
-1.94 1624949611.001411
-1.94 1624949611.005008
-1.94 1624949611.008607
-1.94 1624949611.012218
-1.94 1624949611.015771
-1.94 1624949611.019351
-1.94 1624949611.022948
-1.94 1624949611.02649
-1.94 1624949611.030119
-1.94 1624949611.033757
-1.94 1624949611.037277
-1.94 1624949611.04085
-1.94 1624949611.044485
-1.94 1624949611.048146
-1.94 1624949611.051742
-1.94 1624949611.055323
-1.94 1624949611.059
-1.94 1624949611.062599
-1.94 1624949611.066164
-1.94 1624949611.069685
-1.94 1624949611.073283
-1.94 1624949611.076966
-1.94 1624949611.080684
-1.94 1624949611.084299
-1.94 1624949611.087818
-1.94 1624949611.091344
-1.94 1624949611.094882
-1.94 1624949611.09844
-1.94 1624949611.102023
-1.94 1624949611.105562
-1.94 1624949611.109131
-1.94 1624949611.112686
-1.94 1624949611.116271
-1.94 1624949611.119798
-1.94 1624949611.123373
-1.94 1624949611.126963
-1.94 1624949611.130567
-1.94 1624949611.134091
-1.94 1624949611.137667
-1.94 1624949611.141219
-1.94 1624949611.144768
-1.94 1624949611.1483
-1.94 1624949611.151785
-1.94 1624949611.155357
-1.94 1624949611.158917
-1.94 1624949611.16245
-1.94 1624949611.166045
-1.94 1624949611.169596
-1.94 1624949611.173155
-1.94 1624949611.176703
-1.94 1624949611.180256
-1.94 1624949611.183784
3.82 1624949611.187433
47.8 1624949611.198297 touch_grd
-1.94 1624949612.310332 go_up_roll
-1.94 1624949613.510786 start_1_iteration
-1.94 1624949614.309343
-1.94 1624949614.312864
-1.94 1624949614.316399
-1.94 1624949614.31986
-1.94 1624949614.32345
-1.94 1624949614.327003
-1.94 1624949614.330544
-1.94 1624949614.334023
-1.94 1624949614.337581
-1.94 1624949614.341171
-1.94 1624949614.344678
-1.94 1624949614.348202
-1.94 1624949614.351707
-1.94 1624949614.355331
-1.94 1624949614.358971
-1.94 1624949614.362567
-1.94 1624949614.366082
-1.94 1624949614.369715
-1.94 1624949614.373488
-1.94 1624949614.37702
-1.94 1624949614.380585
-1.94 1624949614.384074
-1.94 1624949614.387563
-1.94 1624949614.391158
-1.94 1624949614.394702
-1.94 1624949614.398249
-1.94 1624949614.401823
-1.94 1624949614.4058
-1.94 1624949614.409283
-1.94 1624949614.412872
-1.94 1624949614.416398
-1.94 1624949614.419957
-1.94 1624949614.423507
-1.94 1624949614.426971
-1.94 1624949614.430517
-1.94 1624949614.434196
-1.94 1624949614.437728
-1.94 1624949614.441255
-1.88 1624949614.444958
-1.94 1624949614.448491
-1.94 1624949614.452162
-1.94 1624949614.455695
-1.94 1624949614.459332
-1.94 1624949614.462984
-1.94 1624949614.466545
-1.94 1624949614.470188
-1.94 1624949614.473985
-1.94 1624949614.477603
-1.94 1624949614.481292
-1.94 1624949614.484838
-1.94 1624949614.488569
-1.94 1624949614.492271
-1.94 1624949614.495866
-1.94 1624949614.49954
-1.94 1624949614.503336
-1.94 1624949614.5069
-1.94 1624949614.5106
-1.94 1624949614.514221
-1.94 1624949614.517812
-1.94 1624949614.521372
-1.94 1624949614.524997
-1.94 1624949614.528734
-1.94 1624949614.532398
-1.94 1624949614.53614
-1.94 1624949614.539729
-1.94 1624949614.543475
-1.94 1624949614.550953
-1.94 1624949614.554558
-1.94 1624949614.558245
-1.94 1624949614.561827
-1.94 1624949614.565477
-1.94 1624949614.569149
-1.94 1624949614.572744
-1.94 1624949614.576449
-1.94 1624949614.580251
-1.94 1624949614.583885
-1.94 1624949614.587557
-1.94 1624949614.591234
-1.94 1624949614.594972
-1.94 1624949614.598756
-1.94 1624949614.602346
-1.94 1624949614.605914
-1.88 1624949614.609516
-1.94 1624949614.613162
-1.94 1624949614.616746
-1.94 1624949614.620401
-1.94 1624949614.624242
-1.88 1624949614.627885
-1.94 1624949614.631517
-1.94 1624949614.635286
-1.94 1624949614.638897
-1.94 1624949614.642637
-1.94 1624949614.646356
-1.94 1624949614.650046
-1.94 1624949614.653731
-1.94 1624949614.65739
-1.94 1624949614.661056
-1.94 1624949614.664788
-1.94 1624949614.668421
-1.94 1624949614.672163
-1.94 1624949614.675803
-1.94 1624949614.679493
-1.94 1624949614.68311
-1.94 1624949614.686743
-1.94 1624949614.690319
-1.94 1624949614.693981
-1.94 1624949614.697582
14.85 1624949614.701402
47.49 1624949614.711164 touch_grd
-1.94 1624949615.820587 go_up_roll
-1.94 1624949617.02665 start_2_iteration
-1.94 1624949617.823071
-1.94 1624949617.826633
-1.94 1624949617.830157
-1.94 1624949617.83368
-1.94 1624949617.837193
-1.94 1624949617.840774
-1.94 1624949617.844305
-1.94 1624949617.847921
-1.94 1624949617.851462
-1.94 1624949617.8551
-1.94 1624949617.858562
-1.94 1624949617.862098
-1.94 1624949617.865594
-1.94 1624949617.869145
-1.94 1624949617.872739
-1.94 1624949617.876262
-1.94 1624949617.87985
-1.94 1624949617.883386
-1.94 1624949617.886963
-1.94 1624949617.890534
-1.94 1624949617.894097
-1.94 1624949617.897673
-1.94 1624949617.901349
-1.94 1624949617.905034
-1.94 1624949617.908546
-1.94 1624949617.912099
-1.94 1624949617.915662
-1.94 1624949617.919446
-1.94 1624949617.923246
-1.94 1624949617.926829
-1.94 1624949617.930381
-1.94 1624949617.934073
-1.94 1624949617.93768
-1.94 1624949617.941211
-1.94 1624949617.944965
-1.88 1624949617.948548
-1.94 1624949617.952115
-1.94 1624949617.955697
-1.94 1624949617.959369
-1.94 1624949617.963028
-1.94 1624949617.966559
-1.94 1624949617.970108
-1.94 1624949617.973663
-1.94 1624949617.977222
-1.94 1624949617.98086
-1.94 1624949617.98441
-1.94 1624949617.98811
-1.94 1624949617.991757
-1.94 1624949617.995309
-1.94 1624949617.998853
-1.94 1624949618.002426
-1.94 1624949618.00598
-1.94 1624949618.009555
-1.94 1624949618.013098
-1.94 1624949618.016677
-1.94 1624949618.020297
-1.94 1624949618.023829
-1.94 1624949618.027383
-1.94 1624949618.031162
-1.94 1624949618.034725
-1.94 1624949618.038317
-1.94 1624949618.041853
-1.94 1624949618.045403
-1.94 1624949618.048886
-1.94 1624949618.052429
-1.94 1624949618.056056
-1.94 1624949618.059699
-1.94 1624949618.063241
-1.94 1624949618.066876
-1.94 1624949618.070485
-1.94 1624949618.074092
-1.94 1624949618.077686
-1.94 1624949618.081229
-1.94 1624949618.084742
-1.94 1624949618.088379
-1.94 1624949618.091911
-1.94 1624949618.095574
-1.94 1624949618.099312
-1.94 1624949618.103007
-1.94 1624949618.106866
-1.94 1624949618.110584
-1.94 1624949618.114312
-1.94 1624949618.118184
-1.94 1624949618.121874
-1.94 1624949618.125556
-1.94 1624949618.129254
-1.94 1624949618.132931
-1.94 1624949618.136641
-1.94 1624949618.14039
-1.94 1624949618.144203
-1.94 1624949618.147856
-1.94 1624949618.151734
-1.94 1624949618.155492
-1.94 1624949618.159241
-1.94 1624949618.162959
-1.94 1624949618.166753
-1.94 1624949618.170497
-1.94 1624949618.174241
-1.94 1624949618.178003
-1.94 1624949618.18183
-1.94 1624949618.185664
-1.94 1624949618.189466
-1.94 1624949618.193181
-1.94 1624949618.196872
-1.94 1624949618.200581
-1.94 1624949618.204279
-1.94 1624949618.208025
-1.94 1624949618.211794
9.46 1624949618.215904
51.71 1624949618.225484 touch_grd
-1.94 1624949619.332154 go_up_roll
-1.94 1624949620.533541 start_3_iteration
-1.94 1624949621.335047
-1.94 1624949621.338773
-1.94 1624949621.34233
-1.94 1624949621.345879
-1.94 1624949621.349359
-1.94 1624949621.352936
-1.94 1624949621.356456
-1.94 1624949621.360242
-1.94 1624949621.364112
-1.94 1624949621.367973
-1.94 1624949621.37178
-1.94 1624949621.375617
-1.94 1624949621.379446
-1.94 1624949621.383281
-1.94 1624949621.387198
-1.94 1624949621.390943
-1.94 1624949621.39466
-1.94 1624949621.398518
-1.94 1624949621.402407
-1.94 1624949621.406125
-1.94 1624949621.409943
-1.94 1624949621.413777
-1.94 1624949621.417565
-1.94 1624949621.421427
-1.94 1624949621.425198
-1.94 1624949621.432677
-1.94 1624949621.436477
-1.94 1624949621.440259
-1.94 1624949621.443896
-1.94 1624949621.447608
-1.94 1624949621.451428
-1.94 1624949621.455379
-1.94 1624949621.45923
-1.94 1624949621.463051
-1.94 1624949621.46686
-1.94 1624949621.470664
-1.94 1624949621.474425
-1.94 1624949621.478087
-1.94 1624949621.481754
-1.94 1624949621.485622
-1.94 1624949621.489434
-1.94 1624949621.493108
-1.94 1624949621.496934
-1.94 1624949621.500761
-1.94 1624949621.504553
-1.94 1624949621.508328
-1.94 1624949621.512108
-1.94 1624949621.515898
-1.94 1624949621.519671
-1.94 1624949621.523481
-1.94 1624949621.527268
-1.94 1624949621.53106
-1.94 1624949621.534943
-1.94 1624949621.538837
-1.94 1624949621.542629
-1.94 1624949621.546449
-1.94 1624949621.550295
-1.94 1624949621.553926
-1.94 1624949621.557621
-1.94 1624949621.561616
-1.94 1624949621.565352
-1.94 1624949621.569262
-1.94 1624949621.573201
-1.94 1624949621.577078
-1.94 1624949621.580886
-1.94 1624949621.584778
-1.94 1624949621.588539
-1.94 1624949621.592329
-1.94 1624949621.596167
-1.94 1624949621.600072
-1.94 1624949621.603874
-1.94 1624949621.607686
-1.94 1624949621.61164
-1.94 1624949621.615505
-1.94 1624949621.61923
-1.94 1624949621.622947
-1.94 1624949621.62676
-1.94 1624949621.630573
-1.94 1624949621.634357
-1.94 1624949621.63825
-1.94 1624949621.64206
-1.94 1624949621.645773
-1.94 1624949621.649452
-1.94 1624949621.653249
-1.94 1624949621.656917
-1.94 1624949621.660756
-1.94 1624949621.664478
-1.94 1624949621.668319
-1.94 1624949621.672205
-1.94 1624949621.676003
-1.94 1624949621.679805
-1.94 1624949621.683616
-1.94 1624949621.687412
-1.94 1624949621.691107
-1.94 1624949621.694983
-1.94 1624949621.698695
-1.94 1624949621.702548
-1.94 1624949621.706285
-1.88 1624949621.710122
-1.94 1624949621.713953
-1.94 1624949621.717838
-1.94 1624949621.721473
6.36 1624949621.725563
42.41 1624949621.737899 touch_grd
-1.94 1624949622.844998 go_up_roll
-1.94 1624949624.049743 start_4_iteration
-1.94 1624949624.847164
-1.94 1624949624.850795
-1.94 1624949624.854412
-1.94 1624949624.857936
-1.94 1624949624.86141
-1.94 1624949624.865131
-1.94 1624949624.868693
-1.94 1624949624.872233
-1.94 1624949624.875798
-1.94 1624949624.879345
-1.94 1624949624.883086
-1.94 1624949624.886637
-1.94 1624949624.890179
-1.94 1624949624.893769
-1.94 1624949624.897309
-1.94 1624949624.900876
-1.94 1624949624.904451
-1.94 1624949624.908094
-1.94 1624949624.911564
-1.94 1624949624.915099
-1.94 1624949624.918777
-1.94 1624949624.922344
-1.94 1624949624.925832
-1.94 1624949624.92936
-1.94 1624949624.932939
-1.94 1624949624.936548
-1.94 1624949624.940179
-1.94 1624949624.943892
-1.94 1624949624.94752
-1.94 1624949624.951148
-1.94 1624949624.954637
-1.94 1624949624.958201
-1.94 1624949624.961667
-1.94 1624949624.965221
-1.94 1624949624.968796
-1.94 1624949624.972375
-1.94 1624949624.976056
-1.94 1624949624.979653
-1.94 1624949624.983169
-1.88 1624949624.98676
-1.94 1624949624.990277
-1.94 1624949624.993872
-1.94 1624949624.997417
-1.94 1624949625.001001
-1.94 1624949625.004506
-1.94 1624949625.008085
-1.94 1624949625.011681
-1.94 1624949625.015212
-1.94 1624949625.018852
-1.94 1624949625.022445
-1.94 1624949625.026204
-1.94 1624949625.029778
-1.94 1624949625.033385
-1.94 1624949625.037124
-1.94 1624949625.040738
-1.94 1624949625.044904
-1.94 1624949625.048632
-1.94 1624949625.05235
-1.94 1624949625.056199
-1.94 1624949625.060009
-1.94 1624949625.063812
-1.88 1624949625.067716
-1.94 1624949625.071509
-1.94 1624949625.07527
-1.94 1624949625.079103
-1.94 1624949625.082894
-1.94 1624949625.086625
-1.94 1624949625.090442
-1.94 1624949625.094329
-1.94 1624949625.098104
-1.94 1624949625.101846
-1.94 1624949625.105516
-1.94 1624949625.109285
-1.94 1624949625.113161
-1.94 1624949625.116951
-1.94 1624949625.120814
-1.94 1624949625.124626
-1.94 1624949625.128389
-1.94 1624949625.132202
-1.94 1624949625.135987
-1.94 1624949625.139959
-1.94 1624949625.143783
-1.88 1624949625.147527
-1.94 1624949625.151225
-1.94 1624949625.154976
-1.94 1624949625.158708
-1.88 1624949625.162514
-1.94 1624949625.166325
-1.94 1624949625.17026
-1.94 1624949625.174172
-1.94 1624949625.177972
-1.94 1624949625.181772
-1.94 1624949625.189184
-1.94 1624949625.192902
-1.94 1624949625.196701
-1.94 1624949625.200486
-1.88 1624949625.204233
-1.94 1624949625.20801
-1.94 1624949625.211815
-1.94 1624949625.215585
-1.94 1624949625.219442
-1.94 1624949625.223193
-1.94 1624949625.226978
-1.94 1624949625.230768
-1.94 1624949625.234572
15.1 1624949625.238575
37.4 1624949625.250164 touch_grd
-1.94 1624949626.354432 go_up_roll
-1.94 1624949627.562246 start_5_iteration
-1.94 1624949628.359941
-1.94 1624949628.363532
-1.94 1624949628.367217
-1.94 1624949628.370735
-1.94 1624949628.374334
-1.94 1624949628.377876
-1.94 1624949628.381402
-1.94 1624949628.385094
-1.94 1624949628.388666
-1.94 1624949628.392282
-1.94 1624949628.39579
-1.94 1624949628.39938
-1.94 1624949628.402928
-1.94 1624949628.406536
-1.94 1624949628.410175
-1.94 1624949628.413745
-1.94 1624949628.417314
-1.94 1624949628.420864
-1.94 1624949628.424413
-1.94 1624949628.428061
-1.94 1624949628.431664
-1.94 1624949628.435297
-1.94 1624949628.43877
-1.94 1624949628.442336
-1.94 1624949628.445814
-1.94 1624949628.44939
-1.94 1624949628.453175
-1.94 1624949628.456745
-1.94 1624949628.46036
-1.94 1624949628.463857
-1.94 1624949628.467415
-1.94 1624949628.471066
-1.94 1624949628.474613
-1.94 1624949628.47816
-1.94 1624949628.48177
-1.94 1624949628.485374
-1.88 1624949628.488974
-1.94 1624949628.492515
-1.94 1624949628.496089
-1.94 1624949628.4997
-1.94 1624949628.503334
-1.94 1624949628.506925
-1.94 1624949628.510624
-1.94 1624949628.514288
-1.94 1624949628.517982
-1.94 1624949628.521717
-1.94 1624949628.525424
-1.94 1624949628.52929
-1.94 1624949628.533181
-1.94 1624949628.537561
-1.94 1624949628.541243
-1.94 1624949628.54497
-1.94 1624949628.548596
-1.94 1624949628.552254
-1.94 1624949628.55595
-1.94 1624949628.559628
-1.94 1624949628.563304
-1.88 1624949628.567118
-1.94 1624949628.570857
-1.94 1624949628.574545
-1.94 1624949628.578366
-1.94 1624949628.582166
-1.94 1624949628.585885
-1.94 1624949628.589642
-1.94 1624949628.593271
-1.94 1624949628.597042
-1.94 1624949628.600766
-1.94 1624949628.604509
-1.94 1624949628.608338
-1.94 1624949628.612192
-1.94 1624949628.615878
-1.94 1624949628.619583
-1.94 1624949628.623285
-1.94 1624949628.627027
-1.94 1624949628.630695
-1.94 1624949628.634338
-1.94 1624949628.638039
-1.94 1624949628.641761
-1.94 1624949628.645668
-1.88 1624949628.649425
-1.94 1624949628.653177
-1.94 1624949628.65841
-1.88 1624949628.662144
-1.94 1624949628.665853
-1.94 1624949628.669561
-1.94 1624949628.673262
-1.94 1624949628.676987
-1.94 1624949628.680747
-1.88 1624949628.684425
-1.94 1624949628.688054
-1.94 1624949628.691736
-1.94 1624949628.695392
-1.94 1624949628.699168
-1.94 1624949628.70285
-1.94 1624949628.706592
-1.94 1624949628.710327
-1.94 1624949628.714161
-1.94 1624949628.7178
-1.88 1624949628.721505
-1.88 1624949628.725248
-1.94 1624949628.728942
-1.94 1624949628.732607
-1.94 1624949628.736259
-1.94 1624949628.740001
-1.94 1624949628.743728
-1.94 1624949628.747371
-0.27 1624949628.751228
32.13 1624949628.755263
49.72 1624949628.762565 touch_grd
-1.94 1624949629.870066 go_up_roll
-1.94 1624949631.077299 start_6_iteration
-1.94 1624949631.872993
-1.94 1624949631.876528
-1.94 1624949631.880105
-1.94 1624949631.883659
-1.94 1624949631.887228
-1.94 1624949631.89082
-1.94 1624949631.894321
-1.94 1624949631.897953
-1.94 1624949631.901501
-1.94 1624949631.905087
-1.94 1624949631.908662
-1.94 1624949631.912187
-1.94 1624949631.915758
-1.94 1624949631.919304
-1.94 1624949631.922856
-1.94 1624949631.926291
-1.94 1624949631.929753
-1.94 1624949631.933352
-1.94 1624949631.937001
-1.94 1624949631.940636
-1.94 1624949631.944248
-1.94 1624949631.947859
-1.94 1624949631.951483
-1.94 1624949631.955125
-1.94 1624949631.958731
-1.94 1624949631.962313
-1.88 1624949631.965912
-1.94 1624949631.969951
-1.94 1624949631.973513
-1.94 1624949631.977037
-1.94 1624949631.980619
-1.94 1624949631.984186
-1.88 1624949631.987806
-1.94 1624949631.991365
-1.94 1624949631.995058
-1.94 1624949631.998663
-1.88 1624949632.002259
-1.94 1624949632.005864
-1.94 1624949632.009429
-1.94 1624949632.013083
-1.94 1624949632.01666
-1.94 1624949632.020194
-1.94 1624949632.023764
-1.94 1624949632.027333
-1.94 1624949632.030967
-1.94 1624949632.034528
-1.94 1624949632.038061
-1.94 1624949632.041623
-1.94 1624949632.04517
-1.94 1624949632.048764
-1.94 1624949632.052284
-1.94 1624949632.055838
-1.94 1624949632.059446
-1.94 1624949632.063068
-1.94 1624949632.066639
-1.94 1624949632.070221
-1.94 1624949632.073744
-1.94 1624949632.077339
-1.94 1624949632.080823
-1.88 1624949632.084377
-1.94 1624949632.088069
-1.88 1624949632.091655
-1.94 1624949632.095185
-1.94 1624949632.09878
-1.94 1624949632.102408
-1.94 1624949632.105929
-1.94 1624949632.10944
-1.88 1624949632.112966
-1.94 1624949632.116528
-1.94 1624949632.120122
-1.94 1624949632.12364
-1.94 1624949632.127109
-1.94 1624949632.130688
-1.94 1624949632.13429
-1.94 1624949632.137892
-1.94 1624949632.141539
-1.94 1624949632.145145
-1.94 1624949632.148698
-1.94 1624949632.152155
-1.94 1624949632.155651
-1.94 1624949632.159245
-1.94 1624949632.162757
-1.94 1624949632.16638
-1.94 1624949632.170452
-1.94 1624949632.174069
-1.94 1624949632.177852
-1.88 1624949632.18138
-1.94 1624949632.185087
-1.94 1624949632.188668
-1.94 1624949632.192277
-1.94 1624949632.195876
-1.94 1624949632.199397
-1.94 1624949632.203016
-1.94 1624949632.206711
-1.94 1624949632.210415
-1.94 1624949632.214007
-1.94 1624949632.217612
-1.94 1624949632.221252
-1.88 1624949632.2248
-1.94 1624949632.228367
-1.94 1624949632.232119
-1.94 1624949632.235748
-1.94 1624949632.239432
-1.88 1624949632.243159
-1.94 1624949632.246761
-1.94 1624949632.250424
-1.94 1624949632.25412
-1.94 1624949632.257802
-1.94 1624949632.261468
-1.44 1624949632.265265
42.91 1624949632.269125
54.43 1624949632.275138 touch_grd
-1.94 1624949633.379409 go_up_roll
-1.94 1624949634.590283 start_7_iteration
-1.94 1624949635.385007
-1.94 1624949635.388667
-1.94 1624949635.392199
-1.94 1624949635.395703
-1.94 1624949635.399314
-1.94 1624949635.402869
-1.94 1624949635.406435
-1.94 1624949635.410053
-1.94 1624949635.413635
-1.94 1624949635.417294
-1.94 1624949635.420853
-1.94 1624949635.424416
-1.94 1624949635.428061
-1.94 1624949635.431648
-1.94 1624949635.435168
-1.94 1624949635.438609
-1.94 1624949635.442206
-1.94 1624949635.445757
-1.94 1624949635.449325
-1.94 1624949635.452908
-1.94 1624949635.45642
-1.94 1624949635.460052
-1.94 1624949635.463694
-1.94 1624949635.467259
-1.94 1624949635.470823
-1.94 1624949635.474391
-1.94 1624949635.478064
-1.94 1624949635.48188
-1.94 1624949635.485393
-1.88 1624949635.488955
-1.94 1624949635.492385
-1.94 1624949635.49602
-1.94 1624949635.499635
-1.94 1624949635.503184
-1.94 1624949635.506673
-1.94 1624949635.510172
-1.94 1624949635.513727
-1.94 1624949635.517248
-1.88 1624949635.520773
-1.94 1624949635.524274
-1.94 1624949635.527838
-1.94 1624949635.531385
-1.94 1624949635.53507
-1.94 1624949635.538604
-1.94 1624949635.542068
-1.94 1624949635.545662
-1.94 1624949635.549237
-1.94 1624949635.552738
-1.94 1624949635.556296
-1.94 1624949635.559881
-1.94 1624949635.563519
-1.94 1624949635.567174
-1.94 1624949635.570747
-1.94 1624949635.57438
-1.94 1624949635.578083
-1.94 1624949635.582275
-1.94 1624949635.58582
-1.94 1624949635.589391
-1.94 1624949635.592922
-1.94 1624949635.596405
-1.94 1624949635.600103
-1.94 1624949635.603743
-1.94 1624949635.607392
-1.94 1624949635.610981
-1.94 1624949635.61456
-1.94 1624949635.618235
-1.94 1624949635.621914
-1.94 1624949635.625616
-1.94 1624949635.629434
-1.94 1624949635.633254
-1.94 1624949635.637007
-1.94 1624949635.640807
-1.94 1624949635.644529
-1.94 1624949635.648343
-1.94 1624949635.652188
-1.94 1624949635.655959
-1.94 1624949635.659767
-1.94 1624949635.663582
-1.94 1624949635.667231
-1.94 1624949635.671042
-1.94 1624949635.674882
-1.94 1624949635.67884
-1.94 1624949635.683337
-1.94 1624949635.687224
-1.94 1624949635.691067
-1.94 1624949635.69491
-1.94 1624949635.698751
-1.94 1624949635.702609
-1.94 1624949635.706392
-1.88 1624949635.710251
-1.94 1624949635.714199
-1.94 1624949635.71814
-1.94 1624949635.721993
-1.94 1624949635.725712
-1.94 1624949635.729499
-1.94 1624949635.733221
-1.94 1624949635.736989
-1.94 1624949635.740842
-1.94 1624949635.744798
-1.94 1624949635.748603
-1.94 1624949635.752291
-1.94 1624949635.756084
-1.94 1624949635.759827
-1.94 1624949635.763581
-1.94 1624949635.767313
-1.94 1624949635.771217
9.71 1624949635.775342
35.66 1624949635.788208 touch_grd
-1.94 1624949636.891668 go_up_roll
-1.94 1624949638.103531 start_8_iteration
-1.94 1624949638.897403
-1.94 1624949638.901063
-1.94 1624949638.904885
-1.94 1624949638.90839
-1.94 1624949638.912006
-1.94 1624949638.915528
-1.94 1624949638.919133
-1.94 1624949638.922628
-1.94 1624949638.926079
-1.94 1624949638.929533
-1.94 1624949638.933109
-1.94 1624949638.936689
-1.94 1624949638.940217
-1.94 1624949638.943794
-1.94 1624949638.947429
-1.94 1624949638.951027
-1.94 1624949638.954622
-1.94 1624949638.958161
-1.94 1624949638.961728
-1.94 1624949638.965273
-1.94 1624949638.968893
-1.94 1624949638.972441
-1.94 1624949638.976098
-1.94 1624949638.97972
-1.94 1624949638.983341
-1.94 1624949638.987001
-1.94 1624949638.990631
-1.94 1624949638.99414
-1.94 1624949638.997745
-1.94 1624949639.001286
-1.94 1624949639.004878
-1.94 1624949639.008357
-1.94 1624949639.011986
-1.94 1624949639.015545
-1.94 1624949639.019098
-1.94 1624949639.022621
-1.94 1624949639.026145
-1.94 1624949639.029748
-1.94 1624949639.033341
-1.94 1624949639.037061
-1.94 1624949639.040656
-1.94 1624949639.044163
-1.94 1624949639.047732
-1.94 1624949639.051294
-1.94 1624949639.054881
-1.94 1624949639.058426
-1.94 1624949639.061999
-1.94 1624949639.065657
-1.94 1624949639.069224
-1.94 1624949639.076253
-1.94 1624949639.079841
-1.94 1624949639.083466
-1.94 1624949639.087048
-1.94 1624949639.090609
-1.94 1624949639.094147
-1.94 1624949639.097727
-1.94 1624949639.101262
-1.94 1624949639.104861
-1.94 1624949639.108393
-1.94 1624949639.111966
-1.94 1624949639.115525
-1.94 1624949639.119116
-1.94 1624949639.122649
-1.94 1624949639.126219
-1.94 1624949639.12981
-1.94 1624949639.13335
-1.94 1624949639.136917
-1.94 1624949639.14049
-1.94 1624949639.14404
-1.94 1624949639.147598
-1.94 1624949639.151113
-1.94 1624949639.154606
-1.94 1624949639.158175
-1.94 1624949639.161695
-1.94 1624949639.16528
-1.94 1624949639.168888
-1.88 1624949639.172398
-1.94 1624949639.176057
-1.94 1624949639.179532
-1.94 1624949639.183122
-1.94 1624949639.1867
-1.94 1624949639.190247
-1.94 1624949639.193813
-1.94 1624949639.19771
-1.94 1624949639.20128
-1.88 1624949639.204858
-1.94 1624949639.208417
-1.88 1624949639.212107
-1.94 1624949639.215666
-1.94 1624949639.219227
-1.94 1624949639.222787
-1.94 1624949639.226434
-1.94 1624949639.229999
-1.94 1624949639.233629
-1.94 1624949639.237147
-1.94 1624949639.240701
-1.94 1624949639.244269
-1.94 1624949639.247854
-1.94 1624949639.25152
-1.94 1624949639.255028
-1.94 1624949639.258619
-1.94 1624949639.262244
-1.94 1624949639.265864
-1.94 1624949639.269384
-1.94 1624949639.273031
-1.94 1624949639.276535
-1.94 1624949639.280131
-1.94 1624949639.283763
1.16 1624949639.287499
49.54 1624949639.298465 touch_grd
-1.94 1624949640.40846 go_up_roll
-1.94 1624949641.614147 start_9_iteration
-1.94 1624949642.410372
-1.94 1624949642.413948
-1.94 1624949642.417487
-1.94 1624949642.421034
-1.94 1624949642.424642
-1.94 1624949642.428202
-1.94 1624949642.43186
-1.94 1624949642.43543
-1.94 1624949642.439068
-1.94 1624949642.44264
-1.94 1624949642.446233
-1.94 1624949642.449745
-1.94 1624949642.453249
-1.94 1624949642.456814
-1.94 1624949642.460352
-1.94 1624949642.463914
-1.94 1624949642.467469
-1.94 1624949642.471014
-1.94 1624949642.474607
-1.94 1624949642.478221
-1.94 1624949642.48184
-1.94 1624949642.485363
-1.94 1624949642.488932
-1.94 1624949642.492414
-1.94 1624949642.495963
-1.94 1624949642.49963
-1.94 1624949642.503222
-1.94 1624949642.506781
-1.94 1624949642.510371
-1.94 1624949642.514062
-1.94 1624949642.51765
-1.94 1624949642.521167
-1.94 1624949642.524719
-1.94 1624949642.528281
-1.94 1624949642.53185
-1.94 1624949642.535425
-1.94 1624949642.539087
-1.94 1624949642.542624
-1.94 1624949642.546203
-1.94 1624949642.549749
-1.94 1624949642.55323
-1.94 1624949642.556951
-1.94 1624949642.560784
-1.94 1624949642.564528
-1.94 1624949642.568219
-1.94 1624949642.571917
-1.94 1624949642.575648
-1.94 1624949642.579237
-1.94 1624949642.58301
-1.94 1624949642.590466
-1.94 1624949642.594313
-1.94 1624949642.598142
-1.88 1624949642.601898
-1.94 1624949642.605742
-1.88 1624949642.609468
-1.94 1624949642.613241
-1.94 1624949642.617042
-1.94 1624949642.62074
-1.94 1624949642.624533
-1.94 1624949642.628274
-1.94 1624949642.632106
-1.94 1624949642.635956
-1.94 1624949642.639796
-1.94 1624949642.643615
-1.94 1624949642.647455
-1.88 1624949642.651255
-1.94 1624949642.655064
-1.94 1624949642.658795
-1.94 1624949642.662617
-1.94 1624949642.666274
-1.94 1624949642.670052
-1.94 1624949642.673762
-1.94 1624949642.677657
-1.94 1624949642.681441
-1.94 1624949642.685237
-1.94 1624949642.688963
-1.94 1624949642.692718
-1.94 1624949642.696475
-1.88 1624949642.700231
-1.94 1624949642.704064
-1.94 1624949642.708261
-1.94 1624949642.712055
-1.94 1624949642.715814
-1.94 1624949642.719751
-1.88 1624949642.723487
-1.94 1624949642.727258
-1.94 1624949642.731002
-1.94 1624949642.734873
-1.94 1624949642.738778
-1.94 1624949642.742664
-1.94 1624949642.746507
-1.94 1624949642.750269
-1.94 1624949642.754101
-1.94 1624949642.757843
-1.94 1624949642.761539
-1.94 1624949642.765292
-1.94 1624949642.769207
-1.94 1624949642.773182
-1.94 1624949642.776997
-1.94 1624949642.78105
-1.94 1624949642.784814
-1.94 1624949642.788587
-1.94 1624949642.792466
-1.94 1624949642.796544
-1.94 1624949642.800279
22.72 1624949642.804405
50.84 1624949642.812705 touch_grd
-1.94 1624949643.918751 go_up_roll
