11.599512100219727 1624362967.67258 0.974
11.599512100219727 1624362967.679647 0.974
11.599512100219727 1624362967.686658 0.974
10.98901081085205 1624362967.693675 0.974
11.599512100219727 1624362967.700703 0.974
11.599512100219727 1624362967.707682 0.974
11.599512100219727 1624362967.714517 0.974
11.599512100219727 1624362967.721479 0.974
11.599512100219727 1624362967.728531 0.974
11.599512100219727 1624362967.735507 0.974
11.599512100219727 1624362967.74255 0.974
11.599512100219727 1624362967.749475 0.974
11.599512100219727 1624362967.756548 0.974
11.599512100219727 1624362967.763559 0.974
11.599512100219727 1624362967.770471 0.974
11.599512100219727 1624362967.77751 0.974
11.599512100219727 1624362967.784582 0.974
11.599512100219727 1624362967.791493 0.974
11.599512100219727 1624362967.79844 0.974
10.98901081085205 1624362967.805425 0.974
11.599512100219727 1624362967.812439 0.974
11.599512100219727 1624362967.819429 0.974
10.98901081085205 1624362967.826461 0.974
11.599512100219727 1624362967.83351 0.974
10.98901081085205 1624362967.840575 0.974
11.599512100219727 1624362967.847565 0.974
11.599512100219727 1624362967.854462 0.974
10.98901081085205 1624362967.86148 0.974
11.599512100219727 1624362967.868475 0.974
11.599512100219727 1624362967.875516 0.974
10.98901081085205 1624362967.882525 0.974
11.599512100219727 1624362967.889574 0.974
10.98901081085205 1624362967.896578 0.974
11.599512100219727 1624362967.903576 0.974
11.599512100219727 1624362967.910561 0.974
10.98901081085205 1624362967.917564 0.974
11.599512100219727 1624362967.924597 0.974
11.599512100219727 1624362967.931574 0.974
11.599512100219727 1624362967.938529 0.974
11.599512100219727 1624362967.945591 0.974
10.98901081085205 1624362967.952568 0.974
11.599512100219727 1624362967.959589 0.974
11.599512100219727 1624362967.966644 0.974
10.98901081085205 1624362967.973604 0.974
11.599512100219727 1624362967.980581 0.974
11.599512100219727 1624362967.987524 0.974
11.599512100219727 1624362967.99446 0.974
11.599512100219727 1624362968.00146 0.974
10.98901081085205 1624362968.008469 0.974
11.599512100219727 1624362968.015454 0.974
11.599512100219727 1624362968.022436 0.974
11.599512100219727 1624362968.029484 0.974
11.599512100219727 1624362968.036468 0.974
10.98901081085205 1624362968.043456 0.974
11.599512100219727 1624362968.050393 0.974
11.599512100219727 1624362968.057405 0.974
10.98901081085205 1624362968.064406 0.974
11.599512100219727 1624362968.071523 0.974
11.599512100219727 1624362968.07849 0.974
11.599512100219727 1624362968.085526 0.974
11.599512100219727 1624362968.09251 0.974
10.98901081085205 1624362968.099521 0.974
11.599512100219727 1624362968.106467 0.974
11.599512100219727 1624362968.113478 0.974
11.599512100219727 1624362968.120467 0.974
11.599512100219727 1624362968.127523 0.974
11.599512100219727 1624362968.134491 0.974
11.599512100219727 1624362968.14142 0.974
11.599512100219727 1624362968.148445 0.974
10.98901081085205 1624362968.155436 0.974
11.599512100219727 1624362968.162471 0.974
11.599512100219727 1624362968.169436 0.974
10.98901081085205 1624362968.176412 0.974
11.599512100219727 1624362968.183425 0.974
11.599512100219727 1624362968.190415 0.974
11.599512100219727 1624362968.197466 0.974
11.599512100219727 1624362968.204398 0.974
10.98901081085205 1624362968.211323 0.974
11.599512100219727 1624362968.21844 0.974
11.599512100219727 1624362968.225412 0.974
10.98901081085205 1624362968.232366 0.974
11.599512100219727 1624362968.23938 0.974
10.98901081085205 1624362968.246385 0.974
11.599512100219727 1624362968.25338 0.974
11.599512100219727 1624362968.260419 0.974
10.98901081085205 1624362968.267391 0.974
11.599512100219727 1624362968.274408 0.974
11.599512100219727 1624362968.281385 0.974
11.599512100219727 1624362968.288379 0.974
11.599512100219727 1624362968.295415 0.974
10.98901081085205 1624362968.302466 0.974
11.599512100219727 1624362968.30939 0.974
11.599512100219727 1624362968.316437 0.974
10.98901081085205 1624362968.323445 0.974
11.599512100219727 1624362968.330403 0.974
11.599512100219727 1624362968.337323 0.974
10.98901081085205 1624362968.34435 0.974
11.599512100219727 1624362968.351433 0.974
11.599512100219727 1624362968.358424 0.974
11.599512100219727 1624362968.365466 0.974
11.599512100219727 1624362968.372403 0.974
10.98901081085205 1624362968.3795 0.974
11.599512100219727 1624362968.386443 0.974
11.599512100219727 1624362968.393439 0.974
10.98901081085205 1624362968.400516 0.974
11.599512100219727 1624362968.407462 0.974
10.98901081085205 1624362968.414465 0.974
11.599512100219727 1624362968.421426 0.974
11.599512100219727 1624362968.428496 0.974
10.98901081085205 1624362968.435425 0.974
11.599512100219727 1624362968.442387 0.974
11.599512100219727 1624362968.449386 0.974
10.98901081085205 1624362968.456367 0.974
11.599512100219727 1624362968.463466 0.974
11.599512100219727 1624362968.470302 0.974
11.599512100219727 1624362968.477463 0.974
11.599512100219727 1624362968.484217 0.974
10.98901081085205 1624362968.491233 0.974
11.599512100219727 1624362968.498229 0.974
10.98901081085205 1624362968.505264 0.974
10.98901081085205 1624362968.512294 0.974
11.599512100219727 1624362968.519284 0.974
11.599512100219727 1624362968.526267 0.974
11.599512100219727 1624362968.533249 0.974
11.599512100219727 1624362968.540246 0.974
10.98901081085205 1624362968.547263 0.974
11.599512100219727 1624362968.55424 0.974
11.599512100219727 1624362968.561306 0.974
10.98901081085205 1624362968.568344 0.974
11.599512100219727 1624362968.575382 0.974
10.98901081085205 1624362968.582375 0.974
11.599512100219727 1624362968.589389 0.974
11.599512100219727 1624362968.596374 0.974
10.98901081085205 1624362968.603285 0.974
11.599512100219727 1624362968.610338 0.974
11.599512100219727 1624362968.617265 0.974
10.98901081085205 1624362968.624325 0.974
11.599512100219727 1624362968.631366 0.974
11.599512100219727 1624362968.638306 0.974
11.599512100219727 1624362968.645316 0.974
11.599512100219727 1624362968.652335 0.974
10.98901081085205 1624362968.659359 0.974
11.599512100219727 1624362968.666298 0.974
10.98901081085205 1624362968.673305 0.974
10.98901081085205 1624362968.68024 0.974
11.599512100219727 1624362968.687215 0.974
10.98901081085205 1624362968.694254 0.974
11.599512100219727 1624362968.70124 0.974
11.599512100219727 1624362968.708221 0.974
10.98901081085205 1624362968.715211 0.974
11.599512100219727 1624362968.722294 0.974
11.599512100219727 1624362968.729261 0.974
10.98901081085205 1624362968.736251 0.974
11.599512100219727 1624362968.743307 0.974
10.98901081085205 1624362968.750231 0.974
11.599512100219727 1624362968.757236 0.974
11.599512100219727 1624362968.764279 0.974
10.98901081085205 1624362968.77126 0.974
11.599512100219727 1624362968.778324 0.974
11.599512100219727 1624362968.785281 0.974
10.98901081085205 1624362968.792228 0.974
11.599512100219727 1624362968.799225 0.974
10.98901081085205 1624362968.806246 0.974
10.98901081085205 1624362968.813339 0.974
11.599512100219727 1624362968.820301 0.974
10.98901081085205 1624362968.827352 0.974
11.599512100219727 1624362968.834314 0.974
11.599512100219727 1624362968.841336 0.974
10.98901081085205 1624362968.84832 0.974
11.599512100219727 1624362968.855344 0.974
11.599512100219727 1624362968.862324 0.974
10.98901081085205 1624362968.869315 0.974
11.599512100219727 1624362968.876211 0.974
10.98901081085205 1624362968.883186 0.974
11.599512100219727 1624362968.890174 0.974
11.599512100219727 1624362968.897221 0.974
10.98901081085205 1624362968.904204 0.974
11.599512100219727 1624362968.911131 0.974
11.599512100219727 1624362968.918186 0.974
11.599512100219727 1624362968.92514 0.974
11.599512100219727 1624362968.9321 0.974
10.98901081085205 1624362968.93917 0.974
11.599512100219727 1624362968.946207 0.974
11.599512100219727 1624362968.953216 0.974
10.98901081085205 1624362968.960214 0.974
11.599512100219727 1624362968.967189 0.974
11.599512100219727 1624362968.974268 0.974
10.98901081085205 1624362968.981187 0.974
11.599512100219727 1624362968.988265 0.974
10.98901081085205 1624362968.995228 0.974
11.599512100219727 1624362969.002269 0.974
11.599512100219727 1624362969.009167 0.974
10.98901081085205 1624362969.016213 0.974
11.599512100219727 1624362969.023095 0.974
11.599512100219727 1624362969.030249 0.974
11.599512100219727 1624362969.037194 0.974
11.599512100219727 1624362969.04418 0.974
10.98901081085205 1624362969.051141 0.974
11.599512100219727 1624362969.058144 0.974
11.599512100219727 1624362969.06513 0.974
10.98901081085205 1624362969.072136 0.974
11.599512100219727 1624362969.079204 0.974
10.98901081085205 1624362969.08617 0.974
10.98901081085205 1624362969.09323 0.974
11.599512100219727 1624362969.100284 0.974
10.98901081085205 1624362969.107257 0.974
11.599512100219727 1624362969.114233 0.974
11.599512100219727 1624362969.121421 0.974
10.98901081085205 1624362969.129155 0.974
11.599512100219727 1624362969.136139 0.974
10.98901081085205 1624362969.143081 0.974
11.599512100219727 1624362969.150053 0.974
11.599512100219727 1624362969.157095 0.974
10.98901081085205 1624362969.164105 0.974
11.599512100219727 1624362969.171057 0.974
10.98901081085205 1624362969.178055 0.974
10.98901081085205 1624362969.185039 0.974
11.599512100219727 1624362969.192075 0.974
10.98901081085205 1624362969.199007 0.974
11.599512100219727 1624362969.206113 0.974
11.599512100219727 1624362969.213088 0.974
10.98901081085205 1624362969.220086 0.974
11.599512100219727 1624362969.227103 0.974
10.98901081085205 1624362969.2341 0.974
10.98901081085205 1624362969.241084 0.974
11.599512100219727 1624362969.248074 0.974
10.98901081085205 1624362969.255066 0.974
11.599512100219727 1624362969.26213 0.974
11.599512100219727 1624362969.269109 0.974
10.98901081085205 1624362969.276096 0.974
11.599512100219727 1624362969.283166 0.974
11.599512100219727 1624362969.290166 0.974
10.98901081085205 1624362969.297235 0.974
11.599512100219727 1624362969.304177 0.974
10.98901081085205 1624362969.311203 0.974
11.599512100219727 1624362969.318246 0.974
11.599512100219727 1624362969.325066 0.974
10.98901081085205 1624362969.332099 0.974
11.599512100219727 1624362969.339009 0.974
10.98901081085205 1624362969.345979 0.974
10.98901081085205 1624362969.353154 0.974
11.599512100219727 1624362969.360019 0.974
10.98901081085205 1624362969.367156 0.974
11.599512100219727 1624362969.37419 0.974
11.599512100219727 1624362969.381222 0.974
10.98901081085205 1624362969.388199 0.974
11.599512100219727 1624362969.395148 0.974
10.98901081085205 1624362969.402145 0.974
11.599512100219727 1624362969.409162 0.974
11.599512100219727 1624362969.416122 0.974
10.98901081085205 1624362969.423134 0.974
10.98901081085205 1624362969.430096 0.974
11.599512100219727 1624362969.437088 0.974
10.98901081085205 1624362969.444138 0.974
11.599512100219727 1624362969.451122 0.974
10.98901081085205 1624362969.458163 0.974
11.599512100219727 1624362969.465144 0.974
11.599512100219727 1624362969.472246 0.974
10.98901081085205 1624362969.479151 0.974
11.599512100219727 1624362969.486098 0.974
11.599512100219727 1624362969.493115 0.974
10.98901081085205 1624362969.500098 0.974
10.98901081085205 1624362969.507125 0.974
10.98901081085205 1624362969.514033 0.974
11.599512100219727 1624362969.520995 0.974
11.599512100219727 1624362969.527997 0.974
10.98901081085205 1624362969.534982 0.974
11.599512100219727 1624362969.542023 0.974
10.98901081085205 1624362969.54901 0.974
10.98901081085205 1624362969.556041 0.974
10.98901081085205 1624362969.563057 0.974
10.98901081085205 1624362969.570338 0.974
11.599512100219727 1624362969.578047 0.974
11.599512100219727 1624362969.584947 0.974
10.98901081085205 1624362969.592008 0.974
11.599512100219727 1624362969.599058 0.974
10.98901081085205 1624362969.606012 0.974
11.599512100219727 1624362969.613103 0.974
11.599512100219727 1624362969.620216 0.974
10.98901081085205 1624362969.627102 0.974
11.599512100219727 1624362969.634147 0.974
11.599512100219727 1624362969.641078 0.974
10.98901081085205 1624362969.648154 0.974
11.599512100219727 1624362969.655143 0.974
10.98901081085205 1624362969.662041 0.974
11.599512100219727 1624362969.669067 0.974
11.599512100219727 1624362969.676043 0.974
10.98901081085205 1624362969.683142 0.974
11.599512100219727 1624362969.690085 0.974
10.98901081085205 1624362969.697126 0.974
10.98901081085205 1624362969.703929 0.974
11.599512100219727 1624362969.710999 0.974
10.98901081085205 1624362969.717969 0.974
11.599512100219727 1624362969.724926 0.974
11.592434883117676 1624362969.731928 0.974
10.98901081085205 1624362969.738971 0.974
11.599512100219727 1624362969.745964 0.974
11.592434883117676 1624362969.752999 0.974
10.982306480407715 1624362969.760005 0.974
11.599512100219727 1624362969.766979 0.974
10.98901081085205 1624362969.773976 0.974
11.592434883117676 1624362969.780971 0.974
11.599512100219727 1624362969.787938 0.974
10.98901081085205 1624362969.795038 0.974
11.599512100219727 1624362969.802028 0.974
10.98901081085205 1624362969.809007 0.974
10.98901081085205 1624362969.816003 0.974
11.599512100219727 1624362969.822969 0.974
10.98901081085205 1624362969.830021 0.974
11.599512100219727 1624362969.836961 0.974
11.599512100219727 1624362969.843929 0.974
10.98901081085205 1624362969.85097 0.974
10.982306480407715 1624362969.857943 0.974
10.98901081085205 1624362969.864978 0.974
10.982306480407715 1624362969.871999 0.974
11.599512100219727 1624362969.878978 0.974
10.98901081085205 1624362969.886061 0.974
11.599512100219727 1624362969.893006 0.974
11.599512100219727 1624362969.900085 0.974
10.982306480407715 1624362969.906886 0.974
10.98901081085205 1624362969.913889 0.974
10.98901081085205 1624362969.920804 0.974
10.98901081085205 1624362969.927831 0.974
11.599512100219727 1624362969.934821 0.974
10.98901081085205 1624362969.941897 0.974
11.599512100219727 1624362969.948967 0.974
11.599512100219727 1624362969.955887 0.974
10.98901081085205 1624362969.962986 0.974
11.599512100219727 1624362969.969917 0.974
10.982306480407715 1624362969.976958 0.974
11.599512100219727 1624362969.983901 0.974
11.599512100219727 1624362969.990969 0.974
10.98901081085205 1624362969.997991 0.974
11.599512100219727 1624362970.004952 0.974
11.599512100219727 1624362970.012034 0.974
10.98901081085205 1624362970.018942 0.974
11.599512100219727 1624362970.025926 0.974
10.98901081085205 1624362970.033006 0.974
11.599512100219727 1624362970.040022 0.974
11.599512100219727 1624362970.046969 0.974
10.98901081085205 1624362970.053967 0.974
11.599512100219727 1624362970.060948 0.974
11.599512100219727 1624362970.067968 0.974
10.98901081085205 1624362970.074937 0.974
11.599512100219727 1624362970.08191 0.974
10.98901081085205 1624362970.088934 0.974
11.599512100219727 1624362970.095801 0.974
11.599512100219727 1624362970.102835 0.974
10.98901081085205 1624362970.109814 0.974
11.599512100219727 1624362970.116823 0.974
11.599512100219727 1624362970.123784 0.974
10.98901081085205 1624362970.13089 0.974
11.599512100219727 1624362970.137881 0.974
10.98901081085205 1624362970.144881 0.974
11.599512100219727 1624362970.151835 0.974
11.599512100219727 1624362970.158841 0.974
10.98901081085205 1624362970.165845 0.974
11.599512100219727 1624362970.172829 0.974
11.599512100219727 1624362970.179901 0.974
10.98901081085205 1624362970.186867 0.974
10.982306480407715 1624362970.193879 0.974
10.98901081085205 1624362970.200827 0.974
11.599512100219727 1624362970.207754 0.974
11.599512100219727 1624362970.214888 0.974
10.98901081085205 1624362970.221818 0.974
11.599512100219727 1624362970.228936 0.974
11.599512100219727 1624362970.23599 0.974
10.98901081085205 1624362970.242925 0.974
11.599512100219727 1624362970.249973 0.974
10.98901081085205 1624362970.256912 0.974
11.599512100219727 1624362970.263893 0.974
11.599512100219727 1624362970.270899 0.974
10.98901081085205 1624362970.277925 0.974
11.599512100219727 1624362970.284769 0.974
10.98901081085205 1624362970.291815 0.974
10.98901081085205 1624362970.298794 0.974
11.599512100219727 1624362970.305855 0.974
10.982306480407715 1624362970.31285 0.974
10.98901081085205 1624362970.319828 0.974
11.599512100219727 1624362970.326834 0.974
10.98901081085205 1624362970.333801 0.974
10.98901081085205 1624362970.340744 0.974
10.98901081085205 1624362970.34784 0.974
11.599512100219727 1624362970.354778 0.974
11.599512100219727 1624362970.361793 0.974
10.98901081085205 1624362970.368917 0.974
11.599512100219727 1624362970.375862 0.974
10.98901081085205 1624362970.382899 0.974
10.98901081085205 1624362970.389859 0.974
11.592434883117676 1624362970.396823 0.974
10.98901081085205 1624362970.403804 0.974
11.599512100219727 1624362970.410884 0.974
11.599512100219727 1624362970.417853 0.974
10.98901081085205 1624362970.424831 0.974
10.98901081085205 1624362970.431865 0.974
10.982306480407715 1624362970.43882 0.974
10.982306480407715 1624362970.445907 0.974
11.599512100219727 1624362970.452903 0.974
10.982306480407715 1624362970.459916 0.974
11.599512100219727 1624362970.466963 0.974
11.599512100219727 1624362970.473904 0.974
10.982306480407715 1624362970.480756 0.974
11.599512100219727 1624362970.487761 0.974
11.599512100219727 1624362970.494681 0.974
10.98901081085205 1624362970.501702 0.974
11.599512100219727 1624362970.508799 0.974
10.98901081085205 1624362970.515759 0.974
11.599512100219727 1624362970.522688 0.974
11.592434883117676 1624362970.529796 0.974
10.98901081085205 1624362970.536754 0.974
11.599512100219727 1624362970.543761 0.974
10.98901081085205 1624362970.550762 0.974
10.98901081085205 1624362970.557739 0.974
11.599512100219727 1624362970.564704 0.974
10.98901081085205 1624362970.571747 0.974
10.98901081085205 1624362970.578724 0.974
10.98901081085205 1624362970.585814 0.974
10.98901081085205 1624362970.592835 0.974
10.982306480407715 1624362970.599805 0.974
10.98901081085205 1624362970.606821 0.974
10.98901081085205 1624362970.613815 0.974
11.599512100219727 1624362970.620775 0.974
10.98901081085205 1624362970.627834 0.974
10.98901081085205 1624362970.634818 0.974
11.599512100219727 1624362970.641787 0.974
10.982306480407715 1624362970.648835 0.974
11.599512100219727 1624362970.655834 0.974
10.982306480407715 1624362970.662778 0.974
10.982306480407715 1624362970.669624 0.974
10.982306480407715 1624362970.676647 0.974
10.982306480407715 1624362970.683669 0.974
11.599512100219727 1624362970.690605 0.974
11.599512100219727 1624362970.697655 0.974
10.98901081085205 1624362970.704595 0.974
11.599512100219727 1624362970.71159 0.974
10.98901081085205 1624362970.718633 0.974
10.98901081085205 1624362970.725647 0.974
11.592434883117676 1624362970.732733 0.974
10.98901081085205 1624362970.739737 0.974
11.592434883117676 1624362970.746719 0.974
11.599512100219727 1624362970.75372 0.974
10.98901081085205 1624362970.760678 0.974
11.592434883117676 1624362970.767784 0.974
10.982306480407715 1624362970.774748 0.974
10.98901081085205 1624362970.781743 0.974
11.599512100219727 1624362970.788813 0.974
10.98901081085205 1624362970.7958 0.974
11.599512100219727 1624362970.802721 0.974
10.982306480407715 1624362970.809724 0.974
10.98901081085205 1624362970.816787 0.974
11.599512100219727 1624362970.823786 0.974
10.98901081085205 1624362970.830782 0.974
10.982306480407715 1624362970.837729 0.974
11.592434883117676 1624362970.844725 0.974
10.982306480407715 1624362970.851784 0.974
10.98901081085205 1624362970.858666 0.974
10.982306480407715 1624362970.865658 0.974
10.98901081085205 1624362970.872683 0.974
11.592434883117676 1624362970.879655 0.974
10.98901081085205 1624362970.886603 0.974
11.599512100219727 1624362970.893585 0.974
11.592434883117676 1624362970.900662 0.974
10.98901081085205 1624362970.907608 0.974
10.98901081085205 1624362970.914629 0.974
10.982306480407715 1624362970.921665 0.974
10.98901081085205 1624362970.928607 0.974
11.599512100219727 1624362970.935654 0.974
10.98901081085205 1624362970.942657 0.974
11.599512100219727 1624362970.949666 0.974
10.98901081085205 1624362970.956632 0.974
10.982306480407715 1624362970.96359 0.974
11.592434883117676 1624362970.970658 0.974
10.982306480407715 1624362970.977622 0.974
10.98901081085205 1624362970.984608 0.974
11.599512100219727 1624362970.991688 0.974
10.98901081085205 1624362970.998673 0.974
11.599512100219727 1624362971.005623 0.974
11.599512100219727 1624362971.012649 0.974
10.98901081085205 1624362971.019614 0.974
10.982306480407715 1624362971.026664 0.974
10.98901081085205 1624362971.033717 0.974
10.98901081085205 1624362971.040689 0.974
11.599512100219727 1624362971.047703 0.974
10.982306480407715 1624362971.054686 0.974
11.592434883117676 1624362971.061636 0.974
11.599512100219727 1624362971.068697 0.974
10.98901081085205 1624362971.075737 0.974
10.982306480407715 1624362971.082759 0.974
10.98901081085205 1624362971.089563 0.974
10.98901081085205 1624362971.096528 0.974
10.982306480407715 1624362971.103521 0.974
10.98901081085205 1624362971.110611 0.974
10.98901081085205 1624362971.117604 0.974
10.982306480407715 1624362971.12449 0.974
10.982306480407715 1624362971.131465 0.974
11.592434883117676 1624362971.13852 0.974
10.982306480407715 1624362971.145497 0.974
10.98901081085205 1624362971.15248 0.974
10.982306480407715 1624362971.159569 0.974
10.98901081085205 1624362971.166564 0.974
11.592434883117676 1624362971.173517 0.974
11.592434883117676 1624362971.180549 0.974
10.98901081085205 1624362971.187524 0.974
10.982306480407715 1624362971.194598 0.974
10.98901081085205 1624362971.201523 0.974
10.982306480407715 1624362971.20861 0.974
10.982306480407715 1624362971.215617 0.974
10.98901081085205 1624362971.222632 0.974
10.98901081085205 1624362971.229563 0.974
10.982306480407715 1624362971.236588 0.974
10.982306480407715 1624362971.243595 0.974
11.592434883117676 1624362971.250562 0.974
10.982306480407715 1624362971.257595 0.974
10.982306480407715 1624362971.264601 0.974
10.98901081085205 1624362971.271592 0.974
10.982306480407715 1624362971.278609 0.974
10.982306480407715 1624362971.285549 0.974
10.982306480407715 1624362971.29261 0.974
10.98901081085205 1624362971.299477 0.974
10.982306480407715 1624362971.306463 0.974
10.982306480407715 1624362971.313477 0.974
11.592434883117676 1624362971.320545 0.974
10.982306480407715 1624362971.327501 0.974
10.982306480407715 1624362971.334563 0.974
11.592434883117676 1624362971.341557 0.974
10.982306480407715 1624362971.348513 0.974
10.982306480407715 1624362971.355549 0.974
11.592434883117676 1624362971.3625 0.974
10.98901081085205 1624362971.369472 0.974
11.592434883117676 1624362971.376489 0.974
10.982306480407715 1624362971.383564 0.974
10.982306480407715 1624362971.390467 0.974
11.592434883117676 1624362971.397544 0.974
10.982306480407715 1624362971.404559 0.974
10.982306480407715 1624362971.411557 0.974
11.599512100219727 1624362971.418515 0.974
10.98901081085205 1624362971.425535 0.974
10.982306480407715 1624362971.432588 0.974
10.982306480407715 1624362971.439578 0.974
10.982306480407715 1624362971.446629 0.974
11.599512100219727 1624362971.453625 0.974
10.982306480407715 1624362971.460592 0.974
10.982306480407715 1624362971.467619 0.974
11.592434883117676 1624362971.474597 0.974
10.982306480407715 1624362971.4816 0.974
10.982306480407715 1624362971.488586 0.974
10.982306480407715 1624362971.495594 0.974
10.982306480407715 1624362971.502618 0.974
11.592434883117676 1624362971.509487 0.974
10.982306480407715 1624362971.516446 0.974
10.982306480407715 1624362971.523404 0.974
11.599512100219727 1624362971.53047 0.974
10.982306480407715 1624362971.537445 0.974
10.982306480407715 1624362971.544473 0.974
10.982306480407715 1624362971.551461 0.974
10.982306480407715 1624362971.55844 0.974
11.592434883117676 1624362971.565404 0.974
10.982306480407715 1624362971.572457 0.974
10.982306480407715 1624362971.579511 0.974
10.98901081085205 1624362971.58653 0.974
10.982306480407715 1624362971.593555 0.974
11.592434883117676 1624362971.600556 0.974
10.982306480407715 1624362971.607554 0.974
10.982306480407715 1624362971.614518 0.974
10.982306480407715 1624362971.62152 0.974
10.982306480407715 1624362971.628524 0.974
10.982306480407715 1624362971.635516 0.974
10.982306480407715 1624362971.642465 0.974
10.982306480407715 1624362971.649433 0.974
11.592434883117676 1624362971.656463 0.974
10.982306480407715 1624362971.663587 0.974
10.982306480407715 1624362971.670474 0.974
10.982306480407715 1624362971.677487 0.974
10.982306480407715 1624362971.684502 0.974
10.982306480407715 1624362971.691499 0.974
10.982306480407715 1624362971.698479 0.974
10.982306480407715 1624362971.70532 0.974
10.982306480407715 1624362971.712363 0.974
10.982306480407715 1624362971.71937 0.974
11.592434883117676 1624362971.726398 0.974
10.982306480407715 1624362971.733385 0.974
10.982306480407715 1624362971.740421 0.974
10.982306480407715 1624362971.747415 0.974
10.982306480407715 1624362971.754439 0.974
10.982306480407715 1624362971.761436 0.974
11.592434883117676 1624362971.768432 0.974
10.98901081085205 1624362971.775436 0.974
11.592434883117676 1624362971.782431 0.974
10.982306480407715 1624362971.789364 0.974
10.98901081085205 1624362971.79634 0.974
10.982306480407715 1624362971.80333 0.974
10.982306480407715 1624362971.810324 0.974
11.599512100219727 1624362971.817411 0.974
11.592434883117676 1624362971.824412 0.974
10.982306480407715 1624362971.831373 0.974
11.592434883117676 1624362971.838455 0.974
10.982306480407715 1624362971.845379 0.974
10.982306480407715 1624362971.852414 0.974
10.982306480407715 1624362971.859406 0.974
10.982306480407715 1624362971.8664 0.974
11.592434883117676 1624362971.873427 0.974
10.982306480407715 1624362971.880485 0.974
10.982306480407715 1624362971.887391 0.974
11.599512100219727 1624362971.894432 0.974
10.982306480407715 1624362971.901434 0.974
10.98901081085205 1624362971.908404 0.974
10.982306480407715 1624362971.915225 0.974
10.98901081085205 1624362971.922253 0.974
11.592434883117676 1624362971.92928 0.974
10.982306480407715 1624362971.936228 0.974
10.982306480407715 1624362971.943319 0.974
10.982306480407715 1624362971.950342 0.974
10.982306480407715 1624362971.957334 0.974
10.982306480407715 1624362971.964379 0.974
10.982306480407715 1624362971.971349 0.974
10.982306480407715 1624362971.978272 0.974
11.592434883117676 1624362971.985305 0.974
10.982306480407715 1624362971.992306 0.974
10.982306480407715 1624362971.999335 0.974
10.98901081085205 1624362972.006379 0.974
10.982306480407715 1624362972.013391 0.974
11.592434883117676 1624362972.020398 0.974
10.982306480407715 1624362972.027454 0.974
10.982306480407715 1624362972.034344 0.974
10.982306480407715 1624362972.041436 0.974
10.98901081085205 1624362972.048401 0.974
10.982306480407715 1624362972.05537 0.974
10.982306480407715 1624362972.062329 0.974
10.98901081085205 1624362972.069398 0.974
10.982306480407715 1624362972.076404 0.974
10.982306480407715 1624362972.083411 0.974
10.982306480407715 1624362972.090411 0.974
11.592434883117676 1624362972.097388 0.974
10.982306480407715 1624362972.104157 0.974
10.98901081085205 1624362972.111211 0.974
11.592434883117676 1624362972.118211 0.974
10.982306480407715 1624362972.125269 0.974
10.98901081085205 1624362972.132311 0.974
10.982306480407715 1624362972.1393 0.974
10.98901081085205 1624362972.146321 0.974
11.599512100219727 1624362972.153298 0.974
10.982306480407715 1624362972.160258 0.974
10.982306480407715 1624362972.167267 0.974
10.98901081085205 1624362972.174348 0.974
10.982306480407715 1624362972.181289 0.974
11.592434883117676 1624362972.18828 0.974
10.982306480407715 1624362972.195326 0.974
10.982306480407715 1624362972.202349 0.974
10.982306480407715 1624362972.2094 0.974
10.982306480407715 1624362972.216371 0.974
10.982306480407715 1624362972.223329 0.974
10.982306480407715 1624362972.230328 0.974
10.982306480407715 1624362972.237297 0.974
10.982306480407715 1624362972.24431 0.974
10.982306480407715 1624362972.251336 0.974
10.982306480407715 1624362972.258403 0.974
11.592434883117676 1624362972.265368 0.974
10.98901081085205 1624362972.27236 0.974
10.982306480407715 1624362972.279521 0.974
11.592434883117676 1624362972.286431 0.974
10.982306480407715 1624362972.293271 0.974
10.982306480407715 1624362972.300247 0.974
10.982306480407715 1624362972.307162 0.974
10.982306480407715 1624362972.31417 0.974
11.592434883117676 1624362972.321136 0.974
10.982306480407715 1624362972.328282 0.974
11.592434883117676 1624362972.335217 0.974
10.982306480407715 1624362972.342234 0.974
10.982306480407715 1624362972.349283 0.974
11.592434883117676 1624362972.356263 0.974
10.982306480407715 1624362972.363211 0.974
10.982306480407715 1624362972.370353 0.974
10.982306480407715 1624362972.377275 0.974
10.982306480407715 1624362972.384261 0.974
11.592434883117676 1624362972.391278 0.974
10.982306480407715 1624362972.398271 0.974
10.982306480407715 1624362972.405282 0.974
10.982306480407715 1624362972.412323 0.974
10.982306480407715 1624362972.419317 0.974
10.982306480407715 1624362972.426268 0.974
10.982306480407715 1624362972.433323 0.974
10.982306480407715 1624362972.440285 0.974
10.982306480407715 1624362972.447323 0.974
10.982306480407715 1624362972.454282 0.974
10.982306480407715 1624362972.461261 0.974
11.592434883117676 1624362972.468297 0.974
10.982306480407715 1624362972.475221 0.974
10.982306480407715 1624362972.482236 0.974
10.982306480407715 1624362972.489304 0.974
10.98901081085205 1624362972.496387 0.974
11.592434883117676 1624362972.503135 0.974
10.98901081085205 1624362972.510173 0.974
10.982306480407715 1624362972.517249 0.974
10.982306480407715 1624362972.524137 0.974
10.98901081085205 1624362972.531094 0.974
10.982306480407715 1624362972.538137 0.974
10.982306480407715 1624362972.545101 0.974
10.982306480407715 1624362972.552095 0.974
10.982306480407715 1624362972.559133 0.974
10.982306480407715 1624362972.566103 0.974
10.98901081085205 1624362972.573185 0.974
11.592434883117676 1624362972.580186 0.974
10.982306480407715 1624362972.587167 0.974
11.592434883117676 1624362972.594176 0.974
10.982306480407715 1624362972.601176 0.974
10.982306480407715 1624362972.608173 0.974
10.982306480407715 1624362972.615158 0.974
10.982306480407715 1624362972.622335 0.974
11.592434883117676 1624362972.629207 0.974
10.982306480407715 1624362972.636131 0.974
10.982306480407715 1624362972.643184 0.974
11.592434883117676 1624362972.650198 0.974
10.982306480407715 1624362972.657262 0.974
10.98901081085205 1624362972.664183 0.974
10.982306480407715 1624362972.671145 0.974
10.98901081085205 1624362972.678271 0.974
10.982306480407715 1624362972.685224 0.974
10.982306480407715 1624362972.692198 0.974
10.982306480407715 1624362972.699261 0.974
10.982306480407715 1624362972.706218 0.974
10.98901081085205 1624362972.713035 0.974
10.982306480407715 1624362972.720116 0.974
11.592434883117676 1624362972.726987 0.974
10.982306480407715 1624362972.734066 0.974
11.592434883117676 1624362972.741075 0.974
10.982306480407715 1624362972.748181 0.974
10.982306480407715 1624362972.755164 0.974
10.982306480407715 1624362972.76212 0.974
10.982306480407715 1624362972.769229 0.974
10.982306480407715 1624362972.776137 0.974
11.592434883117676 1624362972.783056 0.974
10.982306480407715 1624362972.790087 0.974
10.982306480407715 1624362972.797185 0.974
10.982306480407715 1624362972.804107 0.974
10.982306480407715 1624362972.8112 0.974
10.982306480407715 1624362972.81824 0.974
10.982306480407715 1624362972.825193 0.974
11.592434883117676 1624362972.832131 0.974
10.982306480407715 1624362972.839211 0.974
10.982306480407715 1624362972.846171 0.974
11.599512100219727 1624362972.853151 0.974
10.982306480407715 1624362972.860205 0.974
10.982306480407715 1624362972.867161 0.974
10.982306480407715 1624362972.874201 0.974
10.982306480407715 1624362972.881204 0.974
10.982306480407715 1624362972.888109 0.974
11.592434883117676 1624362972.895199 0.974
10.982306480407715 1624362972.902134 0.974
10.982306480407715 1624362972.908976 0.974
10.982306480407715 1624362972.916009 0.974
10.982306480407715 1624362972.922941 0.974
10.982306480407715 1624362972.930049 0.974
10.982306480407715 1624362972.936971 0.974
10.982306480407715 1624362972.943998 0.974
10.982306480407715 1624362972.951035 0.974
10.982306480407715 1624362972.958093 0.974
10.982306480407715 1624362972.965106 0.974
10.982306480407715 1624362972.97208 0.974
11.592434883117676 1624362972.979048 0.974
11.592434883117676 1624362972.986079 0.974
10.982306480407715 1624362972.993113 0.974
10.982306480407715 1624362973.000096 0.974
10.982306480407715 1624362973.0071 0.974
10.982306480407715 1624362973.014107 0.974
10.982306480407715 1624362973.021142 0.974
10.982306480407715 1624362973.028082 0.974
10.982306480407715 1624362973.035019 0.974
10.982306480407715 1624362973.042071 0.974
10.982306480407715 1624362973.049085 0.974
10.98901081085205 1624362973.056138 0.974
10.982306480407715 1624362973.063084 0.974
10.982306480407715 1624362973.070044 0.974
10.982306480407715 1624362973.077183 0.974
10.982306480407715 1624362973.084094 0.974
10.982306480407715 1624362973.091161 0.974
11.592434883117676 1624362973.098099 0.974
10.982306480407715 1624362973.105169 0.974
10.98901081085205 1624362973.112154 0.974
10.982306480407715 1624362973.119173 0.974
10.982306480407715 1624362973.126171 0.974
11.592434883117676 1624362973.132986 0.974
10.98901081085205 1624362973.139988 0.974
11.592434883117676 1624362973.147054 0.974
10.982306480407715 1624362973.153996 0.974
10.982306480407715 1624362973.161101 0.974
10.982306480407715 1624362973.16791 0.974
10.982306480407715 1624362973.174909 0.974
10.982306480407715 1624362973.181874 0.974
10.982306480407715 1624362973.188936 0.974
10.982306480407715 1624362973.195933 0.974
10.982306480407715 1624362973.20288 0.974
10.982306480407715 1624362973.209892 0.974
10.982306480407715 1624362973.21691 0.974
10.982306480407715 1624362973.223982 0.974
10.982306480407715 1624362973.230986 0.974
10.982306480407715 1624362973.237959 0.974
11.592434883117676 1624362973.245015 0.974
10.982306480407715 1624362973.252071 0.974
10.982306480407715 1624362973.259144 0.974
10.982306480407715 1624362973.266032 0.974
10.982306480407715 1624362973.273086 0.974
10.982306480407715 1624362973.280086 0.974
10.982306480407715 1624362973.287075 0.974
10.982306480407715 1624362973.294109 0.974
10.982306480407715 1624362973.301105 0.974
10.982306480407715 1624362973.308094 0.974
10.982306480407715 1624362973.314831 0.974
10.982306480407715 1624362973.321938 0.974
10.982306480407715 1624362973.32894 0.974
10.982306480407715 1624362973.335909 0.974
10.982306480407715 1624362973.342928 0.974
10.98901081085205 1624362973.349917 0.974
11.592434883117676 1624362973.356989 0.974
10.982306480407715 1624362973.363938 0.974
10.982306480407715 1624362973.370967 0.974
10.982306480407715 1624362973.377882 0.974
10.982306480407715 1624362973.384899 0.974
10.982306480407715 1624362973.391864 0.974
10.982306480407715 1624362973.398992 0.974
10.982306480407715 1624362973.405942 0.974
10.982306480407715 1624362973.412981 0.974
10.982306480407715 1624362973.419993 0.974
10.982306480407715 1624362973.426907 0.974
10.982306480407715 1624362973.433949 0.974
10.982306480407715 1624362973.440959 0.974
10.982306480407715 1624362973.447942 0.974
10.982306480407715 1624362973.454945 0.974
10.982306480407715 1624362973.461997 0.974
10.982306480407715 1624362973.468946 0.974
10.982306480407715 1624362973.475972 0.974
10.982306480407715 1624362973.482788 0.974
10.982306480407715 1624362973.4899 0.974
10.982306480407715 1624362973.496833 0.974
10.982306480407715 1624362973.50382 0.974
10.982306480407715 1624362973.510826 0.974
10.982306480407715 1624362973.517849 0.974
11.592434883117676 1624362973.524884 0.974
10.982306480407715 1624362973.531869 0.974
10.982306480407715 1624362973.53887 0.974
10.982306480407715 1624362973.545914 0.974
10.982306480407715 1624362973.552948 0.974
10.982306480407715 1624362973.559878 0.974
10.982306480407715 1624362973.56695 0.974
10.982306480407715 1624362973.573989 0.974
10.982306480407715 1624362973.580938 0.974
10.982306480407715 1624362973.587941 0.974
10.982306480407715 1624362973.594962 0.974
10.982306480407715 1624362973.601929 0.974
10.982306480407715 1624362973.608908 0.974
10.982306480407715 1624362973.615921 0.974
10.982306480407715 1624362973.622891 0.974
10.982306480407715 1624362973.629994 0.974
10.982306480407715 1624362973.636877 0.974
10.982306480407715 1624362973.643739 0.974
10.982306480407715 1624362973.650848 0.974
10.982306480407715 1624362973.657699 0.974
10.982306480407715 1624362973.664702 0.974
10.982306480407715 1624362973.671726 0.974
10.982306480407715 1624362973.678858 0.974
10.982306480407715 1624362973.685859 0.974
10.982306480407715 1624362973.692827 0.974
10.982306480407715 1624362973.699867 0.974
10.982306480407715 1624362973.706866 0.974
10.982306480407715 1624362973.713834 0.974
10.982306480407715 1624362973.720842 0.974
10.982306480407715 1624362973.727853 0.974
10.982306480407715 1624362973.734822 0.974
10.982306480407715 1624362973.741886 0.974
10.982306480407715 1624362973.74888 0.974
10.982306480407715 1624362973.755985 0.974
10.982306480407715 1624362973.762863 0.974
10.982306480407715 1624362973.769953 0.974
10.982306480407715 1624362973.776916 0.974
10.982306480407715 1624362973.783868 0.974
10.982306480407715 1624362973.790935 0.974
10.982306480407715 1624362973.797923 0.974
11.592434883117676 1624362973.804885 0.974
10.982306480407715 1624362973.811846 0.974
10.982306480407715 1624362973.818974 0.974
10.982306480407715 1624362973.825953 0.974
10.982306480407715 1624362973.832809 0.974
10.982306480407715 1624362973.839738 0.974
10.982306480407715 1624362973.84673 0.974
10.982306480407715 1624362973.853735 0.974
11.592434883117676 1624362973.860769 0.974
10.982306480407715 1624362973.86776 0.974
10.982306480407715 1624362973.874796 0.974
10.982306480407715 1624362973.881801 0.974
10.982306480407715 1624362973.888819 0.974
10.982306480407715 1624362973.895854 0.974
10.982306480407715 1624362973.902844 0.974
10.982306480407715 1624362973.909869 0.974
10.982306480407715 1624362973.916832 0.974
10.982306480407715 1624362973.923842 0.974
10.982306480407715 1624362973.930865 0.974
10.982306480407715 1624362973.937904 0.974
10.982306480407715 1624362973.944862 0.974
10.982306480407715 1624362973.951843 0.974
10.982306480407715 1624362973.958853 0.974
10.982306480407715 1624362973.965879 0.974
10.982306480407715 1624362973.972857 0.974
10.982306480407715 1624362973.979917 0.974
10.982306480407715 1624362973.986869 0.974
10.982306480407715 1624362973.993726 0.974
10.982306480407715 1624362974.000708 0.974
10.982306480407715 1624362974.007697 0.974
10.982306480407715 1624362974.014736 0.974
10.982306480407715 1624362974.021802 0.974
10.982306480407715 1624362974.028769 0.974
10.982306480407715 1624362974.03581 0.974
10.982306480407715 1624362974.042799 0.974
10.982306480407715 1624362974.049776 0.974
10.982306480407715 1624362974.05674 0.974
10.982306480407715 1624362974.063799 0.974
10.982306480407715 1624362974.070792 0.974
10.982306480407715 1624362974.077821 0.974
10.982306480407715 1624362974.084777 0.974
10.982306480407715 1624362974.091845 0.974
11.592434883117676 1624362974.098827 0.974
10.982306480407715 1624362974.105819 0.974
10.982306480407715 1624362974.112838 0.974
10.982306480407715 1624362974.119879 0.974
10.982306480407715 1624362974.126913 0.974
10.982306480407715 1624362974.133815 0.974
10.982306480407715 1624362974.140843 0.974
10.982306480407715 1624362974.147797 0.974
10.982306480407715 1624362974.154686 0.974
10.982306480407715 1624362974.161727 0.974
10.982306480407715 1624362974.168715 0.974
10.982306480407715 1624362974.17577 0.974
10.982306480407715 1624362974.182727 0.974
10.982306480407715 1624362974.189719 0.974
10.982306480407715 1624362974.196679 0.974
10.982306480407715 1624362974.203679 0.974
10.982306480407715 1624362974.210734 0.974
10.982306480407715 1624362974.217674 0.974
10.982306480407715 1624362974.224732 0.974
10.982306480407715 1624362974.231719 0.974
10.982306480407715 1624362974.238715 0.974
10.982306480407715 1624362974.245781 0.974
11.592434883117676 1624362974.252759 0.974
10.982306480407715 1624362974.259744 0.974
10.982306480407715 1624362974.266739 0.974
10.982306480407715 1624362974.273766 0.974
10.982306480407715 1624362974.28085 0.974
11.592434883117676 1624362974.287791 0.974
10.982306480407715 1624362974.294761 0.974
10.982306480407715 1624362974.301745 0.974
10.982306480407715 1624362974.30882 0.974
10.982306480407715 1624362974.315786 0.974
10.982306480407715 1624362974.32267 0.974
10.982306480407715 1624362974.329625 0.974
10.982306480407715 1624362974.336628 0.974
10.982306480407715 1624362974.343666 0.974
10.982306480407715 1624362974.350674 0.974
10.982306480407715 1624362974.357643 0.974
10.982306480407715 1624362974.364651 0.974
10.982306480407715 1624362974.371658 0.974
10.982306480407715 1624362974.378689 0.974
10.982306480407715 1624362974.385701 0.974
10.982306480407715 1624362974.392683 0.974
10.982306480407715 1624362974.399705 0.974
10.982306480407715 1624362974.406718 0.974
10.982306480407715 1624362974.413686 0.974
10.982306480407715 1624362974.420726 0.974
10.982306480407715 1624362974.427726 0.974
10.982306480407715 1624362974.434729 0.974
10.982306480407715 1624362974.441653 0.974
10.982306480407715 1624362974.448736 0.974
10.982306480407715 1624362974.455747 0.974
10.982306480407715 1624362974.462714 0.974
10.982306480407715 1624362974.46979 0.974
10.982306480407715 1624362974.476732 0.974
10.982306480407715 1624362974.483757 0.974
10.982306480407715 1624362974.490773 0.974
10.982306480407715 1624362974.497597 0.974
10.982306480407715 1624362974.50459 0.974
10.982306480407715 1624362974.511596 0.974
10.982306480407715 1624362974.518626 0.974
10.982306480407715 1624362974.525634 0.974
10.982306480407715 1624362974.532625 0.974
10.982306480407715 1624362974.539669 0.974
10.982306480407715 1624362974.546655 0.974
10.982306480407715 1624362974.553615 0.974
10.982306480407715 1624362974.560671 0.974
10.982306480407715 1624362974.567704 0.974
10.982306480407715 1624362974.574665 0.974
10.982306480407715 1624362974.581666 0.974
10.982306480407715 1624362974.588687 0.974
10.982306480407715 1624362974.595673 0.974
10.982306480407715 1624362974.60266 0.974
10.982306480407715 1624362974.609684 0.974
10.982306480407715 1624362974.616667 0.974
10.982306480407715 1624362974.623702 0.974
10.982306480407715 1624362974.630703 0.974
10.982306480407715 1624362974.637714 0.974
10.982306480407715 1624362974.644598 0.974
10.982306480407715 1624362974.651533 0.974
10.982306480407715 1624362974.658556 0.974
10.982306480407715 1624362974.665606 0.974
10.982306480407715 1624362974.672563 0.974
10.982306480407715 1624362974.679573 0.974
10.982306480407715 1624362974.686553 0.974
10.982306480407715 1624362974.693564 0.974
10.982306480407715 1624362974.700618 0.974
10.982306480407715 1624362974.707569 0.974
10.982306480407715 1624362974.71459 0.974
10.982306480407715 1624362974.721622 0.974
10.982306480407715 1624362974.728618 0.974
10.982306480407715 1624362974.735639 0.974
10.982306480407715 1624362974.742642 0.974
10.982306480407715 1624362974.749646 0.974
10.982306480407715 1624362974.756575 0.974
10.982306480407715 1624362974.763682 0.974
10.982306480407715 1624362974.770564 0.974
10.982306480407715 1624362974.777614 0.974
10.982306480407715 1624362974.784561 0.974
10.982306480407715 1624362974.79162 0.974
10.982306480407715 1624362974.798638 0.974
10.982306480407715 1624362974.805638 0.974
10.982306480407715 1624362974.812661 0.974
10.982306480407715 1624362974.819653 0.974
10.982306480407715 1624362974.826672 0.974
10.982306480407715 1624362974.833687 0.974
10.982306480407715 1624362974.840647 0.974
10.982306480407715 1624362974.847525 0.974
10.982306480407715 1624362974.854475 0.974
10.982306480407715 1624362974.861415 0.974
10.982306480407715 1624362974.868497 0.974
10.982306480407715 1624362974.875507 0.974
10.982306480407715 1624362974.882546 0.974
10.982306480407715 1624362974.88954 0.974
10.982306480407715 1624362974.896509 0.974
10.982306480407715 1624362974.903486 0.974
10.982306480407715 1624362974.910518 0.974
10.982306480407715 1624362974.917572 0.974
10.982306480407715 1624362974.92454 0.974
10.982306480407715 1624362974.931569 0.974
10.982306480407715 1624362974.938541 0.974
10.982306480407715 1624362974.945533 0.974
10.982306480407715 1624362974.952627 0.974
10.982306480407715 1624362974.9595 0.974
10.982306480407715 1624362974.966511 0.974
10.982306480407715 1624362974.973582 0.974
10.982306480407715 1624362974.980585 0.974
10.982306480407715 1624362974.987598 0.974
10.982306480407715 1624362974.994645 0.974
10.982306480407715 1624362975.001579 0.974
10.982306480407715 1624362975.00855 0.974
10.982306480407715 1624362975.01556 0.974
10.982306480407715 1624362975.022615 0.974
10.982306480407715 1624362975.02954 0.974
10.982306480407715 1624362975.036546 0.974
10.982306480407715 1624362975.043549 0.974
10.982306480407715 1624362975.050547 0.974
10.982306480407715 1624362975.057597 0.974
10.982306480407715 1624362975.064678 0.974
10.982306480407715 1624362975.07163 0.974
10.982306480407715 1624362975.078596 0.974
10.982306480407715 1624362975.085579 0.974
10.982306480407715 1624362975.092468 0.974
10.982306480407715 1624362975.099404 0.974
10.982306480407715 1624362975.106449 0.974
10.982306480407715 1624362975.113389 0.974
10.982306480407715 1624362975.120446 0.974
10.982306480407715 1624362975.127468 0.974
10.982306480407715 1624362975.134468 0.974
10.982306480407715 1624362975.141405 0.974
10.982306480407715 1624362975.148422 0.974
10.982306480407715 1624362975.155413 0.974
10.982306480407715 1624362975.162375 0.974
10.982306480407715 1624362975.169324 0.974
10.982306480407715 1624362975.176487 0.974
10.982306480407715 1624362975.183359 0.974
10.982306480407715 1624362975.190339 0.974
10.982306480407715 1624362975.197418 0.974
10.982306480407715 1624362975.204442 0.974
10.982306480407715 1624362975.211431 0.974
10.982306480407715 1624362975.218462 0.974
10.982306480407715 1624362975.225473 0.974
10.982306480407715 1624362975.232511 0.974
10.982306480407715 1624362975.239492 0.974
10.982306480407715 1624362975.246455 0.974
10.982306480407715 1624362975.253389 0.974
10.982306480407715 1624362975.26037 0.974
10.982306480407715 1624362975.267331 0.974
10.982306480407715 1624362975.274456 0.974
10.982306480407715 1624362975.281476 0.974
10.982306480407715 1624362975.288414 0.974
10.982306480407715 1624362975.295358 0.974
10.982306480407715 1624362975.302417 0.974
10.982306480407715 1624362975.309479 0.974
10.982306480407715 1624362975.316392 0.974
10.982306480407715 1624362975.323471 0.974
10.982306480407715 1624362975.330484 0.974
10.982306480407715 1624362975.337506 0.974
10.982306480407715 1624362975.344524 0.974
10.982306480407715 1624362975.351482 0.974
10.982306480407715 1624362975.358475 0.974
10.982306480407715 1624362975.365576 0.974
10.982306480407715 1624362975.372495 0.974
10.982306480407715 1624362975.379331 0.974
10.982306480407715 1624362975.386401 0.974
10.982306480407715 1624362975.393354 0.974
10.982306480407715 1624362975.400374 0.974
10.982306480407715 1624362975.407352 0.974
10.982306480407715 1624362975.414327 0.974
10.982306480407715 1624362975.42125 0.974
10.982306480407715 1624362975.428322 0.974
10.982306480407715 1624362975.435294 0.974
10.982306480407715 1624362975.442335 0.974
10.982306480407715 1624362975.449281 0.974
10.982306480407715 1624362975.456344 0.974
10.982306480407715 1624362975.463354 0.974
10.982306480407715 1624362975.470343 0.974
10.982306480407715 1624362975.477364 0.974
10.982306480407715 1624362975.484391 0.974
10.982306480407715 1624362975.491417 0.974
10.982306480407715 1624362975.498402 0.974
10.982306480407715 1624362975.505371 0.974
10.982306480407715 1624362975.512391 0.974
10.982306480407715 1624362975.519466 0.974
10.982306480407715 1624362975.526379 0.974
10.982306480407715 1624362975.533361 0.974
10.982306480407715 1624362975.540451 0.974
10.982306480407715 1624362975.547387 0.974
10.982306480407715 1624362975.554373 0.974
10.982306480407715 1624362975.561428 0.974
10.982306480407715 1624362975.568386 0.974
10.982306480407715 1624362975.575394 0.974
10.982306480407715 1624362975.582424 0.974
10.982306480407715 1624362975.58938 0.974
10.982306480407715 1624362975.596337 0.974
10.982306480407715 1624362975.603369 0.974
10.982306480407715 1624362975.610478 0.974
10.982306480407715 1624362975.61739 0.974
10.982306480407715 1624362975.624227 0.974
10.982306480407715 1624362975.631288 0.974
10.982306480407715 1624362975.638311 0.974
10.982306480407715 1624362975.645333 0.974
10.982306480407715 1624362975.652288 0.974
10.982306480407715 1624362975.659283 0.974
10.982306480407715 1624362975.666304 0.974
10.982306480407715 1624362975.67332 0.974
10.982306480407715 1624362975.680266 0.974
10.982306480407715 1624362975.687312 0.974
10.982306480407715 1624362975.694243 0.974
10.982306480407715 1624362975.70124 0.974
10.982306480407715 1624362975.708231 0.974
10.982306480407715 1624362975.71531 0.974
10.982306480407715 1624362975.722341 0.974
10.982306480407715 1624362975.729309 0.974
10.982306480407715 1624362975.736247 0.974
10.982306480407715 1624362975.743309 0.974
10.982306480407715 1624362975.75025 0.974
10.982306480407715 1624362975.75734 0.974
10.982306480407715 1624362975.76429 0.974
10.982306480407715 1624362975.771324 0.974
10.982306480407715 1624362975.778288 0.974
10.982306480407715 1624362975.785352 0.974
10.982306480407715 1624362975.792361 0.974
10.982306480407715 1624362975.799365 0.974
10.982306480407715 1624362975.806344 0.974
10.982306480407715 1624362975.813359 0.974
10.982306480407715 1624362975.820268 0.974
10.982306480407715 1624362975.827311 0.974
10.982306480407715 1624362975.834289 0.974
10.982306480407715 1624362975.841263 0.974
10.982306480407715 1624362975.848263 0.974
10.982306480407715 1624362975.855285 0.974
10.982306480407715 1624362975.862322 0.974
10.982306480407715 1624362975.869205 0.974
10.982306480407715 1624362975.876118 0.974
10.982306480407715 1624362975.883227 0.974
10.982306480407715 1624362975.890153 0.974
10.982306480407715 1624362975.897166 0.974
10.982306480407715 1624362975.904143 0.974
10.982306480407715 1624362975.911207 0.974
10.982306480407715 1624362975.918171 0.974
10.982306480407715 1624362975.925194 0.974
10.982306480407715 1624362975.93219 0.974
10.982306480407715 1624362975.939201 0.974
10.982306480407715 1624362975.946219 0.974
10.982306480407715 1624362975.953219 0.974
10.982306480407715 1624362975.960225 0.974
10.982306480407715 1624362975.967203 0.974
10.982306480407715 1624362975.974208 0.974
10.982306480407715 1624362975.981216 0.974
10.982306480407715 1624362975.988246 0.974
10.982306480407715 1624362975.995265 0.974
10.982306480407715 1624362976.002279 0.974
10.982306480407715 1624362976.009235 0.974
10.982306480407715 1624362976.016192 0.974
10.982306480407715 1624362976.023192 0.974
10.982306480407715 1624362976.03028 0.974
10.982306480407715 1624362976.037208 0.974
10.982306480407715 1624362976.044263 0.974
10.982306480407715 1624362976.051213 0.974
10.982306480407715 1624362976.058211 0.974
10.982306480407715 1624362976.065209 0.974
10.982306480407715 1624362976.072256 0.974
10.982306480407715 1624362976.07912 0.974
10.982306480407715 1624362976.086108 0.974
10.982306480407715 1624362976.093087 0.974
10.982306480407715 1624362976.100093 0.974
10.982306480407715 1624362976.107209 0.974
10.982306480407715 1624362976.11418 0.974
10.982306480407715 1624362976.121166 0.974
10.982306480407715 1624362976.128145 0.974
10.982306480407715 1624362976.135162 0.974
10.982306480407715 1624362976.142142 0.974
10.982306480407715 1624362976.149166 0.974
10.982306480407715 1624362976.156131 0.974
10.982306480407715 1624362976.163117 0.974
10.982306480407715 1624362976.170181 0.974
10.982306480407715 1624362976.177105 0.974
10.982306480407715 1624362976.184119 0.974
10.982306480407715 1624362976.191166 0.974
10.982306480407715 1624362976.198256 0.974
10.982306480407715 1624362976.205255 0.974
10.982306480407715 1624362976.212124 0.974
10.982306480407715 1624362976.219127 0.974
10.982306480407715 1624362976.226206 0.974
10.982306480407715 1624362976.233189 0.974
10.982306480407715 1624362976.240219 0.974
10.982306480407715 1624362976.247079 0.974
10.982306480407715 1624362976.254109 0.974
10.982306480407715 1624362976.2611 0.974
10.982306480407715 1624362976.268085 0.974
10.982306480407715 1624362976.275181 0.974
10.982306480407715 1624362976.28216 0.974
10.982306480407715 1624362976.289218 0.974
10.982306480407715 1624362976.296102 0.974
10.982306480407715 1624362976.303148 0.974
10.982306480407715 1624362976.310209 0.974
10.982306480407715 1624362976.317168 0.974
10.982306480407715 1624362976.324179 0.974
10.982306480407715 1624362976.331164 0.974
10.982306480407715 1624362976.338116 0.974
10.982306480407715 1624362976.345116 0.974
10.982306480407715 1624362976.352056 0.974
10.982306480407715 1624362976.359105 0.974
10.982306480407715 1624362976.366068 0.974
10.982306480407715 1624362976.373107 0.974
10.982306480407715 1624362976.380043 0.974
10.982306480407715 1624362976.387077 0.974
10.982306480407715 1624362976.394175 0.974
10.982306480407715 1624362976.40114 0.974
10.982306480407715 1624362976.408223 0.974
10.982306480407715 1624362976.415193 0.974
10.982306480407715 1624362976.422193 0.974
10.982306480407715 1624362976.42915 0.974
10.982306480407715 1624362976.436211 0.974
10.982306480407715 1624362976.443044 0.974
10.982306480407715 1624362976.450071 0.974
10.982306480407715 1624362976.457054 0.974
10.982306480407715 1624362976.464056 0.974
10.982306480407715 1624362976.471093 0.974
10.982306480407715 1624362976.478045 0.974
10.982306480407715 1624362976.485018 0.974
10.982306480407715 1624362976.49209 0.974
10.982306480407715 1624362976.499102 0.974
10.982306480407715 1624362976.506078 0.974
10.982306480407715 1624362976.5131 0.974
10.982306480407715 1624362976.520093 0.974
10.982306480407715 1624362976.527052 0.974
10.982306480407715 1624362976.534037 0.974
10.982306480407715 1624362976.541011 0.974
10.982306480407715 1624362976.548063 0.974
10.982306480407715 1624362976.555011 0.974
10.982306480407715 1624362976.562047 0.974
10.982306480407715 1624362976.569043 0.974
10.982306480407715 1624362976.576095 0.974
10.982306480407715 1624362976.583083 0.974
10.982306480407715 1624362976.590046 0.974
10.982306480407715 1624362976.597185 0.974
10.982306480407715 1624362976.604094 0.974
10.982306480407715 1624362976.611157 0.974
10.982306480407715 1624362976.618097 0.974
10.982306480407715 1624362976.625096 0.974
10.982306480407715 1624362976.632073 0.974
10.982306480407715 1624362976.638899 0.974
10.982306480407715 1624362976.646157 0.974
10.982306480407715 1624362976.652894 0.974
10.982306480407715 1624362976.65993 0.974
10.982306480407715 1624362976.667083 0.974
10.982306480407715 1624362976.673998 0.974
10.982306480407715 1624362976.680942 0.974
10.982306480407715 1624362976.688013 0.974
10.982306480407715 1624362976.695015 0.974
10.982306480407715 1624362976.702018 0.974
10.982306480407715 1624362976.708987 0.974
10.982306480407715 1624362976.716053 0.974
10.982306480407715 1624362976.723041 0.974
10.982306480407715 1624362976.730055 0.974
10.982306480407715 1624362976.73703 0.974
10.982306480407715 1624362976.744029 0.974
10.982306480407715 1624362976.750987 0.974
10.982306480407715 1624362976.758056 0.974
10.982306480407715 1624362976.764979 0.974
10.982306480407715 1624362976.772061 0.974
10.982306480407715 1624362976.779079 0.974
10.982306480407715 1624362976.786046 0.974
10.982306480407715 1624362976.793047 0.974
10.982306480407715 1624362976.800076 0.974
10.982306480407715 1624362976.807069 0.974
10.982306480407715 1624362976.814041 0.974
10.982306480407715 1624362976.821096 0.974
10.982306480407715 1624362976.828064 0.974
10.982306480407715 1624362976.835086 0.974
10.982306480407715 1624362976.842041 0.974
10.982306480407715 1624362976.848957 0.974
10.982306480407715 1624362976.855877 0.974
10.982306480407715 1624362976.862889 0.974
10.982306480407715 1624362976.869853 0.974
10.982306480407715 1624362976.876926 0.974
10.982306480407715 1624362976.883873 0.974
10.982306480407715 1624362976.890955 0.974
10.982306480407715 1624362976.89793 0.974
10.982306480407715 1624362976.904917 0.974
10.982306480407715 1624362976.911986 0.974
10.982306480407715 1624362976.918966 0.974
10.982306480407715 1624362976.925998 0.974
10.982306480407715 1624362976.932861 0.974
10.982306480407715 1624362976.939869 0.974
10.982306480407715 1624362976.946827 0.974
10.982306480407715 1624362976.953885 0.974
10.982306480407715 1624362976.960901 0.974
10.982306480407715 1624362976.967859 0.974
10.982306480407715 1624362976.974978 0.974
10.982306480407715 1624362976.981982 0.974
10.982306480407715 1624362976.989041 0.974
10.982306480407715 1624362976.995997 0.974
10.982306480407715 1624362977.003001 0.974
10.982306480407715 1624362977.009991 0.974
10.982306480407715 1624362977.016898 0.974
10.982306480407715 1624362977.023885 0.974
10.982306480407715 1624362977.030934 0.974
10.982306480407715 1624362977.037923 0.974
10.982306480407715 1624362977.04495 0.974
10.982306480407715 1624362977.051982 0.974
10.982306480407715 1624362977.05897 0.974
10.982306480407715 1624362977.066071 0.974
10.982306480407715 1624362977.072977 0.974
10.982306480407715 1624362977.079994 0.974
10.982306480407715 1624362977.087811 0.974
10.982306480407715 1624362977.09484 0.974
10.982306480407715 1624362977.101819 0.974
10.982306480407715 1624362977.108841 0.974
10.982306480407715 1624362977.115869 0.974
10.982306480407715 1624362977.122924 0.974
10.982306480407715 1624362977.129921 0.974
10.982306480407715 1624362977.136937 0.974
10.982306480407715 1624362977.143898 0.974
10.982306480407715 1624362977.150837 0.974
10.982306480407715 1624362977.157853 0.974
10.982306480407715 1624362977.164827 0.974
10.982306480407715 1624362977.171863 0.974
10.982306480407715 1624362977.178808 0.974
10.982306480407715 1624362977.185796 0.974
10.982306480407715 1624362977.192877 0.974
10.982306480407715 1624362977.199829 0.974
10.982306480407715 1624362977.206883 0.974
10.982306480407715 1624362977.213791 0.974
10.982306480407715 1624362977.220825 0.974
10.982306480407715 1624362977.227809 0.974
10.982306480407715 1624362977.234794 0.974
10.982306480407715 1624362977.241861 0.974
10.982306480407715 1624362977.248848 0.974
10.982306480407715 1624362977.255814 0.974
10.982306480407715 1624362977.2629 0.974
10.982306480407715 1624362977.269917 0.974
10.982306480407715 1624362977.276843 0.974
10.982306480407715 1624362977.283906 0.974
10.982306480407715 1624362977.290888 0.974
10.982306480407715 1624362977.297872 0.974
10.982306480407715 1624362977.304945 0.974
10.982306480407715 1624362977.311871 0.974
10.982306480407715 1624362977.318864 0.974
10.982306480407715 1624362977.325921 0.974
10.982306480407715 1624362977.332873 0.974
10.982306480407715 1624362977.339919 0.974
10.982306480407715 1624362977.346992 0.974
10.982306480407715 1624362977.353923 0.974
10.982306480407715 1624362977.360976 0.974
10.982306480407715 1624362977.36794 0.974
10.982306480407715 1624362977.374958 0.974
10.982306480407715 1624362977.381956 0.974
10.982306480407715 1624362977.388894 0.974
10.982306480407715 1624362977.395851 0.974
10.982306480407715 1624362977.402838 0.974
10.982306480407715 1624362977.409925 0.974
10.982306480407715 1624362977.416913 0.974
10.982306480407715 1624362977.423879 0.974
10.982306480407715 1624362977.43091 0.974
10.982306480407715 1624362977.437733 0.974
10.982306480407715 1624362977.444844 0.974
10.982306480407715 1624362977.451675 0.974
10.982306480407715 1624362977.458692 0.974
10.982306480407715 1624362977.465706 0.974
10.982306480407715 1624362977.472674 0.974
10.982306480407715 1624362977.479781 0.974
10.982306480407715 1624362977.486757 0.974
10.982306480407715 1624362977.493756 0.974
10.982306480407715 1624362977.500719 0.974
10.982306480407715 1624362977.507684 0.974
10.982306480407715 1624362977.514747 0.974
10.982306480407715 1624362977.521768 0.974
10.982306480407715 1624362977.528802 0.974
10.982306480407715 1624362977.535719 0.974
10.982306480407715 1624362977.542748 0.974
10.982306480407715 1624362977.549784 0.974
10.982306480407715 1624362977.556772 0.974
10.982306480407715 1624362977.563733 0.974
10.982306480407715 1624362977.570771 0.974
10.982306480407715 1624362977.577761 0.974
10.982306480407715 1624362977.584758 0.974
10.982306480407715 1624362977.591807 0.974
10.982306480407715 1624362977.598768 0.974
10.982306480407715 1624362977.605822 0.974
10.982306480407715 1624362977.612813 0.974
10.982306480407715 1624362977.6198 0.974
10.982306480407715 1624362977.626711 0.974
10.982306480407715 1624362977.633816 0.974
10.982306480407715 1624362977.640721 0.974
10.982306480407715 1624362977.647736 0.974
10.982306480407715 1624362977.654796 0.974
10.982306480407715 1624362977.661695 0.974
10.982306480407715 1624362977.66868 0.974
10.982306480407715 1624362977.67573 0.974
10.982306480407715 1624362977.682742 0.974
10.982306480407715 1624362977.689767 0.974
10.982306480407715 1624362977.696793 0.974
10.982306480407715 1624362977.703769 0.974
10.982306480407715 1624362977.71083 0.974
10.982306480407715 1624362977.717792 0.974
10.982306480407715 1624362977.724776 0.974
10.982306480407715 1624362977.731768 0.974
10.982306480407715 1624362977.738719 0.974
10.982306480407715 1624362977.745792 0.974
10.982306480407715 1624362977.752841 0.974
10.982306480407715 1624362977.759843 0.974
10.982306480407715 1624362977.766752 0.974
10.982306480407715 1624362977.77367 0.974
10.982306480407715 1624362977.780661 0.974
10.982306480407715 1624362977.787687 0.974
10.982306480407715 1624362977.794642 0.974
10.982306480407715 1624362977.801677 0.974
10.982306480407715 1624362977.808653 0.974
10.982306480407715 1624362977.815607 0.974
10.982306480407715 1624362977.822602 0.974
10.982306480407715 1624362977.829633 0.974
10.982306480407715 1624362977.836639 0.974
10.982306480407715 1624362977.843712 0.974
10.982306480407715 1624362977.850732 0.974
10.982306480407715 1624362977.857708 0.974
10.982306480407715 1624362977.864698 0.974
10.982306480407715 1624362977.87163 0.974
10.982306480407715 1624362977.87862 0.974
10.982306480407715 1624362977.885662 0.974
10.982306480407715 1624362977.892627 0.974
10.982306480407715 1624362977.899701 0.974
10.982306480407715 1624362977.906646 0.974
10.982306480407715 1624362977.913768 0.974
10.982306480407715 1624362977.920791 0.974
10.982306480407715 1624362977.92774 0.974
10.982306480407715 1624362977.934752 0.974
10.982306480407715 1624362977.941741 0.974
10.982306480407715 1624362977.948756 0.974
10.982306480407715 1624362977.955647 0.974
10.982306480407715 1624362977.96269 0.974
10.982306480407715 1624362977.969676 0.974
10.982306480407715 1624362977.976764 0.974
10.982306480407715 1624362977.983753 0.974
10.982306480407715 1624362977.990719 0.974
10.982306480407715 1624362977.997712 0.974
10.982306480407715 1624362978.004727 0.974
10.982306480407715 1624362978.011704 0.974
10.982306480407715 1624362978.018603 0.974
10.982306480407715 1624362978.025581 0.974
10.982306480407715 1624362978.032676 0.974
10.982306480407715 1624362978.039669 0.974
10.982306480407715 1624362978.04662 0.974
10.982306480407715 1624362978.053652 0.974
10.982306480407715 1624362978.06065 0.974
10.982306480407715 1624362978.067603 0.974
10.982306480407715 1624362978.07465 0.974
10.982306480407715 1624362978.081602 0.974
10.982306480407715 1624362978.088641 0.974
10.982306480407715 1624362978.09557 0.974
10.982306480407715 1624362978.102527 0.974
10.982306480407715 1624362978.109538 0.974
10.982306480407715 1624362978.116567 0.974
10.982306480407715 1624362978.123537 0.974
10.982306480407715 1624362978.130555 0.974
10.982306480407715 1624362978.137626 0.974
10.982306480407715 1624362978.144549 0.974
10.982306480407715 1624362978.151555 0.974
10.982306480407715 1624362978.158546 0.974
10.982306480407715 1624362978.16561 0.974
10.982306480407715 1624362978.172628 0.974
10.982306480407715 1624362978.179625 0.974
10.982306480407715 1624362978.186647 0.974
10.982306480407715 1624362978.193658 0.974
10.982306480407715 1624362978.200589 0.974
10.982306480407715 1624362978.207602 0.974
10.982306480407715 1624362978.214567 0.974
10.982306480407715 1624362978.221636 0.974
10.982306480407715 1624362978.22875 0.974
10.982306480407715 1624362978.235652 0.974
10.982306480407715 1624362978.242566 0.974
10.982306480407715 1624362978.249549 0.974
10.982306480407715 1624362978.256558 0.974
10.982306480407715 1624362978.263537 0.974
10.982306480407715 1624362978.270543 0.974
10.982306480407715 1624362978.277546 0.974
10.982306480407715 1624362978.284559 0.974
10.982306480407715 1624362978.291549 0.974
10.982306480407715 1624362978.298498 0.974
10.982306480407715 1624362978.305536 0.974
10.982306480407715 1624362978.312524 0.974
10.982306480407715 1624362978.31953 0.974
10.982306480407715 1624362978.326555 0.974
10.982306480407715 1624362978.333548 0.974
10.982306480407715 1624362978.340543 0.974
10.982306480407715 1624362978.347518 0.974
10.982306480407715 1624362978.354508 0.974
10.982306480407715 1624362978.361515 0.974
10.982306480407715 1624362978.368533 0.974
10.982306480407715 1624362978.375537 0.974
10.982306480407715 1624362978.382437 0.974
10.982306480407715 1624362978.389474 0.974
10.372178077697754 1624362978.396575 0.974
10.982306480407715 1624362978.403588 0.974
10.982306480407715 1624362978.410584 0.974
10.982306480407715 1624362978.417557 0.974
10.982306480407715 1624362978.424602 0.974
10.982306480407715 1624362978.432618 0.974
10.982306480407715 1624362978.439586 0.974
10.982306480407715 1624362978.446613 0.974
10.982306480407715 1624362978.453559 0.974
10.982306480407715 1624362978.460541 0.974
10.982306480407715 1624362978.467563 0.974
10.982306480407715 1624362978.474629 0.974
10.982306480407715 1624362978.481608 0.974
10.982306480407715 1624362978.488492 0.974
10.982306480407715 1624362978.495461 0.974
10.982306480407715 1624362978.502426 0.974
10.982306480407715 1624362978.509348 0.974
10.982306480407715 1624362978.516427 0.974
10.982306480407715 1624362978.523424 0.974
10.982306480407715 1624362978.530419 0.974
10.982306480407715 1624362978.537463 0.974
10.982306480407715 1624362978.544545 0.974
10.982306480407715 1624362978.551553 0.974
10.982306480407715 1624362978.558522 0.974
10.982306480407715 1624362978.565542 0.974
10.982306480407715 1624362978.572492 0.974
10.982306480407715 1624362978.579486 0.974
10.982306480407715 1624362978.586562 0.974
10.982306480407715 1624362978.593484 0.974
10.982306480407715 1624362978.60049 0.974
10.982306480407715 1624362978.607475 0.974
10.982306480407715 1624362978.614581 0.974
10.982306480407715 1624362978.621559 0.974
10.982306480407715 1624362978.628471 0.974
10.982306480407715 1624362978.635463 0.974
10.982306480407715 1624362978.642519 0.974
10.982306480407715 1624362978.649467 0.974
10.982306480407715 1624362978.656433 0.974
10.982306480407715 1624362978.663515 0.974
10.982306480407715 1624362978.670473 0.974
10.982306480407715 1624362978.677463 0.974
10.982306480407715 1624362978.684493 0.974
10.982306480407715 1624362978.691484 0.974
10.982306480407715 1624362978.698568 0.974
10.982306480407715 1624362978.705424 0.974
10.982306480407715 1624362978.712445 0.974
10.982306480407715 1624362978.719427 0.974
10.982306480407715 1624362978.726415 0.974
10.982306480407715 1624362978.733419 0.974
10.982306480407715 1624362978.740437 0.974
10.982306480407715 1624362978.747336 0.974
10.982306480407715 1624362978.754361 0.974
10.982306480407715 1624362978.76137 0.974
10.982306480407715 1624362978.768296 0.974
10.982306480407715 1624362978.775356 0.974
10.982306480407715 1624362978.782311 0.974
10.982306480407715 1624362978.789382 0.974
10.982306480407715 1624362978.796425 0.974
10.982306480407715 1624362978.803367 0.974
10.982306480407715 1624362978.810418 0.974
10.982306480407715 1624362978.817393 0.974
10.982306480407715 1624362978.824446 0.974
10.982306480407715 1624362978.831456 0.974
10.982306480407715 1624362978.838487 0.974
10.982306480407715 1624362978.845504 0.974
10.982306480407715 1624362978.852476 0.974
10.982306480407715 1624362978.859449 0.974
10.982306480407715 1624362978.866494 0.974
10.982306480407715 1624362978.873504 0.974
10.982306480407715 1624362978.880499 0.974
10.982306480407715 1624362978.887534 0.974
10.982306480407715 1624362978.89449 0.974
10.982306480407715 1624362978.901461 0.974
10.982306480407715 1624362978.908532 0.974
10.982306480407715 1624362978.91549 0.974
10.982306480407715 1624362978.922478 0.974
10.982306480407715 1624362978.929457 0.974
10.982306480407715 1624362978.936529 0.974
10.982306480407715 1624362978.943363 0.974
10.982306480407715 1624362978.950347 0.974
10.982306480407715 1624362978.957346 0.974
10.982306480407715 1624362978.964329 0.974
10.982306480407715 1624362978.971315 0.974
10.982306480407715 1624362978.978295 0.974
10.982306480407715 1624362978.985309 0.974
10.372178077697754 1624362978.992369 0.974
10.982306480407715 1624362978.999406 0.974
10.982306480407715 1624362979.006402 0.974
10.982306480407715 1624362979.01339 0.974
10.982306480407715 1624362979.020372 0.974
10.982306480407715 1624362979.027416 0.974
10.982306480407715 1624362979.034402 0.974
10.982306480407715 1624362979.041391 0.974
10.982306480407715 1624362979.04836 0.974
10.982306480407715 1624362979.055439 0.974
10.982306480407715 1624362979.062401 0.974
10.982306480407715 1624362979.06943 0.974
10.982306480407715 1624362979.076365 0.974
10.982306480407715 1624362979.083412 0.974
10.982306480407715 1624362979.090398 0.974
10.982306480407715 1624362979.097351 0.974
10.372178077697754 1624362979.104438 0.974
10.982306480407715 1624362979.111391 0.974
10.982306480407715 1624362979.118366 0.974
10.982306480407715 1624362979.125361 0.974
10.982306480407715 1624362979.132411 0.974
10.982306480407715 1624362979.139417 0.974
10.982306480407715 1624362979.146434 0.974
10.982306480407715 1624362979.153426 0.974
10.982306480407715 1624362979.160472 0.974
10.982306480407715 1624362979.167271 0.974
10.982306480407715 1624362979.174225 0.974
10.982306480407715 1624362979.181243 0.974
10.982306480407715 1624362979.188221 0.974
10.982306480407715 1624362979.195164 0.974
10.982306480407715 1624362979.202171 0.974
10.982306480407715 1624362979.209236 0.974
10.982306480407715 1624362979.21616 0.974
10.982306480407715 1624362979.223205 0.974
10.982306480407715 1624362979.230198 0.974
10.982306480407715 1624362979.237215 0.974
10.982306480407715 1624362979.244205 0.974
10.982306480407715 1624362979.251254 0.974
10.982306480407715 1624362979.258316 0.974
10.982306480407715 1624362979.265285 0.974
10.982306480407715 1624362979.27231 0.974
10.982306480407715 1624362979.279299 0.974
10.982306480407715 1624362979.286306 0.974
10.982306480407715 1624362979.293311 0.974
10.982306480407715 1624362979.300353 0.974
10.982306480407715 1624362979.307372 0.974
10.982306480407715 1624362979.31433 0.974
10.982306480407715 1624362979.321356 0.974
10.982306480407715 1624362979.328348 0.974
10.982306480407715 1624362979.335343 0.974
10.982306480407715 1624362979.342337 0.974
10.982306480407715 1624362979.34936 0.974
10.982306480407715 1624362979.356359 0.974
10.982306480407715 1624362979.36333 0.974
10.982306480407715 1624362979.370326 0.974
10.982306480407715 1624362979.377345 0.974
10.982306480407715 1624362979.384345 0.974
10.982306480407715 1624362979.391322 0.974
10.982306480407715 1624362979.398298 0.974
10.982306480407715 1624362979.405258 0.974
10.982306480407715 1624362979.412245 0.974
10.982306480407715 1624362979.419281 0.974
10.982306480407715 1624362979.426414 0.974
10.982306480407715 1624362979.433195 0.974
10.982306480407715 1624362979.440082 0.974
10.982306480407715 1624362979.447207 0.974
10.982306480407715 1624362979.454233 0.974
10.982306480407715 1624362979.461222 0.974
10.982306480407715 1624362979.468162 0.974
10.982306480407715 1624362979.475216 0.974
10.982306480407715 1624362979.48223 0.974
10.982306480407715 1624362979.489158 0.974
10.982306480407715 1624362979.496196 0.974
10.982306480407715 1624362979.50318 0.974
10.982306480407715 1624362979.510198 0.974
10.982306480407715 1624362979.517231 0.974
10.982306480407715 1624362979.524156 0.974
10.982306480407715 1624362979.531147 0.974
10.982306480407715 1624362979.538153 0.974
10.982306480407715 1624362979.54518 0.974
10.982306480407715 1624362979.552232 0.974
10.982306480407715 1624362979.559217 0.974
10.982306480407715 1624362979.566265 0.974
10.982306480407715 1624362979.573262 0.974
10.982306480407715 1624362979.580212 0.974
10.982306480407715 1624362979.587216 0.974
10.982306480407715 1624362979.59421 0.974
10.982306480407715 1624362979.601183 0.974
10.982306480407715 1624362979.608164 0.974
10.982306480407715 1624362979.615181 0.974
10.982306480407715 1624362979.622214 0.974
10.982306480407715 1624362979.629294 0.974
10.982306480407715 1624362979.636276 0.974
10.982306480407715 1624362979.643285 0.974
10.982306480407715 1624362979.650293 0.974
10.982306480407715 1624362979.657097 0.974
10.982306480407715 1624362979.664218 0.974
10.982306480407715 1624362979.67113 0.974
10.982306480407715 1624362979.678173 0.974
10.982306480407715 1624362979.685234 0.974
10.982306480407715 1624362979.692133 0.974
10.982306480407715 1624362979.699201 0.974
10.982306480407715 1624362979.706233 0.974
10.982306480407715 1624362979.713167 0.974
10.982306480407715 1624362979.72012 0.974
10.982306480407715 1624362979.727114 0.974
10.982306480407715 1624362979.734118 0.974
10.982306480407715 1624362979.741193 0.974
10.982306480407715 1624362979.748123 0.974
10.982306480407715 1624362979.755178 0.974
10.982306480407715 1624362979.76219 0.974
10.982306480407715 1624362979.769088 0.974
10.982306480407715 1624362979.776113 0.974
10.982306480407715 1624362979.783107 0.974
10.982306480407715 1624362979.790141 0.974
10.982306480407715 1624362979.797128 0.974
10.982306480407715 1624362979.804157 0.974
10.372178077697754 1624362979.811213 0.974
10.982306480407715 1624362979.81818 0.974
10.982306480407715 1624362979.825186 0.974
10.982306480407715 1624362979.832225 0.974
10.982306480407715 1624362979.839223 0.974
10.982306480407715 1624362979.846215 0.974
10.982306480407715 1624362979.853205 0.974
10.982306480407715 1624362979.860197 0.974
10.982306480407715 1624362979.867249 0.974
10.982306480407715 1624362979.874187 0.974
10.982306480407715 1624362979.881253 0.974
10.982306480407715 1624362979.888183 0.974
10.982306480407715 1624362979.895226 0.974
10.982306480407715 1624362979.90211 0.974
10.982306480407715 1624362979.909165 0.974
10.982306480407715 1624362979.916051 0.974
10.372178077697754 1624362979.923102 0.974
10.982306480407715 1624362979.930043 0.974
10.982306480407715 1624362979.937049 0.974
10.982306480407715 1624362979.944068 0.974
10.982306480407715 1624362979.951017 0.974
10.982306480407715 1624362979.958026 0.974
10.982306480407715 1624362979.96503 0.974
10.982306480407715 1624362979.97203 0.974
10.982306480407715 1624362979.979045 0.974
10.982306480407715 1624362979.986031 0.974
10.982306480407715 1624362979.993101 0.974
10.982306480407715 1624362980.000073 0.974
10.982306480407715 1624362980.007114 0.974
10.982306480407715 1624362980.014095 0.974
10.982306480407715 1624362980.021065 0.974
10.982306480407715 1624362980.028096 0.974
10.982306480407715 1624362980.035112 0.974
10.982306480407715 1624362980.042098 0.974
10.982306480407715 1624362980.049056 0.974
10.982306480407715 1624362980.056105 0.974
10.982306480407715 1624362980.06308 0.974
10.982306480407715 1624362980.07008 0.974
10.982306480407715 1624362980.077075 0.974
10.982306480407715 1624362980.084089 0.974
10.372178077697754 1624362980.091101 0.974
10.982306480407715 1624362980.098108 0.974
10.982306480407715 1624362980.105176 0.974
10.982306480407715 1624362980.112096 0.974
10.982306480407715 1624362980.119182 0.974
10.982306480407715 1624362980.126136 0.974
10.982306480407715 1624362980.133107 0.974
10.982306480407715 1624362980.140121 0.974
10.372178077697754 1624362980.146917 0.974
10.982306480407715 1624362980.153908 0.974
10.982306480407715 1624362980.160867 0.974
10.982306480407715 1624362980.167875 0.974
10.982306480407715 1624362980.174876 0.974
10.982306480407715 1624362980.181875 0.974
10.982306480407715 1624362980.188869 0.974
10.982306480407715 1624362980.195856 0.974
10.982306480407715 1624362980.202912 0.974
10.982306480407715 1624362980.209882 0.974
10.982306480407715 1624362980.216888 0.974
10.982306480407715 1624362980.223955 0.974
10.982306480407715 1624362980.230917 0.974
10.982306480407715 1624362980.237932 0.974
10.982306480407715 1624362980.244903 0.974
10.982306480407715 1624362980.251917 0.974
10.982306480407715 1624362980.258938 0.974
10.982306480407715 1624362980.265955 0.974
10.982306480407715 1624362980.272932 0.974
10.982306480407715 1624362980.279932 0.974
10.982306480407715 1624362980.286965 0.974
10.982306480407715 1624362980.293984 0.974
10.982306480407715 1624362980.300997 0.974
10.982306480407715 1624362980.30801 0.974
10.982306480407715 1624362980.31498 0.974
10.982306480407715 1624362980.322081 0.974
10.982306480407715 1624362980.329058 0.974
10.982306480407715 1624362980.335997 0.974
10.982306480407715 1624362980.343061 0.974
10.982306480407715 1624362980.350085 0.974
10.982306480407715 1624362980.356835 0.974
10.982306480407715 1624362980.36383 0.974
10.982306480407715 1624362980.370831 0.974
10.982306480407715 1624362980.377862 0.974
10.982306480407715 1624362980.384887 0.974
10.982306480407715 1624362980.391924 0.974
10.982306480407715 1624362980.399033 0.974
10.372178077697754 1624362980.405939 0.974
10.982306480407715 1624362980.412951 0.974
10.982306480407715 1624362980.42004 0.974
10.982306480407715 1624362980.426964 0.974
10.982306480407715 1624362980.43403 0.974
10.982306480407715 1624362980.440982 0.974
10.982306480407715 1624362980.448017 0.974
10.982306480407715 1624362980.45502 0.974
10.372178077697754 1624362980.462008 0.974
10.982306480407715 1624362980.469007 0.974
10.982306480407715 1624362980.476023 0.974
10.372178077697754 1624362980.482988 0.974
10.982306480407715 1624362980.489979 0.974
10.982306480407715 1624362980.496964 0.974
10.982306480407715 1624362980.504026 0.974
10.982306480407715 1624362980.511014 0.974
10.982306480407715 1624362980.518013 0.974
10.982306480407715 1624362980.524993 0.974
10.982306480407715 1624362980.532088 0.974
10.982306480407715 1624362980.539065 0.974
10.982306480407715 1624362980.545938 0.974
10.982306480407715 1624362980.55301 0.974
10.982306480407715 1624362980.559989 0.974
10.982306480407715 1624362980.566828 0.974
10.982306480407715 1624362980.573797 0.974
10.982306480407715 1624362980.580775 0.974
10.982306480407715 1624362980.587825 0.974
10.982306480407715 1624362980.59487 0.974
10.982306480407715 1624362980.601842 0.974
10.982306480407715 1624362980.608816 0.974
10.982306480407715 1624362980.615878 0.974
10.982306480407715 1624362980.622849 0.974
10.982306480407715 1624362980.629803 0.974
10.982306480407715 1624362980.636789 0.974
10.982306480407715 1624362980.643797 0.974
10.982306480407715 1624362980.650821 0.974
10.982306480407715 1624362980.657837 0.974
10.982306480407715 1624362980.664833 0.974
10.982306480407715 1624362980.671858 0.974
10.982306480407715 1624362980.678853 0.974
10.982306480407715 1624362980.685907 0.974
10.982306480407715 1624362980.692809 0.974
10.982306480407715 1624362980.699828 0.974
10.982306480407715 1624362980.706846 0.974
10.982306480407715 1624362980.713887 0.974
10.982306480407715 1624362980.720858 0.974
10.982306480407715 1624362980.727842 0.974
10.982306480407715 1624362980.734876 0.974
10.982306480407715 1624362980.741918 0.974
10.982306480407715 1624362980.748947 0.974
10.982306480407715 1624362980.755935 0.974
10.982306480407715 1624362980.762945 0.974
10.982306480407715 1624362980.769944 0.974
10.982306480407715 1624362980.776904 0.974
10.982306480407715 1624362980.78391 0.974
10.982306480407715 1624362980.790938 0.974
10.982306480407715 1624362980.798021 0.974
10.982306480407715 1624362980.804946 0.974
10.982306480407715 1624362980.811769 0.974
10.982306480407715 1624362980.818758 0.974
10.982306480407715 1624362980.82576 0.974
10.982306480407715 1624362980.832762 0.974
10.982306480407715 1624362980.839762 0.974
10.982306480407715 1624362980.846856 0.974
10.982306480407715 1624362980.853751 0.974
10.982306480407715 1624362980.860789 0.974
10.982306480407715 1624362980.867772 0.974
10.982306480407715 1624362980.874827 0.974
10.982306480407715 1624362980.881806 0.974
10.982306480407715 1624362980.888835 0.974
10.982306480407715 1624362980.895826 0.974
10.982306480407715 1624362980.902803 0.974
10.982306480407715 1624362980.909806 0.974
10.982306480407715 1624362980.91685 0.974
10.982306480407715 1624362980.923825 0.974
10.982306480407715 1624362980.93085 0.974
10.982306480407715 1624362980.937896 0.974
10.982306480407715 1624362980.944864 0.974
10.982306480407715 1624362980.951732 0.974
10.982306480407715 1624362980.958848 0.974
10.982306480407715 1624362980.965769 0.974
10.982306480407715 1624362980.972822 0.974
10.982306480407715 1624362980.97984 0.974
10.982306480407715 1624362980.986845 0.974
10.982306480407715 1624362980.99387 0.974
10.982306480407715 1624362981.000812 0.974
10.982306480407715 1624362981.007812 0.974
10.982306480407715 1624362981.014879 0.974
10.982306480407715 1624362981.021914 0.974
10.982306480407715 1624362981.028839 0.974
10.982306480407715 1624362981.035791 0.974
10.982306480407715 1624362981.042831 0.974
10.982306480407715 1624362981.04988 0.974
10.982306480407715 1624362981.056714 0.974
10.982306480407715 1624362981.06378 0.974
10.982306480407715 1624362981.070686 0.974
10.982306480407715 1624362981.077665 0.974
10.982306480407715 1624362981.0847 0.974
10.982306480407715 1624362981.091725 0.974
10.982306480407715 1624362981.098647 0.974
10.982306480407715 1624362981.105693 0.974
10.982306480407715 1624362981.112696 0.974
10.982306480407715 1624362981.119695 0.974
10.982306480407715 1624362981.126728 0.974
10.982306480407715 1624362981.133706 0.974
10.982306480407715 1624362981.140701 0.974
10.982306480407715 1624362981.147691 0.974
10.982306480407715 1624362981.154687 0.974
10.982306480407715 1624362981.161709 0.974
10.982306480407715 1624362981.168672 0.974
10.982306480407715 1624362981.17569 0.974
10.982306480407715 1624362981.182693 0.974
10.372178077697754 1624362981.189699 0.974
10.982306480407715 1624362981.196724 0.974
10.982306480407715 1624362981.203779 0.974
10.372178077697754 1624362981.21078 0.974
10.982306480407715 1624362981.217787 0.974
10.982306480407715 1624362981.224762 0.974
10.982306480407715 1624362981.231843 0.974
10.982306480407715 1624362981.238795 0.974
10.982306480407715 1624362981.245771 0.974
10.982306480407715 1624362981.252778 0.974
10.982306480407715 1624362981.259822 0.974
10.982306480407715 1624362981.2668 0.974
10.982306480407715 1624362981.273794 0.974
10.982306480407715 1624362981.280809 0.974
10.982306480407715 1624362981.287824 0.974
10.982306480407715 1624362981.294794 0.974
10.372178077697754 1624362981.301625 0.974
10.982306480407715 1624362981.308696 0.974
10.982306480407715 1624362981.315671 0.974
10.982306480407715 1624362981.322609 0.974
10.982306480407715 1624362981.329684 0.974
10.372178077697754 1624362981.336656 0.974
10.982306480407715 1624362981.343721 0.974
10.982306480407715 1624362981.35068 0.974
10.982306480407715 1624362981.357702 0.974
10.982306480407715 1624362981.364678 0.974
10.982306480407715 1624362981.371692 0.974
10.982306480407715 1624362981.378598 0.974
10.982306480407715 1624362981.385605 0.974
10.982306480407715 1624362981.3927 0.974
10.982306480407715 1624362981.399679 0.974
10.982306480407715 1624362981.406614 0.974
10.372178077697754 1624362981.413653 0.974
10.982306480407715 1624362981.420599 0.974
10.982306480407715 1624362981.427667 0.974
10.982306480407715 1624362981.434644 0.974
10.982306480407715 1624362981.441635 0.974
10.372178077697754 1624362981.448738 0.974
10.982306480407715 1624362981.455691 0.974
10.982306480407715 1624362981.462703 0.974
10.982306480407715 1624362981.469781 0.974
10.982306480407715 1624362981.476814 0.974
10.982306480407715 1624362981.483732 0.974
10.982306480407715 1624362981.490719 0.974
10.982306480407715 1624362981.497691 0.974
10.982306480407715 1624362981.504713 0.974
10.982306480407715 1624362981.511748 0.974
10.982306480407715 1624362981.518677 0.974
10.982306480407715 1624362981.525755 0.974
10.982306480407715 1624362981.532527 0.974
10.982306480407715 1624362981.539579 0.974
10.982306480407715 1624362981.546587 0.974
10.982306480407715 1624362981.55364 0.974
10.982306480407715 1624362981.56058 0.974
10.982306480407715 1624362981.567572 0.974
10.982306480407715 1624362981.574627 0.974
10.982306480407715 1624362981.581581 0.974
10.982306480407715 1624362981.588602 0.974
10.982306480407715 1624362981.595659 0.974
10.982306480407715 1624362981.602663 0.974
10.982306480407715 1624362981.609645 0.974
10.982306480407715 1624362981.616597 0.974
10.982306480407715 1624362981.623614 0.974
10.982306480407715 1624362981.630591 0.974
10.982306480407715 1624362981.637568 0.974
10.982306480407715 1624362981.644641 0.974
10.982306480407715 1624362981.651628 0.974
10.982306480407715 1624362981.658622 0.974
10.982306480407715 1624362981.665732 0.974
10.982306480407715 1624362981.672676 0.974
10.982306480407715 1624362981.679652 0.974
10.982306480407715 1624362981.686606 0.974
10.982306480407715 1624362981.693604 0.974
10.982306480407715 1624362981.700582 0.974
10.982306480407715 1624362981.707688 0.974
10.982306480407715 1624362981.714606 0.974
10.982306480407715 1624362981.721629 0.974
10.982306480407715 1624362981.728735 0.974
10.982306480407715 1624362981.735649 0.974
10.982306480407715 1624362981.742657 0.974
10.982306480407715 1624362981.749668 0.974
10.982306480407715 1624362981.756466 0.974
10.982306480407715 1624362981.763429 0.974
10.982306480407715 1624362981.7705 0.974
10.982306480407715 1624362981.777573 0.974
10.982306480407715 1624362981.784537 0.974
10.982306480407715 1624362981.791584 0.974
10.982306480407715 1624362981.79858 0.974
10.982306480407715 1624362981.805557 0.974
10.982306480407715 1624362981.812494 0.974
10.982306480407715 1624362981.819496 0.974
10.982306480407715 1624362981.826525 0.974
10.982306480407715 1624362981.833467 0.974
10.372178077697754 1624362981.840543 0.974
10.982306480407715 1624362981.847555 0.974
10.982306480407715 1624362981.854564 0.974
10.982306480407715 1624362981.861577 0.974
10.982306480407715 1624362981.868555 0.974
10.982306480407715 1624362981.875623 0.974
10.982306480407715 1624362981.882541 0.974
10.982306480407715 1624362981.889542 0.974
10.982306480407715 1624362981.896541 0.974
10.982306480407715 1624362981.903577 0.974
10.982306480407715 1624362981.910656 0.974
10.372178077697754 1624362981.917618 0.974
10.982306480407715 1624362981.924567 0.974
10.982306480407715 1624362981.931572 0.974
10.982306480407715 1624362981.938697 0.974
10.982306480407715 1624362981.945689 0.974
10.982306480407715 1624362981.952636 0.974
10.982306480407715 1624362981.959651 0.974
10.982306480407715 1624362981.966441 0.974
10.982306480407715 1624362981.973467 0.974
10.982306480407715 1624362981.980501 0.974
10.982306480407715 1624362981.987461 0.974
10.982306480407715 1624362981.994569 0.974
10.982306480407715 1624362982.001454 0.974
10.982306480407715 1624362982.008486 0.974
10.982306480407715 1624362982.015542 0.974
10.982306480407715 1624362982.022546 0.974
10.982306480407715 1624362982.029465 0.974
10.982306480407715 1624362982.036501 0.974
10.982306480407715 1624362982.043524 0.974
10.982306480407715 1624362982.05053 0.974
10.982306480407715 1624362982.057503 0.974
10.982306480407715 1624362982.064578 0.974
10.982306480407715 1624362982.071484 0.974
10.982306480407715 1624362982.078638 0.974
10.982306480407715 1624362982.08561 0.974
10.982306480407715 1624362982.092526 0.974
10.982306480407715 1624362982.099505 0.974
10.982306480407715 1624362982.106518 0.974
10.982306480407715 1624362982.113526 0.974
10.372178077697754 1624362982.120482 0.974
10.982306480407715 1624362982.127491 0.974
10.982306480407715 1624362982.134525 0.974
10.982306480407715 1624362982.141532 0.974
10.982306480407715 1624362982.14861 0.974
10.372178077697754 1624362982.155568 0.974
10.982306480407715 1624362982.1626 0.974
10.982306480407715 1624362982.16962 0.974
10.982306480407715 1624362982.176443 0.974
10.982306480407715 1624362982.183425 0.974
10.982306480407715 1624362982.190457 0.974
10.982306480407715 1624362982.197399 0.974
10.982306480407715 1624362982.204347 0.974
10.982306480407715 1624362982.211369 0.974
10.982306480407715 1624362982.218327 0.974
10.982306480407715 1624362982.225333 0.974
10.982306480407715 1624362982.23243 0.974
10.982306480407715 1624362982.239464 0.974
10.982306480407715 1624362982.246404 0.974
10.982306480407715 1624362982.253445 0.974
10.982306480407715 1624362982.260437 0.974
10.982306480407715 1624362982.267395 0.974
10.982306480407715 1624362982.274464 0.974
10.982306480407715 1624362982.281462 0.974
10.982306480407715 1624362982.288478 0.974
10.982306480407715 1624362982.295512 0.974
10.982306480407715 1624362982.3025 0.974
10.982306480407715 1624362982.309427 0.974
10.982306480407715 1624362982.316447 0.974
10.982306480407715 1624362982.323457 0.974
10.982306480407715 1624362982.330501 0.974
10.982306480407715 1624362982.337451 0.974
10.982306480407715 1624362982.344505 0.974
10.982306480407715 1624362982.35149 0.974
10.982306480407715 1624362982.358484 0.974
10.982306480407715 1624362982.365531 0.974
10.982306480407715 1624362982.37248 0.974
10.982306480407715 1624362982.379471 0.974
10.982306480407715 1624362982.386529 0.974
10.982306480407715 1624362982.393525 0.974
10.982306480407715 1624362982.400518 0.974
10.982306480407715 1624362982.407344 0.974
10.982306480407715 1624362982.414302 0.974
10.982306480407715 1624362982.421329 0.974
10.982306480407715 1624362982.428248 0.974
10.982306480407715 1624362982.435275 0.974
10.982306480407715 1624362982.44237 0.974
10.982306480407715 1624362982.449403 0.974
10.982306480407715 1624362982.456273 0.974
10.982306480407715 1624362982.463345 0.974
10.982306480407715 1624362982.470401 0.974
10.982306480407715 1624362982.477398 0.974
10.982306480407715 1624362982.484416 0.974
10.982306480407715 1624362982.49145 0.974
10.982306480407715 1624362982.498385 0.974
10.982306480407715 1624362982.505408 0.974
10.982306480407715 1624362982.512379 0.974
10.982306480407715 1624362982.51939 0.974
10.982306480407715 1624362982.526454 0.974
10.982306480407715 1624362982.533421 0.974
10.982306480407715 1624362982.540458 0.974
10.982306480407715 1624362982.547436 0.974
10.982306480407715 1624362982.554353 0.974
10.982306480407715 1624362982.561368 0.974
10.982306480407715 1624362982.568326 0.974
10.982306480407715 1624362982.575358 0.974
10.982306480407715 1624362982.582395 0.974
10.982306480407715 1624362982.58944 0.974
10.982306480407715 1624362982.596234 0.974
10.982306480407715 1624362982.603261 0.974
10.982306480407715 1624362982.610298 0.974
10.982306480407715 1624362982.617254 0.974
10.372178077697754 1624362982.624258 0.974
10.982306480407715 1624362982.631275 0.974
10.982306480407715 1624362982.638277 0.974
10.372178077697754 1624362982.645269 0.974
10.982306480407715 1624362982.652276 0.974
10.982306480407715 1624362982.659307 0.974
10.982306480407715 1624362982.666339 0.974
