178.52061462402344 1624362304.676427 0.06
179.35943603515625 1624362304.683386 0.06
179.23187255859375 1624362304.69024 0.06
178.52061462402344 1624362304.697309 0.06
179.35943603515625 1624362304.704339 0.06
178.64767456054688 1624362304.711261 0.06
179.23187255859375 1624362304.718302 0.06
178.52061462402344 1624362304.725223 0.06
178.52061462402344 1624362304.732302 0.06
178.52061462402344 1624362304.739304 0.06
178.52061462402344 1624362304.746193 0.06
177.80938720703125 1624362304.753245 0.06
178.52061462402344 1624362304.760172 0.06
178.52061462402344 1624362304.767295 0.06
178.52061462402344 1624362304.774312 0.06
179.23187255859375 1624362304.781316 0.06
178.52061462402344 1624362304.788319 0.06
178.52061462402344 1624362304.795345 0.06
178.52061462402344 1624362304.802362 0.06
178.52061462402344 1624362304.809304 0.06
179.23187255859375 1624362304.816304 0.06
178.52061462402344 1624362304.823316 0.06
179.23187255859375 1624362304.830383 0.06
178.52061462402344 1624362304.837355 0.06
178.52061462402344 1624362304.844378 0.06
179.23187255859375 1624362304.851381 0.06
178.52061462402344 1624362304.858414 0.06
178.52061462402344 1624362304.865402 0.06
178.52061462402344 1624362304.872363 0.06
178.52061462402344 1624362304.879353 0.06
178.52061462402344 1624362304.886397 0.06
178.52061462402344 1624362304.893363 0.06
178.52061462402344 1624362304.900377 0.06
178.52061462402344 1624362304.907402 0.06
178.52061462402344 1624362304.914255 0.06
178.52061462402344 1624362304.921346 0.06
178.52061462402344 1624362304.92819 0.06
178.52061462402344 1624362304.93525 0.06
178.52061462402344 1624362304.942226 0.06
178.52061462402344 1624362304.949232 0.06
178.52061462402344 1624362304.956231 0.06
179.23187255859375 1624362304.963192 0.06
178.52061462402344 1624362304.970168 0.06
178.52061462402344 1624362304.977258 0.06
178.52061462402344 1624362304.984202 0.06
178.52061462402344 1624362304.99122 0.06
178.52061462402344 1624362304.998263 0.06
179.23187255859375 1624362305.005149 0.06
178.52061462402344 1624362305.012145 0.06
178.52061462402344 1624362305.01916 0.06
178.52061462402344 1624362305.026175 0.06
178.52061462402344 1624362305.033263 0.06
178.52061462402344 1624362305.040164 0.06
178.52061462402344 1624362305.04722 0.06
178.52061462402344 1624362305.054247 0.06
178.52061462402344 1624362305.061253 0.06
177.80938720703125 1624362305.068247 0.06
177.68301391601562 1624362305.075281 0.06
177.68301391601562 1624362305.082225 0.06
177.68301391601562 1624362305.089317 0.06
178.3937530517578 1624362305.096284 0.06
177.68301391601562 1624362305.103325 0.06
177.68301391601562 1624362305.11031 0.06
178.3937530517578 1624362305.117309 0.06
178.52061462402344 1624362305.124285 0.06
178.52061462402344 1624362305.131312 0.06
178.52061462402344 1624362305.138338 0.06
178.3937530517578 1624362305.145273 0.06
178.52061462402344 1624362305.152263 0.06
178.52061462402344 1624362305.159178 0.06
177.80938720703125 1624362305.16616 0.06
178.52061462402344 1624362305.173119 0.06
177.80938720703125 1624362305.180088 0.06
177.68301391601562 1624362305.187177 0.06
178.52061462402344 1624362305.194219 0.06
177.80938720703125 1624362305.201194 0.06
178.52061462402344 1624362305.208133 0.06
178.52061462402344 1624362305.215247 0.06
178.52061462402344 1624362305.222163 0.06
178.3937530517578 1624362305.229155 0.06
177.68301391601562 1624362305.236113 0.06
178.52061462402344 1624362305.243203 0.06
178.3937530517578 1624362305.250114 0.06
177.68301391601562 1624362305.257137 0.06
178.3937530517578 1624362305.2642 0.06
177.68301391601562 1624362305.271199 0.06
177.68301391601562 1624362305.278218 0.06
177.68301391601562 1624362305.285292 0.06
177.68301391601562 1624362305.292232 0.06
178.3937530517578 1624362305.299247 0.06
178.52061462402344 1624362305.306213 0.06
178.3937530517578 1624362305.313202 0.06
178.52061462402344 1624362305.320213 0.06
178.52061462402344 1624362305.327226 0.06
178.52061462402344 1624362305.334255 0.06
177.80938720703125 1624362305.341163 0.06
178.52061462402344 1624362305.34819 0.06
178.52061462402344 1624362305.355114 0.06
178.52061462402344 1624362305.362187 0.06
177.80938720703125 1624362305.369076 0.06
178.52061462402344 1624362305.37606 0.06
178.52061462402344 1624362305.383097 0.06
178.52061462402344 1624362305.390109 0.06
178.52061462402344 1624362305.397004 0.06
178.52061462402344 1624362305.404012 0.06
178.52061462402344 1624362305.411132 0.06
178.52061462402344 1624362305.418166 0.06
178.52061462402344 1624362305.425119 0.06
178.52061462402344 1624362305.432194 0.06
178.52061462402344 1624362305.439189 0.06
178.52061462402344 1624362305.446132 0.06
178.52061462402344 1624362305.453113 0.06
178.52061462402344 1624362305.460121 0.06
178.52061462402344 1624362305.467065 0.06
178.52061462402344 1624362305.474072 0.06
177.80938720703125 1624362305.481158 0.06
178.52061462402344 1624362305.48815 0.06
177.80938720703125 1624362305.495129 0.06
177.68301391601562 1624362305.502138 0.06
177.68301391601562 1624362305.509181 0.06
178.52061462402344 1624362305.516154 0.06
178.3937530517578 1624362305.523144 0.06
177.68301391601562 1624362305.530127 0.06
177.68301391601562 1624362305.537096 0.06
177.68301391601562 1624362305.544137 0.06
177.68301391601562 1624362305.551167 0.06
177.68301391601562 1624362305.558155 0.06
177.68301391601562 1624362305.565157 0.06
177.68301391601562 1624362305.57216 0.06
177.68301391601562 1624362305.579173 0.06
178.3937530517578 1624362305.586174 0.06
177.68301391601562 1624362305.593008 0.06
178.3937530517578 1624362305.600051 0.06
177.68301391601562 1624362305.606983 0.06
178.52061462402344 1624362305.613933 0.06
178.3937530517578 1624362305.620908 0.06
177.68301391601562 1624362305.627965 0.06
178.52061462402344 1624362305.634937 0.06
177.68301391601562 1624362305.641948 0.06
177.68301391601562 1624362305.649008 0.06
177.68301391601562 1624362305.655941 0.06
177.68301391601562 1624362305.662949 0.06
177.68301391601562 1624362305.669933 0.06
177.68301391601562 1624362305.677043 0.06
177.68301391601562 1624362305.683997 0.06
177.68301391601562 1624362305.691095 0.06
177.68301391601562 1624362305.698089 0.06
177.68301391601562 1624362305.70513 0.06
177.68301391601562 1624362305.712054 0.06
177.68301391601562 1624362305.71904 0.06
177.68301391601562 1624362305.726101 0.06
178.3937530517578 1624362305.733106 0.06
177.68301391601562 1624362305.740174 0.06
177.68301391601562 1624362305.7482 0.06
177.68301391601562 1624362305.75519 0.06
177.68301391601562 1624362305.762196 0.06
177.68301391601562 1624362305.769202 0.06
177.68301391601562 1624362305.775932 0.06
177.68301391601562 1624362305.782895 0.06
177.68301391601562 1624362305.789926 0.06
177.68301391601562 1624362305.796971 0.06
177.68301391601562 1624362305.804006 0.06
177.68301391601562 1624362305.810967 0.06
177.68301391601562 1624362305.818046 0.06
177.68301391601562 1624362305.824995 0.06
177.68301391601562 1624362305.832187 0.06
177.68301391601562 1624362305.838987 0.06
177.68301391601562 1624362305.845983 0.06
177.68301391601562 1624362305.852967 0.06
177.68301391601562 1624362305.860051 0.06
178.3937530517578 1624362305.867066 0.06
177.68301391601562 1624362305.874047 0.06
178.3937530517578 1624362305.881039 0.06
177.68301391601562 1624362305.888038 0.06
177.68301391601562 1624362305.895073 0.06
178.3937530517578 1624362305.902017 0.06
177.68301391601562 1624362305.909038 0.06
177.68301391601562 1624362305.915997 0.06
177.68301391601562 1624362305.923039 0.06
177.68301391601562 1624362305.930007 0.06
177.68301391601562 1624362305.936957 0.06
177.68301391601562 1624362305.944054 0.06
178.52061462402344 1624362305.950967 0.06
177.68301391601562 1624362305.958114 0.06
178.52061462402344 1624362305.964908 0.06
178.3937530517578 1624362305.971846 0.06
178.3937530517578 1624362305.9788 0.06
177.68301391601562 1624362305.985811 0.06
178.3937530517578 1624362305.992851 0.06
177.68301391601562 1624362305.999889 0.06
177.68301391601562 1624362306.006948 0.06
178.3937530517578 1624362306.013947 0.06
177.68301391601562 1624362306.021011 0.06
177.80938720703125 1624362306.027984 0.06
178.52061462402344 1624362306.03495 0.06
177.80938720703125 1624362306.041966 0.06
178.52061462402344 1624362306.048917 0.06
178.3937530517578 1624362306.056161 0.06
177.68301391601562 1624362306.062995 0.06
178.3937530517578 1624362306.06997 0.06
178.3937530517578 1624362306.076988 0.06
177.68301391601562 1624362306.083971 0.06
178.52061462402344 1624362306.090971 0.06
177.68301391601562 1624362306.097868 0.06
178.52061462402344 1624362306.104854 0.06
178.52061462402344 1624362306.111889 0.06
178.52061462402344 1624362306.118849 0.06
178.52061462402344 1624362306.125924 0.06
178.52061462402344 1624362306.132959 0.06
178.52061462402344 1624362306.140009 0.06
178.52061462402344 1624362306.147019 0.06
178.52061462402344 1624362306.153939 0.06
178.52061462402344 1624362306.160962 0.06
178.52061462402344 1624362306.167741 0.06
177.80938720703125 1624362306.174738 0.06
178.52061462402344 1624362306.181878 0.06
178.52061462402344 1624362306.188828 0.06
177.80938720703125 1624362306.195897 0.06
178.3937530517578 1624362306.202855 0.06
178.52061462402344 1624362306.209848 0.06
178.3937530517578 1624362306.216862 0.06
178.3937530517578 1624362306.223862 0.06
177.68301391601562 1624362306.230861 0.06
177.68301391601562 1624362306.237876 0.06
178.3937530517578 1624362306.244925 0.06
177.68301391601562 1624362306.251872 0.06
177.68301391601562 1624362306.258869 0.06
177.68301391601562 1624362306.265934 0.06
177.68301391601562 1624362306.272936 0.06
177.68301391601562 1624362306.279894 0.06
177.68301391601562 1624362306.286901 0.06
177.68301391601562 1624362306.293939 0.06
178.3937530517578 1624362306.300929 0.06
177.68301391601562 1624362306.307914 0.06
177.68301391601562 1624362306.314995 0.06
177.68301391601562 1624362306.321867 0.06
177.68301391601562 1624362306.328893 0.06
177.68301391601562 1624362306.335846 0.06
177.68301391601562 1624362306.342885 0.06
177.68301391601562 1624362306.349928 0.06
177.68301391601562 1624362306.356934 0.06
177.68301391601562 1624362306.363938 0.06
177.68301391601562 1624362306.370896 0.06
177.68301391601562 1624362306.377818 0.06
177.68301391601562 1624362306.384796 0.06
177.68301391601562 1624362306.391821 0.06
177.68301391601562 1624362306.398801 0.06
178.3937530517578 1624362306.40577 0.06
178.3937530517578 1624362306.412814 0.06
177.68301391601562 1624362306.419801 0.06
178.3937530517578 1624362306.426785 0.06
177.68301391601562 1624362306.433741 0.06
177.68301391601562 1624362306.440744 0.06
177.68301391601562 1624362306.447744 0.06
177.68301391601562 1624362306.454715 0.06
177.68301391601562 1624362306.461817 0.06
177.68301391601562 1624362306.468822 0.06
177.68301391601562 1624362306.475799 0.06
178.3937530517578 1624362306.482901 0.06
178.3937530517578 1624362306.489836 0.06
177.68301391601562 1624362306.496898 0.06
178.3937530517578 1624362306.503796 0.06
177.68301391601562 1624362306.510828 0.06
177.68301391601562 1624362306.517793 0.06
177.68301391601562 1624362306.524823 0.06
177.68301391601562 1624362306.531869 0.06
177.68301391601562 1624362306.538857 0.06
177.68301391601562 1624362306.545879 0.06
177.68301391601562 1624362306.552959 0.06
178.3937530517578 1624362306.559921 0.06
177.68301391601562 1624362306.56684 0.06
177.68301391601562 1624362306.573877 0.06
177.68301391601562 1624362306.580874 0.06
177.68301391601562 1624362306.587694 0.06
177.68301391601562 1624362306.594702 0.06
177.68301391601562 1624362306.601739 0.06
177.68301391601562 1624362306.608748 0.06
177.68301391601562 1624362306.615741 0.06
177.68301391601562 1624362306.622794 0.06
177.68301391601562 1624362306.62983 0.06
177.68301391601562 1624362306.636764 0.06
177.68301391601562 1624362306.643794 0.06
178.3937530517578 1624362306.650753 0.06
178.52061462402344 1624362306.65774 0.06
177.68301391601562 1624362306.664747 0.06
178.3937530517578 1624362306.671718 0.06
178.52061462402344 1624362306.67874 0.06
177.80938720703125 1624362306.685814 0.06
178.3937530517578 1624362306.692829 0.06
177.68301391601562 1624362306.699763 0.06
178.52061462402344 1624362306.706816 0.06
177.68301391601562 1624362306.713765 0.06
177.68301391601562 1624362306.720735 0.06
178.3937530517578 1624362306.727735 0.06
178.3937530517578 1624362306.734805 0.06
177.68301391601562 1624362306.741812 0.06
178.3937530517578 1624362306.74884 0.06
177.68301391601562 1624362306.755861 0.06
177.68301391601562 1624362306.76283 0.06
178.3937530517578 1624362306.769688 0.06
177.68301391601562 1624362306.776663 0.06
177.68301391601562 1624362306.783757 0.06
178.3937530517578 1624362306.79073 0.06
177.68301391601562 1624362306.797675 0.06
178.3937530517578 1624362306.804699 0.06
177.68301391601562 1624362306.811727 0.06
177.68301391601562 1624362306.818716 0.06
177.68301391601562 1624362306.825765 0.06
177.68301391601562 1624362306.832731 0.06
177.68301391601562 1624362306.839722 0.06
178.3937530517578 1624362306.846687 0.06
177.68301391601562 1624362306.853701 0.06
178.3937530517578 1624362306.860778 0.06
177.68301391601562 1624362306.86768 0.06
178.3937530517578 1624362306.874659 0.06
178.3937530517578 1624362306.88175 0.06
177.68301391601562 1624362306.88869 0.06
177.68301391601562 1624362306.895794 0.06
177.68301391601562 1624362306.902721 0.06
177.68301391601562 1624362306.909743 0.06
177.68301391601562 1624362306.9167 0.06
177.68301391601562 1624362306.923719 0.06
177.68301391601562 1624362306.930678 0.06
177.68301391601562 1624362306.937709 0.06
177.68301391601562 1624362306.944768 0.06
178.3937530517578 1624362306.951636 0.06
178.3937530517578 1624362306.958689 0.06
177.68301391601562 1624362306.965637 0.06
178.3937530517578 1624362306.972594 0.06
178.3937530517578 1624362306.97966 0.06
177.68301391601562 1624362306.986616 0.06
178.3937530517578 1624362306.99372 0.06
177.68301391601562 1624362307.000628 0.06
177.68301391601562 1624362307.007718 0.06
177.68301391601562 1624362307.014681 0.06
177.68301391601562 1624362307.02173 0.06
178.3937530517578 1624362307.02872 0.06
178.3937530517578 1624362307.035686 0.06
177.68301391601562 1624362307.042665 0.06
178.3937530517578 1624362307.049695 0.06
177.68301391601562 1624362307.056669 0.06
178.3937530517578 1624362307.063746 0.06
178.52061462402344 1624362307.070784 0.06
177.80938720703125 1624362307.077736 0.06
178.52061462402344 1624362307.084767 0.06
178.52061462402344 1624362307.09174 0.06
177.80938720703125 1624362307.098687 0.06
178.52061462402344 1624362307.105757 0.06
178.52061462402344 1624362307.112582 0.06
178.52061462402344 1624362307.119609 0.06
178.52061462402344 1624362307.126597 0.06
178.52061462402344 1624362307.133601 0.06
178.52061462402344 1624362307.140603 0.06
178.52061462402344 1624362307.147605 0.06
178.52061462402344 1624362307.15459 0.06
178.52061462402344 1624362307.161573 0.06
178.52061462402344 1624362307.168695 0.06
178.52061462402344 1624362307.175642 0.06
178.52061462402344 1624362307.18259 0.06
177.68301391601562 1624362307.189634 0.06
178.52061462402344 1624362307.196667 0.06
178.52061462402344 1624362307.203642 0.06
177.68301391601562 1624362307.210592 0.06
178.52061462402344 1624362307.217665 0.06
177.80938720703125 1624362307.224694 0.06
177.68301391601562 1624362307.231651 0.06
178.3937530517578 1624362307.238654 0.06
177.68301391601562 1624362307.245591 0.06
178.3937530517578 1624362307.252549 0.06
178.52061462402344 1624362307.259605 0.06
177.68301391601562 1624362307.266571 0.06
178.3937530517578 1624362307.273643 0.06
178.52061462402344 1624362307.280635 0.06
177.68301391601562 1624362307.287648 0.06
178.3937530517578 1624362307.294698 0.06
177.68301391601562 1624362307.301692 0.06
178.3937530517578 1624362307.308718 0.06
178.3937530517578 1624362307.31564 0.06
177.68301391601562 1624362307.322676 0.06
177.68301391601562 1624362307.329551 0.06
177.68301391601562 1624362307.336498 0.06
177.68301391601562 1624362307.343502 0.06
178.3937530517578 1624362307.350454 0.06
177.68301391601562 1624362307.357409 0.06
178.3937530517578 1624362307.364485 0.06
178.3937530517578 1624362307.371413 0.06
177.68301391601562 1624362307.378472 0.06
177.68301391601562 1624362307.385435 0.06
177.68301391601562 1624362307.392466 0.06
177.68301391601562 1624362307.399441 0.06
178.3937530517578 1624362307.406473 0.06
177.68301391601562 1624362307.413503 0.06
177.68301391601562 1624362307.42046 0.06
177.68301391601562 1624362307.427469 0.06
177.68301391601562 1624362307.434476 0.06
177.68301391601562 1624362307.441485 0.06
177.68301391601562 1624362307.448475 0.06
177.68301391601562 1624362307.455531 0.06
177.68301391601562 1624362307.462547 0.06
177.68301391601562 1624362307.469518 0.06
177.68301391601562 1624362307.476555 0.06
178.3937530517578 1624362307.48356 0.06
177.68301391601562 1624362307.490585 0.06
177.68301391601562 1624362307.497557 0.06
177.68301391601562 1624362307.504615 0.06
177.68301391601562 1624362307.511603 0.06
177.68301391601562 1624362307.518565 0.06
177.68301391601562 1624362307.525614 0.06
177.68301391601562 1624362307.532629 0.06
177.68301391601562 1624362307.53948 0.06
176.9722900390625 1624362307.546496 0.06
177.68301391601562 1624362307.553447 0.06
177.68301391601562 1624362307.560454 0.06
177.68301391601562 1624362307.56746 0.06
177.68301391601562 1624362307.574465 0.06
177.68301391601562 1624362307.581409 0.06
177.68301391601562 1624362307.588435 0.06
177.68301391601562 1624362307.595502 0.06
176.9722900390625 1624362307.602515 0.06
177.68301391601562 1624362307.609424 0.06
177.68301391601562 1624362307.61652 0.06
177.68301391601562 1624362307.623481 0.06
177.68301391601562 1624362307.630507 0.06
177.68301391601562 1624362307.63749 0.06
177.68301391601562 1624362307.644448 0.06
177.68301391601562 1624362307.6515 0.06
176.9722900390625 1624362307.658436 0.06
177.68301391601562 1624362307.665446 0.06
177.68301391601562 1624362307.672482 0.06
176.9722900390625 1624362307.679501 0.06
177.68301391601562 1624362307.686428 0.06
177.68301391601562 1624362307.69343 0.06
177.68301391601562 1624362307.700547 0.06
177.68301391601562 1624362307.707494 0.06
176.9722900390625 1624362307.714611 0.06
177.68301391601562 1624362307.721559 0.06
177.68301391601562 1624362307.728471 0.06
176.9722900390625 1624362307.735508 0.06
177.68301391601562 1624362307.742357 0.06
177.68301391601562 1624362307.74934 0.06
177.68301391601562 1624362307.756352 0.06
177.68301391601562 1624362307.76344 0.06
176.9722900390625 1624362307.770371 0.06
177.68301391601562 1624362307.777325 0.06
177.68301391601562 1624362307.784364 0.06
177.68301391601562 1624362307.791462 0.06
177.68301391601562 1624362307.798438 0.06
177.68301391601562 1624362307.805404 0.06
177.68301391601562 1624362307.812392 0.06
177.68301391601562 1624362307.819428 0.06
177.68301391601562 1624362307.826494 0.06
177.68301391601562 1624362307.8335 0.06
177.68301391601562 1624362307.840581 0.06
176.9722900390625 1624362307.847442 0.06
177.68301391601562 1624362307.854497 0.06
177.68301391601562 1624362307.861461 0.06
177.68301391601562 1624362307.868452 0.06
177.68301391601562 1624362307.875464 0.06
177.68301391601562 1624362307.882486 0.06
177.68301391601562 1624362307.889528 0.06
177.68301391601562 1624362307.896494 0.06
176.9722900390625 1624362307.903496 0.06
177.68301391601562 1624362307.910454 0.06
177.68301391601562 1624362307.917554 0.06
177.68301391601562 1624362307.924527 0.06
177.68301391601562 1624362307.931336 0.06
177.68301391601562 1624362307.938263 0.06
177.68301391601562 1624362307.945257 0.06
177.68301391601562 1624362307.952261 0.06
177.68301391601562 1624362307.95933 0.06
177.68301391601562 1624362307.966323 0.06
177.68301391601562 1624362307.973312 0.06
177.68301391601562 1624362307.980442 0.06
177.68301391601562 1624362307.98746 0.06
177.68301391601562 1624362307.994398 0.06
177.68301391601562 1624362308.001404 0.06
177.68301391601562 1624362308.008436 0.06
177.68301391601562 1624362308.015438 0.06
177.68301391601562 1624362308.022392 0.06
178.3937530517578 1624362308.029371 0.06
177.68301391601562 1624362308.036359 0.06
177.68301391601562 1624362308.043354 0.06
177.68301391601562 1624362308.050515 0.06
177.68301391601562 1624362308.057472 0.06
177.68301391601562 1624362308.064448 0.06
177.68301391601562 1624362308.071445 0.06
177.68301391601562 1624362308.078426 0.06
177.68301391601562 1624362308.085454 0.06
177.68301391601562 1624362308.092422 0.06
177.68301391601562 1624362308.099486 0.06
177.68301391601562 1624362308.106488 0.06
177.68301391601562 1624362308.113335 0.06
177.68301391601562 1624362308.120288 0.06
177.68301391601562 1624362308.127282 0.06
177.68301391601562 1624362308.134207 0.06
177.5568084716797 1624362308.141229 0.06
176.9722900390625 1624362308.148218 0.06
177.68301391601562 1624362308.155231 0.06
177.68301391601562 1624362308.162249 0.06
177.68301391601562 1624362308.169337 0.06
177.68301391601562 1624362308.176291 0.06
177.68301391601562 1624362308.183285 0.06
177.68301391601562 1624362308.190226 0.06
177.68301391601562 1624362308.197334 0.06
177.68301391601562 1624362308.204263 0.06
177.68301391601562 1624362308.211338 0.06
177.68301391601562 1624362308.218388 0.06
177.68301391601562 1624362308.225362 0.06
177.68301391601562 1624362308.232386 0.06
176.9722900390625 1624362308.239358 0.06
177.68301391601562 1624362308.246377 0.06
177.68301391601562 1624362308.253391 0.06
177.68301391601562 1624362308.260388 0.06
177.68301391601562 1624362308.267454 0.06
177.68301391601562 1624362308.274401 0.06
177.68301391601562 1624362308.281446 0.06
177.68301391601562 1624362308.288416 0.06
176.9722900390625 1624362308.295401 0.06
177.68301391601562 1624362308.302442 0.06
177.68301391601562 1624362308.309219 0.06
176.9722900390625 1624362308.316248 0.06
177.68301391601562 1624362308.323255 0.06
177.5568084716797 1624362308.330234 0.06
177.68301391601562 1624362308.337303 0.06
177.68301391601562 1624362308.344313 0.06
176.9722900390625 1624362308.351256 0.06
177.68301391601562 1624362308.358307 0.06
177.68301391601562 1624362308.365227 0.06
176.9722900390625 1624362308.372192 0.06
177.68301391601562 1624362308.379277 0.06
177.68301391601562 1624362308.386321 0.06
176.84658813476562 1624362308.393311 0.06
177.68301391601562 1624362308.400295 0.06
177.68301391601562 1624362308.407327 0.06
176.84658813476562 1624362308.414331 0.06
177.5568084716797 1624362308.421316 0.06
176.84658813476562 1624362308.428296 0.06
176.84658813476562 1624362308.435222 0.06
177.5568084716797 1624362308.44229 0.06
176.84658813476562 1624362308.449372 0.06
176.84658813476562 1624362308.456355 0.06
176.84658813476562 1624362308.463258 0.06
176.84658813476562 1624362308.470354 0.06
177.68301391601562 1624362308.477281 0.06
177.68301391601562 1624362308.484245 0.06
177.68301391601562 1624362308.491307 0.06
176.84658813476562 1624362308.498196 0.06
176.84658813476562 1624362308.505179 0.06
177.5568084716797 1624362308.512223 0.06
176.84658813476562 1624362308.519224 0.06
176.84658813476562 1624362308.526225 0.06
177.5568084716797 1624362308.53318 0.06
177.5568084716797 1624362308.540178 0.06
176.84658813476562 1624362308.547212 0.06
177.5568084716797 1624362308.554191 0.06
176.84658813476562 1624362308.561185 0.06
177.5568084716797 1624362308.568249 0.06
177.5568084716797 1624362308.575203 0.06
176.84658813476562 1624362308.582263 0.06
177.5568084716797 1624362308.589236 0.06
177.5568084716797 1624362308.596297 0.06
176.9722900390625 1624362308.603308 0.06
176.84658813476562 1624362308.610308 0.06
176.84658813476562 1624362308.617287 0.06
176.84658813476562 1624362308.624254 0.06
176.9722900390625 1624362308.631195 0.06
176.84658813476562 1624362308.638277 0.06
177.5568084716797 1624362308.645272 0.06
177.68301391601562 1624362308.652253 0.06
177.68301391601562 1624362308.659199 0.06
177.68301391601562 1624362308.666208 0.06
177.68301391601562 1624362308.673276 0.06
177.68301391601562 1624362308.680195 0.06
177.68301391601562 1624362308.687093 0.06
177.68301391601562 1624362308.694179 0.06
177.68301391601562 1624362308.701158 0.06
177.68301391601562 1624362308.708127 0.06
177.68301391601562 1624362308.715232 0.06
177.68301391601562 1624362308.722177 0.06
177.68301391601562 1624362308.729146 0.06
177.68301391601562 1624362308.736189 0.06
177.68301391601562 1624362308.743192 0.06
177.68301391601562 1624362308.750154 0.06
177.68301391601562 1624362308.757195 0.06
177.68301391601562 1624362308.764163 0.06
177.68301391601562 1624362308.771156 0.06
177.80938720703125 1624362308.778218 0.06
177.68301391601562 1624362308.785244 0.06
177.68301391601562 1624362308.792229 0.06
178.3937530517578 1624362308.799271 0.06
177.68301391601562 1624362308.806224 0.06
177.68301391601562 1624362308.813259 0.06
178.3937530517578 1624362308.820205 0.06
177.68301391601562 1624362308.827232 0.06
177.68301391601562 1624362308.834254 0.06
178.3937530517578 1624362308.841272 0.06
177.68301391601562 1624362308.848093 0.06
177.68301391601562 1624362308.855096 0.06
177.68301391601562 1624362308.862046 0.06
177.68301391601562 1624362308.86901 0.06
178.3937530517578 1624362308.876005 0.06
177.68301391601562 1624362308.883153 0.06
177.68301391601562 1624362308.890135 0.06
177.68301391601562 1624362308.897125 0.06
177.68301391601562 1624362308.904169 0.06
177.68301391601562 1624362308.911051 0.06
177.68301391601562 1624362308.918092 0.06
177.68301391601562 1624362308.925097 0.06
177.68301391601562 1624362308.932153 0.06
177.68301391601562 1624362308.939191 0.06
177.68301391601562 1624362308.94617 0.06
177.68301391601562 1624362308.95321 0.06
177.68301391601562 1624362308.960258 0.06
177.68301391601562 1624362308.967206 0.06
178.3937530517578 1624362308.974123 0.06
177.68301391601562 1624362308.981222 0.06
177.68301391601562 1624362308.988179 0.06
177.68301391601562 1624362308.995191 0.06
177.68301391601562 1624362309.002138 0.06
177.68301391601562 1624362309.00909 0.06
177.68301391601562 1624362309.016219 0.06
177.68301391601562 1624362309.023009 0.06
177.68301391601562 1624362309.030054 0.06
177.68301391601562 1624362309.037028 0.06
178.3937530517578 1624362309.043984 0.06
177.68301391601562 1624362309.050973 0.06
177.68301391601562 1624362309.057992 0.06
177.68301391601562 1624362309.065004 0.06
177.68301391601562 1624362309.072043 0.06
177.68301391601562 1624362309.079082 0.06
177.68301391601562 1624362309.086096 0.06
177.68301391601562 1624362309.093093 0.06
177.68301391601562 1624362309.100089 0.06
177.68301391601562 1624362309.10706 0.06
177.68301391601562 1624362309.114062 0.06
177.68301391601562 1624362309.121171 0.06
176.9722900390625 1624362309.128144 0.06
177.5568084716797 1624362309.135146 0.06
177.68301391601562 1624362309.142164 0.06
177.68301391601562 1624362309.149121 0.06
177.68301391601562 1624362309.156149 0.06
177.68301391601562 1624362309.163206 0.06
177.68301391601562 1624362309.170139 0.06
178.3937530517578 1624362309.177021 0.06
177.68301391601562 1624362309.184007 0.06
177.68301391601562 1624362309.190983 0.06
177.68301391601562 1624362309.19795 0.06
177.68301391601562 1624362309.204983 0.06
177.68301391601562 1624362309.212044 0.06
177.68301391601562 1624362309.219055 0.06
177.68301391601562 1624362309.226085 0.06
177.68301391601562 1624362309.233074 0.06
177.68301391601562 1624362309.240057 0.06
177.68301391601562 1624362309.247038 0.06
177.68301391601562 1624362309.254064 0.06
177.68301391601562 1624362309.261073 0.06
177.68301391601562 1624362309.268049 0.06
177.68301391601562 1624362309.275085 0.06
177.68301391601562 1624362309.282096 0.06
177.68301391601562 1624362309.289116 0.06
176.9722900390625 1624362309.296066 0.06
177.68301391601562 1624362309.303053 0.06
177.68301391601562 1624362309.310114 0.06
176.9722900390625 1624362309.317072 0.06
177.68301391601562 1624362309.324037 0.06
177.68301391601562 1624362309.33105 0.06
176.9722900390625 1624362309.338165 0.06
177.68301391601562 1624362309.345009 0.06
177.68301391601562 1624362309.35187 0.06
177.68301391601562 1624362309.358916 0.06
177.68301391601562 1624362309.365996 0.06
176.9722900390625 1624362309.372928 0.06
177.68301391601562 1624362309.379907 0.06
177.68301391601562 1624362309.38698 0.06
177.68301391601562 1624362309.393945 0.06
177.68301391601562 1624362309.400965 0.06
177.68301391601562 1624362309.408003 0.06
176.9722900390625 1624362309.41499 0.06
177.68301391601562 1624362309.422038 0.06
177.68301391601562 1624362309.428979 0.06
177.68301391601562 1624362309.435916 0.06
177.68301391601562 1624362309.442997 0.06
176.9722900390625 1624362309.44996 0.06
177.68301391601562 1624362309.456927 0.06
177.68301391601562 1624362309.464016 0.06
177.68301391601562 1624362309.470973 0.06
177.68301391601562 1624362309.477895 0.06
176.84658813476562 1624362309.484976 0.06
177.68301391601562 1624362309.49194 0.06
177.68301391601562 1624362309.499025 0.06
176.84658813476562 1624362309.50607 0.06
176.84658813476562 1624362309.51304 0.06
176.84658813476562 1624362309.520071 0.06
176.84658813476562 1624362309.527036 0.06
176.84658813476562 1624362309.53403 0.06
176.84658813476562 1624362309.541024 0.06
177.5568084716797 1624362309.5479 0.06
176.9722900390625 1624362309.554851 0.06
176.84658813476562 1624362309.561909 0.06
177.5568084716797 1624362309.568894 0.06
176.84658813476562 1624362309.575922 0.06
176.84658813476562 1624362309.582939 0.06
177.5568084716797 1624362309.589941 0.06
176.84658813476562 1624362309.596912 0.06
176.84658813476562 1624362309.603981 0.06
176.84658813476562 1624362309.610924 0.06
176.84658813476562 1624362309.617956 0.06
176.84658813476562 1624362309.624936 0.06
176.84658813476562 1624362309.632013 0.06
176.84658813476562 1624362309.638874 0.06
176.84658813476562 1624362309.645889 0.06
176.84658813476562 1624362309.652868 0.06
176.84658813476562 1624362309.659895 0.06
177.5568084716797 1624362309.666885 0.06
176.84658813476562 1624362309.673891 0.06
177.5568084716797 1624362309.680864 0.06
176.84658813476562 1624362309.687898 0.06
176.84658813476562 1624362309.694928 0.06
176.84658813476562 1624362309.701961 0.06
176.84658813476562 1624362309.708802 0.06
176.84658813476562 1624362309.715786 0.06
176.84658813476562 1624362309.722813 0.06
176.84658813476562 1624362309.729828 0.06
176.84658813476562 1624362309.736818 0.06
176.84658813476562 1624362309.743815 0.06
176.84658813476562 1624362309.750819 0.06
177.5568084716797 1624362309.757865 0.06
176.84658813476562 1624362309.765093 0.06
176.84658813476562 1624362309.771905 0.06
176.84658813476562 1624362309.778863 0.06
176.84658813476562 1624362309.785888 0.06
176.84658813476562 1624362309.792891 0.06
176.84658813476562 1624362309.79988 0.06
176.84658813476562 1624362309.806912 0.06
176.84658813476562 1624362309.813926 0.06
176.84658813476562 1624362309.820938 0.06
176.84658813476562 1624362309.827989 0.06
176.84658813476562 1624362309.834878 0.06
176.84658813476562 1624362309.841956 0.06
176.84658813476562 1624362309.848889 0.06
176.84658813476562 1624362309.856008 0.06
176.84658813476562 1624362309.862895 0.06
176.84658813476562 1624362309.86997 0.06
176.84658813476562 1624362309.877006 0.06
176.84658813476562 1624362309.883993 0.06
176.84658813476562 1624362309.890922 0.06
176.84658813476562 1624362309.897697 0.06
176.84658813476562 1624362309.90478 0.06
176.84658813476562 1624362309.911757 0.06
176.84658813476562 1624362309.918731 0.06
176.84658813476562 1624362309.925733 0.06
176.84658813476562 1624362309.932727 0.06
176.84658813476562 1624362309.939811 0.06
176.84658813476562 1624362309.94684 0.06
176.84658813476562 1624362309.953821 0.06
176.84658813476562 1624362309.960865 0.06
176.84658813476562 1624362309.967786 0.06
176.84658813476562 1624362309.974774 0.06
176.84658813476562 1624362309.981815 0.06
176.0113525390625 1624362309.988853 0.06
176.72108459472656 1624362309.995786 0.06
176.72108459472656 1624362310.002825 0.06
176.84658813476562 1624362310.009864 0.06
176.72108459472656 1624362310.016958 0.06
176.84658813476562 1624362310.023828 0.06
176.1363525390625 1624362310.030917 0.06
176.84658813476562 1624362310.03786 0.06
176.84658813476562 1624362310.044912 0.06
176.84658813476562 1624362310.051651 0.06
176.84658813476562 1624362310.058717 0.06
176.84658813476562 1624362310.065768 0.06
176.84658813476562 1624362310.072748 0.06
176.84658813476562 1624362310.07976 0.06
176.1363525390625 1624362310.086781 0.06
176.72108459472656 1624362310.093745 0.06
176.0113525390625 1624362310.100762 0.06
176.0113525390625 1624362310.107803 0.06
176.84658813476562 1624362310.114771 0.06
176.0113525390625 1624362310.12177 0.06
176.0113525390625 1624362310.128833 0.06
176.0113525390625 1624362310.135815 0.06
176.0113525390625 1624362310.142827 0.06
176.0113525390625 1624362310.149825 0.06
176.0113525390625 1624362310.15795 0.06
176.0113525390625 1624362310.164837 0.06
176.72108459472656 1624362310.171818 0.06
176.0113525390625 1624362310.17888 0.06
176.0113525390625 1624362310.185838 0.06
176.0113525390625 1624362310.192674 0.06
176.0113525390625 1624362310.199649 0.06
176.0113525390625 1624362310.206627 0.06
176.0113525390625 1624362310.213678 0.06
176.0113525390625 1624362310.220652 0.06
176.72108459472656 1624362310.227631 0.06
176.0113525390625 1624362310.234644 0.06
176.0113525390625 1624362310.24166 0.06
176.0113525390625 1624362310.248745 0.06
176.0113525390625 1624362310.255712 0.06
176.72108459472656 1624362310.262609 0.06
176.72108459472656 1624362310.269678 0.06
176.0113525390625 1624362310.276754 0.06
176.72108459472656 1624362310.283797 0.06
176.0113525390625 1624362310.290731 0.06
176.72108459472656 1624362310.297785 0.06
176.0113525390625 1624362310.304708 0.06
176.0113525390625 1624362310.311663 0.06
176.0113525390625 1624362310.318819 0.06
176.72108459472656 1624362310.325827 0.06
176.0113525390625 1624362310.332834 0.06
176.72108459472656 1624362310.339833 0.06
176.84658813476562 1624362310.3468 0.06
176.1363525390625 1624362310.353701 0.06
176.0113525390625 1624362310.360664 0.06
176.0113525390625 1624362310.367675 0.06
176.0113525390625 1624362310.374628 0.06
176.0113525390625 1624362310.381627 0.06
176.0113525390625 1624362310.3887 0.06
176.72108459472656 1624362310.395682 0.06
176.0113525390625 1624362310.402641 0.06
176.0113525390625 1624362310.409711 0.06
176.0113525390625 1624362310.416654 0.06
176.0113525390625 1624362310.423682 0.06
176.72108459472656 1624362310.430707 0.06
176.72108459472656 1624362310.437648 0.06
176.0113525390625 1624362310.444705 0.06
176.72108459472656 1624362310.451752 0.06
176.0113525390625 1624362310.458655 0.06
176.0113525390625 1624362310.465646 0.06
176.72108459472656 1624362310.472684 0.06
176.0113525390625 1624362310.479652 0.06
176.0113525390625 1624362310.48672 0.06
176.72108459472656 1624362310.49368 0.06
176.0113525390625 1624362310.500777 0.06
176.0113525390625 1624362310.507773 0.06
176.72108459472656 1624362310.51472 0.06
176.0113525390625 1624362310.521724 0.06
176.1363525390625 1624362310.528643 0.06
176.0113525390625 1624362310.535551 0.06
176.1363525390625 1624362310.542615 0.06
176.72108459472656 1624362310.549641 0.06
176.1363525390625 1624362310.556582 0.06
176.0113525390625 1624362310.56355 0.06
176.0113525390625 1624362310.570562 0.06
176.0113525390625 1624362310.577586 0.06
176.0113525390625 1624362310.58456 0.06
176.0113525390625 1624362310.591679 0.06
176.0113525390625 1624362310.598698 0.06
176.72108459472656 1624362310.605655 0.06
176.0113525390625 1624362310.612699 0.06
176.0113525390625 1624362310.619673 0.06
176.0113525390625 1624362310.626644 0.06
176.0113525390625 1624362310.633653 0.06
176.0113525390625 1624362310.640709 0.06
176.0113525390625 1624362310.647702 0.06
176.0113525390625 1624362310.654662 0.06
176.72108459472656 1624362310.661679 0.06
176.0113525390625 1624362310.668739 0.06
176.84658813476562 1624362310.675674 0.06
176.1363525390625 1624362310.682721 0.06
176.0113525390625 1624362310.689711 0.06
176.72108459472656 1624362310.696689 0.06
176.72108459472656 1624362310.703695 0.06
176.84658813476562 1624362310.710739 0.06
176.0113525390625 1624362310.717623 0.06
176.0113525390625 1624362310.724685 0.06
176.1363525390625 1624362310.731513 0.06
176.72108459472656 1624362310.738517 0.06
176.1363525390625 1624362310.745551 0.06
176.1363525390625 1624362310.752527 0.06
176.0113525390625 1624362310.759497 0.06
176.0113525390625 1624362310.766502 0.06
176.72108459472656 1624362310.773574 0.06
176.0113525390625 1624362310.780546 0.06
176.72108459472656 1624362310.787531 0.06
176.84658813476562 1624362310.794621 0.06
176.84658813476562 1624362310.801587 0.06
176.84658813476562 1624362310.808571 0.06
176.84658813476562 1624362310.815662 0.06
176.1363525390625 1624362310.822607 0.06
176.84658813476562 1624362310.829621 0.06
176.1363525390625 1624362310.836593 0.06
176.72108459472656 1624362310.843582 0.06
176.72108459472656 1624362310.850586 0.06
176.0113525390625 1624362310.857655 0.06
176.72108459472656 1624362310.864688 0.06
176.0113525390625 1624362310.871622 0.06
176.0113525390625 1624362310.878706 0.06
176.84658813476562 1624362310.88565 0.06
176.0113525390625 1624362310.892647 0.06
176.84658813476562 1624362310.899657 0.06
176.72108459472656 1624362310.90644 0.06
176.0113525390625 1624362310.913471 0.06
176.72108459472656 1624362310.920533 0.06
176.0113525390625 1624362310.927552 0.06
176.0113525390625 1624362310.934579 0.06
176.72108459472656 1624362310.94166 0.06
176.0113525390625 1624362310.948614 0.06
176.0113525390625 1624362310.95557 0.06
176.72108459472656 1624362310.962565 0.06
176.0113525390625 1624362310.969527 0.06
176.72108459472656 1624362310.976604 0.06
176.72108459472656 1624362310.983572 0.06
176.0113525390625 1624362310.990577 0.06
176.72108459472656 1624362310.997576 0.06
176.72108459472656 1624362311.004534 0.06
176.84658813476562 1624362311.011505 0.06
176.72108459472656 1624362311.018518 0.06
176.1363525390625 1624362311.025583 0.06
176.84658813476562 1624362311.03256 0.06
176.72108459472656 1624362311.039557 0.06
176.0113525390625 1624362311.046513 0.06
176.72108459472656 1624362311.053463 0.06
176.72108459472656 1624362311.060502 0.06
176.1363525390625 1624362311.067565 0.06
176.84658813476562 1624362311.074627 0.06
176.1363525390625 1624362311.081408 0.06
176.84658813476562 1624362311.0884 0.06
176.84658813476562 1624362311.095473 0.06
176.84658813476562 1624362311.102423 0.06
176.84658813476562 1624362311.109459 0.06
176.84658813476562 1624362311.116488 0.06
176.84658813476562 1624362311.123508 0.06
176.84658813476562 1624362311.13051 0.06
176.1363525390625 1624362311.137488 0.06
176.84658813476562 1624362311.144524 0.06
176.84658813476562 1624362311.15151 0.06
176.84658813476562 1624362311.158533 0.06
176.84658813476562 1624362311.165483 0.06
176.84658813476562 1624362311.172523 0.06
176.84658813476562 1624362311.179539 0.06
176.84658813476562 1624362311.186492 0.06
176.84658813476562 1624362311.193522 0.06
176.84658813476562 1624362311.200561 0.06
176.84658813476562 1624362311.20758 0.06
176.84658813476562 1624362311.214579 0.06
176.72108459472656 1624362311.221579 0.06
176.84658813476562 1624362311.228548 0.06
176.0113525390625 1624362311.235556 0.06
176.72108459472656 1624362311.242371 0.06
176.0113525390625 1624362311.249386 0.06
176.72108459472656 1624362311.256404 0.06
176.0113525390625 1624362311.26346 0.06
176.0113525390625 1624362311.270362 0.06
176.72108459472656 1624362311.277446 0.06
176.0113525390625 1624362311.284438 0.06
176.0113525390625 1624362311.291364 0.06
176.84658813476562 1624362311.298431 0.06
176.1363525390625 1624362311.305514 0.06
176.84658813476562 1624362311.312432 0.06
176.84658813476562 1624362311.319471 0.06
176.0113525390625 1624362311.32643 0.06
176.84658813476562 1624362311.333388 0.06
176.1363525390625 1624362311.340475 0.06
176.84658813476562 1624362311.347454 0.06
176.84658813476562 1624362311.354446 0.06
176.0113525390625 1624362311.361515 0.06
176.84658813476562 1624362311.368434 0.06
176.84658813476562 1624362311.375478 0.06
176.84658813476562 1624362311.382495 0.06
176.84658813476562 1624362311.389473 0.06
176.84658813476562 1624362311.396402 0.06
176.84658813476562 1624362311.403325 0.06
176.84658813476562 1624362311.410361 0.06
176.84658813476562 1624362311.417431 0.06
176.84658813476562 1624362311.424407 0.06
176.84658813476562 1624362311.431372 0.06
176.84658813476562 1624362311.438348 0.06
176.84658813476562 1624362311.445357 0.06
176.84658813476562 1624362311.45244 0.06
176.84658813476562 1624362311.459389 0.06
176.84658813476562 1624362311.466449 0.06
176.84658813476562 1624362311.47335 0.06
176.84658813476562 1624362311.480406 0.06
176.84658813476562 1624362311.487407 0.06
176.84658813476562 1624362311.494395 0.06
176.84658813476562 1624362311.501407 0.06
176.84658813476562 1624362311.508409 0.06
176.84658813476562 1624362311.51541 0.06
176.84658813476562 1624362311.522406 0.06
176.84658813476562 1624362311.529411 0.06
176.84658813476562 1624362311.536433 0.06
176.84658813476562 1624362311.543219 0.06
176.84658813476562 1624362311.55025 0.06
176.84658813476562 1624362311.557296 0.06
176.84658813476562 1624362311.564294 0.06
176.84658813476562 1624362311.57133 0.06
176.84658813476562 1624362311.578412 0.06
176.1363525390625 1624362311.585329 0.06
176.84658813476562 1624362311.592301 0.06
176.84658813476562 1624362311.599355 0.06
176.1363525390625 1624362311.606359 0.06
176.84658813476562 1624362311.613355 0.06
176.72108459472656 1624362311.6204 0.06
176.1363525390625 1624362311.627423 0.06
176.84658813476562 1624362311.634445 0.06
176.84658813476562 1624362311.64143 0.06
176.84658813476562 1624362311.648431 0.06
176.84658813476562 1624362311.655421 0.06
176.1363525390625 1624362311.662421 0.06
176.84658813476562 1624362311.669439 0.06
176.84658813476562 1624362311.676454 0.06
176.84658813476562 1624362311.683448 0.06
176.84658813476562 1624362311.690388 0.06
176.84658813476562 1624362311.697216 0.06
176.84658813476562 1624362311.704211 0.06
176.84658813476562 1624362311.711225 0.06
176.84658813476562 1624362311.718282 0.06
176.84658813476562 1624362311.725269 0.06
176.84658813476562 1624362311.732262 0.06
176.84658813476562 1624362311.739325 0.06
176.84658813476562 1624362311.746239 0.06
176.84658813476562 1624362311.753235 0.06
176.84658813476562 1624362311.760341 0.06
176.84658813476562 1624362311.767349 0.06
176.84658813476562 1624362311.774297 0.06
176.84658813476562 1624362311.781339 0.06
176.84658813476562 1624362311.788359 0.06
176.84658813476562 1624362311.795374 0.06
177.5568084716797 1624362311.802328 0.06
176.84658813476562 1624362311.809402 0.06
176.84658813476562 1624362311.816328 0.06
176.84658813476562 1624362311.823319 0.06
176.84658813476562 1624362311.830376 0.06
176.84658813476562 1624362311.837393 0.06
176.84658813476562 1624362311.844238 0.06
176.1363525390625 1624362311.851233 0.06
176.84658813476562 1624362311.858234 0.06
176.84658813476562 1624362311.865213 0.06
176.72108459472656 1624362311.872269 0.06
176.1363525390625 1624362311.87924 0.06
176.0113525390625 1624362311.886268 0.06
176.72108459472656 1624362311.893214 0.06
176.72108459472656 1624362311.900325 0.06
176.72108459472656 1624362311.907238 0.06
176.72108459472656 1624362311.914312 0.06
176.1363525390625 1624362311.921305 0.06
176.0113525390625 1624362311.928271 0.06
176.72108459472656 1624362311.935221 0.06
176.0113525390625 1624362311.942212 0.06
176.0113525390625 1624362311.949226 0.06
176.0113525390625 1624362311.956241 0.06
176.0113525390625 1624362311.963343 0.06
176.0113525390625 1624362311.970366 0.06
176.0113525390625 1624362311.97744 0.06
176.0113525390625 1624362311.984311 0.06
176.0113525390625 1624362311.991317 0.06
176.0113525390625 1624362311.998208 0.06
176.0113525390625 1624362312.00522 0.06
176.0113525390625 1624362312.012165 0.06
176.0113525390625 1624362312.0192 0.06
176.0113525390625 1624362312.026217 0.06
176.0113525390625 1624362312.033208 0.06
176.0113525390625 1624362312.040267 0.06
176.0113525390625 1624362312.047259 0.06
176.0113525390625 1624362312.054234 0.06
176.0113525390625 1624362312.061219 0.06
176.0113525390625 1624362312.068469 0.06
176.0113525390625 1624362312.076284 0.06
176.0113525390625 1624362312.083318 0.06
176.0113525390625 1624362312.090184 0.06
176.0113525390625 1624362312.097255 0.06
176.72108459472656 1624362312.104193 0.06
176.0113525390625 1624362312.111181 0.06
176.0113525390625 1624362312.118295 0.06
176.0113525390625 1624362312.125266 0.06
176.0113525390625 1624362312.132289 0.06
176.0113525390625 1624362312.139315 0.06
176.0113525390625 1624362312.146213 0.06
176.0113525390625 1624362312.153096 0.06
176.0113525390625 1624362312.1601 0.06
176.0113525390625 1624362312.167111 0.06
176.0113525390625 1624362312.174126 0.06
176.0113525390625 1624362312.181191 0.06
176.0113525390625 1624362312.18823 0.06
176.0113525390625 1624362312.195247 0.06
176.0113525390625 1624362312.202153 0.06
176.0113525390625 1624362312.209196 0.06
176.0113525390625 1624362312.216173 0.06
176.0113525390625 1624362312.223218 0.06
176.0113525390625 1624362312.230238 0.06
176.0113525390625 1624362312.237237 0.06
176.0113525390625 1624362312.244149 0.06
176.72108459472656 1624362312.251184 0.06
176.72108459472656 1624362312.258171 0.06
176.0113525390625 1624362312.265095 0.06
176.0113525390625 1624362312.272185 0.06
176.0113525390625 1624362312.279108 0.06
176.72108459472656 1624362312.286157 0.06
176.72108459472656 1624362312.293199 0.06
175.30162048339844 1624362312.300282 0.06
176.0113525390625 1624362312.307123 0.06
176.0113525390625 1624362312.314129 0.06
175.30162048339844 1624362312.321097 0.06
176.0113525390625 1624362312.328182 0.06
176.0113525390625 1624362312.335076 0.06
176.0113525390625 1624362312.342121 0.06
176.0113525390625 1624362312.349159 0.06
176.0113525390625 1624362312.356186 0.06
176.0113525390625 1624362312.363137 0.06
176.0113525390625 1624362312.370113 0.06
176.0113525390625 1624362312.377211 0.06
176.0113525390625 1624362312.384179 0.06
176.0113525390625 1624362312.391159 0.06
176.0113525390625 1624362312.398212 0.06
176.0113525390625 1624362312.405138 0.06
176.0113525390625 1624362312.412173 0.06
176.72108459472656 1624362312.419212 0.06
176.0113525390625 1624362312.426167 0.06
176.0113525390625 1624362312.43317 0.06
176.0113525390625 1624362312.440149 0.06
176.0113525390625 1624362312.447161 0.06
176.0113525390625 1624362312.454136 0.06
176.72108459472656 1624362312.461174 0.06
176.0113525390625 1624362312.468002 0.06
176.0113525390625 1624362312.475045 0.06
176.72108459472656 1624362312.482078 0.06
176.0113525390625 1624362312.489064 0.06
176.0113525390625 1624362312.496066 0.06
176.72108459472656 1624362312.503017 0.06
176.0113525390625 1624362312.510051 0.06
176.0113525390625 1624362312.517084 0.06
176.0113525390625 1624362312.524013 0.06
176.0113525390625 1624362312.531097 0.06
176.0113525390625 1624362312.538127 0.06
176.0113525390625 1624362312.545139 0.06
176.0113525390625 1624362312.552061 0.06
176.0113525390625 1624362312.559008 0.06
175.30162048339844 1624362312.566104 0.06
176.0113525390625 1624362312.573125 0.06
176.0113525390625 1624362312.580079 0.06
176.0113525390625 1624362312.587185 0.06
176.0113525390625 1624362312.594199 0.06
176.0113525390625 1624362312.601214 0.06
175.17730712890625 1624362312.608202 0.06
176.0113525390625 1624362312.615223 0.06
175.30162048339844 1624362312.622202 0.06
176.0113525390625 1624362312.629209 0.06
176.0113525390625 1624362312.636178 0.06
175.30162048339844 1624362312.64302 0.06
175.8865203857422 1624362312.649961 0.06
175.30162048339844 1624362312.656968 0.06
176.0113525390625 1624362312.663919 0.06
176.0113525390625 1624362312.670933 0.06
175.8865203857422 1624362312.678029 0.06
176.0113525390625 1624362312.684931 0.06
175.8865203857422 1624362312.691928 0.06
175.17730712890625 1624362312.698933 0.06
176.0113525390625 1624362312.705955 0.06
175.8865203857422 1624362312.713097 0.06
175.30162048339844 1624362312.720048 0.06
175.8865203857422 1624362312.727021 0.06
175.17730712890625 1624362312.734091 0.06
175.17730712890625 1624362312.741057 0.06
175.8865203857422 1624362312.748094 0.06
175.30162048339844 1624362312.755094 0.06
175.17730712890625 1624362312.762105 0.06
175.17730712890625 1624362312.769117 0.06
175.17730712890625 1624362312.776099 0.06
175.8865203857422 1624362312.783141 0.06
175.17730712890625 1624362312.790164 0.06
175.17730712890625 1624362312.797137 0.06
175.17730712890625 1624362312.804082 0.06
175.17730712890625 1624362312.811109 0.06
175.17730712890625 1624362312.818122 0.06
175.17730712890625 1624362312.825128 0.06
175.17730712890625 1624362312.831978 0.06
175.17730712890625 1624362312.838961 0.06
175.17730712890625 1624362312.845995 0.06
175.17730712890625 1624362312.853001 0.06
175.17730712890625 1624362312.85991 0.06
175.17730712890625 1624362312.866825 0.06
175.17730712890625 1624362312.873881 0.06
175.17730712890625 1624362312.880893 0.06
175.17730712890625 1624362312.888004 0.06
175.17730712890625 1624362312.894991 0.06
175.17730712890625 1624362312.90202 0.06
175.17730712890625 1624362312.90899 0.06
175.17730712890625 1624362312.916012 0.06
175.17730712890625 1624362312.923035 0.06
175.17730712890625 1624362312.930042 0.06
175.17730712890625 1624362312.936987 0.06
175.17730712890625 1624362312.944021 0.06
175.17730712890625 1624362312.950968 0.06
175.17730712890625 1624362312.958007 0.06
175.17730712890625 1624362312.96502 0.06
175.17730712890625 1624362312.971965 0.06
175.17730712890625 1624362312.979017 0.06
175.17730712890625 1624362312.986048 0.06
175.17730712890625 1624362312.993038 0.06
174.46807861328125 1624362312.999988 0.06
175.17730712890625 1624362313.007011 0.06
175.17730712890625 1624362313.01405 0.06
174.46807861328125 1624362313.020907 0.06
175.17730712890625 1624362313.027866 0.06
175.17730712890625 1624362313.034887 0.06
175.17730712890625 1624362313.041867 0.06
175.17730712890625 1624362313.048861 0.06
175.17730712890625 1624362313.055928 0.06
175.17730712890625 1624362313.062946 0.06
175.17730712890625 1624362313.069971 0.06
175.17730712890625 1624362313.076891 0.06
175.17730712890625 1624362313.083934 0.06
175.17730712890625 1624362313.090932 0.06
175.17730712890625 1624362313.097908 0.06
175.17730712890625 1624362313.104892 0.06
174.46807861328125 1624362313.111903 0.06
175.17730712890625 1624362313.11892 0.06
175.17730712890625 1624362313.126001 0.06
174.46807861328125 1624362313.132959 0.06
175.17730712890625 1624362313.140033 0.06
175.17730712890625 1624362313.146993 0.06
174.46807861328125 1624362313.153927 0.06
175.17730712890625 1624362313.160885 0.06
175.17730712890625 1624362313.167914 0.06
175.17730712890625 1624362313.174994 0.06
175.17730712890625 1624362313.182076 0.06
175.17730712890625 1624362313.188995 0.06
175.17730712890625 1624362313.196035 0.06
175.17730712890625 1624362313.202858 0.06
175.17730712890625 1624362313.209836 0.06
175.17730712890625 1624362313.216794 0.06
175.17730712890625 1624362313.223769 0.06
174.46807861328125 1624362313.230813 0.06
175.17730712890625 1624362313.237831 0.06
175.17730712890625 1624362313.244856 0.06
175.17730712890625 1624362313.251813 0.06
175.0531463623047 1624362313.258846 0.06
174.3444366455078 1624362313.265891 0.06
175.17730712890625 1624362313.272897 0.06
175.17730712890625 1624362313.279885 0.06
174.46807861328125 1624362313.28692 0.06
175.0531463623047 1624362313.293916 0.06
175.0531463623047 1624362313.300899 0.06
174.46807861328125 1624362313.307988 0.06
175.0531463623047 1624362313.314964 0.06
174.3444366455078 1624362313.321955 0.06
175.0531463623047 1624362313.328891 0.06
175.0531463623047 1624362313.335965 0.06
174.3444366455078 1624362313.342903 0.06
175.0531463623047 1624362313.349872 0.06
174.3444366455078 1624362313.356944 0.06
174.3444366455078 1624362313.364017 0.06
175.0531463623047 1624362313.370834 0.06
174.3444366455078 1624362313.377815 0.06
175.0531463623047 1624362313.38479 0.06
175.17730712890625 1624362313.391803 0.06
175.17730712890625 1624362313.398778 0.06
175.17730712890625 1624362313.405902 0.06
175.17730712890625 1624362313.412823 0.06
175.17730712890625 1624362313.419877 0.06
175.17730712890625 1624362313.426845 0.06
175.17730712890625 1624362313.433875 0.06
175.17730712890625 1624362313.440826 0.06
175.17730712890625 1624362313.447772 0.06
174.46807861328125 1624362313.454811 0.06
175.17730712890625 1624362313.461725 0.06
175.17730712890625 1624362313.46877 0.06
175.17730712890625 1624362313.475767 0.06
175.17730712890625 1624362313.482784 0.06
175.17730712890625 1624362313.489755 0.06
175.17730712890625 1624362313.49679 0.06
175.17730712890625 1624362313.503863 0.06
174.46807861328125 1624362313.510808 0.06
175.17730712890625 1624362313.517765 0.06
175.17730712890625 1624362313.52485 0.06
175.17730712890625 1624362313.531732 0.06
175.17730712890625 1624362313.5387 0.06
175.17730712890625 1624362313.545735 0.06
175.17730712890625 1624362313.552767 0.06
175.17730712890625 1624362313.559746 0.06
175.17730712890625 1624362313.566748 0.06
175.17730712890625 1624362313.573757 0.06
175.17730712890625 1624362313.580781 0.06
175.17730712890625 1624362313.587786 0.06
175.17730712890625 1624362313.594809 0.06
175.17730712890625 1624362313.601761 0.06
175.17730712890625 1624362313.608786 0.06
175.17730712890625 1624362313.615768 0.06
175.17730712890625 1624362313.622822 0.06
175.17730712890625 1624362313.629843 0.06
175.17730712890625 1624362313.636786 0.06
175.17730712890625 1624362313.643749 0.06
175.17730712890625 1624362313.650785 0.06
175.17730712890625 1624362313.657853 0.06
175.17730712890625 1624362313.664797 0.06
175.17730712890625 1624362313.67184 0.06
175.17730712890625 1624362313.678893 0.06
175.17730712890625 1624362313.685851 0.06
175.17730712890625 1624362313.69265 0.06
175.17730712890625 1624362313.699708 0.06
175.17730712890625 1624362313.706722 0.06
175.17730712890625 1624362313.713747 0.06
174.46807861328125 1624362313.720718 0.06
175.17730712890625 1624362313.727712 0.06
175.17730712890625 1624362313.734684 0.06
175.0531463623047 1624362313.741689 0.06
175.17730712890625 1624362313.748701 0.06
174.46807861328125 1624362313.7557 0.06
175.17730712890625 1624362313.762778 0.06
175.0531463623047 1624362313.769726 0.06
174.3444366455078 1624362313.776731 0.06
175.0531463623047 1624362313.783743 0.06
174.3444366455078 1624362313.79071 0.06
174.3444366455078 1624362313.797718 0.06
175.0531463623047 1624362313.804758 0.06
174.3444366455078 1624362313.811816 0.06
175.0531463623047 1624362313.818806 0.06
175.0531463623047 1624362313.825815 0.06
174.3444366455078 1624362313.832794 0.06
175.0531463623047 1624362313.83966 0.06
174.3444366455078 1624362313.846712 0.06
174.3444366455078 1624362313.853743 0.06
174.3444366455078 1624362313.860721 0.06
174.3444366455078 1624362313.867763 0.06
174.3444366455078 1624362313.874729 0.06
174.3444366455078 1624362313.881709 0.06
174.3444366455078 1624362313.888689 0.06
174.3444366455078 1624362313.895708 0.06
174.3444366455078 1624362313.902748 0.06
174.3444366455078 1624362313.909705 0.06
175.0531463623047 1624362313.916665 0.06
175.0531463623047 1624362313.923717 0.06
174.3444366455078 1624362313.930693 0.06
175.0531463623047 1624362313.937695 0.06
174.3444366455078 1624362313.944639 0.06
175.0531463623047 1624362313.951672 0.06
174.3444366455078 1624362313.958678 0.06
174.3444366455078 1624362313.965692 0.06
175.0531463623047 1624362313.972695 0.06
174.3444366455078 1624362313.979734 0.06
174.3444366455078 1624362313.986699 0.06
174.3444366455078 1624362313.993714 0.06
174.3444366455078 1624362314.000528 0.06
175.0531463623047 1624362314.007514 0.06
174.3444366455078 1624362314.014623 0.06
174.3444366455078 1624362314.021623 0.06
174.3444366455078 1624362314.028661 0.06
174.3444366455078 1624362314.03563 0.06
174.3444366455078 1624362314.042636 0.06
174.3444366455078 1624362314.04965 0.06
174.3444366455078 1624362314.056625 0.06
174.3444366455078 1624362314.063636 0.06
174.3444366455078 1624362314.070673 0.06
173.63572692871094 1624362314.077673 0.06
174.3444366455078 1624362314.08466 0.06
174.3444366455078 1624362314.091688 0.06
174.3444366455078 1624362314.098731 0.06
174.3444366455078 1624362314.105719 0.06
174.3444366455078 1624362314.112732 0.06
174.3444366455078 1624362314.119732 0.06
174.3444366455078 1624362314.126721 0.06
174.3444366455078 1624362314.133711 0.06
174.3444366455078 1624362314.140707 0.06
175.0531463623047 1624362314.147682 0.06
174.3444366455078 1624362314.15471 0.06
174.3444366455078 1624362314.161549 0.06
174.3444366455078 1624362314.168511 0.06
174.3444366455078 1624362314.175536 0.06
174.3444366455078 1624362314.18248 0.06
174.3444366455078 1624362314.18954 0.06
174.3444366455078 1624362314.196569 0.06
174.3444366455078 1624362314.203562 0.06
174.3444366455078 1624362314.210586 0.06
174.3444366455078 1624362314.217581 0.06
174.3444366455078 1624362314.224615 0.06
174.3444366455078 1624362314.231629 0.06
174.3444366455078 1624362314.238665 0.06
173.63572692871094 1624362314.24564 0.06
174.3444366455078 1624362314.25261 0.06
174.3444366455078 1624362314.259614 0.06
174.3444366455078 1624362314.266645 0.06
174.3444366455078 1624362314.273529 0.06
174.3444366455078 1624362314.280557 0.06
174.3444366455078 1624362314.287545 0.06
174.3444366455078 1624362314.294568 0.06
174.3444366455078 1624362314.301536 0.06
174.3444366455078 1624362314.308544 0.06
174.3444366455078 1624362314.315545 0.06
174.3444366455078 1624362314.322613 0.06
174.3444366455078 1624362314.329603 0.06
174.3444366455078 1624362314.336588 0.06
174.3444366455078 1624362314.343573 0.06
174.3444366455078 1624362314.350555 0.06
174.3444366455078 1624362314.357396 0.06
174.3444366455078 1624362314.364441 0.06
174.3444366455078 1624362314.37142 0.06
174.3444366455078 1624362314.378451 0.06
174.3444366455078 1624362314.385378 0.06
174.3444366455078 1624362314.392407 0.06
174.3444366455078 1624362314.399429 0.06
174.3444366455078 1624362314.406414 0.06
174.3444366455078 1624362314.413449 0.06
174.3444366455078 1624362314.420408 0.06
174.3444366455078 1624362314.427447 0.06
174.3444366455078 1624362314.434455 0.06
174.3444366455078 1624362314.441483 0.06
174.3444366455078 1624362314.448482 0.06
174.3444366455078 1624362314.455469 0.06
174.3444366455078 1624362314.462506 0.06
174.3444366455078 1624362314.469478 0.06
174.3444366455078 1624362314.476453 0.06
174.3444366455078 1624362314.483483 0.06
174.3444366455078 1624362314.49061 0.06
174.3444366455078 1624362314.497594 0.06
174.3444366455078 1624362314.504582 0.06
174.3444366455078 1624362314.511559 0.06
174.3444366455078 1624362314.518548 0.06
174.3444366455078 1624362314.525529 0.06
174.3444366455078 1624362314.532369 0.06
174.3444366455078 1624362314.539457 0.06
174.3444366455078 1624362314.546499 0.06
174.3444366455078 1624362314.553495 0.06
174.3444366455078 1624362314.560522 0.06
174.3444366455078 1624362314.567483 0.06
174.3444366455078 1624362314.574451 0.06
174.3444366455078 1624362314.581523 0.06
174.3444366455078 1624362314.58849 0.06
174.3444366455078 1624362314.595525 0.06
174.3444366455078 1624362314.602479 0.06
174.3444366455078 1624362314.609516 0.06
174.3444366455078 1624362314.616514 0.06
174.3444366455078 1624362314.623506 0.06
174.3444366455078 1624362314.630513 0.06
174.3444366455078 1624362314.637564 0.06
174.3444366455078 1624362314.644553 0.06
174.3444366455078 1624362314.651525 0.06
174.3444366455078 1624362314.658566 0.06
173.63572692871094 1624362314.665558 0.06
174.3444366455078 1624362314.672489 0.06
174.3444366455078 1624362314.679517 0.06
174.3444366455078 1624362314.686555 0.06
174.3444366455078 1624362314.693506 0.06
174.3444366455078 1624362314.70051 0.06
174.3444366455078 1624362314.707575 0.06
174.3444366455078 1624362314.71459 0.06
174.3444366455078 1624362314.721606 0.06
174.3444366455078 1624362314.728566 0.06
174.3444366455078 1624362314.735375 0.06
174.3444366455078 1624362314.742369 0.06
174.3444366455078 1624362314.749461 0.06
174.3444366455078 1624362314.75648 0.06
174.3444366455078 1624362314.763403 0.06
174.3444366455078 1624362314.770399 0.06
174.3444366455078 1624362314.777449 0.06
174.3444366455078 1624362314.784527 0.06
174.3444366455078 1624362314.791465 0.06
174.3444366455078 1624362314.798466 0.06
174.3444366455078 1624362314.805488 0.06
174.3444366455078 1624362314.812495 0.06
174.3444366455078 1624362314.819448 0.06
175.0531463623047 1624362314.826468 0.06
174.3444366455078 1624362314.833457 0.06
174.3444366455078 1624362314.840482 0.06
174.3444366455078 1624362314.847414 0.06
174.3444366455078 1624362314.854472 0.06
175.0531463623047 1624362314.861447 0.06
174.3444366455078 1624362314.86852 0.06
174.3444366455078 1624362314.875483 0.06
174.3444366455078 1624362314.882522 0.06
175.17730712890625 1624362314.889532 0.06
174.46807861328125 1624362314.896483 0.06
175.17730712890625 1624362314.903499 0.06
175.0531463623047 1624362314.910489 0.06
175.17730712890625 1624362314.917341 0.06
174.3444366455078 1624362314.924395 0.06
174.3444366455078 1624362314.931369 0.06
175.17730712890625 1624362314.938414 0.06
175.17730712890625 1624362314.945337 0.06
174.3444366455078 1624362314.952399 0.06
175.17730712890625 1624362314.959393 0.06
174.3444366455078 1624362314.966402 0.06
174.3444366455078 1624362314.973317 0.06
175.0531463623047 1624362314.980421 0.06
174.3444366455078 1624362314.987415 0.06
175.17730712890625 1624362314.994397 0.06
175.0531463623047 1624362315.001451 0.06
174.3444366455078 1624362315.008385 0.06
174.3444366455078 1624362315.015396 0.06
174.3444366455078 1624362315.022446 0.06
174.3444366455078 1624362315.029381 0.06
175.0531463623047 1624362315.036447 0.06
175.17730712890625 1624362315.043453 0.06
175.17730712890625 1624362315.05039 0.06
175.17730712890625 1624362315.057384 0.06
174.46807861328125 1624362315.064422 0.06
175.17730712890625 1624362315.071458 0.06
175.17730712890625 1624362315.078449 0.06
174.3444366455078 1624362315.085464 0.06
175.17730712890625 1624362315.092492 0.06
175.17730712890625 1624362315.099454 0.06
175.17730712890625 1624362315.106454 0.06
175.17730712890625 1624362315.113491 0.06
174.46807861328125 1624362315.120317 0.06
175.17730712890625 1624362315.127318 0.06
175.0531463623047 1624362315.134327 0.06
174.46807861328125 1624362315.141309 0.06
175.17730712890625 1624362315.148324 0.06
175.17730712890625 1624362315.155306 0.06
174.3444366455078 1624362315.162338 0.06
175.17730712890625 1624362315.169283 0.06
175.17730712890625 1624362315.176312 0.06
174.46807861328125 1624362315.1833 0.06
175.0531463623047 1624362315.19037 0.06
174.3444366455078 1624362315.197356 0.06
175.17730712890625 1624362315.20438 0.06
175.0531463623047 1624362315.211408 0.06
174.3444366455078 1624362315.218385 0.06
175.17730712890625 1624362315.22536 0.06
174.3444366455078 1624362315.232377 0.06
175.0531463623047 1624362315.239363 0.06
174.46807861328125 1624362315.246373 0.06
174.3444366455078 1624362315.253361 0.06
175.17730712890625 1624362315.260352 0.06
174.3444366455078 1624362315.267347 0.06
174.46807861328125 1624362315.274423 0.06
175.0531463623047 1624362315.281452 0.06
175.0531463623047 1624362315.28843 0.06
174.3444366455078 1624362315.295439 0.06
175.17730712890625 1624362315.302215 0.06
174.3444366455078 1624362315.309214 0.06
174.3444366455078 1624362315.316199 0.06
174.3444366455078 1624362315.323217 0.06
174.3444366455078 1624362315.330282 0.06
175.17730712890625 1624362315.337278 0.06
175.17730712890625 1624362315.344254 0.06
174.3444366455078 1624362315.351314 0.06
174.3444366455078 1624362315.358311 0.06
174.3444366455078 1624362315.365313 0.06
174.3444366455078 1624362315.372295 0.06
175.0531463623047 1624362315.379311 0.06
174.46807861328125 1624362315.38637 0.06
175.0531463623047 1624362315.393323 0.06
175.0531463623047 1624362315.40032 0.06
174.46807861328125 1624362315.407318 0.06
175.17730712890625 1624362315.41431 0.06
175.17730712890625 1624362315.421361 0.06
175.17730712890625 1624362315.428361 0.06
175.17730712890625 1624362315.435314 0.06
174.46807861328125 1624362315.442393 0.06
175.17730712890625 1624362315.44936 0.06
175.17730712890625 1624362315.456161 0.06
174.46807861328125 1624362315.463178 0.06
175.17730712890625 1624362315.470168 0.06
175.17730712890625 1624362315.477109 0.06
174.3444366455078 1624362315.484157 0.06
175.0531463623047 1624362315.491163 0.06
175.17730712890625 1624362315.498212 0.06
175.17730712890625 1624362315.505254 0.06
175.0531463623047 1624362315.512189 0.06
174.46807861328125 1624362315.519192 0.06
175.17730712890625 1624362315.526168 0.06
175.17730712890625 1624362315.533264 0.06
174.3444366455078 1624362315.540294 0.06
174.3444366455078 1624362315.54724 0.06
174.3444366455078 1624362315.554237 0.06
174.3444366455078 1624362315.561224 0.06
175.0531463623047 1624362315.56822 0.06
174.3444366455078 1624362315.575255 0.06
175.17730712890625 1624362315.582274 0.06
175.17730712890625 1624362315.589277 0.06
174.3444366455078 1624362315.596268 0.06
175.0531463623047 1624362315.603096 0.06
174.3444366455078 1624362315.610069 0.06
174.3444366455078 1624362315.617153 0.06
175.0531463623047 1624362315.624136 0.06
174.3444366455078 1624362315.631187 0.06
174.3444366455078 1624362315.638163 0.06
174.3444366455078 1624362315.64511 0.06
174.3444366455078 1624362315.652139 0.06
174.3444366455078 1624362315.659155 0.06
174.3444366455078 1624362315.66618 0.06
174.3444366455078 1624362315.673177 0.06
175.0531463623047 1624362315.680224 0.06
174.3444366455078 1624362315.687247 0.06
174.3444366455078 1624362315.694287 0.06
174.3444366455078 1624362315.701262 0.06
174.3444366455078 1624362315.708286 0.06
174.3444366455078 1624362315.715282 0.06
174.3444366455078 1624362315.722228 0.06
174.3444366455078 1624362315.729246 0.06
174.3444366455078 1624362315.73625 0.06
174.3444366455078 1624362315.74331 0.06
174.3444366455078 1624362315.751054 0.06
174.3444366455078 1624362315.75806 0.06
174.3444366455078 1624362315.765221 0.06
174.3444366455078 1624362315.772203 0.06
174.3444366455078 1624362315.779245 0.06
174.3444366455078 1624362315.786214 0.06
174.3444366455078 1624362315.793165 0.06
174.3444366455078 1624362315.800169 0.06
174.3444366455078 1624362315.807126 0.06
174.3444366455078 1624362315.814111 0.06
174.3444366455078 1624362315.821223 0.06
175.0531463623047 1624362315.828175 0.06
175.0531463623047 1624362315.835227 0.06
174.3444366455078 1624362315.842222 0.06
174.3444366455078 1624362315.84927 0.06
174.3444366455078 1624362315.85618 0.06
174.3444366455078 1624362315.863141 0.06
175.0531463623047 1624362315.870145 0.06
174.3444366455078 1624362315.877187 0.06
174.3444366455078 1624362315.88422 0.06
174.3444366455078 1624362315.891263 0.06
174.3444366455078 1624362315.89829 0.06
174.3444366455078 1624362315.905101 0.06
174.3444366455078 1624362315.912075 0.06
174.46807861328125 1624362315.919112 0.06
175.0531463623047 1624362315.926103 0.06
174.3444366455078 1624362315.933126 0.06
175.0531463623047 1624362315.94013 0.06
175.0531463623047 1624362315.947139 0.06
175.17730712890625 1624362315.954037 0.06
175.0531463623047 1624362315.961021 0.06
175.0531463623047 1624362315.968133 0.06
174.3444366455078 1624362315.975221 0.06
175.17730712890625 1624362315.982235 0.06
175.17730712890625 1624362315.989208 0.06
175.17730712890625 1624362315.996196 0.06
175.17730712890625 1624362316.003275 0.06
175.17730712890625 1624362316.010198 0.06
175.17730712890625 1624362316.017231 0.06
175.17730712890625 1624362316.024174 0.06
174.3444366455078 1624362316.031202 0.06
175.17730712890625 1624362316.038109 0.06
175.17730712890625 1624362316.045146 0.06
174.3444366455078 1624362316.05198 0.06
175.0531463623047 1624362316.059024 0.06
174.3444366455078 1624362316.066074 0.06
175.0531463623047 1624362316.073029 0.06
175.0531463623047 1624362316.080073 0.06
174.46807861328125 1624362316.087092 0.06
175.17730712890625 1624362316.094048 0.06
175.0531463623047 1624362316.101078 0.06
174.3444366455078 1624362316.108058 0.06
175.0531463623047 1624362316.115087 0.06
174.3444366455078 1624362316.122117 0.06
175.17730712890625 1624362316.129146 0.06
174.46807861328125 1624362316.136157 0.06
174.3444366455078 1624362316.143132 0.06
175.17730712890625 1624362316.15009 0.06
175.0531463623047 1624362316.157126 0.06
175.17730712890625 1624362316.164078 0.06
175.17730712890625 1624362316.171164 0.06
174.3444366455078 1624362316.178186 0.06
175.0531463623047 1624362316.185126 0.06
174.3444366455078 1624362316.192176 0.06
174.3444366455078 1624362316.198939 0.06
175.0531463623047 1624362316.205964 0.06
174.3444366455078 1624362316.212947 0.06
174.3444366455078 1624362316.219929 0.06
174.3444366455078 1624362316.226922 0.06
174.3444366455078 1624362316.233924 0.06
174.3444366455078 1624362316.24106 0.06
175.0531463623047 1624362316.247996 0.06
174.3444366455078 1624362316.254941 0.06
175.0531463623047 1624362316.261936 0.06
175.0531463623047 1624362316.268932 0.06
174.3444366455078 1624362316.275989 0.06
175.0531463623047 1624362316.282965 0.06
174.3444366455078 1624362316.290046 0.06
174.3444366455078 1624362316.297036 0.06
175.0531463623047 1624362316.304017 0.06
174.3444366455078 1624362316.311029 0.06
175.0531463623047 1624362316.318052 0.06
175.0531463623047 1624362316.325069 0.06
174.46807861328125 1624362316.332082 0.06
175.0531463623047 1624362316.339138 0.06
174.3444366455078 1624362316.346104 0.06
174.3444366455078 1624362316.353127 0.06
174.3444366455078 1624362316.359912 0.06
174.3444366455078 1624362316.366941 0.06
174.46807861328125 1624362316.37396 0.06
175.0531463623047 1624362316.380962 0.06
174.46807861328125 1624362316.387985 0.06
175.17730712890625 1624362316.394881 0.06
175.17730712890625 1624362316.401886 0.06
175.17730712890625 1624362316.408921 0.06
175.17730712890625 1624362316.415899 0.06
174.46807861328125 1624362316.422908 0.06
175.0531463623047 1624362316.429916 0.06
175.0531463623047 1624362316.436912 0.06
174.46807861328125 1624362316.443858 0.06
175.0531463623047 1624362316.450873 0.06
174.3444366455078 1624362316.457942 0.06
174.3444366455078 1624362316.46498 0.06
174.3444366455078 1624362316.472051 0.06
174.3444366455078 1624362316.479015 0.06
175.0531463623047 1624362316.486035 0.06
174.3444366455078 1624362316.493054 0.06
174.3444366455078 1624362316.500058 0.06
174.3444366455078 1624362316.507023 0.06
175.0531463623047 1624362316.514052 0.06
174.3444366455078 1624362316.521097 0.06
175.0531463623047 1624362316.528012 0.06
174.3444366455078 1624362316.534837 0.06
174.3444366455078 1624362316.541955 0.06
175.17730712890625 1624362316.54892 0.06
174.46807861328125 1624362316.555825 0.06
175.17730712890625 1624362316.562873 0.06
175.0531463623047 1624362316.569859 0.06
174.3444366455078 1624362316.576828 0.06
175.0531463623047 1624362316.583834 0.06
174.3444366455078 1624362316.590957 0.06
174.46807861328125 1624362316.597937 0.06
175.0531463623047 1624362316.604904 0.06
175.0531463623047 1624362316.611944 0.06
174.46807861328125 1624362316.619013 0.06
175.0531463623047 1624362316.625925 0.06
174.46807861328125 1624362316.63297 0.06
175.0531463623047 1624362316.639922 0.06
175.0531463623047 1624362316.646877 0.06
174.3444366455078 1624362316.653912 0.06
175.0531463623047 1624362316.660917 0.06
174.3444366455078 1624362316.667925 0.06
174.3444366455078 1624362316.674959 0.06
175.0531463623047 1624362316.681911 0.06
174.3444366455078 1624362316.688958 0.06
175.0531463623047 1624362316.695981 0.06
175.0531463623047 1624362316.702965 0.06
174.3444366455078 1624362316.709929 0.06
174.3444366455078 1624362316.717005 0.06
174.3444366455078 1624362316.723999 0.06
174.3444366455078 1624362316.730972 0.06
174.3444366455078 1624362316.737946 0.06
174.3444366455078 1624362316.744844 0.06
174.3444366455078 1624362316.75181 0.06
174.3444366455078 1624362316.758846 0.06
174.3444366455078 1624362316.765819 0.06
174.3444366455078 1624362316.77287 0.06
174.3444366455078 1624362316.779854 0.06
174.3444366455078 1624362316.786853 0.06
174.3444366455078 1624362316.793846 0.06
174.3444366455078 1624362316.800874 0.06
174.3444366455078 1624362316.807858 0.06
174.3444366455078 1624362316.81489 0.06
174.3444366455078 1624362316.821881 0.06
174.3444366455078 1624362316.828895 0.06
174.3444366455078 1624362316.835913 0.06
174.3444366455078 1624362316.842891 0.06
174.3444366455078 1624362316.849853 0.06
174.3444366455078 1624362316.856916 0.06
174.3444366455078 1624362316.863868 0.06
175.0531463623047 1624362316.870933 0.06
174.3444366455078 1624362316.877889 0.06
174.3444366455078 1624362316.884942 0.06
174.3444366455078 1624362316.891879 0.06
174.3444366455078 1624362316.898959 0.06
175.0531463623047 1624362316.90586 0.06
174.3444366455078 1624362316.912877 0.06
174.3444366455078 1624362316.91988 0.06
174.3444366455078 1624362316.926816 0.06
174.3444366455078 1624362316.933746 0.06
174.3444366455078 1624362316.940772 0.06
174.3444366455078 1624362316.947838 0.06
174.3444366455078 1624362316.954762 0.06
174.3444366455078 1624362316.961798 0.06
174.3444366455078 1624362316.968737 0.06
174.3444366455078 1624362316.975773 0.06
174.3444366455078 1624362316.982729 0.06
174.3444366455078 1624362316.989812 0.06
174.3444366455078 1624362316.996809 0.06
174.3444366455078 1624362317.003782 0.06
174.3444366455078 1624362317.010783 0.06
174.3444366455078 1624362317.017855 0.06
174.3444366455078 1624362317.024803 0.06
174.3444366455078 1624362317.031811 0.06
174.3444366455078 1624362317.038839 0.06
174.3444366455078 1624362317.04583 0.06
174.3444366455078 1624362317.05285 0.06
174.3444366455078 1624362317.059847 0.06
174.3444366455078 1624362317.066875 0.06
174.3444366455078 1624362317.073822 0.06
174.3444366455078 1624362317.080915 0.06
174.3444366455078 1624362317.087932 0.06
174.3444366455078 1624362317.094902 0.06
174.3444366455078 1624362317.101714 0.06
174.3444366455078 1624362317.108744 0.06
174.3444366455078 1624362317.11574 0.06
173.63572692871094 1624362317.122713 0.06
174.3444366455078 1624362317.129647 0.06
174.3444366455078 1624362317.136668 0.06
174.3444366455078 1624362317.143764 0.06
174.3444366455078 1624362317.150667 0.06
174.3444366455078 1624362317.157748 0.06
174.3444366455078 1624362317.164773 0.06
174.3444366455078 1624362317.171707 0.06
174.3444366455078 1624362317.178675 0.06
174.3444366455078 1624362317.185653 0.06
174.3444366455078 1624362317.192769 0.06
174.3444366455078 1624362317.199748 0.06
174.3444366455078 1624362317.206761 0.06
174.3444366455078 1624362317.213731 0.06
174.3444366455078 1624362317.220813 0.06
174.3444366455078 1624362317.227793 0.06
174.3444366455078 1624362317.234827 0.06
174.3444366455078 1624362317.241834 0.06
174.3444366455078 1624362317.248784 0.06
174.3444366455078 1624362317.255809 0.06
174.3444366455078 1624362317.262784 0.06
174.3444366455078 1624362317.26986 0.06
174.3444366455078 1624362317.276835 0.06
174.3444366455078 1624362317.283621 0.06
174.3444366455078 1624362317.290642 0.06
174.3444366455078 1624362317.297658 0.06
174.3444366455078 1624362317.304743 0.06
174.3444366455078 1624362317.311689 0.06
174.3444366455078 1624362317.318733 0.06
174.3444366455078 1624362317.325656 0.06
174.3444366455078 1624362317.332591 0.06
175.0531463623047 1624362317.339603 0.06
174.3444366455078 1624362317.346665 0.06
174.3444366455078 1624362317.353646 0.06
174.3444366455078 1624362317.360679 0.06
174.3444366455078 1624362317.367662 0.06
174.3444366455078 1624362317.374661 0.06
174.3444366455078 1624362317.38165 0.06
174.3444366455078 1624362317.388625 0.06
174.3444366455078 1624362317.395687 0.06
174.3444366455078 1624362317.402694 0.06
174.3444366455078 1624362317.409741 0.06
174.3444366455078 1624362317.416735 0.06
174.3444366455078 1624362317.423808 0.06
174.3444366455078 1624362317.430777 0.06
174.3444366455078 1624362317.43773 0.06
174.3444366455078 1624362317.44476 0.06
174.3444366455078 1624362317.451753 0.06
174.3444366455078 1624362317.458757 0.06
173.63572692871094 1624362317.465747 0.06
174.3444366455078 1624362317.472758 0.06
174.3444366455078 1624362317.479747 0.06
174.3444366455078 1624362317.486768 0.06
174.3444366455078 1624362317.493806 0.06
174.3444366455078 1624362317.500622 0.06
174.3444366455078 1624362317.50756 0.06
174.3444366455078 1624362317.514656 0.06
174.3444366455078 1624362317.521636 0.06
174.3444366455078 1624362317.528652 0.06
173.63572692871094 1624362317.535651 0.06
174.3444366455078 1624362317.542626 0.06
174.3444366455078 1624362317.549607 0.06
174.3444366455078 1624362317.556681 0.06
174.3444366455078 1624362317.563664 0.06
174.3444366455078 1624362317.570616 0.06
174.3444366455078 1624362317.57772 0.06
174.3444366455078 1624362317.584636 0.06
174.3444366455078 1624362317.591656 0.06
174.3444366455078 1624362317.598687 0.06
174.3444366455078 1624362317.605647 0.06
174.3444366455078 1624362317.612713 0.06
174.3444366455078 1624362317.61961 0.06
174.3444366455078 1624362317.62664 0.06
174.3444366455078 1624362317.633672 0.06
174.3444366455078 1624362317.640647 0.06
174.3444366455078 1624362317.647669 0.06
174.3444366455078 1624362317.654668 0.06
174.3444366455078 1624362317.661751 0.06
174.3444366455078 1624362317.668752 0.06
174.3444366455078 1624362317.675684 0.06
174.3444366455078 1624362317.682668 0.06
174.3444366455078 1624362317.689477 0.06
174.3444366455078 1624362317.696469 0.06
174.3444366455078 1624362317.703549 0.06
174.3444366455078 1624362317.710637 0.06
174.3444366455078 1624362317.717618 0.06
174.3444366455078 1624362317.724574 0.06
174.3444366455078 1624362317.731569 0.06
174.3444366455078 1624362317.738567 0.06
174.3444366455078 1624362317.745578 0.06
174.3444366455078 1624362317.752545 0.06
174.3444366455078 1624362317.75955 0.06
174.3444366455078 1624362317.766559 0.06
174.3444366455078 1624362317.7736 0.06
174.3444366455078 1624362317.780644 0.06
174.3444366455078 1624362317.787621 0.06
174.3444366455078 1624362317.794644 0.06
174.3444366455078 1624362317.801598 0.06
174.3444366455078 1624362317.808586 0.06
174.3444366455078 1624362317.81561 0.06
174.3444366455078 1624362317.822663 0.06
174.3444366455078 1624362317.829671 0.06
174.3444366455078 1624362317.836534 0.06
174.3444366455078 1624362317.843549 0.06
174.3444366455078 1624362317.85051 0.06
173.63572692871094 1624362317.857532 0.06
174.3444366455078 1624362317.86457 0.06
174.3444366455078 1624362317.87155 0.06
174.3444366455078 1624362317.878553 0.06
174.22096252441406 1624362317.88558 0.06
174.22096252441406 1624362317.892556 0.06
173.63572692871094 1624362317.899509 0.06
174.3444366455078 1624362317.906506 0.06
173.63572692871094 1624362317.913605 0.06
174.3444366455078 1624362317.920495 0.06
174.3444366455078 1624362317.927596 0.06
173.5127410888672 1624362317.93458 0.06
174.3444366455078 1624362317.941524 0.06
173.63572692871094 1624362317.948512 0.06
174.22096252441406 1624362317.955477 0.06
173.5127410888672 1624362317.962518 0.06
173.5127410888672 1624362317.96956 0.06
174.3444366455078 1624362317.976546 0.06
174.22096252441406 1624362317.983566 0.06
173.5127410888672 1624362317.990591 0.06
174.22096252441406 1624362317.997661 0.06
173.63572692871094 1624362318.004441 0.06
173.5127410888672 1624362318.011498 0.06
173.5127410888672 1624362318.018488 0.06
173.5127410888672 1624362318.025437 0.06
174.3444366455078 1624362318.03244 0.06
174.22096252441406 1624362318.039529 0.06
174.3444366455078 1624362318.046487 0.06
174.22096252441406 1624362318.053499 0.06
173.5127410888672 1624362318.060514 0.06
173.5127410888672 1624362318.067512 0.06
174.22096252441406 1624362318.074503 0.06
173.5127410888672 1624362318.081517 0.06
174.22096252441406 1624362318.088547 0.06
173.5127410888672 1624362318.095491 0.06
173.5127410888672 1624362318.102593 0.06
174.22096252441406 1624362318.109567 0.06
173.5127410888672 1624362318.116473 0.06
173.5127410888672 1624362318.123548 0.06
174.22096252441406 1624362318.130555 0.06
173.5127410888672 1624362318.137521 0.06
173.5127410888672 1624362318.144511 0.06
173.5127410888672 1624362318.151526 0.06
173.5127410888672 1624362318.158457 0.06
174.22096252441406 1624362318.165495 0.06
174.22096252441406 1624362318.172473 0.06
173.5127410888672 1624362318.179468 0.06
174.22096252441406 1624362318.186526 0.06
173.5127410888672 1624362318.193566 0.06
174.22096252441406 1624362318.200345 0.06
174.22096252441406 1624362318.207347 0.06
173.5127410888672 1624362318.214391 0.06
173.5127410888672 1624362318.221412 0.06
174.22096252441406 1624362318.228343 0.06
173.5127410888672 1624362318.235308 0.06
173.5127410888672 1624362318.242399 0.06
173.5127410888672 1624362318.249366 0.06
173.5127410888672 1624362318.256446 0.06
173.5127410888672 1624362318.26341 0.06
173.5127410888672 1624362318.270499 0.06
174.22096252441406 1624362318.277478 0.06
174.22096252441406 1624362318.284489 0.06
173.5127410888672 1624362318.291446 0.06
174.22096252441406 1624362318.298429 0.06
173.63572692871094 1624362318.305512 0.06
173.5127410888672 1624362318.312503 0.06
174.22096252441406 1624362318.319534 0.06
173.63572692871094 1624362318.326468 0.06
174.22096252441406 1624362318.333479 0.06
174.22096252441406 1624362318.340492 0.06
173.63572692871094 1624362318.347481 0.06
174.3444366455078 1624362318.3545 0.06
174.3444366455078 1624362318.361495 0.06
174.3444366455078 1624362318.36854 0.06
174.22096252441406 1624362318.375497 0.06
173.63572692871094 1624362318.382472 0.06
174.3444366455078 1624362318.389558 0.06
173.5127410888672 1624362318.396547 0.06
173.5127410888672 1624362318.403519 0.06
174.3444366455078 1624362318.410292 0.06
174.22096252441406 1624362318.417319 0.06
173.5127410888672 1624362318.424362 0.06
174.22096252441406 1624362318.431275 0.06
173.5127410888672 1624362318.43828 0.06
173.5127410888672 1624362318.445286 0.06
174.22096252441406 1624362318.45233 0.06
173.5127410888672 1624362318.459357 0.06
173.5127410888672 1624362318.466359 0.06
174.22096252441406 1624362318.473246 0.06
173.5127410888672 1624362318.480258 0.06
174.22096252441406 1624362318.487314 0.06
173.5127410888672 1624362318.494299 0.06
173.5127410888672 1624362318.501338 0.06
174.22096252441406 1624362318.508342 0.06
173.5127410888672 1624362318.515372 0.06
174.22096252441406 1624362318.52235 0.06
173.5127410888672 1624362318.529408 0.06
173.5127410888672 1624362318.536432 0.06
174.22096252441406 1624362318.543479 0.06
173.5127410888672 1624362318.550411 0.06
173.5127410888672 1624362318.557455 0.06
173.5127410888672 1624362318.564391 0.06
173.5127410888672 1624362318.571394 0.06
174.22096252441406 1624362318.578403 0.06
174.22096252441406 1624362318.585402 0.06
173.5127410888672 1624362318.592477 0.06
174.22096252441406 1624362318.599415 0.06
173.5127410888672 1624362318.606444 0.06
173.5127410888672 1624362318.613409 0.06
174.3444366455078 1624362318.62036 0.06
173.5127410888672 1624362318.627447 0.06
174.22096252441406 1624362318.634279 0.06
174.22096252441406 1624362318.641231 0.06
173.5127410888672 1624362318.648213 0.06
174.22096252441406 1624362318.655242 0.06
173.5127410888672 1624362318.662202 0.06
173.63572692871094 1624362318.669202 0.06
174.3444366455078 1624362318.676228 0.06
173.63572692871094 1624362318.683286 0.06
174.3444366455078 1624362318.690314 0.06
174.3444366455078 1624362318.697368 0.06
173.63572692871094 1624362318.704344 0.06
174.3444366455078 1624362318.71131 0.06
174.22096252441406 1624362318.718387 0.06
173.5127410888672 1624362318.725338 0.06
174.22096252441406 1624362318.732343 0.06
174.22096252441406 1624362318.739356 0.06
173.5127410888672 1624362318.746384 0.06
174.3444366455078 1624362318.753366 0.06
173.5127410888672 1624362318.760345 0.06
174.22096252441406 1624362318.767348 0.06
173.5127410888672 1624362318.774363 0.06
173.5127410888672 1624362318.781382 0.06
174.22096252441406 1624362318.788376 0.06
174.22096252441406 1624362318.795341 0.06
173.5127410888672 1624362318.802398 0.06
174.22096252441406 1624362318.809184 0.06
173.5127410888672 1624362318.816229 0.06
173.5127410888672 1624362318.823266 0.06
174.22096252441406 1624362318.830222 0.06
173.5127410888672 1624362318.837262 0.06
174.22096252441406 1624362318.844294 0.06
173.5127410888672 1624362318.851238 0.06
173.5127410888672 1624362318.858324 0.06
174.22096252441406 1624362318.86531 0.06
173.5127410888672 1624362318.87232 0.06
174.22096252441406 1624362318.879256 0.06
173.5127410888672 1624362318.886224 0.06
173.5127410888672 1624362318.893219 0.06
174.22096252441406 1624362318.900252 0.06
174.22096252441406 1624362318.907297 0.06
172.80453491210938 1624362318.914286 0.06
173.38995361328125 1624362318.921312 0.06
172.68223571777344 1624362318.928331 0.06
173.38995361328125 1624362318.935355 0.06
173.38995361328125 1624362318.942292 0.06
172.68223571777344 1624362318.949275 0.06
173.5127410888672 1624362318.956385 0.06
173.5127410888672 1624362318.963331 0.06
172.80453491210938 1624362318.970391 0.06
173.5127410888672 1624362318.977378 0.06
173.5127410888672 1624362318.98441 0.06
172.68223571777344 1624362318.991213 0.06
173.38995361328125 1624362318.998214 0.06
172.68223571777344 1624362319.005242 0.06
172.68223571777344 1624362319.012214 0.06
172.68223571777344 1624362319.019242 0.06
172.68223571777344 1624362319.026157 0.06
172.68223571777344 1624362319.03318 0.06
172.68223571777344 1624362319.04018 0.06
172.68223571777344 1624362319.047216 0.06
172.68223571777344 1624362319.054192 0.06
172.68223571777344 1624362319.061183 0.06
172.68223571777344 1624362319.068096 0.06
172.68223571777344 1624362319.075212 0.06
172.68223571777344 1624362319.082271 0.06
172.68223571777344 1624362319.089199 0.06
172.68223571777344 1624362319.096255 0.06
171.97451782226562 1624362319.103219 0.06
172.68223571777344 1624362319.11027 0.06
172.68223571777344 1624362319.117291 0.06
172.68223571777344 1624362319.12424 0.06
172.68223571777344 1624362319.131325 0.06
172.68223571777344 1624362319.138274 0.06
172.68223571777344 1624362319.145274 0.06
172.68223571777344 1624362319.15227 0.06
172.68223571777344 1624362319.159319 0.06
172.68223571777344 1624362319.166285 0.06
172.68223571777344 1624362319.173316 0.06
172.68223571777344 1624362319.18015 0.06
173.38995361328125 1624362319.187155 0.06
172.68223571777344 1624362319.194254 0.06
172.68223571777344 1624362319.201165 0.06
173.38995361328125 1624362319.208174 0.06
172.68223571777344 1624362319.215206 0.06
172.68223571777344 1624362319.222196 0.06
173.38995361328125 1624362319.229198 0.06
172.68223571777344 1624362319.236151 0.06
172.68223571777344 1624362319.243129 0.06
172.68223571777344 1624362319.25015 0.06
173.38995361328125 1624362319.257234 0.06
173.38995361328125 1624362319.264214 0.06
172.68223571777344 1624362319.271171 0.06
173.38995361328125 1624362319.278165 0.06
173.38995361328125 1624362319.285169 0.06
172.68223571777344 1624362319.292122 0.06
172.68223571777344 1624362319.299105 0.06
172.68223571777344 1624362319.30616 0.06
172.68223571777344 1624362319.313124 0.06
172.68223571777344 1624362319.3201 0.06
172.68223571777344 1624362319.327175 0.06
172.68223571777344 1624362319.334195 0.06
172.68223571777344 1624362319.34122 0.06
172.68223571777344 1624362319.348195 0.06
172.68223571777344 1624362319.355266 0.06
172.68223571777344 1624362319.362295 0.06
172.68223571777344 1624362319.369089 0.06
173.38995361328125 1624362319.376092 0.06
173.38995361328125 1624362319.383047 0.06
172.68223571777344 1624362319.390057 0.06
172.68223571777344 1624362319.397105 0.06
172.68223571777344 1624362319.404127 0.06
173.38995361328125 1624362319.411161 0.06
173.38995361328125 1624362319.418137 0.06
172.68223571777344 1624362319.425163 0.06
172.68223571777344 1624362319.432132 0.06
172.68223571777344 1624362319.439063 0.06
172.68223571777344 1624362319.446065 0.06
173.5127410888672 1624362319.45304 0.06
172.80453491210938 1624362319.460055 0.06
172.68223571777344 1624362319.467078 0.06
172.68223571777344 1624362319.474134 0.06
172.68223571777344 1624362319.481142 0.06
172.68223571777344 1624362319.488224 0.06
172.68223571777344 1624362319.49515 0.06
172.68223571777344 1624362319.50221 0.06
172.68223571777344 1624362319.509264 0.06
172.68223571777344 1624362319.516223 0.06
172.68223571777344 1624362319.523233 0.06
172.68223571777344 1624362319.530198 0.06
171.97451782226562 1624362319.537187 0.06
172.5601043701172 1624362319.544214 0.06
172.5601043701172 1624362319.551203 0.06
171.8529052734375 1624362319.558221 0.06
172.68223571777344 1624362319.565213 0.06
172.68223571777344 1624362319.572298 0.06
172.68223571777344 1624362319.579015 0.06
172.68223571777344 1624362319.586032 0.06
172.68223571777344 1624362319.593035 0.06
172.68223571777344 1624362319.599973 0.06
172.68223571777344 1624362319.606977 0.06
171.97451782226562 1624362319.613983 0.06
172.68223571777344 1624362319.620936 0.06
172.68223571777344 1624362319.627976 0.06
172.68223571777344 1624362319.635037 0.06
172.68223571777344 1624362319.642064 0.06
171.97451782226562 1624362319.649053 0.06
172.68223571777344 1624362319.656093 0.06
172.68223571777344 1624362319.663009 0.06
172.68223571777344 1624362319.670088 0.06
