42.79420852661133 1624362535.037548 0.264
42.79420852661133 1624362535.044546 0.264
42.79420852661133 1624362535.051612 0.264
42.79420852661133 1624362535.058578 0.264
42.79420852661133 1624362535.06555 0.264
42.79420852661133 1624362535.072543 0.264
42.79420852661133 1624362535.079527 0.264
42.79420852661133 1624362535.086509 0.264
42.79420852661133 1624362535.093606 0.264
42.79420852661133 1624362535.100543 0.264
42.79420852661133 1624362535.107565 0.264
42.79420852661133 1624362535.114572 0.264
42.79420852661133 1624362535.1216 0.264
42.79420852661133 1624362535.128597 0.264
42.79420852661133 1624362535.135571 0.264
42.79420852661133 1624362535.142642 0.264
42.79420852661133 1624362535.149607 0.264
42.79420852661133 1624362535.156622 0.264
42.79420852661133 1624362535.16359 0.264
42.79420852661133 1624362535.170601 0.264
42.79420852661133 1624362535.17763 0.264
42.79420852661133 1624362535.184593 0.264
42.79420852661133 1624362535.191609 0.264
42.79420852661133 1624362535.198554 0.264
42.79420852661133 1624362535.205625 0.264
42.79420852661133 1624362535.212533 0.264
42.79420852661133 1624362535.219555 0.264
42.79420852661133 1624362535.226513 0.264
42.79420852661133 1624362535.23355 0.264
42.79420852661133 1624362535.24055 0.264
42.79420852661133 1624362535.24754 0.264
42.79420852661133 1624362535.254611 0.264
42.79420852661133 1624362535.261577 0.264
42.79420852661133 1624362535.268597 0.264
42.79420852661133 1624362535.275591 0.264
42.79420852661133 1624362535.28259 0.264
42.79420852661133 1624362535.289343 0.264
42.79420852661133 1624362535.29654 0.264
42.79420852661133 1624362535.303412 0.264
42.79420852661133 1624362535.310372 0.264
42.79420852661133 1624362535.317386 0.264
42.79420852661133 1624362535.324418 0.264
42.79420852661133 1624362535.331476 0.264
42.79420852661133 1624362535.338479 0.264
42.79420852661133 1624362535.345504 0.264
42.79420852661133 1624362535.352426 0.264
42.79420852661133 1624362535.359448 0.264
42.79420852661133 1624362535.366496 0.264
42.79420852661133 1624362535.373447 0.264
42.79420852661133 1624362535.380457 0.264
42.79420852661133 1624362535.38739 0.264
42.79420852661133 1624362535.394455 0.264
42.79420852661133 1624362535.401459 0.264
42.79420852661133 1624362535.408449 0.264
42.79420852661133 1624362535.415453 0.264
42.79420852661133 1624362535.42244 0.264
42.79420852661133 1624362535.429446 0.264
42.79420852661133 1624362535.436509 0.264
42.79420852661133 1624362535.443417 0.264
42.79420852661133 1624362535.45049 0.264
42.79420852661133 1624362535.457498 0.264
42.79420852661133 1624362535.464547 0.264
42.79420852661133 1624362535.471508 0.264
42.79420852661133 1624362535.478517 0.264
42.79420852661133 1624362535.485532 0.264
42.79420852661133 1624362535.492492 0.264
42.79420852661133 1624362535.499595 0.264
42.79420852661133 1624362535.506567 0.264
42.79420852661133 1624362535.513488 0.264
42.79420852661133 1624362535.520512 0.264
42.79420852661133 1624362535.527475 0.264
42.79420852661133 1624362535.534422 0.264
42.79420852661133 1624362535.541435 0.264
42.79420852661133 1624362535.548446 0.264
42.79420852661133 1624362535.555424 0.264
42.79420852661133 1624362535.562484 0.264
42.79420852661133 1624362535.56952 0.264
42.79420852661133 1624362535.576528 0.264
42.79420852661133 1624362535.583518 0.264
42.79420852661133 1624362535.590465 0.264
42.79420852661133 1624362535.597446 0.264
42.79420852661133 1624362535.60442 0.264
42.79420852661133 1624362535.611456 0.264
42.79420852661133 1624362535.618411 0.264
42.79420852661133 1624362535.625441 0.264
42.79420852661133 1624362535.632407 0.264
42.79420852661133 1624362535.639448 0.264
42.79420852661133 1624362535.646431 0.264
42.79420852661133 1624362535.653278 0.264
42.79420852661133 1624362535.660227 0.264
42.79420852661133 1624362535.667262 0.264
42.79420852661133 1624362535.674234 0.264
42.79420852661133 1624362535.681312 0.264
42.79420852661133 1624362535.688293 0.264
42.79420852661133 1624362535.695275 0.264
42.79420852661133 1624362535.702306 0.264
42.79420852661133 1624362535.70924 0.264
42.79420852661133 1624362535.716257 0.264
42.79420852661133 1624362535.723409 0.264
42.79420852661133 1624362535.730411 0.264
42.79420852661133 1624362535.737425 0.264
42.79420852661133 1624362535.74442 0.264
42.79420852661133 1624362535.751387 0.264
42.79420852661133 1624362535.758369 0.264
42.79420852661133 1624362535.765422 0.264
42.79420852661133 1624362535.772361 0.264
42.79420852661133 1624362535.779415 0.264
42.79420852661133 1624362535.786414 0.264
42.79420852661133 1624362535.793412 0.264
42.79420852661133 1624362535.800384 0.264
42.79420852661133 1624362535.807419 0.264
42.79420852661133 1624362535.814419 0.264
42.16488265991211 1624362535.821392 0.264
42.79420852661133 1624362535.828374 0.264
42.79420852661133 1624362535.835398 0.264
42.79420852661133 1624362535.842493 0.264
42.79420852661133 1624362535.849411 0.264
42.79420852661133 1624362535.856444 0.264
42.79420852661133 1624362535.863341 0.264
42.79420852661133 1624362535.870358 0.264
42.79420852661133 1624362535.877507 0.264
42.79420852661133 1624362535.884472 0.264
42.79420852661133 1624362535.891464 0.264
42.79420852661133 1624362535.898452 0.264
42.79420852661133 1624362535.905486 0.264
42.79420852661133 1624362535.912395 0.264
42.79420852661133 1624362535.919335 0.264
42.79420852661133 1624362535.926287 0.264
42.16488265991211 1624362535.933325 0.264
42.79420852661133 1624362535.94033 0.264
42.76729202270508 1624362535.947289 0.264
42.16488265991211 1624362535.954294 0.264
42.79420852661133 1624362535.961302 0.264
42.79420852661133 1624362535.968282 0.264
42.79420852661133 1624362535.975308 0.264
42.76729202270508 1624362535.982332 0.264
42.76729202270508 1624362535.989321 0.264
42.79420852661133 1624362535.996242 0.264
42.76729202270508 1624362536.003235 0.264
42.16488265991211 1624362536.010297 0.264
42.76729202270508 1624362536.017276 0.264
42.79420852661133 1624362536.024372 0.264
42.79420852661133 1624362536.031339 0.264
42.79420852661133 1624362536.038343 0.264
42.76729202270508 1624362536.045308 0.264
42.79420852661133 1624362536.05228 0.264
42.79420852661133 1624362536.059262 0.264
42.16488265991211 1624362536.066291 0.264
42.79420852661133 1624362536.073353 0.264
42.79420852661133 1624362536.08042 0.264
42.79420852661133 1624362536.087342 0.264
42.76729202270508 1624362536.094423 0.264
42.138362884521484 1624362536.101403 0.264
42.76729202270508 1624362536.108407 0.264
42.76729202270508 1624362536.115374 0.264
42.76729202270508 1624362536.122416 0.264
42.76729202270508 1624362536.1292 0.264
42.76729202270508 1624362536.136234 0.264
42.76729202270508 1624362536.143213 0.264
42.79420852661133 1624362536.150208 0.264
42.16488265991211 1624362536.157209 0.264
42.76729202270508 1624362536.164234 0.264
42.76729202270508 1624362536.171225 0.264
42.76729202270508 1624362536.178259 0.264
42.76729202270508 1624362536.185273 0.264
42.76729202270508 1624362536.192253 0.264
42.138362884521484 1624362536.199269 0.264
42.76729202270508 1624362536.206205 0.264
42.138362884521484 1624362536.213172 0.264
42.76729202270508 1624362536.220239 0.264
42.79420852661133 1624362536.227252 0.264
42.138362884521484 1624362536.234179 0.264
42.79420852661133 1624362536.241222 0.264
42.79420852661133 1624362536.248291 0.264
42.138362884521484 1624362536.255282 0.264
42.76729202270508 1624362536.262285 0.264
42.79420852661133 1624362536.269292 0.264
42.79420852661133 1624362536.276292 0.264
42.79420852661133 1624362536.28337 0.264
42.76729202270508 1624362536.290336 0.264
42.76729202270508 1624362536.297379 0.264
42.76729202270508 1624362536.304364 0.264
42.16488265991211 1624362536.311345 0.264
42.79420852661133 1624362536.318194 0.264
42.79420852661133 1624362536.325142 0.264
42.16488265991211 1624362536.332152 0.264
42.79420852661133 1624362536.339191 0.264
42.79420852661133 1624362536.346155 0.264
42.76729202270508 1624362536.353124 0.264
42.76729202270508 1624362536.360153 0.264
42.138362884521484 1624362536.367109 0.264
42.76729202270508 1624362536.374217 0.264
42.79420852661133 1624362536.381217 0.264
42.76729202270508 1624362536.388167 0.264
42.76729202270508 1624362536.395171 0.264
42.138362884521484 1624362536.402149 0.264
42.76729202270508 1624362536.409168 0.264
42.76729202270508 1624362536.416162 0.264
42.76729202270508 1624362536.423225 0.264
42.76729202270508 1624362536.430199 0.264
42.76729202270508 1624362536.437224 0.264
42.76729202270508 1624362536.444249 0.264
42.76729202270508 1624362536.451201 0.264
42.76729202270508 1624362536.458247 0.264
42.76729202270508 1624362536.46525 0.264
42.76729202270508 1624362536.472263 0.264
42.76729202270508 1624362536.479244 0.264
42.76729202270508 1624362536.486247 0.264
42.79420852661133 1624362536.49328 0.264
42.76729202270508 1624362536.500188 0.264
42.76729202270508 1624362536.507262 0.264
42.138362884521484 1624362536.514297 0.264
42.76729202270508 1624362536.52122 0.264
42.76729202270508 1624362536.528226 0.264
42.138362884521484 1624362536.535169 0.264
42.76729202270508 1624362536.542024 0.264
42.76729202270508 1624362536.549035 0.264
42.138362884521484 1624362536.556028 0.264
42.76729202270508 1624362536.563096 0.264
42.138362884521484 1624362536.570124 0.264
42.76729202270508 1624362536.577111 0.264
42.76729202270508 1624362536.584055 0.264
42.138362884521484 1624362536.591039 0.264
42.76729202270508 1624362536.598061 0.264
42.76729202270508 1624362536.605119 0.264
42.138362884521484 1624362536.612116 0.264
42.76729202270508 1624362536.619103 0.264
42.138362884521484 1624362536.626195 0.264
42.76729202270508 1624362536.633116 0.264
42.76729202270508 1624362536.640116 0.264
42.76729202270508 1624362536.647148 0.264
42.76729202270508 1624362536.654149 0.264
42.76729202270508 1624362536.661168 0.264
42.76729202270508 1624362536.668126 0.264
42.76729202270508 1624362536.675204 0.264
42.76729202270508 1624362536.682193 0.264
42.76729202270508 1624362536.689173 0.264
42.79420852661133 1624362536.696136 0.264
42.138362884521484 1624362536.703126 0.264
42.79420852661133 1624362536.710069 0.264
42.76729202270508 1624362536.717103 0.264
42.138362884521484 1624362536.724037 0.264
42.76729202270508 1624362536.73105 0.264
42.76729202270508 1624362536.738082 0.264
42.76729202270508 1624362536.74509 0.264
42.76729202270508 1624362536.752153 0.264
42.138362884521484 1624362536.759159 0.264
42.76729202270508 1624362536.76619 0.264
42.76729202270508 1624362536.77297 0.264
42.138362884521484 1624362536.779987 0.264
42.76729202270508 1624362536.786939 0.264
42.76729202270508 1624362536.794029 0.264
42.138362884521484 1624362536.801015 0.264
42.76729202270508 1624362536.808056 0.264
42.138362884521484 1624362536.815111 0.264
42.76729202270508 1624362536.822041 0.264
42.76729202270508 1624362536.829032 0.264
42.138362884521484 1624362536.836083 0.264
42.76729202270508 1624362536.843074 0.264
42.76729202270508 1624362536.85005 0.264
42.76729202270508 1624362536.857076 0.264
42.76729202270508 1624362536.864141 0.264
42.138362884521484 1624362536.871121 0.264
42.76729202270508 1624362536.878117 0.264
42.76729202270508 1624362536.885135 0.264
42.76729202270508 1624362536.892136 0.264
42.76729202270508 1624362536.899154 0.264
42.76729202270508 1624362536.906124 0.264
42.76729202270508 1624362536.913022 0.264
42.76729202270508 1624362536.920033 0.264
42.138362884521484 1624362536.927066 0.264
42.76729202270508 1624362536.934033 0.264
42.76729202270508 1624362536.941141 0.264
42.138362884521484 1624362536.948123 0.264
42.76729202270508 1624362536.955111 0.264
42.76729202270508 1624362536.962129 0.264
42.138362884521484 1624362536.968991 0.264
42.76729202270508 1624362536.976028 0.264
42.76729202270508 1624362536.983027 0.264
42.138362884521484 1624362536.990093 0.264
42.76729202270508 1624362536.996991 0.264
42.76729202270508 1624362537.00402 0.264
42.76729202270508 1624362537.011044 0.264
42.76729202270508 1624362537.018013 0.264
42.138362884521484 1624362537.025031 0.264
42.76729202270508 1624362537.031987 0.264
42.138362884521484 1624362537.038958 0.264
42.76729202270508 1624362537.045964 0.264
42.76729202270508 1624362537.05306 0.264
42.138362884521484 1624362537.060048 0.264
42.76729202270508 1624362537.067015 0.264
42.76729202270508 1624362537.074002 0.264
42.138362884521484 1624362537.081067 0.264
42.76729202270508 1624362537.088062 0.264
42.138362884521484 1624362537.095078 0.264
42.138362884521484 1624362537.102069 0.264
42.76729202270508 1624362537.109024 0.264
42.76729202270508 1624362537.116033 0.264
42.76729202270508 1624362537.123041 0.264
42.76729202270508 1624362537.130062 0.264
42.138362884521484 1624362537.137064 0.264
42.76729202270508 1624362537.144044 0.264
42.76729202270508 1624362537.151084 0.264
42.138362884521484 1624362537.158071 0.264
42.76729202270508 1624362537.165167 0.264
42.138362884521484 1624362537.172128 0.264
42.76729202270508 1624362537.178894 0.264
42.76729202270508 1624362537.185928 0.264
42.138362884521484 1624362537.192922 0.264
42.76729202270508 1624362537.199917 0.264
42.76729202270508 1624362537.206982 0.264
42.76729202270508 1624362537.213926 0.264
42.76729202270508 1624362537.220958 0.264
42.76729202270508 1624362537.227862 0.264
42.76729202270508 1624362537.234934 0.264
42.76729202270508 1624362537.241929 0.264
42.138362884521484 1624362537.248849 0.264
42.76729202270508 1624362537.255957 0.264
42.76729202270508 1624362537.262926 0.264
42.138362884521484 1624362537.269947 0.264
42.76729202270508 1624362537.276855 0.264
42.76729202270508 1624362537.283914 0.264
42.138362884521484 1624362537.290991 0.264
42.76729202270508 1624362537.298068 0.264
42.138362884521484 1624362537.30501 0.264
42.76729202270508 1624362537.31207 0.264
42.76729202270508 1624362537.319065 0.264
42.138362884521484 1624362537.326059 0.264
42.76729202270508 1624362537.333085 0.264
42.138362884521484 1624362537.340059 0.264
42.138362884521484 1624362537.347064 0.264
42.76729202270508 1624362537.35404 0.264
42.138362884521484 1624362537.36108 0.264
42.76729202270508 1624362537.367899 0.264
42.76729202270508 1624362537.374869 0.264
42.138362884521484 1624362537.382001 0.264
42.76729202270508 1624362537.388825 0.264
42.138362884521484 1624362537.395889 0.264
42.138362884521484 1624362537.402925 0.264
42.76729202270508 1624362537.409932 0.264
42.138362884521484 1624362537.41689 0.264
42.76729202270508 1624362537.423835 0.264
42.76729202270508 1624362537.430858 0.264
42.76729202270508 1624362537.437945 0.264
42.76729202270508 1624362537.444883 0.264
42.76729202270508 1624362537.451892 0.264
42.138362884521484 1624362537.458913 0.264
42.76729202270508 1624362537.465938 0.264
42.138362884521484 1624362537.472897 0.264
42.76729202270508 1624362537.479978 0.264
42.76729202270508 1624362537.486872 0.264
42.138362884521484 1624362537.494005 0.264
42.76729202270508 1624362537.500926 0.264
42.76729202270508 1624362537.507977 0.264
42.138362884521484 1624362537.514946 0.264
42.76729202270508 1624362537.521926 0.264
42.138362884521484 1624362537.528963 0.264
42.138362884521484 1624362537.535963 0.264
42.76729202270508 1624362537.543042 0.264
42.138362884521484 1624362537.549948 0.264
42.76729202270508 1624362537.556849 0.264
42.76729202270508 1624362537.563825 0.264
42.76729202270508 1624362537.570786 0.264
42.76729202270508 1624362537.577805 0.264
42.138362884521484 1624362537.584838 0.264
42.76729202270508 1624362537.591866 0.264
42.138362884521484 1624362537.598829 0.264
42.138362884521484 1624362537.605809 0.264
42.76729202270508 1624362537.612871 0.264
42.76729202270508 1624362537.619878 0.264
42.76729202270508 1624362537.626848 0.264
42.76729202270508 1624362537.633849 0.264
42.138362884521484 1624362537.640853 0.264
42.76729202270508 1624362537.647785 0.264
42.76729202270508 1624362537.654819 0.264
42.138362884521484 1624362537.661859 0.264
42.76729202270508 1624362537.668833 0.264
42.76729202270508 1624362537.675856 0.264
42.76729202270508 1624362537.682822 0.264
42.76729202270508 1624362537.689858 0.264
42.76729202270508 1624362537.69682 0.264
42.138362884521484 1624362537.703815 0.264
42.138362884521484 1624362537.710832 0.264
42.138362884521484 1624362537.717792 0.264
42.76729202270508 1624362537.724767 0.264
42.138362884521484 1624362537.731629 0.264
42.138362884521484 1624362537.738753 0.264
42.76729202270508 1624362537.74582 0.264
42.138362884521484 1624362537.752785 0.264
42.138362884521484 1624362537.759749 0.264
42.76729202270508 1624362537.766806 0.264
42.138362884521484 1624362537.773801 0.264
42.76729202270508 1624362537.780816 0.264
42.76729202270508 1624362537.787795 0.264
42.138362884521484 1624362537.794819 0.264
42.76729202270508 1624362537.801786 0.264
42.76729202270508 1624362537.808842 0.264
42.138362884521484 1624362537.81581 0.264
42.138362884521484 1624362537.822861 0.264
42.138362884521484 1624362537.829841 0.264
42.138362884521484 1624362537.836865 0.264
42.138362884521484 1624362537.84383 0.264
42.138362884521484 1624362537.850795 0.264
42.76729202270508 1624362537.85785 0.264
42.138362884521484 1624362537.864813 0.264
42.138362884521484 1624362537.871835 0.264
42.138362884521484 1624362537.878827 0.264
42.138362884521484 1624362537.885833 0.264
42.76729202270508 1624362537.89289 0.264
42.138362884521484 1624362537.899871 0.264
42.138362884521484 1624362537.906931 0.264
42.76729202270508 1624362537.913848 0.264
42.76729202270508 1624362537.920909 0.264
42.138362884521484 1624362537.927729 0.264
42.138362884521484 1624362537.934685 0.264
42.138362884521484 1624362537.94169 0.264
42.76729202270508 1624362537.948676 0.264
42.76729202270508 1624362537.955761 0.264
42.138362884521484 1624362537.962737 0.264
42.76729202270508 1624362537.969723 0.264
42.138362884521484 1624362537.976776 0.264
42.138362884521484 1624362537.983757 0.264
42.76729202270508 1624362537.990747 0.264
42.76729202270508 1624362537.997728 0.264
42.76729202270508 1624362538.00477 0.264
42.76729202270508 1624362538.011808 0.264
42.138362884521484 1624362538.018826 0.264
42.76729202270508 1624362538.025883 0.264
42.138362884521484 1624362538.032765 0.264
42.138362884521484 1624362538.039782 0.264
42.138362884521484 1624362538.046757 0.264
42.138362884521484 1624362538.053808 0.264
42.138362884521484 1624362538.060833 0.264
42.138362884521484 1624362538.068077 0.264
42.138362884521484 1624362538.07582 0.264
42.138362884521484 1624362538.082691 0.264
42.138362884521484 1624362538.089646 0.264
42.138362884521484 1624362538.096677 0.264
42.138362884521484 1624362538.103695 0.264
42.138362884521484 1624362538.110653 0.264
42.76729202270508 1624362538.117682 0.264
42.76729202270508 1624362538.124702 0.264
42.138362884521484 1624362538.131694 0.264
42.76729202270508 1624362538.13874 0.264
42.138362884521484 1624362538.145681 0.264
42.76729202270508 1624362538.152673 0.264
42.138362884521484 1624362538.159689 0.264
42.138362884521484 1624362538.166719 0.264
42.76729202270508 1624362538.173734 0.264
42.76729202270508 1624362538.180723 0.264
42.138362884521484 1624362538.187698 0.264
42.76729202270508 1624362538.194674 0.264
42.138362884521484 1624362538.201726 0.264
42.138362884521484 1624362538.208686 0.264
42.76729202270508 1624362538.215751 0.264
42.138362884521484 1624362538.222722 0.264
42.76729202270508 1624362538.229766 0.264
42.76729202270508 1624362538.236715 0.264
42.138362884521484 1624362538.243763 0.264
42.138362884521484 1624362538.250783 0.264
42.138362884521484 1624362538.257808 0.264
42.138362884521484 1624362538.264732 0.264
42.138362884521484 1624362538.271798 0.264
42.138362884521484 1624362538.278773 0.264
42.76729202270508 1624362538.28582 0.264
42.76729202270508 1624362538.292598 0.264
42.138362884521484 1624362538.299614 0.264
42.138362884521484 1624362538.306621 0.264
42.76729202270508 1624362538.313578 0.264
42.76729202270508 1624362538.32062 0.264
42.138362884521484 1624362538.32759 0.264
42.138362884521484 1624362538.33464 0.264
42.76729202270508 1624362538.341674 0.264
42.76729202270508 1624362538.348669 0.264
42.138362884521484 1624362538.355651 0.264
42.138362884521484 1624362538.362624 0.264
42.138362884521484 1624362538.369567 0.264
42.138362884521484 1624362538.376638 0.264
42.138362884521484 1624362538.383632 0.264
42.138362884521484 1624362538.390657 0.264
42.76729202270508 1624362538.397676 0.264
42.138362884521484 1624362538.404623 0.264
42.138362884521484 1624362538.41168 0.264
42.138362884521484 1624362538.418684 0.264
42.138362884521484 1624362538.425692 0.264
42.138362884521484 1624362538.432736 0.264
42.76729202270508 1624362538.439719 0.264
42.138362884521484 1624362538.446672 0.264
42.76729202270508 1624362538.453697 0.264
42.138362884521484 1624362538.460741 0.264
42.138362884521484 1624362538.467685 0.264
42.138362884521484 1624362538.474693 0.264
42.138362884521484 1624362538.481505 0.264
42.138362884521484 1624362538.488515 0.264
42.76729202270508 1624362538.495569 0.264
42.138362884521484 1624362538.50257 0.264
42.138362884521484 1624362538.509534 0.264
42.76729202270508 1624362538.51654 0.264
42.138362884521484 1624362538.523563 0.264
42.138362884521484 1624362538.530575 0.264
42.138362884521484 1624362538.537599 0.264
42.138362884521484 1624362538.54462 0.264
42.76729202270508 1624362538.551613 0.264
42.138362884521484 1624362538.55863 0.264
42.138362884521484 1624362538.565671 0.264
42.76729202270508 1624362538.572634 0.264
42.138362884521484 1624362538.579622 0.264
42.138362884521484 1624362538.586603 0.264
42.138362884521484 1624362538.593634 0.264
42.138362884521484 1624362538.600612 0.264
42.76729202270508 1624362538.607647 0.264
42.138362884521484 1624362538.614671 0.264
42.138362884521484 1624362538.621707 0.264
42.138362884521484 1624362538.628668 0.264
42.138362884521484 1624362538.635658 0.264
42.76729202270508 1624362538.642671 0.264
42.138362884521484 1624362538.649648 0.264
42.138362884521484 1624362538.656492 0.264
42.138362884521484 1624362538.663523 0.264
42.138362884521484 1624362538.670477 0.264
42.138362884521484 1624362538.677532 0.264
42.138362884521484 1624362538.684535 0.264
42.138362884521484 1624362538.691528 0.264
42.76729202270508 1624362538.698523 0.264
42.138362884521484 1624362538.70556 0.264
42.138362884521484 1624362538.712554 0.264
42.138362884521484 1624362538.71958 0.264
42.138362884521484 1624362538.726563 0.264
42.76729202270508 1624362538.733614 0.264
42.76729202270508 1624362538.740558 0.264
42.138362884521484 1624362538.747571 0.264
42.138362884521484 1624362538.754553 0.264
42.138362884521484 1624362538.761612 0.264
42.138362884521484 1624362538.768613 0.264
42.138362884521484 1624362538.775613 0.264
42.138362884521484 1624362538.782536 0.264
42.138362884521484 1624362538.789665 0.264
42.138362884521484 1624362538.79659 0.264
42.138362884521484 1624362538.803614 0.264
42.138362884521484 1624362538.810646 0.264
42.76729202270508 1624362538.817601 0.264
42.138362884521484 1624362538.824575 0.264
42.76729202270508 1624362538.831409 0.264
42.138362884521484 1624362538.838354 0.264
42.138362884521484 1624362538.845368 0.264
42.138362884521484 1624362538.8524 0.264
42.138362884521484 1624362538.859365 0.264
42.76729202270508 1624362538.866401 0.264
42.76729202270508 1624362538.87345 0.264
42.138362884521484 1624362538.880498 0.264
42.138362884521484 1624362538.887511 0.264
42.138362884521484 1624362538.894478 0.264
42.138362884521484 1624362538.901508 0.264
42.76729202270508 1624362538.908523 0.264
42.138362884521484 1624362538.91552 0.264
42.76729202270508 1624362538.922596 0.264
42.76729202270508 1624362538.929561 0.264
42.138362884521484 1624362538.936535 0.264
42.138362884521484 1624362538.943558 0.264
42.138362884521484 1624362538.950523 0.264
42.138362884521484 1624362538.957561 0.264
42.138362884521484 1624362538.96454 0.264
42.138362884521484 1624362538.971393 0.264
42.76729202270508 1624362538.978365 0.264
42.138362884521484 1624362538.985352 0.264
42.138362884521484 1624362538.992448 0.264
42.76729202270508 1624362538.999446 0.264
42.138362884521484 1624362539.00648 0.264
42.138362884521484 1624362539.013418 0.264
42.76729202270508 1624362539.020388 0.264
42.138362884521484 1624362539.027416 0.264
42.138362884521484 1624362539.034388 0.264
42.76729202270508 1624362539.041415 0.264
42.138362884521484 1624362539.04849 0.264
42.76729202270508 1624362539.055532 0.264
42.138362884521484 1624362539.062499 0.264
42.138362884521484 1624362539.069492 0.264
42.76729202270508 1624362539.076503 0.264
42.138362884521484 1624362539.083534 0.264
42.76729202270508 1624362539.090451 0.264
42.138362884521484 1624362539.097494 0.264
42.138362884521484 1624362539.104552 0.264
42.138362884521484 1624362539.111532 0.264
42.138362884521484 1624362539.118567 0.264
42.138362884521484 1624362539.125389 0.264
42.138362884521484 1624362539.132383 0.264
42.138362884521484 1624362539.139453 0.264
42.76729202270508 1624362539.146399 0.264
42.138362884521484 1624362539.153409 0.264
42.138362884521484 1624362539.160419 0.264
42.138362884521484 1624362539.167383 0.264
42.138362884521484 1624362539.174388 0.264
42.138362884521484 1624362539.181342 0.264
42.76729202270508 1624362539.188454 0.264
42.138362884521484 1624362539.195452 0.264
42.138362884521484 1624362539.202429 0.264
42.76729202270508 1624362539.209349 0.264
42.138362884521484 1624362539.216381 0.264
42.138362884521484 1624362539.223348 0.264
42.138362884521484 1624362539.230422 0.264
42.138362884521484 1624362539.237369 0.264
42.138362884521484 1624362539.244423 0.264
42.138362884521484 1624362539.251464 0.264
42.138362884521484 1624362539.258433 0.264
42.76729202270508 1624362539.265496 0.264
42.138362884521484 1624362539.27233 0.264
42.138362884521484 1624362539.2793 0.264
42.138362884521484 1624362539.286286 0.264
42.138362884521484 1624362539.293303 0.264
42.138362884521484 1624362539.300289 0.264
42.138362884521484 1624362539.307374 0.264
42.138362884521484 1624362539.314385 0.264
42.138362884521484 1624362539.321262 0.264
42.138362884521484 1624362539.328358 0.264
42.138362884521484 1624362539.335387 0.264
42.138362884521484 1624362539.342406 0.264
42.138362884521484 1624362539.349381 0.264
42.138362884521484 1624362539.356446 0.264
42.138362884521484 1624362539.363384 0.264
42.76729202270508 1624362539.370405 0.264
42.138362884521484 1624362539.37731 0.264
42.138362884521484 1624362539.384346 0.264
42.138362884521484 1624362539.391381 0.264
42.138362884521484 1624362539.398386 0.264
42.138362884521484 1624362539.405357 0.264
42.76729202270508 1624362539.412335 0.264
42.138362884521484 1624362539.419365 0.264
42.138362884521484 1624362539.426403 0.264
42.76729202270508 1624362539.433169 0.264
42.138362884521484 1624362539.440272 0.264
42.138362884521484 1624362539.447237 0.264
42.138362884521484 1624362539.454323 0.264
42.138362884521484 1624362539.461291 0.264
42.138362884521484 1624362539.468364 0.264
42.138362884521484 1624362539.475303 0.264
42.138362884521484 1624362539.48233 0.264
42.76729202270508 1624362539.489378 0.264
42.138362884521484 1624362539.496286 0.264
42.138362884521484 1624362539.503275 0.264
42.138362884521484 1624362539.510261 0.264
42.138362884521484 1624362539.517263 0.264
42.138362884521484 1624362539.524302 0.264
42.138362884521484 1624362539.531275 0.264
42.138362884521484 1624362539.538362 0.264
42.138362884521484 1624362539.545283 0.264
42.138362884521484 1624362539.552257 0.264
42.76729202270508 1624362539.559257 0.264
42.138362884521484 1624362539.566244 0.264
42.138362884521484 1624362539.573275 0.264
42.76729202270508 1624362539.580292 0.264
42.138362884521484 1624362539.587362 0.264
42.138362884521484 1624362539.594334 0.264
42.138362884521484 1624362539.601407 0.264
42.138362884521484 1624362539.608376 0.264
42.138362884521484 1624362539.615399 0.264
42.138362884521484 1624362539.622258 0.264
42.138362884521484 1624362539.629195 0.264
42.138362884521484 1624362539.636227 0.264
42.138362884521484 1624362539.643265 0.264
42.138362884521484 1624362539.65027 0.264
42.76729202270508 1624362539.657253 0.264
42.138362884521484 1624362539.664314 0.264
42.138362884521484 1624362539.671257 0.264
42.138362884521484 1624362539.678312 0.264
42.138362884521484 1624362539.685315 0.264
42.138362884521484 1624362539.692254 0.264
42.138362884521484 1624362539.699239 0.264
42.138362884521484 1624362539.706222 0.264
42.138362884521484 1624362539.713167 0.264
42.138362884521484 1624362539.720264 0.264
42.138362884521484 1624362539.727159 0.264
42.138362884521484 1624362539.734222 0.264
42.138362884521484 1624362539.741339 0.264
42.138362884521484 1624362539.748223 0.264
42.138362884521484 1624362539.755209 0.264
42.138362884521484 1624362539.762212 0.264
42.138362884521484 1624362539.769214 0.264
42.138362884521484 1624362539.7763 0.264
42.138362884521484 1624362539.783244 0.264
42.138362884521484 1624362539.790351 0.264
42.138362884521484 1624362539.797321 0.264
42.138362884521484 1624362539.804336 0.264
42.138362884521484 1624362539.811301 0.264
42.138362884521484 1624362539.818157 0.264
42.138362884521484 1624362539.825212 0.264
42.138362884521484 1624362539.832136 0.264
42.138362884521484 1624362539.839175 0.264
42.138362884521484 1624362539.846198 0.264
42.138362884521484 1624362539.853202 0.264
42.138362884521484 1624362539.860157 0.264
42.138362884521484 1624362539.867179 0.264
42.138362884521484 1624362539.874222 0.264
42.138362884521484 1624362539.881183 0.264
42.138362884521484 1624362539.888205 0.264
42.138362884521484 1624362539.895172 0.264
42.138362884521484 1624362539.902267 0.264
42.138362884521484 1624362539.909265 0.264
42.138362884521484 1624362539.916255 0.264
42.138362884521484 1624362539.923243 0.264
42.138362884521484 1624362539.930214 0.264
42.138362884521484 1624362539.937238 0.264
42.138362884521484 1624362539.944237 0.264
42.138362884521484 1624362539.951265 0.264
42.138362884521484 1624362539.958172 0.264
42.138362884521484 1624362539.965177 0.264
42.138362884521484 1624362539.972169 0.264
42.138362884521484 1624362539.97917 0.264
42.138362884521484 1624362539.986167 0.264
42.138362884521484 1624362539.993124 0.264
42.138362884521484 1624362540.000186 0.264
42.138362884521484 1624362540.007129 0.264
42.138362884521484 1624362540.014177 0.264
42.138362884521484 1624362540.021182 0.264
42.138362884521484 1624362540.028135 0.264
42.138362884521484 1624362540.035138 0.264
42.138362884521484 1624362540.042013 0.264
42.138362884521484 1624362540.049117 0.264
42.138362884521484 1624362540.05612 0.264
42.138362884521484 1624362540.063147 0.264
42.138362884521484 1624362540.070158 0.264
42.138362884521484 1624362540.077161 0.264
42.138362884521484 1624362540.084131 0.264
42.138362884521484 1624362540.091128 0.264
42.138362884521484 1624362540.09814 0.264
42.138362884521484 1624362540.10519 0.264
42.138362884521484 1624362540.112189 0.264
42.138362884521484 1624362540.119165 0.264
42.138362884521484 1624362540.126221 0.264
42.138362884521484 1624362540.133152 0.264
42.138362884521484 1624362540.140123 0.264
42.138362884521484 1624362540.147174 0.264
42.138362884521484 1624362540.154147 0.264
42.138362884521484 1624362540.161161 0.264
42.138362884521484 1624362540.168192 0.264
42.138362884521484 1624362540.175198 0.264
42.138362884521484 1624362540.182188 0.264
42.138362884521484 1624362540.189252 0.264
42.138362884521484 1624362540.19614 0.264
42.138362884521484 1624362540.203192 0.264
42.138362884521484 1624362540.210161 0.264
42.138362884521484 1624362540.217207 0.264
42.138362884521484 1624362540.224177 0.264
42.138362884521484 1624362540.231176 0.264
42.138362884521484 1624362540.237945 0.264
42.138362884521484 1624362540.244974 0.264
42.138362884521484 1624362540.252031 0.264
42.138362884521484 1624362540.259024 0.264
42.138362884521484 1624362540.266077 0.264
42.138362884521484 1624362540.273103 0.264
42.138362884521484 1624362540.280048 0.264
42.138362884521484 1624362540.286995 0.264
42.138362884521484 1624362540.294049 0.264
42.138362884521484 1624362540.301039 0.264
42.138362884521484 1624362540.30805 0.264
42.138362884521484 1624362540.315094 0.264
42.138362884521484 1624362540.322019 0.264
42.138362884521484 1624362540.329102 0.264
42.138362884521484 1624362540.336083 0.264
42.138362884521484 1624362540.34308 0.264
42.138362884521484 1624362540.350151 0.264
42.138362884521484 1624362540.35713 0.264
42.76729202270508 1624362540.36406 0.264
42.138362884521484 1624362540.371038 0.264
42.138362884521484 1624362540.378079 0.264
42.138362884521484 1624362540.385116 0.264
42.138362884521484 1624362540.392158 0.264
42.138362884521484 1624362540.399112 0.264
42.138362884521484 1624362540.406191 0.264
42.138362884521484 1624362540.413166 0.264
42.138362884521484 1624362540.420121 0.264
42.138362884521484 1624362540.427077 0.264
42.138362884521484 1624362540.434148 0.264
42.138362884521484 1624362540.441093 0.264
42.138362884521484 1624362540.44798 0.264
42.76729202270508 1624362540.45504 0.264
42.138362884521484 1624362540.462092 0.264
42.138362884521484 1624362540.469089 0.264
42.138362884521484 1624362540.476042 0.264
42.138362884521484 1624362540.483059 0.264
42.138362884521484 1624362540.490044 0.264
42.138362884521484 1624362540.497082 0.264
42.138362884521484 1624362540.504075 0.264
42.138362884521484 1624362540.511085 0.264
42.138362884521484 1624362540.518041 0.264
42.138362884521484 1624362540.525049 0.264
42.138362884521484 1624362540.532011 0.264
42.138362884521484 1624362540.53895 0.264
42.138362884521484 1624362540.545984 0.264
42.138362884521484 1624362540.553004 0.264
42.138362884521484 1624362540.559974 0.264
42.138362884521484 1624362540.566985 0.264
42.138362884521484 1624362540.573916 0.264
42.138362884521484 1624362540.580921 0.264
42.138362884521484 1624362540.588004 0.264
42.138362884521484 1624362540.595001 0.264
42.138362884521484 1624362540.602102 0.264
42.138362884521484 1624362540.609084 0.264
42.138362884521484 1624362540.616091 0.264
42.138362884521484 1624362540.622896 0.264
42.138362884521484 1624362540.629865 0.264
42.138362884521484 1624362540.636881 0.264
42.138362884521484 1624362540.643888 0.264
42.138362884521484 1624362540.650921 0.264
42.138362884521484 1624362540.657909 0.264
42.138362884521484 1624362540.664943 0.264
42.138362884521484 1624362540.671993 0.264
42.138362884521484 1624362540.679004 0.264
42.138362884521484 1624362540.685957 0.264
42.138362884521484 1624362540.692958 0.264
42.138362884521484 1624362540.699904 0.264
42.138362884521484 1624362540.706882 0.264
42.138362884521484 1624362540.71397 0.264
42.138362884521484 1624362540.72102 0.264
42.138362884521484 1624362540.728079 0.264
42.138362884521484 1624362540.735084 0.264
42.138362884521484 1624362540.742147 0.264
42.138362884521484 1624362540.749016 0.264
42.138362884521484 1624362540.756024 0.264
42.138362884521484 1624362540.76299 0.264
42.138362884521484 1624362540.770036 0.264
42.76729202270508 1624362540.777072 0.264
42.138362884521484 1624362540.784039 0.264
42.138362884521484 1624362540.791139 0.264
42.138362884521484 1624362540.797918 0.264
42.138362884521484 1624362540.804874 0.264
42.138362884521484 1624362540.811835 0.264
42.138362884521484 1624362540.818857 0.264
42.138362884521484 1624362540.825873 0.264
42.138362884521484 1624362540.832886 0.264
42.138362884521484 1624362540.839889 0.264
42.138362884521484 1624362540.846878 0.264
42.138362884521484 1624362540.853909 0.264
42.138362884521484 1624362540.860898 0.264
42.138362884521484 1624362540.86793 0.264
42.138362884521484 1624362540.874912 0.264
42.138362884521484 1624362540.881998 0.264
42.138362884521484 1624362540.888969 0.264
42.138362884521484 1624362540.896025 0.264
42.138362884521484 1624362540.902927 0.264
42.138362884521484 1624362540.909919 0.264
42.138362884521484 1624362540.916937 0.264
42.138362884521484 1624362540.923896 0.264
42.138362884521484 1624362540.930991 0.264
42.138362884521484 1624362540.937885 0.264
42.138362884521484 1624362540.945079 0.264
42.138362884521484 1624362540.952116 0.264
42.138362884521484 1624362540.959082 0.264
42.138362884521484 1624362540.965804 0.264
42.138362884521484 1624362540.972831 0.264
42.138362884521484 1624362540.979882 0.264
42.138362884521484 1624362540.986877 0.264
42.138362884521484 1624362540.993863 0.264
42.138362884521484 1624362541.000863 0.264
42.138362884521484 1624362541.007877 0.264
42.138362884521484 1624362541.01482 0.264
42.138362884521484 1624362541.021851 0.264
42.138362884521484 1624362541.028841 0.264
42.138362884521484 1624362541.035983 0.264
42.138362884521484 1624362541.042961 0.264
42.138362884521484 1624362541.049942 0.264
42.138362884521484 1624362541.056926 0.264
42.138362884521484 1624362541.063899 0.264
42.138362884521484 1624362541.070923 0.264
42.138362884521484 1624362541.077957 0.264
42.138362884521484 1624362541.084996 0.264
42.138362884521484 1624362541.092009 0.264
42.138362884521484 1624362541.098937 0.264
42.138362884521484 1624362541.105957 0.264
42.138362884521484 1624362541.112956 0.264
42.138362884521484 1624362541.12 0.264
42.138362884521484 1624362541.12694 0.264
42.138362884521484 1624362541.133976 0.264
42.138362884521484 1624362541.14078 0.264
42.138362884521484 1624362541.147732 0.264
42.138362884521484 1624362541.154702 0.264
42.138362884521484 1624362541.161815 0.264
42.138362884521484 1624362541.16884 0.264
42.138362884521484 1624362541.175863 0.264
42.138362884521484 1624362541.182843 0.264
42.138362884521484 1624362541.189813 0.264
42.138362884521484 1624362541.196866 0.264
42.138362884521484 1624362541.203847 0.264
42.138362884521484 1624362541.210849 0.264
42.138362884521484 1624362541.217833 0.264
42.138362884521484 1624362541.224843 0.264
42.138362884521484 1624362541.231808 0.264
42.138362884521484 1624362541.238789 0.264
42.138362884521484 1624362541.245823 0.264
42.138362884521484 1624362541.252828 0.264
42.138362884521484 1624362541.259843 0.264
42.138362884521484 1624362541.26689 0.264
42.138362884521484 1624362541.273818 0.264
42.76729202270508 1624362541.280871 0.264
42.138362884521484 1624362541.287903 0.264
42.138362884521484 1624362541.29489 0.264
42.138362884521484 1624362541.301907 0.264
42.138362884521484 1624362541.30888 0.264
42.138362884521484 1624362541.31591 0.264
42.138362884521484 1624362541.322713 0.264
42.138362884521484 1624362541.329756 0.264
42.138362884521484 1624362541.336771 0.264
42.138362884521484 1624362541.343758 0.264
42.138362884521484 1624362541.350823 0.264
42.138362884521484 1624362541.35779 0.264
42.138362884521484 1624362541.364779 0.264
42.138362884521484 1624362541.37184 0.264
42.138362884521484 1624362541.378817 0.264
42.138362884521484 1624362541.385832 0.264
42.138362884521484 1624362541.39279 0.264
42.138362884521484 1624362541.39981 0.264
42.138362884521484 1624362541.406807 0.264
42.138362884521484 1624362541.413812 0.264
42.138362884521484 1624362541.420881 0.264
42.138362884521484 1624362541.42781 0.264
42.138362884521484 1624362541.434886 0.264
42.138362884521484 1624362541.441761 0.264
42.138362884521484 1624362541.448786 0.264
42.138362884521484 1624362541.455877 0.264
42.138362884521484 1624362541.462859 0.264
42.138362884521484 1624362541.469828 0.264
42.138362884521484 1624362541.476862 0.264
42.138362884521484 1624362541.483833 0.264
42.138362884521484 1624362541.490701 0.264
42.138362884521484 1624362541.49769 0.264
42.138362884521484 1624362541.5047 0.264
42.138362884521484 1624362541.511681 0.264
42.138362884521484 1624362541.518613 0.264
42.138362884521484 1624362541.525622 0.264
42.138362884521484 1624362541.532645 0.264
42.138362884521484 1624362541.539695 0.264
42.138362884521484 1624362541.546759 0.264
42.138362884521484 1624362541.55374 0.264
42.138362884521484 1624362541.56069 0.264
42.138362884521484 1624362541.567751 0.264
42.138362884521484 1624362541.574686 0.264
42.138362884521484 1624362541.581686 0.264
42.138362884521484 1624362541.588711 0.264
42.138362884521484 1624362541.595731 0.264
42.138362884521484 1624362541.602771 0.264
42.138362884521484 1624362541.609723 0.264
42.138362884521484 1624362541.616746 0.264
42.138362884521484 1624362541.623827 0.264
42.138362884521484 1624362541.63076 0.264
42.138362884521484 1624362541.637779 0.264
42.138362884521484 1624362541.644823 0.264
42.138362884521484 1624362541.651791 0.264
42.138362884521484 1624362541.658806 0.264
42.138362884521484 1624362541.665824 0.264
42.138362884521484 1624362541.672664 0.264
42.138362884521484 1624362541.67964 0.264
42.138362884521484 1624362541.686661 0.264
42.138362884521484 1624362541.693655 0.264
42.138362884521484 1624362541.700626 0.264
42.138362884521484 1624362541.707599 0.264
42.138362884521484 1624362541.71462 0.264
42.138362884521484 1624362541.721607 0.264
42.138362884521484 1624362541.728693 0.264
42.138362884521484 1624362541.735644 0.264
42.138362884521484 1624362541.742668 0.264
42.138362884521484 1624362541.74967 0.264
42.138362884521484 1624362541.75667 0.264
42.138362884521484 1624362541.763689 0.264
42.138362884521484 1624362541.770626 0.264
42.138362884521484 1624362541.777623 0.264
42.138362884521484 1624362541.784612 0.264
42.138362884521484 1624362541.791616 0.264
42.138362884521484 1624362541.798615 0.264
42.138362884521484 1624362541.80575 0.264
42.138362884521484 1624362541.812724 0.264
42.138362884521484 1624362541.819737 0.264
42.138362884521484 1624362541.826871 0.264
42.138362884521484 1624362541.833607 0.264
42.138362884521484 1624362541.840703 0.264
42.138362884521484 1624362541.847684 0.264
42.138362884521484 1624362541.854653 0.264
42.138362884521484 1624362541.861767 0.264
42.138362884521484 1624362541.868849 0.264
42.138362884521484 1624362541.875779 0.264
42.138362884521484 1624362541.882614 0.264
42.138362884521484 1624362541.88959 0.264
42.138362884521484 1624362541.896583 0.264
42.138362884521484 1624362541.903577 0.264
42.138362884521484 1624362541.910609 0.264
42.138362884521484 1624362541.917655 0.264
42.138362884521484 1624362541.924616 0.264
42.138362884521484 1624362541.931631 0.264
42.138362884521484 1624362541.938675 0.264
42.138362884521484 1624362541.945649 0.264
42.138362884521484 1624362541.95263 0.264
42.138362884521484 1624362541.959583 0.264
42.138362884521484 1624362541.966635 0.264
42.138362884521484 1624362541.973686 0.264
42.138362884521484 1624362541.980664 0.264
42.138362884521484 1624362541.987673 0.264
42.138362884521484 1624362541.994668 0.264
42.138362884521484 1624362542.001666 0.264
42.138362884521484 1624362542.008687 0.264
42.138362884521484 1624362542.015666 0.264
42.138362884521484 1624362542.022679 0.264
42.138362884521484 1624362542.029672 0.264
42.138362884521484 1624362542.036719 0.264
42.138362884521484 1624362542.043678 0.264
42.138362884521484 1624362542.050691 0.264
42.138362884521484 1624362542.057533 0.264
42.138362884521484 1624362542.064546 0.264
42.138362884521484 1624362542.07147 0.264
42.138362884521484 1624362542.07847 0.264
42.138362884521484 1624362542.085735 0.264
42.138362884521484 1624362542.092504 0.264
42.138362884521484 1624362542.099478 0.264
42.138362884521484 1624362542.106576 0.264
42.138362884521484 1624362542.113516 0.264
42.138362884521484 1624362542.120557 0.264
42.138362884521484 1624362542.127556 0.264
42.138362884521484 1624362542.134521 0.264
42.138362884521484 1624362542.141538 0.264
42.138362884521484 1624362542.148553 0.264
42.138362884521484 1624362542.155541 0.264
41.50943374633789 1624362542.162529 0.264
42.138362884521484 1624362542.169606 0.264
42.138362884521484 1624362542.176611 0.264
42.138362884521484 1624362542.183612 0.264
42.138362884521484 1624362542.190618 0.264
42.138362884521484 1624362542.197635 0.264
42.138362884521484 1624362542.204627 0.264
42.138362884521484 1624362542.211614 0.264
42.138362884521484 1624362542.218641 0.264
42.138362884521484 1624362542.22564 0.264
42.138362884521484 1624362542.232541 0.264
42.138362884521484 1624362542.239503 0.264
42.138362884521484 1624362542.246494 0.264
42.138362884521484 1624362542.253538 0.264
42.138362884521484 1624362542.260564 0.264
42.138362884521484 1624362542.267475 0.264
42.138362884521484 1624362542.274475 0.264
42.138362884521484 1624362542.28145 0.264
42.138362884521484 1624362542.288488 0.264
42.138362884521484 1624362542.295502 0.264
42.138362884521484 1624362542.302587 0.264
42.138362884521484 1624362542.309578 0.264
42.138362884521484 1624362542.316549 0.264
42.138362884521484 1624362542.323615 0.264
42.138362884521484 1624362542.330581 0.264
42.138362884521484 1624362542.337598 0.264
42.138362884521484 1624362542.344578 0.264
42.138362884521484 1624362542.351534 0.264
42.138362884521484 1624362542.358549 0.264
42.138362884521484 1624362542.365592 0.264
42.138362884521484 1624362542.3726 0.264
42.138362884521484 1624362542.379598 0.264
41.50943374633789 1624362542.386595 0.264
42.138362884521484 1624362542.393594 0.264
42.138362884521484 1624362542.400479 0.264
42.138362884521484 1624362542.407388 0.264
42.138362884521484 1624362542.414411 0.264
42.138362884521484 1624362542.421378 0.264
42.138362884521484 1624362542.428412 0.264
42.138362884521484 1624362542.435385 0.264
41.50943374633789 1624362542.442414 0.264
42.138362884521484 1624362542.449416 0.264
42.138362884521484 1624362542.456406 0.264
42.111881256103516 1624362542.463456 0.264
42.138362884521484 1624362542.470459 0.264
42.111881256103516 1624362542.477446 0.264
42.138362884521484 1624362542.484482 0.264
42.138362884521484 1624362542.491552 0.264
42.138362884521484 1624362542.498452 0.264
42.138362884521484 1624362542.505538 0.264
42.138362884521484 1624362542.512519 0.264
42.138362884521484 1624362542.519554 0.264
42.138362884521484 1624362542.526538 0.264
42.111881256103516 1624362542.533553 0.264
42.111881256103516 1624362542.540571 0.264
42.138362884521484 1624362542.547595 0.264
42.138362884521484 1624362542.554554 0.264
42.138362884521484 1624362542.561498 0.264
42.111881256103516 1624362542.568484 0.264
42.138362884521484 1624362542.575323 0.264
42.138362884521484 1624362542.582335 0.264
42.138362884521484 1624362542.589347 0.264
42.138362884521484 1624362542.596405 0.264
42.138362884521484 1624362542.603333 0.264
42.138362884521484 1624362542.610344 0.264
42.138362884521484 1624362542.617314 0.264
42.138362884521484 1624362542.624332 0.264
42.111881256103516 1624362542.631357 0.264
42.138362884521484 1624362542.638339 0.264
41.50943374633789 1624362542.645365 0.264
42.111881256103516 1624362542.652468 0.264
42.111881256103516 1624362542.6594 0.264
42.138362884521484 1624362542.666419 0.264
42.138362884521484 1624362542.673368 0.264
42.138362884521484 1624362542.680428 0.264
42.138362884521484 1624362542.687395 0.264
42.138362884521484 1624362542.694386 0.264
42.138362884521484 1624362542.70138 0.264
42.138362884521484 1624362542.70846 0.264
42.111881256103516 1624362542.715451 0.264
41.50943374633789 1624362542.722396 0.264
42.138362884521484 1624362542.729401 0.264
42.111881256103516 1624362542.736493 0.264
42.138362884521484 1624362542.743497 0.264
42.111881256103516 1624362542.750517 0.264
42.138362884521484 1624362542.757366 0.264
42.111881256103516 1624362542.76436 0.264
42.138362884521484 1624362542.771378 0.264
42.111881256103516 1624362542.778341 0.264
42.138362884521484 1624362542.785355 0.264
42.138362884521484 1624362542.7923 0.264
42.111881256103516 1624362542.799288 0.264
42.111881256103516 1624362542.806324 0.264
42.138362884521484 1624362542.813311 0.264
42.111881256103516 1624362542.820321 0.264
42.111881256103516 1624362542.827364 0.264
42.111881256103516 1624362542.834369 0.264
42.111881256103516 1624362542.841371 0.264
42.111881256103516 1624362542.848426 0.264
42.111881256103516 1624362542.855376 0.264
42.111881256103516 1624362542.862426 0.264
41.483341217041016 1624362542.869452 0.264
42.138362884521484 1624362542.876445 0.264
42.111881256103516 1624362542.883376 0.264
41.50943374633789 1624362542.890427 0.264
42.111881256103516 1624362542.897326 0.264
42.111881256103516 1624362542.904353 0.264
42.138362884521484 1624362542.911376 0.264
42.138362884521484 1624362542.918369 0.264
41.483341217041016 1624362542.925406 0.264
42.138362884521484 1624362542.932419 0.264
42.111881256103516 1624362542.93942 0.264
42.138362884521484 1624362542.946362 0.264
42.111881256103516 1624362542.953449 0.264
42.138362884521484 1624362542.960217 0.264
42.138362884521484 1624362542.967277 0.264
42.111881256103516 1624362542.97421 0.264
41.483341217041016 1624362542.981263 0.264
42.111881256103516 1624362542.98825 0.264
42.111881256103516 1624362542.995291 0.264
42.111881256103516 1624362543.002309 0.264
42.111881256103516 1624362543.00929 0.264
41.483341217041016 1624362543.01637 0.264
42.111881256103516 1624362543.023305 0.264
42.111881256103516 1624362543.030342 0.264
42.111881256103516 1624362543.037305 0.264
42.111881256103516 1624362543.044317 0.264
42.111881256103516 1624362543.051276 0.264
42.138362884521484 1624362543.058358 0.264
42.111881256103516 1624362543.06532 0.264
42.111881256103516 1624362543.072325 0.264
42.111881256103516 1624362543.079309 0.264
42.111881256103516 1624362543.086303 0.264
41.483341217041016 1624362543.093306 0.264
42.111881256103516 1624362543.100307 0.264
42.111881256103516 1624362543.107288 0.264
41.483341217041016 1624362543.114384 0.264
42.111881256103516 1624362543.121433 0.264
42.111881256103516 1624362543.128417 0.264
42.138362884521484 1624362543.135405 0.264
42.111881256103516 1624362543.142222 0.264
41.483341217041016 1624362543.149204 0.264
42.111881256103516 1624362543.156224 0.264
42.111881256103516 1624362543.163255 0.264
42.111881256103516 1624362543.17027 0.264
42.138362884521484 1624362543.177275 0.264
42.111881256103516 1624362543.184246 0.264
42.138362884521484 1624362543.191282 0.264
42.111881256103516 1624362543.198209 0.264
41.483341217041016 1624362543.20529 0.264
42.111881256103516 1624362543.212161 0.264
42.111881256103516 1624362543.219258 0.264
41.483341217041016 1624362543.226197 0.264
42.138362884521484 1624362543.233334 0.264
42.111881256103516 1624362543.24023 0.264
42.111881256103516 1624362543.247169 0.264
42.111881256103516 1624362543.254203 0.264
42.111881256103516 1624362543.261223 0.264
42.111881256103516 1624362543.26824 0.264
42.138362884521484 1624362543.275288 0.264
42.138362884521484 1624362543.282288 0.264
42.111881256103516 1624362543.289366 0.264
42.111881256103516 1624362543.296256 0.264
42.138362884521484 1624362543.303279 0.264
42.111881256103516 1624362543.310267 0.264
42.111881256103516 1624362543.317156 0.264
42.111881256103516 1624362543.324133 0.264
42.111881256103516 1624362543.331174 0.264
41.483341217041016 1624362543.338215 0.264
42.111881256103516 1624362543.345219 0.264
42.111881256103516 1624362543.352256 0.264
42.111881256103516 1624362543.359215 0.264
42.111881256103516 1624362543.366195 0.264
42.138362884521484 1624362543.373151 0.264
42.111881256103516 1624362543.380188 0.264
42.111881256103516 1624362543.387205 0.264
41.483341217041016 1624362543.394265 0.264
42.111881256103516 1624362543.40124 0.264
42.111881256103516 1624362543.408201 0.264
42.111881256103516 1624362543.415233 0.264
42.138362884521484 1624362543.422339 0.264
41.483341217041016 1624362543.429262 0.264
42.111881256103516 1624362543.436231 0.264
42.138362884521484 1624362543.443237 0.264
42.138362884521484 1624362543.450242 0.264
42.111881256103516 1624362543.457232 0.264
42.111881256103516 1624362543.464191 0.264
42.111881256103516 1624362543.47112 0.264
42.111881256103516 1624362543.478132 0.264
42.111881256103516 1624362543.485229 0.264
42.111881256103516 1624362543.492194 0.264
42.111881256103516 1624362543.499247 0.264
41.483341217041016 1624362543.506197 0.264
42.111881256103516 1624362543.513223 0.264
42.111881256103516 1624362543.520235 0.264
42.111881256103516 1624362543.527194 0.264
42.111881256103516 1624362543.534315 0.264
41.50943374633789 1624362543.541346 0.264
42.111881256103516 1624362543.548309 0.264
42.111881256103516 1624362543.555087 0.264
41.483341217041016 1624362543.562101 0.264
42.111881256103516 1624362543.569144 0.264
42.111881256103516 1624362543.57615 0.264
42.111881256103516 1624362543.583124 0.264
42.111881256103516 1624362543.590164 0.264
41.483341217041016 1624362543.597147 0.264
42.111881256103516 1624362543.604113 0.264
42.111881256103516 1624362543.611122 0.264
42.111881256103516 1624362543.618112 0.264
42.111881256103516 1624362543.625119 0.264
42.111881256103516 1624362543.632184 0.264
42.138362884521484 1624362543.63914 0.264
42.138362884521484 1624362543.646057 0.264
42.111881256103516 1624362543.653142 0.264
42.111881256103516 1624362543.660122 0.264
42.111881256103516 1624362543.667086 0.264
41.483341217041016 1624362543.674129 0.264
42.111881256103516 1624362543.681106 0.264
42.111881256103516 1624362543.688131 0.264
42.111881256103516 1624362543.695077 0.264
42.138362884521484 1624362543.702115 0.264
41.483341217041016 1624362543.709044 0.264
42.111881256103516 1624362543.716155 0.264
42.111881256103516 1624362543.723071 0.264
41.483341217041016 1624362543.730186 0.264
42.111881256103516 1624362543.737214 0.264
42.111881256103516 1624362543.744143 0.264
42.111881256103516 1624362543.751213 0.264
42.111881256103516 1624362543.758193 0.264
41.483341217041016 1624362543.765237 0.264
42.111881256103516 1624362543.772207 0.264
42.111881256103516 1624362543.779184 0.264
42.111881256103516 1624362543.786143 0.264
42.111881256103516 1624362543.792956 0.264
42.111881256103516 1624362543.800017 0.264
42.111881256103516 1624362543.807024 0.264
42.111881256103516 1624362543.813968 0.264
42.111881256103516 1624362543.820951 0.264
42.111881256103516 1624362543.828007 0.264
42.111881256103516 1624362543.834939 0.264
41.483341217041016 1624362543.841976 0.264
42.111881256103516 1624362543.849035 0.264
42.111881256103516 1624362543.856016 0.264
42.111881256103516 1624362543.863038 0.264
42.111881256103516 1624362543.870069 0.264
42.111881256103516 1624362543.877078 0.264
42.138362884521484 1624362543.884065 0.264
42.111881256103516 1624362543.891054 0.264
41.483341217041016 1624362543.898098 0.264
42.111881256103516 1624362543.905093 0.264
42.138362884521484 1624362543.912074 0.264
41.483341217041016 1624362543.918979 0.264
42.111881256103516 1624362543.926009 0.264
41.483341217041016 1624362543.933116 0.264
42.111881256103516 1624362543.940033 0.264
42.111881256103516 1624362543.947122 0.264
41.483341217041016 1624362543.954093 0.264
42.111881256103516 1624362543.961101 0.264
42.111881256103516 1624362543.968147 0.264
42.111881256103516 1624362543.975129 0.264
42.111881256103516 1624362543.982143 0.264
42.111881256103516 1624362543.989143 0.264
42.111881256103516 1624362543.996113 0.264
42.111881256103516 1624362544.00303 0.264
41.483341217041016 1624362544.010054 0.264
42.111881256103516 1624362544.016976 0.264
42.111881256103516 1624362544.023892 0.264
41.483341217041016 1624362544.030897 0.264
42.111881256103516 1624362544.037973 0.264
42.111881256103516 1624362544.045027 0.264
41.483341217041016 1624362544.051877 0.264
42.111881256103516 1624362544.058857 0.264
41.483341217041016 1624362544.065919 0.264
42.111881256103516 1624362544.072934 0.264
42.111881256103516 1624362544.07997 0.264
42.111881256103516 1624362544.087069 0.264
42.111881256103516 1624362544.094054 0.264
41.483341217041016 1624362544.101081 0.264
41.483341217041016 1624362544.108041 0.264
42.111881256103516 1624362544.11499 0.264
41.483341217041016 1624362544.122046 0.264
42.111881256103516 1624362544.129059 0.264
42.111881256103516 1624362544.136088 0.264
41.483341217041016 1624362544.143041 0.264
42.111881256103516 1624362544.150026 0.264
41.483341217041016 1624362544.157045 0.264
42.111881256103516 1624362544.164025 0.264
42.111881256103516 1624362544.170985 0.264
42.111881256103516 1624362544.178019 0.264
42.111881256103516 1624362544.185028 0.264
42.111881256103516 1624362544.192009 0.264
41.483341217041016 1624362544.199008 0.264
42.111881256103516 1624362544.20606 0.264
42.111881256103516 1624362544.213117 0.264
42.111881256103516 1624362544.220063 0.264
42.111881256103516 1624362544.227102 0.264
41.483341217041016 1624362544.234091 0.264
42.111881256103516 1624362544.240879 0.264
42.111881256103516 1624362544.247877 0.264
41.483341217041016 1624362544.254923 0.264
42.111881256103516 1624362544.261951 0.264
42.111881256103516 1624362544.268942 0.264
41.483341217041016 1624362544.275982 0.264
42.111881256103516 1624362544.282912 0.264
41.483341217041016 1624362544.289886 0.264
42.111881256103516 1624362544.296865 0.264
42.111881256103516 1624362544.30387 0.264
41.483341217041016 1624362544.310875 0.264
42.111881256103516 1624362544.317956 0.264
42.111881256103516 1624362544.324931 0.264
42.111881256103516 1624362544.331918 0.264
42.111881256103516 1624362544.338982 0.264
41.483341217041016 1624362544.345939 0.264
42.111881256103516 1624362544.352962 0.264
42.111881256103516 1624362544.360029 0.264
41.483341217041016 1624362544.366942 0.264
42.111881256103516 1624362544.373912 0.264
42.111881256103516 1624362544.380921 0.264
41.483341217041016 1624362544.387983 0.264
42.111881256103516 1624362544.395 0.264
41.483341217041016 1624362544.402081 0.264
41.483341217041016 1624362544.409043 0.264
42.111881256103516 1624362544.416058 0.264
41.483341217041016 1624362544.423019 0.264
42.111881256103516 1624362544.42977 0.264
42.111881256103516 1624362544.43682 0.264
42.111881256103516 1624362544.443805 0.264
42.111881256103516 1624362544.450917 0.264
42.111881256103516 1624362544.457958 0.264
42.111881256103516 1624362544.464921 0.264
42.111881256103516 1624362544.471919 0.264
41.483341217041016 1624362544.478863 0.264
42.111881256103516 1624362544.485932 0.264
42.111881256103516 1624362544.49293 0.264
42.111881256103516 1624362544.49991 0.264
42.111881256103516 1624362544.506906 0.264
42.111881256103516 1624362544.513951 0.264
42.111881256103516 1624362544.520978 0.264
42.111881256103516 1624362544.527985 0.264
41.483341217041016 1624362544.534985 0.264
42.111881256103516 1624362544.541956 0.264
42.111881256103516 1624362544.548965 0.264
41.483341217041016 1624362544.555943 0.264
42.111881256103516 1624362544.562998 0.264
41.483341217041016 1624362544.569935 0.264
42.111881256103516 1624362544.576935 0.264
42.111881256103516 1624362544.583888 0.264
41.483341217041016 1624362544.590895 0.264
42.111881256103516 1624362544.597932 0.264
42.111881256103516 1624362544.604803 0.264
41.483341217041016 1624362544.611746 0.264
42.111881256103516 1624362544.618807 0.264
41.483341217041016 1624362544.625819 0.264
42.111881256103516 1624362544.632771 0.264
42.111881256103516 1624362544.639897 0.264
41.483341217041016 1624362544.646729 0.264
42.111881256103516 1624362544.65383 0.264
42.111881256103516 1624362544.660832 0.264
42.111881256103516 1624362544.667819 0.264
42.111881256103516 1624362544.674837 0.264
42.111881256103516 1624362544.68188 0.264
41.483341217041016 1624362544.6889 0.264
42.111881256103516 1624362544.695858 0.264
41.483341217041016 1624362544.70288 0.264
42.111881256103516 1624362544.709866 0.264
42.111881256103516 1624362544.716857 0.264
41.483341217041016 1624362544.723786 0.264
42.111881256103516 1624362544.730805 0.264
41.483341217041016 1624362544.737773 0.264
42.111881256103516 1624362544.744892 0.264
42.111881256103516 1624362544.751889 0.264
41.483341217041016 1624362544.758799 0.264
42.111881256103516 1624362544.765801 0.264
41.483341217041016 1624362544.772794 0.264
41.483341217041016 1624362544.779833 0.264
42.111881256103516 1624362544.786877 0.264
41.483341217041016 1624362544.793853 0.264
42.111881256103516 1624362544.800892 0.264
42.111881256103516 1624362544.807922 0.264
41.483341217041016 1624362544.814728 0.264
42.111881256103516 1624362544.821749 0.264
42.111881256103516 1624362544.828738 0.264
41.483341217041016 1624362544.835779 0.264
42.111881256103516 1624362544.842809 0.264
41.483341217041016 1624362544.849779 0.264
41.483341217041016 1624362544.856816 0.264
42.111881256103516 1624362544.863767 0.264
41.483341217041016 1624362544.870764 0.264
42.111881256103516 1624362544.87775 0.264
42.111881256103516 1624362544.884833 0.264
41.483341217041016 1624362544.891752 0.264
42.111881256103516 1624362544.898739 0.264
42.111881256103516 1624362544.905775 0.264
42.111881256103516 1624362544.912834 0.264
42.111881256103516 1624362544.919754 0.264
42.111881256103516 1624362544.926759 0.264
42.111881256103516 1624362544.933734 0.264
42.111881256103516 1624362544.940731 0.264
42.111881256103516 1624362544.947748 0.264
42.111881256103516 1624362544.954759 0.264
42.111881256103516 1624362544.961763 0.264
41.483341217041016 1624362544.968736 0.264
42.111881256103516 1624362544.97581 0.264
42.111881256103516 1624362544.982828 0.264
41.483341217041016 1624362544.989868 0.264
42.111881256103516 1624362544.996687 0.264
41.483341217041016 1624362545.003716 0.264
42.111881256103516 1624362545.010688 0.264
42.111881256103516 1624362545.01771 0.264
42.111881256103516 1624362545.024736 0.264
42.111881256103516 1624362545.0317 0.264
42.111881256103516 1624362545.038704 0.264
41.483341217041016 1624362545.045709 0.264
42.111881256103516 1624362545.052703 0.264
41.483341217041016 1624362545.059718 0.264
42.111881256103516 1624362545.066673 0.264
42.111881256103516 1624362545.073742 0.264
41.483341217041016 1624362545.080917 0.264
42.111881256103516 1624362545.087771 0.264
42.111881256103516 1624362545.094755 0.264
41.483341217041016 1624362545.101723 0.264
42.111881256103516 1624362545.108783 0.264
42.111881256103516 1624362545.11579 0.264
42.111881256103516 1624362545.122794 0.264
42.111881256103516 1624362545.129737 0.264
41.483341217041016 1624362545.136689 0.264
42.111881256103516 1624362545.143702 0.264
42.111881256103516 1624362545.150797 0.264
42.111881256103516 1624362545.157774 0.264
42.111881256103516 1624362545.164761 0.264
42.111881256103516 1624362545.171765 0.264
42.111881256103516 1624362545.178776 0.264
42.111881256103516 1624362545.185786 0.264
41.483341217041016 1624362545.192757 0.264
42.111881256103516 1624362545.199586 0.264
42.111881256103516 1624362545.20659 0.264
42.111881256103516 1624362545.213637 0.264
42.111881256103516 1624362545.220642 0.264
42.111881256103516 1624362545.227593 0.264
42.111881256103516 1624362545.234678 0.264
42.111881256103516 1624362545.241599 0.264
41.483341217041016 1624362545.2487 0.264
42.111881256103516 1624362545.255713 0.264
42.111881256103516 1624362545.262686 0.264
41.483341217041016 1624362545.269762 0.264
42.111881256103516 1624362545.276709 0.264
41.483341217041016 1624362545.283647 0.264
41.483341217041016 1624362545.290761 0.264
42.111881256103516 1624362545.297724 0.264
41.483341217041016 1624362545.304706 0.264
42.111881256103516 1624362545.311727 0.264
42.111881256103516 1624362545.318678 0.264
41.483341217041016 1624362545.325687 0.264
42.111881256103516 1624362545.332725 0.264
42.111881256103516 1624362545.33966 0.264
41.483341217041016 1624362545.346699 0.264
42.111881256103516 1624362545.353641 0.264
41.483341217041016 1624362545.360594 0.264
41.483341217041016 1624362545.367649 0.264
42.111881256103516 1624362545.374653 0.264
41.483341217041016 1624362545.38171 0.264
42.111881256103516 1624362545.388628 0.264
41.483341217041016 1624362545.395694 0.264
41.483341217041016 1624362545.402745 0.264
42.111881256103516 1624362545.409768 0.264
41.483341217041016 1624362545.416778 0.264
42.111881256103516 1624362545.423786 0.264
42.111881256103516 1624362545.430568 0.264
41.483341217041016 1624362545.437586 0.264
42.111881256103516 1624362545.444569 0.264
42.111881256103516 1624362545.451615 0.264
42.111881256103516 1624362545.458548 0.264
41.483341217041016 1624362545.46559 0.264
41.483341217041016 1624362545.472626 0.264
41.483341217041016 1624362545.479646 0.264
42.111881256103516 1624362545.486622 0.264
41.483341217041016 1624362545.493608 0.264
42.111881256103516 1624362545.500556 0.264
42.111881256103516 1624362545.507604 0.264
41.483341217041016 1624362545.514624 0.264
42.111881256103516 1624362545.521643 0.264
42.111881256103516 1624362545.528636 0.264
41.483341217041016 1624362545.535668 0.264
41.483341217041016 1624362545.542588 0.264
41.483341217041016 1624362545.549665 0.264
41.483341217041016 1624362545.556657 0.264
42.111881256103516 1624362545.563661 0.264
41.483341217041016 1624362545.570627 0.264
42.111881256103516 1624362545.577762 0.264
41.483341217041016 1624362545.584638 0.264
42.111881256103516 1624362545.591583 0.264
42.111881256103516 1624362545.598609 0.264
41.483341217041016 1624362545.60556 0.264
41.483341217041016 1624362545.612559 0.264
42.111881256103516 1624362545.619618 0.264
41.483341217041016 1624362545.626622 0.264
42.111881256103516 1624362545.633663 0.264
42.111881256103516 1624362545.640658 0.264
41.483341217041016 1624362545.647708 0.264
42.111881256103516 1624362545.654512 0.264
42.111881256103516 1624362545.661511 0.264
42.111881256103516 1624362545.668469 0.264
42.111881256103516 1624362545.675451 0.264
41.483341217041016 1624362545.68248 0.264
42.111881256103516 1624362545.689475 0.264
42.111881256103516 1624362545.696458 0.264
41.483341217041016 1624362545.70344 0.264
41.483341217041016 1624362545.710428 0.264
42.111881256103516 1624362545.717451 0.264
41.483341217041016 1624362545.724514 0.264
41.483341217041016 1624362545.73157 0.264
41.483341217041016 1624362545.738559 0.264
42.111881256103516 1624362545.745543 0.264
42.111881256103516 1624362545.752536 0.264
41.483341217041016 1624362545.759584 0.264
41.483341217041016 1624362545.766506 0.264
42.111881256103516 1624362545.773487 0.264
42.111881256103516 1624362545.780513 0.264
42.111881256103516 1624362545.787522 0.264
41.483341217041016 1624362545.794564 0.264
42.111881256103516 1624362545.801573 0.264
42.111881256103516 1624362545.808532 0.264
41.483341217041016 1624362545.815573 0.264
42.111881256103516 1624362545.822519 0.264
41.483341217041016 1624362545.829591 0.264
41.483341217041016 1624362545.836561 0.264
42.111881256103516 1624362545.843611 0.264
41.483341217041016 1624362545.850585 0.264
42.111881256103516 1624362545.85754 0.264
42.111881256103516 1624362545.864522 0.264
41.483341217041016 1624362545.871519 0.264
41.483341217041016 1624362545.878512 0.264
41.483341217041016 1624362545.885565 0.264
41.483341217041016 1624362545.892634 0.264
41.483341217041016 1624362545.899429 0.264
41.483341217041016 1624362545.906397 0.264
42.111881256103516 1624362545.913359 0.264
42.111881256103516 1624362545.920331 0.264
41.483341217041016 1624362545.927349 0.264
42.111881256103516 1624362545.934372 0.264
41.483341217041016 1624362545.941416 0.264
41.483341217041016 1624362545.948443 0.264
42.111881256103516 1624362545.955449 0.264
41.483341217041016 1624362545.962469 0.264
41.483341217041016 1624362545.969441 0.264
42.111881256103516 1624362545.976394 0.264
41.483341217041016 1624362545.983466 0.264
42.111881256103516 1624362545.990422 0.264
41.483341217041016 1624362545.997418 0.264
41.483341217041016 1624362546.004489 0.264
42.111881256103516 1624362546.011454 0.264
41.483341217041016 1624362546.018529 0.264
42.111881256103516 1624362546.025444 0.264
42.111881256103516 1624362546.032436 0.264
41.483341217041016 1624362546.039544 0.264
41.483341217041016 1624362546.046487 0.264
42.111881256103516 1624362546.053499 0.264
41.483341217041016 1624362546.060535 0.264
42.111881256103516 1624362546.06752 0.264
41.483341217041016 1624362546.074611 0.264
41.483341217041016 1624362546.081582 0.264
41.483341217041016 1624362546.088596 0.264
41.483341217041016 1624362546.095551 0.264
41.483341217041016 1624362546.102541 0.264
41.483341217041016 1624362546.109365 0.264
41.483341217041016 1624362546.1164 0.264
41.483341217041016 1624362546.123308 0.264
41.483341217041016 1624362546.130335 0.264
42.111881256103516 1624362546.137399 0.264
41.483341217041016 1624362546.144417 0.264
41.483341217041016 1624362546.151312 0.264
41.483341217041016 1624362546.158335 0.264
41.483341217041016 1624362546.165356 0.264
41.483341217041016 1624362546.172386 0.264
41.483341217041016 1624362546.179385 0.264
41.483341217041016 1624362546.186441 0.264
41.483341217041016 1624362546.193383 0.264
41.483341217041016 1624362546.20041 0.264
41.483341217041016 1624362546.207373 0.264
42.111881256103516 1624362546.214481 0.264
42.111881256103516 1624362546.221453 0.264
41.483341217041016 1624362546.228435 0.264
42.111881256103516 1624362546.235473 0.264
42.111881256103516 1624362546.242394 0.264
41.483341217041016 1624362546.249423 0.264
42.111881256103516 1624362546.256397 0.264
41.483341217041016 1624362546.263431 0.264
41.483341217041016 1624362546.270472 0.264
42.111881256103516 1624362546.277366 0.264
42.111881256103516 1624362546.284423 0.264
42.111881256103516 1624362546.291427 0.264
41.483341217041016 1624362546.298436 0.264
41.483341217041016 1624362546.305482 0.264
42.111881256103516 1624362546.312407 0.264
41.483341217041016 1624362546.319352 0.264
42.111881256103516 1624362546.326401 0.264
41.483341217041016 1624362546.333446 0.264
41.483341217041016 1624362546.340543 0.264
41.483341217041016 1624362546.347533 0.264
41.483341217041016 1624362546.354339 0.264
41.483341217041016 1624362546.361304 0.264
41.483341217041016 1624362546.368254 0.264
41.483341217041016 1624362546.375338 0.264
42.111881256103516 1624362546.382288 0.264
41.483341217041016 1624362546.389278 0.264
41.483341217041016 1624362546.396342 0.264
41.483341217041016 1624362546.403349 0.264
41.483341217041016 1624362546.410361 0.264
41.483341217041016 1624362546.417366 0.264
42.111881256103516 1624362546.424362 0.264
41.483341217041016 1624362546.431399 0.264
41.483341217041016 1624362546.438371 0.264
41.483341217041016 1624362546.445288 0.264
41.483341217041016 1624362546.452311 0.264
41.483341217041016 1624362546.459344 0.264
41.483341217041016 1624362546.466341 0.264
41.483341217041016 1624362546.473454 0.264
41.483341217041016 1624362546.480426 0.264
41.483341217041016 1624362546.487359 0.264
41.483341217041016 1624362546.49446 0.264
42.111881256103516 1624362546.501346 0.264
41.483341217041016 1624362546.508361 0.264
41.483341217041016 1624362546.515392 0.264
41.483341217041016 1624362546.522328 0.264
41.483341217041016 1624362546.529384 0.264
41.483341217041016 1624362546.53649 0.264
41.483341217041016 1624362546.543396 0.264
41.483341217041016 1624362546.550439 0.264
41.483341217041016 1624362546.557491 0.264
41.483341217041016 1624362546.564441 0.264
42.111881256103516 1624362546.57141 0.264
42.111881256103516 1624362546.578449 0.264
41.483341217041016 1624362546.585266 0.264
41.483341217041016 1624362546.592238 0.264
41.483341217041016 1624362546.599194 0.264
41.483341217041016 1624362546.606256 0.264
42.111881256103516 1624362546.613224 0.264
41.483341217041016 1624362546.620179 0.264
42.111881256103516 1624362546.627176 0.264
41.483341217041016 1624362546.634348 0.264
41.483341217041016 1624362546.641228 0.264
41.483341217041016 1624362546.648246 0.264
41.483341217041016 1624362546.655301 0.264
41.483341217041016 1624362546.662287 0.264
42.111881256103516 1624362546.669231 0.264
41.483341217041016 1624362546.676255 0.264
42.111881256103516 1624362546.683241 0.264
42.111881256103516 1624362546.690213 0.264
41.483341217041016 1624362546.697218 0.264
42.111881256103516 1624362546.704152 0.264
41.483341217041016 1624362546.711171 0.264
41.483341217041016 1624362546.718197 0.264
41.483341217041016 1624362546.725182 0.264
41.483341217041016 1624362546.732165 0.264
42.111881256103516 1624362546.739159 0.264
41.483341217041016 1624362546.746215 0.264
41.483341217041016 1624362546.753268 0.264
42.111881256103516 1624362546.760309 0.264
41.483341217041016 1624362546.767273 0.264
41.483341217041016 1624362546.774312 0.264
41.483341217041016 1624362546.781252 0.264
41.483341217041016 1624362546.788294 0.264
41.483341217041016 1624362546.795321 0.264
42.111881256103516 1624362546.802302 0.264
41.483341217041016 1624362546.809329 0.264
42.111881256103516 1624362546.816293 0.264
41.483341217041016 1624362546.823322 0.264
41.483341217041016 1624362546.830347 0.264
41.483341217041016 1624362546.837311 0.264
41.483341217041016 1624362546.844319 0.264
41.483341217041016 1624362546.851342 0.264
41.483341217041016 1624362546.858355 0.264
41.483341217041016 1624362546.865273 0.264
42.111881256103516 1624362546.872267 0.264
42.111881256103516 1624362546.87931 0.264
41.483341217041016 1624362546.886289 0.264
42.111881256103516 1624362546.893262 0.264
41.483341217041016 1624362546.900331 0.264
41.483341217041016 1624362546.907274 0.264
42.111881256103516 1624362546.914157 0.264
41.483341217041016 1624362546.921148 0.264
41.483341217041016 1624362546.928105 0.264
41.483341217041016 1624362546.935086 0.264
41.483341217041016 1624362546.942136 0.264
41.483341217041016 1624362546.949115 0.264
41.483341217041016 1624362546.956242 0.264
42.111881256103516 1624362546.963133 0.264
42.111881256103516 1624362546.970215 0.264
41.483341217041016 1624362546.977201 0.264
42.111881256103516 1624362546.984168 0.264
41.483341217041016 1624362546.991135 0.264
41.483341217041016 1624362546.998121 0.264
42.111881256103516 1624362547.005159 0.264
41.483341217041016 1624362547.01215 0.264
41.483341217041016 1624362547.019215 0.264
41.483341217041016 1624362547.026122 0.264
41.483341217041016 1624362547.033248 0.264
42.111881256103516 1624362547.040268 0.264
42.111881256103516 1624362547.047134 0.264
41.483341217041016 1624362547.054125 0.264
41.483341217041016 1624362547.061102 0.264
41.483341217041016 1624362547.068123 0.264
41.483341217041016 1624362547.075147 0.264
41.483341217041016 1624362547.082209 0.264
41.483341217041016 1624362547.089247 0.264
42.111881256103516 1624362547.096248 0.264
42.111881256103516 1624362547.103225 0.264
41.483341217041016 1624362547.110239 0.264
41.483341217041016 1624362547.11722 0.264
41.483341217041016 1624362547.124216 0.264
42.111881256103516 1624362547.131232 0.264
41.483341217041016 1624362547.138211 0.264
41.483341217041016 1624362547.145149 0.264
41.483341217041016 1624362547.152168 0.264
41.483341217041016 1624362547.159129 0.264
41.483341217041016 1624362547.166236 0.264
42.111881256103516 1624362547.173256 0.264
41.483341217041016 1624362547.180054 0.264
41.483341217041016 1624362547.186992 0.264
41.483341217041016 1624362547.193984 0.264
41.483341217041016 1624362547.200999 0.264
41.483341217041016 1624362547.208056 0.264
41.483341217041016 1624362547.215112 0.264
41.483341217041016 1624362547.222121 0.264
41.483341217041016 1624362547.22912 0.264
41.483341217041016 1624362547.236143 0.264
41.483341217041016 1624362547.243066 0.264
41.483341217041016 1624362547.250086 0.264
41.483341217041016 1624362547.257329 0.264
41.483341217041016 1624362547.26408 0.264
41.483341217041016 1624362547.271069 0.264
41.483341217041016 1624362547.278123 0.264
41.483341217041016 1624362547.285087 0.264
41.483341217041016 1624362547.292055 0.264
42.111881256103516 1624362547.29901 0.264
41.483341217041016 1624362547.306131 0.264
41.483341217041016 1624362547.313064 0.264
41.483341217041016 1624362547.320078 0.264
41.483341217041016 1624362547.327093 0.264
41.483341217041016 1624362547.334169 0.264
41.483341217041016 1624362547.34116 0.264
41.483341217041016 1624362547.348141 0.264
41.483341217041016 1624362547.355134 0.264
42.111881256103516 1624362547.362113 0.264
41.483341217041016 1624362547.369108 0.264
41.483341217041016 1624362547.376028 0.264
41.483341217041016 1624362547.383072 0.264
41.483341217041016 1624362547.390103 0.264
41.483341217041016 1624362547.397155 0.264
41.483341217041016 1624362547.404195 0.264
41.483341217041016 1624362547.411146 0.264
41.483341217041016 1624362547.418185 0.264
41.483341217041016 1624362547.425114 0.264
41.483341217041016 1624362547.432194 0.264
41.483341217041016 1624362547.439164 0.264
41.483341217041016 1624362547.446191 0.264
42.111881256103516 1624362547.453152 0.264
41.483341217041016 1624362547.460023 0.264
41.483341217041016 1624362547.46694 0.264
42.111881256103516 1624362547.473895 0.264
41.483341217041016 1624362547.480989 0.264
41.483341217041016 1624362547.487972 0.264
41.483341217041016 1624362547.49495 0.264
41.483341217041016 1624362547.502059 0.264
41.483341217041016 1624362547.50901 0.264
41.483341217041016 1624362547.516035 0.264
41.483341217041016 1624362547.522893 0.264
41.483341217041016 1624362547.529953 0.264
41.483341217041016 1624362547.537074 0.264
42.111881256103516 1624362547.544043 0.264
41.483341217041016 1624362547.551126 0.264
41.483341217041016 1624362547.558046 0.264
41.483341217041016 1624362547.565147 0.264
41.483341217041016 1624362547.572078 0.264
41.483341217041016 1624362547.579062 0.264
41.483341217041016 1624362547.586033 0.264
41.483341217041016 1624362547.59309 0.264
41.483341217041016 1624362547.60011 0.264
41.483341217041016 1624362547.607117 0.264
41.483341217041016 1624362547.614117 0.264
41.483341217041016 1624362547.621104 0.264
41.483341217041016 1624362547.628098 0.264
41.483341217041016 1624362547.635103 0.264
41.483341217041016 1624362547.642079 0.264
41.483341217041016 1624362547.649036 0.264
42.111881256103516 1624362547.656015 0.264
41.483341217041016 1624362547.663016 0.264
41.483341217041016 1624362547.669947 0.264
42.111881256103516 1624362547.676827 0.264
41.483341217041016 1624362547.683818 0.264
41.483341217041016 1624362547.690942 0.264
41.483341217041016 1624362547.697982 0.264
41.483341217041016 1624362547.704944 0.264
41.483341217041016 1624362547.711904 0.264
41.483341217041016 1624362547.718891 0.264
41.483341217041016 1624362547.725883 0.264
41.483341217041016 1624362547.732869 0.264
41.483341217041016 1624362547.739854 0.264
41.483341217041016 1624362547.746909 0.264
42.111881256103516 1624362547.753935 0.264
41.483341217041016 1624362547.76098 0.264
41.483341217041016 1624362547.76791 0.264
41.483341217041016 1624362547.774877 0.264
41.483341217041016 1624362547.781918 0.264
42.111881256103516 1624362547.788986 0.264
41.483341217041016 1624362547.795968 0.264
41.483341217041016 1624362547.802938 0.264
41.483341217041016 1624362547.810042 0.264
41.483341217041016 1624362547.817019 0.264
41.483341217041016 1624362547.824164 0.264
41.483341217041016 1624362547.831071 0.264
41.483341217041016 1624362547.838097 0.264
41.483341217041016 1624362547.845044 0.264
41.483341217041016 1624362547.852113 0.264
41.483341217041016 1624362547.859095 0.264
41.483341217041016 1624362547.865851 0.264
41.483341217041016 1624362547.872888 0.264
42.111881256103516 1624362547.87986 0.264
41.483341217041016 1624362547.886978 0.264
41.483341217041016 1624362547.893937 0.264
41.483341217041016 1624362547.90089 0.264
41.483341217041016 1624362547.907867 0.264
41.483341217041016 1624362547.914853 0.264
41.483341217041016 1624362547.921843 0.264
41.483341217041016 1624362547.928796 0.264
41.483341217041016 1624362547.935797 0.264
41.483341217041016 1624362547.942815 0.264
41.483341217041016 1624362547.949851 0.264
41.483341217041016 1624362547.956885 0.264
41.483341217041016 1624362547.963894 0.264
41.483341217041016 1624362547.970846 0.264
41.483341217041016 1624362547.977893 0.264
41.483341217041016 1624362547.984937 0.264
41.483341217041016 1624362547.991899 0.264
41.483341217041016 1624362547.998937 0.264
41.483341217041016 1624362548.005877 0.264
41.483341217041016 1624362548.012994 0.264
41.483341217041016 1624362548.020012 0.264
41.483341217041016 1624362548.02702 0.264
42.111881256103516 1624362548.034028 0.264
41.483341217041016 1624362548.040856 0.264
41.483341217041016 1624362548.047844 0.264
41.483341217041016 1624362548.054782 0.264
41.483341217041016 1624362548.061791 0.264
41.483341217041016 1624362548.068805 0.264
41.483341217041016 1624362548.075774 0.264
41.483341217041016 1624362548.082843 0.264
41.483341217041016 1624362548.08978 0.264
41.483341217041016 1624362548.096832 0.264
41.483341217041016 1624362548.103798 0.264
41.483341217041016 1624362548.110841 0.264
41.483341217041016 1624362548.117846 0.264
41.483341217041016 1624362548.12484 0.264
41.483341217041016 1624362548.131882 0.264
41.483341217041016 1624362548.138887 0.264
41.483341217041016 1624362548.145893 0.264
41.483341217041016 1624362548.152852 0.264
41.483341217041016 1624362548.159882 0.264
41.483341217041016 1624362548.166887 0.264
41.483341217041016 1624362548.173903 0.264
41.483341217041016 1624362548.180918 0.264
41.483341217041016 1624362548.187816 0.264
41.483341217041016 1624362548.194812 0.264
41.483341217041016 1624362548.201824 0.264
41.483341217041016 1624362548.208848 0.264
41.483341217041016 1624362548.215909 0.264
41.483341217041016 1624362548.222912 0.264
41.483341217041016 1624362548.229929 0.264
41.483341217041016 1624362548.236987 0.264
41.483341217041016 1624362548.243917 0.264
41.483341217041016 1624362548.250922 0.264
41.483341217041016 1624362548.257899 0.264
41.483341217041016 1624362548.264949 0.264
41.483341217041016 1624362548.271925 0.264
41.483341217041016 1624362548.278771 0.264
41.483341217041016 1624362548.28572 0.264
41.483341217041016 1624362548.292666 0.264
41.483341217041016 1624362548.299747 0.264
41.483341217041016 1624362548.306692 0.264
41.483341217041016 1624362548.313735 0.264
41.483341217041016 1624362548.320779 0.264
41.483341217041016 1624362548.327768 0.264
41.483341217041016 1624362548.334794 0.264
41.483341217041016 1624362548.341788 0.264
42.111881256103516 1624362548.348788 0.264
41.483341217041016 1624362548.355774 0.264
41.483341217041016 1624362548.362822 0.264
41.483341217041016 1624362548.369815 0.264
41.483341217041016 1624362548.376841 0.264
41.483341217041016 1624362548.383767 0.264
41.483341217041016 1624362548.390764 0.264
41.483341217041016 1624362548.397753 0.264
41.483341217041016 1624362548.404836 0.264
41.483341217041016 1624362548.411768 0.264
41.483341217041016 1624362548.418778 0.264
41.483341217041016 1624362548.425864 0.264
41.483341217041016 1624362548.432821 0.264
41.483341217041016 1624362548.439873 0.264
41.483341217041016 1624362548.446832 0.264
41.483341217041016 1624362548.453881 0.264
41.483341217041016 1624362548.460858 0.264
41.483341217041016 1624362548.467833 0.264
41.483341217041016 1624362548.474651 0.264
41.483341217041016 1624362548.481669 0.264
41.483341217041016 1624362548.488669 0.264
41.483341217041016 1624362548.49572 0.264
41.483341217041016 1624362548.502715 0.264
41.483341217041016 1624362548.509669 0.264
41.483341217041016 1624362548.51673 0.264
41.483341217041016 1624362548.523715 0.264
41.483341217041016 1624362548.530744 0.264
41.483341217041016 1624362548.537752 0.264
41.483341217041016 1624362548.54465 0.264
41.483341217041016 1624362548.551671 0.264
41.483341217041016 1624362548.558642 0.264
41.483341217041016 1624362548.565771 0.264
41.483341217041016 1624362548.572773 0.264
41.483341217041016 1624362548.579686 0.264
41.483341217041016 1624362548.586765 0.264
41.483341217041016 1624362548.593837 0.264
41.483341217041016 1624362548.600772 0.264
41.483341217041016 1624362548.607728 0.264
41.483341217041016 1624362548.614764 0.264
41.483341217041016 1624362548.621806 0.264
41.483341217041016 1624362548.628813 0.264
41.483341217041016 1624362548.635751 0.264
41.483341217041016 1624362548.642752 0.264
41.483341217041016 1624362548.649799 0.264
41.483341217041016 1624362548.656742 0.264
41.483341217041016 1624362548.663737 0.264
41.483341217041016 1624362548.670617 0.264
41.483341217041016 1624362548.677572 0.264
41.483341217041016 1624362548.684544 0.264
41.483341217041016 1624362548.691574 0.264
41.483341217041016 1624362548.698558 0.264
41.483341217041016 1624362548.705572 0.264
41.483341217041016 1624362548.712609 0.264
41.483341217041016 1624362548.719617 0.264
41.483341217041016 1624362548.726637 0.264
41.483341217041016 1624362548.733627 0.264
41.483341217041016 1624362548.740581 0.264
41.483341217041016 1624362548.747576 0.264
41.483341217041016 1624362548.754652 0.264
41.483341217041016 1624362548.76172 0.264
41.483341217041016 1624362548.768701 0.264
40.85480880737305 1624362548.775715 0.264
41.483341217041016 1624362548.782702 0.264
41.483341217041016 1624362548.78977 0.264
41.483341217041016 1624362548.796696 0.264
41.483341217041016 1624362548.803708 0.264
41.483341217041016 1624362548.810757 0.264
41.483341217041016 1624362548.81776 0.264
41.483341217041016 1624362548.824708 0.264
41.483341217041016 1624362548.831757 0.264
41.483341217041016 1624362548.838715 0.264
40.85480880737305 1624362548.845797 0.264
41.483341217041016 1624362548.852786 0.264
41.483341217041016 1624362548.859755 0.264
41.483341217041016 1624362548.866756 0.264
41.483341217041016 1624362548.873593 0.264
41.483341217041016 1624362548.880592 0.264
41.483341217041016 1624362548.887602 0.264
41.483341217041016 1624362548.894633 0.264
41.483341217041016 1624362548.901608 0.264
41.483341217041016 1624362548.908663 0.264
41.483341217041016 1624362548.915623 0.264
41.483341217041016 1624362548.922644 0.264
41.483341217041016 1624362548.929636 0.264
41.483341217041016 1624362548.936554 0.264
41.483341217041016 1624362548.943692 0.264
41.483341217041016 1624362548.9507 0.264
41.483341217041016 1624362548.957724 0.264
41.483341217041016 1624362548.964718 0.264
41.483341217041016 1624362548.971707 0.264
41.483341217041016 1624362548.978656 0.264
41.483341217041016 1624362548.985646 0.264
41.483341217041016 1624362548.992682 0.264
41.483341217041016 1624362548.999689 0.264
41.483341217041016 1624362549.006648 0.264
41.483341217041016 1624362549.013683 0.264
41.483341217041016 1624362549.020666 0.264
41.483341217041016 1624362549.027687 0.264
41.483341217041016 1624362549.034447 0.264
41.483341217041016 1624362549.041469 0.264
41.483341217041016 1624362549.048525 0.264
41.483341217041016 1624362549.055604 0.264
41.483341217041016 1624362549.062599 0.264
41.483341217041016 1624362549.069547 0.264
41.483341217041016 1624362549.076537 0.264
41.483341217041016 1624362549.083596 0.264
40.85480880737305 1624362549.090527 0.264
41.483341217041016 1624362549.097609 0.264
41.483341217041016 1624362549.104615 0.264
41.483341217041016 1624362549.111551 0.264
41.483341217041016 1624362549.118654 0.264
41.483341217041016 1624362549.125641 0.264
41.483341217041016 1624362549.132528 0.264
41.483341217041016 1624362549.139574 0.264
41.483341217041016 1624362549.146538 0.264
41.483341217041016 1624362549.153576 0.264
41.483341217041016 1624362549.160566 0.264
41.483341217041016 1624362549.167613 0.264
41.483341217041016 1624362549.174637 0.264
41.483341217041016 1624362549.18164 0.264
41.483341217041016 1624362549.188658 0.264
41.483341217041016 1624362549.195661 0.264
41.483341217041016 1624362549.202672 0.264
41.483341217041016 1624362549.20968 0.264
41.483341217041016 1624362549.216706 0.264
41.483341217041016 1624362549.223473 0.264
41.483341217041016 1624362549.230511 0.264
41.483341217041016 1624362549.237485 0.264
41.483341217041016 1624362549.244442 0.264
41.483341217041016 1624362549.251509 0.264
41.483341217041016 1624362549.258405 0.264
41.483341217041016 1624362549.265502 0.264
41.483341217041016 1624362549.272508 0.264
41.483341217041016 1624362549.279462 0.264
41.483341217041016 1624362549.286454 0.264
41.483341217041016 1624362549.293474 0.264
41.483341217041016 1624362549.300534 0.264
41.483341217041016 1624362549.307558 0.264
41.483341217041016 1624362549.3146 0.264
41.483341217041016 1624362549.3216 0.264
41.483341217041016 1624362549.328571 0.264
40.85480880737305 1624362549.335574 0.264
41.483341217041016 1624362549.342581 0.264
41.483341217041016 1624362549.349551 0.264
41.483341217041016 1624362549.356533 0.264
41.483341217041016 1624362549.363539 0.264
41.483341217041016 1624362549.370597 0.264
41.483341217041016 1624362549.377575 0.264
41.483341217041016 1624362549.384577 0.264
41.483341217041016 1624362549.39162 0.264
41.483341217041016 1624362549.398554 0.264
41.483341217041016 1624362549.405584 0.264
41.4572868347168 1624362549.412638 0.264
41.483341217041016 1624362549.419498 0.264
41.4572868347168 1624362549.426489 0.264
41.4572868347168 1624362549.433431 0.264
41.483341217041016 1624362549.440374 0.264
41.4572868347168 1624362549.447372 0.264
41.4572868347168 1624362549.454454 0.264
41.483341217041016 1624362549.461383 0.264
41.483341217041016 1624362549.468493 0.264
41.4572868347168 1624362549.47549 0.264
41.483341217041016 1624362549.482497 0.264
41.483341217041016 1624362549.489392 0.264
41.483341217041016 1624362549.496407 0.264
40.85480880737305 1624362549.50348 0.264
41.4572868347168 1624362549.510511 0.264
41.483341217041016 1624362549.517503 0.264
41.483341217041016 1624362549.52452 0.264
41.483341217041016 1624362549.531537 0.264
41.483341217041016 1624362549.538543 0.264
41.483341217041016 1624362549.545527 0.264
41.483341217041016 1624362549.552547 0.264
40.85480880737305 1624362549.559529 0.264
41.483341217041016 1624362549.566492 0.264
41.483341217041016 1624362549.573488 0.264
41.4572868347168 1624362549.580552 0.264
41.483341217041016 1624362549.587544 0.264
41.483341217041016 1624362549.594451 0.264
41.483341217041016 1624362549.601445 0.264
41.483341217041016 1624362549.60831 0.264
41.483341217041016 1624362549.615308 0.264
41.483341217041016 1624362549.622387 0.264
41.483341217041016 1624362549.629349 0.264
40.85480880737305 1624362549.636354 0.264
41.483341217041016 1624362549.643449 0.264
41.483341217041016 1624362549.65046 0.264
40.82914352416992 1624362549.657346 0.264
41.483341217041016 1624362549.664422 0.264
41.483341217041016 1624362549.671407 0.264
41.483341217041016 1624362549.678471 0.264
41.4572868347168 1624362549.685501 0.264
41.4572868347168 1624362549.692429 0.264
41.483341217041016 1624362549.699484 0.264
41.483341217041016 1624362549.706406 0.264
41.483341217041016 1624362549.713394 0.264
41.483341217041016 1624362549.72033 0.264
41.483341217041016 1624362549.727383 0.264
41.483341217041016 1624362549.734412 0.264
41.483341217041016 1624362549.741375 0.264
40.85480880737305 1624362549.748407 0.264
41.483341217041016 1624362549.755381 0.264
41.483341217041016 1624362549.762402 0.264
41.483341217041016 1624362549.769389 0.264
41.483341217041016 1624362549.776378 0.264
41.483341217041016 1624362549.783311 0.264
41.483341217041016 1624362549.790299 0.264
41.483341217041016 1624362549.797257 0.264
41.483341217041016 1624362549.804261 0.264
41.483341217041016 1624362549.811249 0.264
41.483341217041016 1624362549.818276 0.264
41.483341217041016 1624362549.825302 0.264
41.483341217041016 1624362549.832264 0.264
41.483341217041016 1624362549.839334 0.264
41.483341217041016 1624362549.846392 0.264
41.483341217041016 1624362549.853411 0.264
40.85480880737305 1624362549.860377 0.264
41.483341217041016 1624362549.867351 0.264
41.483341217041016 1624362549.874371 0.264
40.85480880737305 1624362549.881384 0.264
41.483341217041016 1624362549.88842 0.264
41.483341217041016 1624362549.895408 0.264
41.483341217041016 1624362549.902368 0.264
41.483341217041016 1624362549.909309 0.264
41.483341217041016 1624362549.916468 0.264
41.483341217041016 1624362549.923405 0.264
41.483341217041016 1624362549.930426 0.264
41.483341217041016 1624362549.937386 0.264
41.483341217041016 1624362549.944395 0.264
41.483341217041016 1624362549.951408 0.264
40.85480880737305 1624362549.958346 0.264
41.4572868347168 1624362549.965343 0.264
41.4572868347168 1624362549.972357 0.264
41.4572868347168 1624362549.979381 0.264
41.483341217041016 1624362549.986346 0.264
40.82914352416992 1624362549.993368 0.264
41.4572868347168 1624362550.000192 0.264
41.483341217041016 1624362550.007128 0.264
41.483341217041016 1624362550.014272 0.264
41.483341217041016 1624362550.021313 0.264
41.483341217041016 1624362550.028323 0.264
41.483341217041016 1624362550.035213 0.264
