1573.8724365234375 1625219245.135659
1568.9923095703125 1625219245.143204
1572.093017578125 1625219245.150214
1571.2073974609375 1625219245.157144
1578.5380859375 1625219245.164275
1576.98291015625 1625219245.171228
1572.093017578125 1625219245.178318
1566.5634765625 1625219245.185224
1570.542724609375 1625219245.192246
1572.093017578125 1625219245.199216
1578.5380859375 1625219245.206243
1574.5341796875 1625219245.213289
1568.9923095703125 1625219245.220099
1570.542724609375 1625219245.227101
1573.8724365234375 1625219245.234068
1566.5634765625 1625219245.241479
1557.0987548828125 1625219245.248466
1555.3846435546875 1625219245.25548
1574.5341796875 1625219245.262466
1580.09326171875 1625219245.269394
1573.6434326171875 1625219245.2764
1580.09326171875 1625219245.283428
1574.5341796875 1625219245.290449
1570.542724609375 1625219245.297426
1580.996826171875 1625219245.304382
1578.5380859375 1625219245.31138
1560.1851806640625 1625219245.318507
1560.1851806640625 1625219245.325354
1567.2333984375 1625219245.332383
1573.8724365234375 1625219245.33938
1581.6484375 1625219245.346375
1598.74609375 1625219245.353377
1598.74609375 1625219245.360322
1593.75 1625219245.367204
1611.023681640625 1625219245.37423
1616.71923828125 1625219245.381226
1612.598388671875 1625219245.388174
1620.85302734375 1625219245.395192
1606.918212890625 1625219245.402128
1605.9654541015625 1625219245.409183
1610.0628662109375 1625219245.416147
1612.598388671875 1625219245.423169
1598.74609375 1625219245.430136
1597.1787109375 1625219245.437135
1602.8258056640625 1625219245.444149
1593.75 1625219245.451158
1596.244140625 1625219245.458098
1572.9813232421875 1625219245.46511
1572.9813232421875 1625219245.47229
1548.3870849609375 1625219245.479146
1549.079833984375 1625219245.486104
1543.6446533203125 1625219245.493122
1546.0123291015625 1625219245.499999
1552.3077392578125 1625219245.506946
1552.3077392578125 1625219245.513947
1542.94482421875 1625219245.521031
1540.5819091796875 1625219245.528019
1550.7691650390625 1625219245.535039
1554.6995849609375 1625219245.54214
1560.1851806640625 1625219245.548979
1539.050537109375 1625219245.556031
1538.2261962890625 1625219245.562957
1536.697265625 1625219245.569973
1536.697265625 1625219245.576956
1538.2261962890625 1625219245.585866
1535.168212890625 1625219245.593049
1532.8243408203125 1625219245.600114
1526.63623046875 1625219245.607088
1525.1141357421875 1625219245.614035
1532.8243408203125 1625219245.621061
1531.2977294921875 1625219245.628085
1526.63623046875 1625219245.635392
1525.1141357421875 1625219245.643051
1530.48779296875 1625219245.64988
1531.2977294921875 1625219245.657083
1535.168212890625 1625219245.664052
1532.8243408203125 1625219245.670983
1527.43896484375 1625219245.678002
1529.77099609375 1625219245.684993
1522.070068359375 1625219245.692076
1525.1141357421875 1625219245.698951
1527.43896484375 1625219245.705932
1527.43896484375 1625219245.712951
1531.2977294921875 1625219245.720066
1527.43896484375 1625219245.727017
1521.276611328125 1625219245.73408
1515.9332275390625 1625219245.741083
1519.7568359375 1625219245.748144
1515.9332275390625 1625219245.755266
1517.45068359375 1625219245.762157
1521.276611328125 1625219245.769367
1523.5921630859375 1625219245.776274
1521.276611328125 1625219245.783295
1523.5921630859375 1625219245.79032
1525.1141357421875 1625219245.797403
1521.276611328125 1625219245.804336
1521.276611328125 1625219245.811544
1523.5921630859375 1625219245.819248
1522.070068359375 1625219245.8263
1521.276611328125 1625219245.833342
1517.45068359375 1625219245.840296
1523.5921630859375 1625219245.847337
1518.9681396484375 1625219245.85436
1523.5921630859375 1625219245.861276
1522.070068359375 1625219245.868348
1519.7568359375 1625219245.875253
1517.45068359375 1625219245.88237
1515.9332275390625 1625219245.88938
1513.6363525390625 1625219245.897348
1513.6363525390625 1625219245.904289
1504.53173828125 1625219245.911357
1508.3206787109375 1625219245.918255
1519.7568359375 1625219245.925353
1515.9332275390625 1625219245.932322
1512.1212158203125 1625219245.939284
1516.6666259765625 1625219245.946277
1525.1141357421875 1625219245.953286
1525.1141357421875 1625219245.960353
1528.9635009765625 1625219245.968232
1525.1141357421875 1625219245.975313
1515.1514892578125 1625219245.982224
1519.7568359375 1625219245.989202
1515.1514892578125 1625219245.996154
1513.6363525390625 1625219246.003245
1511.346435546875 1625219246.010286
1517.45068359375 1625219246.017275
1515.9332275390625 1625219246.024239
1515.9332275390625 1625219246.031506
1512.1212158203125 1625219246.038295
1518.237060546875 1625219246.045321
1517.45068359375 1625219246.052261
1513.6363525390625 1625219246.05927
1512.1212158203125 1625219246.066321
1508.3206787109375 1625219246.073333
1515.1514892578125 1625219246.08121
1512.1212158203125 1625219246.088101
1511.346435546875 1625219246.095106
1512.1212158203125 1625219246.102112
1515.9332275390625 1625219246.109367
1518.237060546875 1625219246.117188
1509.0634765625 1625219246.124137
1508.3206787109375 1625219246.131163
1508.3206787109375 1625219246.1383
1500.754150390625 1625219246.145175
1506.042236328125 1625219246.15218
1500.754150390625 1625219246.159244
1504.53173828125 1625219246.166283
1515.1514892578125 1625219246.17333
1514.415771484375 1625219246.181286
1498.4940185546875 1625219246.188427
1500.0 1625219246.196109
1502.262451171875 1625219246.203116
1502.262451171875 1625219246.210104
1506.042236328125 1625219246.217102
1509.8336181640625 1625219246.224071
1512.1212158203125 1625219246.23108
1510.6060791015625 1625219246.238136
1515.9332275390625 1625219246.245125
1509.8336181640625 1625219246.252096
1509.8336181640625 1625219246.259231
1508.3206787109375 1625219246.266192
1512.1212158203125 1625219246.273232
1512.1212158203125 1625219246.280196
1508.3206787109375 1625219246.287235
1515.9332275390625 1625219246.294196
1514.415771484375 1625219246.301188
1508.3206787109375 1625219246.308177
1519.7568359375 1625219246.315265
1515.9332275390625 1625219246.323006
1510.6060791015625 1625219246.329979
1507.5758056640625 1625219246.337166
1546.0123291015625 1625219246.344056
1540.5819091796875 1625219246.351108
1542.11328125 1625219246.358092
1542.94482421875 1625219246.365139
1539.8773193359375 1625219246.372175
1532.8243408203125 1625219246.379183
1526.63623046875 1625219246.386135
1523.5921630859375 1625219246.393174
1527.43896484375 1625219246.400181
1523.5921630859375 1625219246.407157
1515.1514892578125 1625219246.414275
1517.45068359375 1625219246.422275
1515.1514892578125 1625219246.429996
1515.9332275390625 1625219246.436974
1515.9332275390625 1625219246.443992
1513.6363525390625 1625219246.451295
1510.6060791015625 1625219246.459037
1505.2950439453125 1625219246.466013
1490.990966796875 1625219246.473037
1508.3206787109375 1625219246.480056
1510.573974609375 1625219246.487084
1516.6666259765625 1625219246.494276
1524.3902587890625 1625219246.501112
1515.9332275390625 1625219246.508107
1517.45068359375 1625219246.51514
1516.6666259765625 1625219246.52222
1521.276611328125 1625219246.530152
1518.237060546875 1625219246.537279
1519.6968994140625 1625219246.545223
1524.3160400390625 1625219246.553175
1517.45068359375 1625219246.560068
1512.859375 1625219246.567056
1517.45068359375 1625219246.574035
1520.485595703125 1625219246.581033
1527.43896484375 1625219246.588179
1523.5921630859375 1625219246.596118
1508.3206787109375 1625219246.603148
1506.8079833984375 1625219246.610142
1511.346435546875 1625219246.617091
1515.9332275390625 1625219246.624046
1517.45068359375 1625219246.631095
1518.9681396484375 1625219246.638115
1511.346435546875 1625219246.645269
1514.415771484375 1625219246.652929
1504.53173828125 1625219246.659887
1504.53173828125 1625219246.666971
1508.3206787109375 1625219246.673949
1500.0 1625219246.680964
1500.754150390625 1625219246.688037
1500.0 1625219246.694967
1503.0120849609375 1625219246.702081
1507.5528564453125 1625219246.708989
1506.8079833984375 1625219246.716027
1511.346435546875 1625219246.722944
1508.3206787109375 1625219246.730021
1509.8336181640625 1625219246.736984
1510.6060791015625 1625219246.743936
1497.7442626953125 1625219246.751038
1508.3206787109375 1625219246.758292
1508.3206787109375 1625219246.766024
1506.042236328125 1625219246.773194
1503.0211181640625 1625219246.780986
1503.0211181640625 1625219246.787902
1493.9940185546875 1625219246.794954
1494.73681640625 1625219246.801869
1491.7293701171875 1625219246.808941
1501.5106201171875 1625219246.816913
1498.4940185546875 1625219246.824009
1488.755615234375 1625219246.831028
1493.2330322265625 1625219246.838105
1494.73681640625 1625219246.845071
1500.0 1625219246.852066
1502.262451171875 1625219246.859024
1489.4893798828125 1625219246.865963
1493.9940185546875 1625219246.873054
1500.0 1625219246.880005
1495.48193359375 1625219246.887049
1506.042236328125 1625219246.893959
1494.73681640625 1625219246.9011
1506.787353515625 1625219246.908889
1506.042236328125 1625219246.91587
1504.53173828125 1625219246.9229
1515.9332275390625 1625219246.929875
1513.6363525390625 1625219246.936954
1510.6060791015625 1625219246.943904
1506.8079833984375 1625219246.950956
1503.0211181640625 1625219246.957966
1498.4940185546875 1625219246.964901
1500.0 1625219246.971986
1504.53173828125 1625219246.978923
1503.0211181640625 1625219246.985948
1496.2406005859375 1625219246.992875
1503.770751953125 1625219247.00003
1504.53173828125 1625219247.006976
1497.7442626953125 1625219247.014005
1502.262451171875 1625219247.020984
1506.042236328125 1625219247.027958
1502.262451171875 1625219247.035039
1505.279052734375 1625219247.041957
1502.262451171875 1625219247.048985
1505.279052734375 1625219247.055951
1511.346435546875 1625219247.062975
1508.3206787109375 1625219247.070144
1506.042236328125 1625219247.078012
1506.042236328125 1625219247.085087
1504.53173828125 1625219247.092896
1503.0211181640625 1625219247.099907
1502.262451171875 1625219247.10686
1504.53173828125 1625219247.113928
1502.262451171875 1625219247.120922
1494.73681640625 1625219247.127954
1498.4940185546875 1625219247.134959
1496.9879150390625 1625219247.142078
1482.035888671875 1625219247.150013
1481.3154296875 1625219247.156935
1487.25634765625 1625219247.163883
1481.3154296875 1625219247.170892
1483.532958984375 1625219247.178011
1474.626953125 1625219247.185843
1474.626953125 1625219247.192776
1477.6119384765625 1625219247.19979
1474.626953125 1625219247.206841
1472.42919921875 1625219247.213825
1477.6119384765625 1625219247.22088
1473.13427734375 1625219247.227916
1478.3258056640625 1625219247.234771
1483.532958984375 1625219247.241821
1477.6119384765625 1625219247.248866
1484.2578125 1625219247.255904
1479.820556640625 1625219247.262955
1476.119384765625 1625219247.269967
1474.626953125 1625219247.276922
1481.3154296875 1625219247.283801
1485.757080078125 1625219247.290867
1479.820556640625 1625219247.29783
1482.035888671875 1625219247.304961
1477.6119384765625 1625219247.312866
1479.820556640625 1625219247.319995
1473.9195556640625 1625219247.327851
1479.820556640625 1625219247.334842
1472.42919921875 1625219247.341824
1476.119384765625 1625219247.34887
1472.42919921875 1625219247.355801
1470.93896484375 1625219247.362779
1478.3258056640625 1625219247.369854
1483.532958984375 1625219247.376806
1483.532958984375 1625219247.383875
1482.8101806640625 1625219247.390833
1480.5389404296875 1625219247.397874
1466.567626953125 1625219247.404856
1468.75 1625219247.411738
1476.8310546875 1625219247.418756
1474.626953125 1625219247.426015
1470.93896484375 1625219247.433901
1461.42431640625 1625219247.44107
1463.5958251953125 1625219247.448793
1463.5958251953125 1625219247.455788
1463.5958251953125 1625219247.462758
1468.053466796875 1625219247.469778
1482.7586669921875 1625219247.476923
1477.6119384765625 1625219247.484806
1482.035888671875 1625219247.491808
1472.42919921875 1625219247.498917
1479.820556640625 1625219247.505871
1482.035888671875 1625219247.51288
1474.626953125 1625219247.519924
1478.3258056640625 1625219247.527976
1479.820556640625 1625219247.535755
1487.25634765625 1625219247.542694
1493.975830078125 1625219247.549686
1492.492431640625 1625219247.556766
1487.25634765625 1625219247.563726
1485.757080078125 1625219247.570771
1489.4893798828125 1625219247.577766
1487.25634765625 1625219247.584819
1495.48193359375 1625219247.591746
1498.4940185546875 1625219247.598725
1498.4940185546875 1625219247.605815
1506.042236328125 1625219247.612837
1502.262451171875 1625219247.61989
1492.492431640625 1625219247.626937
1501.5059814453125 1625219247.634816
1511.346435546875 1625219247.642009
1512.1212158203125 1625219247.64975
1515.9332275390625 1625219247.656654
1508.3206787109375 1625219247.663647
1506.042236328125 1625219247.670772
1506.042236328125 1625219247.677702
1507.5528564453125 1625219247.684711
1513.6363525390625 1625219247.691674
1510.6060791015625 1625219247.698723
1521.276611328125 1625219247.705703
1521.276611328125 1625219247.712709
1508.3206787109375 1625219247.719714
1507.5528564453125 1625219247.726799
1515.1514892578125 1625219247.733713
1525.1141357421875 1625219247.74074
1522.070068359375 1625219247.747748
1522.79638671875 1625219247.754717
1525.9146728515625 1625219247.761741
1522.79638671875 1625219247.768768
1513.6363525390625 1625219247.775805
1518.237060546875 1625219247.782745
1512.1212158203125 1625219247.789782
1513.6363525390625 1625219247.796778
1512.1212158203125 1625219247.803809
1515.9332275390625 1625219247.810619
1510.6060791015625 1625219247.817595
1506.042236328125 1625219247.824622
1506.042236328125 1625219247.831652
1509.8336181640625 1625219247.838571
1511.346435546875 1625219247.845704
1507.5528564453125 1625219247.852628
1509.0909423828125 1625219247.85967
1509.8336181640625 1625219247.866687
1506.042236328125 1625219247.873713
1506.042236328125 1625219247.8807
1511.346435546875 1625219247.887575
1509.8336181640625 1625219247.894716
1510.6060791015625 1625219247.901666
1506.8079833984375 1625219247.908717
1502.262451171875 1625219247.915717
1506.042236328125 1625219247.922705
1509.8336181640625 1625219247.929755
1506.8079833984375 1625219247.936854
1511.346435546875 1625219247.944772
1515.9332275390625 1625219247.951795
1518.9681396484375 1625219247.959735
1531.2977294921875 1625219247.966671
1527.43896484375 1625219247.973567
1525.1141357421875 1625219247.980682
1518.9681396484375 1625219247.987618
1521.276611328125 1625219247.994679
1525.9146728515625 1625219248.001662
1515.9332275390625 1625219248.008627
1516.71728515625 1625219248.01565
1518.237060546875 1625219248.022625
1509.8336181640625 1625219248.029616
1508.295654296875 1625219248.036728
1510.6060791015625 1625219248.043668
1515.1514892578125 1625219248.050707
1512.1212158203125 1625219248.057699
1509.8336181640625 1625219248.06469
1513.6363525390625 1625219248.071744
1517.45068359375 1625219248.079492
1512.1212158203125 1625219248.086628
1509.8336181640625 1625219248.093738
1512.1212158203125 1625219248.101587
1510.6060791015625 1625219248.108642
1508.3206787109375 1625219248.115576
1503.770751953125 1625219248.122669
1498.4940185546875 1625219248.129652
1498.4940185546875 1625219248.136718
1498.4940185546875 1625219248.143639
1490.990966796875 1625219248.150679
1490.990966796875 1625219248.157592
1494.73681640625 1625219248.164594
1502.262451171875 1625219248.171777
1500.0 1625219248.179651
1502.262451171875 1625219248.187545
1504.53173828125 1625219248.194598
1506.042236328125 1625219248.201551
1509.8336181640625 1625219248.208769
1508.3206787109375 1625219248.215583
1509.8336181640625 1625219248.222537
1513.6363525390625 1625219248.229631
1506.042236328125 1625219248.236616
1496.9879150390625 1625219248.243568
1500.754150390625 1625219248.25062
1500.754150390625 1625219248.257615
1496.9879150390625 1625219248.26459
1500.754150390625 1625219248.271654
1493.2330322265625 1625219248.279674
1493.9940185546875 1625219248.287623
1500.0 1625219248.295495
1498.4940185546875 1625219248.302547
1500.754150390625 1625219248.309503
1496.9879150390625 1625219248.316493
1496.2406005859375 1625219248.323491
1487.988037109375 1625219248.330506
1502.262451171875 1625219248.337525
1502.262451171875 1625219248.344585
1505.279052734375 1625219248.351511
1517.45068359375 1625219248.358518
1518.237060546875 1625219248.365523
1513.6363525390625 1625219248.372584
1509.0909423828125 1625219248.379504
1502.262451171875 1625219248.386709
1503.770751953125 1625219248.39464
1503.770751953125 1625219248.401555
1502.262451171875 1625219248.408645
1504.53173828125 1625219248.416416
1503.770751953125 1625219248.423383
1504.53173828125 1625219248.430405
1500.754150390625 1625219248.437706
1496.9879150390625 1625219248.444461
1500.0 1625219248.451448
1498.4940185546875 1625219248.458503
1504.53173828125 1625219248.465511
1506.8079833984375 1625219248.472475
1518.237060546875 1625219248.47962
1500.754150390625 1625219248.486516
1502.262451171875 1625219248.493447
1503.770751953125 1625219248.500546
1502.262451171875 1625219248.507553
1507.5528564453125 1625219248.514561
1504.53173828125 1625219248.521589
1511.346435546875 1625219248.528594
1506.8079833984375 1625219248.535642
1506.042236328125 1625219248.542504
1500.0 1625219248.549541
1506.042236328125 1625219248.556584
1507.5528564453125 1625219248.563517
1500.754150390625 1625219248.57064
1504.53173828125 1625219248.578435
1513.6363525390625 1625219248.585515
1515.9332275390625 1625219248.592646
1517.45068359375 1625219248.60043
1514.415771484375 1625219248.60743
1512.1212158203125 1625219248.614467
1511.346435546875 1625219248.621398
1513.6363525390625 1625219248.628541
1503.770751953125 1625219248.635451
1506.042236328125 1625219248.642475
1505.279052734375 1625219248.649512
1513.6363525390625 1625219248.656413
1512.1212158203125 1625219248.663595
1513.6363525390625 1625219248.671626
1511.346435546875 1625219248.679491
1510.6060791015625 1625219248.686494
1509.8336181640625 1625219248.693583
1502.262451171875 1625219248.70147
1506.042236328125 1625219248.708486
1498.4940185546875 1625219248.715459
1500.0 1625219248.72244
1497.7442626953125 1625219248.729517
1500.754150390625 1625219248.736475
1498.4940185546875 1625219248.743467
1496.9879150390625 1625219248.750468
1507.5528564453125 1625219248.757412
1519.7568359375 1625219248.764386
1515.1514892578125 1625219248.77144
1518.9681396484375 1625219248.778537
1519.7568359375 1625219248.785502
1510.6060791015625 1625219248.792479
1500.754150390625 1625219248.799485
1502.262451171875 1625219248.806505
1509.8336181640625 1625219248.813542
1506.8079833984375 1625219248.820504
1498.4940185546875 1625219248.827484
1506.787353515625 1625219248.834357
1517.45068359375 1625219248.841315
1513.6363525390625 1625219248.848363
1517.45068359375 1625219248.855339
1515.9332275390625 1625219248.862525
1518.237060546875 1625219248.870647
1512.1212158203125 1625219248.87844
1502.262451171875 1625219248.88542
1507.5528564453125 1625219248.892405
1515.9332275390625 1625219248.899378
1511.346435546875 1625219248.90644
1517.45068359375 1625219248.913448
1515.9332275390625 1625219248.920466
1513.6363525390625 1625219248.927515
1518.237060546875 1625219248.934393
1517.45068359375 1625219248.941399
1509.8336181640625 1625219248.948444
1511.346435546875 1625219248.955479
1504.53173828125 1625219248.962501
1513.6363525390625 1625219248.969304
1512.1212158203125 1625219248.976372
1512.1212158203125 1625219248.983295
1514.415771484375 1625219248.990415
1509.0909423828125 1625219248.997384
1515.9332275390625 1625219249.004452
1515.9332275390625 1625219249.011277
1514.415771484375 1625219249.018334
1515.1514892578125 1625219249.02529
1508.3206787109375 1625219249.032327
1515.1514892578125 1625219249.039401
1521.276611328125 1625219249.046378
1518.9681396484375 1625219249.053341
1518.237060546875 1625219249.060626
1513.6363525390625 1625219249.068365
1509.8336181640625 1625219249.075365
1513.6363525390625 1625219249.082399
1514.415771484375 1625219249.089617
1515.9332275390625 1625219249.097414
1514.415771484375 1625219249.104303
1512.1212158203125 1625219249.111269
1509.8336181640625 1625219249.118341
1512.1212158203125 1625219249.125231
1505.279052734375 1625219249.13227
1513.6363525390625 1625219249.139525
1521.276611328125 1625219249.147304
1517.45068359375 1625219249.15429
1512.1212158203125 1625219249.161257
1509.8336181640625 1625219249.168351
1523.5921630859375 1625219249.17535
1527.43896484375 1625219249.18233
1523.5921630859375 1625219249.189455
1528.9635009765625 1625219249.197312
1517.45068359375 1625219249.204359
1531.2977294921875 1625219249.211362
1528.9635009765625 1625219249.218247
1526.63623046875 1625219249.225341
1527.43896484375 1625219249.232289
1523.5921630859375 1625219249.239306
1523.5921630859375 1625219249.246359
1521.276611328125 1625219249.253336
1519.7568359375 1625219249.26029
1527.43896484375 1625219249.267295
1525.1141357421875 1625219249.27429
1527.43896484375 1625219249.281308
1530.48779296875 1625219249.288324
1526.63623046875 1625219249.295264
1519.7568359375 1625219249.302328
1507.5528564453125 1625219249.309271
1525.1141357421875 1625219249.316263
1523.5921630859375 1625219249.323251
1530.48779296875 1625219249.330238
1518.9681396484375 1625219249.337327
1526.63623046875 1625219249.344327
1526.63623046875 1625219249.351293
1512.1212158203125 1625219249.358297
1514.415771484375 1625219249.365314
1512.859375 1625219249.372428
1522.0030517578125 1625219249.380272
1523.5921630859375 1625219249.387168
1523.5921630859375 1625219249.394143
1513.6363525390625 1625219249.401236
1512.1212158203125 1625219249.408139
1513.6363525390625 1625219249.415176
1515.9332275390625 1625219249.422169
1513.6363525390625 1625219249.429297
1512.1212158203125 1625219249.436237
1506.042236328125 1625219249.443118
1509.8336181640625 1625219249.450251
1513.6363525390625 1625219249.45728
1513.6363525390625 1625219249.464262
1508.3206787109375 1625219249.471331
1515.9332275390625 1625219249.478319
1510.6060791015625 1625219249.485269
1517.45068359375 1625219249.492248
1515.9332275390625 1625219249.499295
1519.7568359375 1625219249.506301
1512.1212158203125 1625219249.513292
1513.6363525390625 1625219249.520352
1513.6363525390625 1625219249.527516
1509.8336181640625 1625219249.535135
1514.415771484375 1625219249.542199
1517.45068359375 1625219249.549109
1515.9332275390625 1625219249.55641
1512.1212158203125 1625219249.564175
1517.45068359375 1625219249.57118
1525.1141357421875 1625219249.578183
1519.7568359375 1625219249.585157
1521.276611328125 1625219249.592191
1519.7568359375 1625219249.59924
1520.5479736328125 1625219249.606292
1525.1141357421875 1625219249.614406
1518.9681396484375 1625219249.622259
1522.070068359375 1625219249.629282
1527.43896484375 1625219249.636332
1511.346435546875 1625219249.64404
1508.3206787109375 1625219249.651111
1504.53173828125 1625219249.658041
1502.262451171875 1625219249.665164
1502.262451171875 1625219249.672173
1504.53173828125 1625219249.679208
1504.53173828125 1625219249.686207
1506.042236328125 1625219249.693114
1504.53173828125 1625219249.70015
1506.042236328125 1625219249.707176
1506.042236328125 1625219249.714204
1509.8336181640625 1625219249.72119
1506.8079833984375 1625219249.728244
1504.53173828125 1625219249.73518
1508.3206787109375 1625219249.742252
1515.1514892578125 1625219249.749167
1513.6363525390625 1625219249.756252
1512.1212158203125 1625219249.76314
1512.1212158203125 1625219249.770196
1509.8336181640625 1625219249.77728
1511.346435546875 1625219249.785124
1517.45068359375 1625219249.792114
1515.9332275390625 1625219249.799062
1513.6363525390625 1625219249.806188
1515.9332275390625 1625219249.813079
1511.346435546875 1625219249.820145
1513.6363525390625 1625219249.827109
1542.94482421875 1625219249.834111
1511.346435546875 1625219249.841043
1521.276611328125 1625219249.848163
1525.9146728515625 1625219249.855054
1539.050537109375 1625219249.862157
1535.168212890625 1625219249.869209
1531.2977294921875 1625219249.876121
1533.5364990234375 1625219249.883219
1531.2977294921875 1625219249.890146
1537.51904296875 1625219249.897132
1526.63623046875 1625219249.904113
1523.5205078125 1625219249.911188
1515.9332275390625 1625219249.918201
1521.276611328125 1625219249.925164
1539.050537109375 1625219249.932172
1529.680419921875 1625219249.939351
1522.79638671875 1625219249.94706
1525.1141357421875 1625219249.954106
1533.63916015625 1625219249.961016
1528.9635009765625 1625219249.968091
1532.8243408203125 1625219249.975056
1527.43896484375 1625219249.982042
1525.9146728515625 1625219249.989063
1531.2977294921875 1625219249.99623
1529.77099609375 1625219250.004388
1532.8243408203125 1625219250.012157
1531.2977294921875 1625219250.019165
1527.43896484375 1625219250.026166
1526.63623046875 1625219250.033149
1526.63623046875 1625219250.040124
1530.48779296875 1625219250.047121
1535.168212890625 1625219250.054016
1528.9635009765625 1625219250.060971
1539.050537109375 1625219250.067966
1539.050537109375 1625219250.075
1533.63916015625 1625219250.081934
1531.2977294921875 1625219250.08895
1533.63916015625 1625219250.095946
1529.77099609375 1625219250.103044
1539.050537109375 1625219250.110102
1536.697265625 1625219250.116915
1542.11328125 1625219250.12399
1536.697265625 1625219250.13096
1540.5819091796875 1625219250.137933
1537.51904296875 1625219250.14501
1539.050537109375 1625219250.152046
1538.2261962890625 1625219250.159044
1536.697265625 1625219250.166286
1542.94482421875 1625219250.174136
1545.31494140625 1625219250.181043
1550.7691650390625 1625219250.188083
1553.1588134765625 1625219250.19518
1546.85107421875 1625219250.203142
1534.35107421875 1625219250.210956
1528.9635009765625 1625219250.218029
1545.31494140625 1625219250.225004
1542.94482421875 1625219250.231968
1546.85107421875 1625219250.239017
1545.31494140625 1625219250.245929
1544.478515625 1625219250.253007
1540.5819091796875 1625219250.260193
1528.9635009765625 1625219250.26798
1540.5819091796875 1625219250.275054
1535.168212890625 1625219250.281969
1543.6446533203125 1625219250.289
1535.168212890625 1625219250.296108
1536.697265625 1625219250.303061
1540.5819091796875 1625219250.310186
1535.168212890625 1625219250.317995
1536.697265625 1625219250.324937
1532.8243408203125 1625219250.33191
1531.2977294921875 1625219250.338946
1526.63623046875 1625219250.345957
1535.168212890625 1625219250.352997
1546.0123291015625 1625219250.359915
1540.5819091796875 1625219250.366923
1542.94482421875 1625219250.373961
1546.85107421875 1625219250.380933
1548.3870849609375 1625219250.387945
1546.85107421875 1625219250.394951
1544.478515625 1625219250.401919
1542.94482421875 1625219250.408965
1544.478515625 1625219250.416026
1548.3870849609375 1625219250.42295
1549.2308349609375 1625219250.42994
1548.3870849609375 1625219250.436965
1548.3870849609375 1625219250.443914
1548.3870849609375 1625219250.451054
1546.85107421875 1625219250.457953
1548.3870849609375 1625219250.464987
1544.478515625 1625219250.471983
1553.8460693359375 1625219250.478958
1541.4110107421875 1625219250.486075
1540.5819091796875 1625219250.493784
1536.697265625 1625219250.500836
1535.168212890625 1625219250.507851
1535.168212890625 1625219250.514882
1539.050537109375 1625219250.521865
1540.5819091796875 1625219250.528831
1530.48779296875 1625219250.535902
1527.43896484375 1625219250.542896
1537.51904296875 1625219250.549855
1536.697265625 1625219250.556888
1523.5921630859375 1625219250.563864
1529.77099609375 1625219250.570852
1531.2977294921875 1625219250.577935
1542.11328125 1625219250.5849
1549.079833984375 1625219250.592107
1549.2308349609375 1625219250.600126
1535.8778076171875 1625219250.60796
1540.5819091796875 1625219250.614996
1539.050537109375 1625219250.622767
1540.5819091796875 1625219250.629841
1539.8773193359375 1625219250.636946
1552.3077392578125 1625219250.643825
1553.8460693359375 1625219250.650836
1546.0123291015625 1625219250.657902
1548.3870849609375 1625219250.664841
1542.11328125 1625219250.671934
1538.2261962890625 1625219250.678919
1539.050537109375 1625219250.685854
1546.70751953125 1625219250.692843
1542.94482421875 1625219250.699834
1536.697265625 1625219250.706872
1534.35107421875 1625219250.713872
1539.75537109375 1625219250.720903
1541.4110107421875 1625219250.727857
1531.2977294921875 1625219250.734871
1531.2977294921875 1625219250.741891
1539.050537109375 1625219250.748849
1539.75537109375 1625219250.755855
1537.51904296875 1625219250.76289
1538.2261962890625 1625219250.769925
1536.697265625 1625219250.776971
1537.51904296875 1625219250.783882
1535.168212890625 1625219250.790893
1542.94482421875 1625219250.797871
1546.85107421875 1625219250.804976
1546.0123291015625 1625219250.81297
1550.7691650390625 1625219250.82084
1552.3077392578125 1625219250.827757
1546.85107421875 1625219250.834738
1539.050537109375 1625219250.841735
1536.697265625 1625219250.848736
1535.168212890625 1625219250.855727
1530.48779296875 1625219250.862758
1533.63916015625 1625219250.869734
1535.168212890625 1625219250.876768
1541.4110107421875 1625219250.883816
1536.697265625 1625219250.890753
1536.697265625 1625219250.897784
1540.5819091796875 1625219250.904841
1535.8778076171875 1625219250.911834
1541.4110107421875 1625219250.918789
1539.050537109375 1625219250.925761
1561.7283935546875 1625219250.932824
1560.1851806640625 1625219250.939816
1549.9232177734375 1625219250.946836
1552.3077392578125 1625219250.953817
1560.1851806640625 1625219250.961882
1550.7691650390625 1625219250.969697
1552.3077392578125 1625219250.976786
1554.531494140625 1625219250.98476
1560.1851806640625 1625219250.991884
1560.1851806640625 1625219250.998705
1568.1114501953125 1625219251.005776
1573.6434326171875 1625219251.012806
1570.542724609375 1625219251.019798
1572.093017578125 1625219251.026954
1572.9813232421875 1625219251.034789
1574.5341796875 1625219251.041745
1568.1114501953125 1625219251.048838
1572.093017578125 1625219251.055907
1564.1422119140625 1625219251.063805
1565.687744140625 1625219251.070805
1564.1422119140625 1625219251.077834
1560.1851806640625 1625219251.084823
1558.64208984375 1625219251.09203
1557.78125 1625219251.09971
1564.1422119140625 1625219251.10691
1559.5054931640625 1625219251.114654
1564.341064453125 1625219251.121647
1552.4691162109375 1625219251.1287
1551.4593505859375 1625219251.135706
1550.7691650390625 1625219251.142664
1563.2716064453125 1625219251.149732
1552.3077392578125 1625219251.156752
1559.322021484375 1625219251.163763
1561.051025390625 1625219251.170757
1554.6995849609375 1625219251.177718
1551.4593505859375 1625219251.184761
1564.1422119140625 1625219251.19176
1564.1422119140625 1625219251.198825
1565.687744140625 1625219251.205752
1564.1422119140625 1625219251.212714
1557.78125 1625219251.219792
1555.3846435546875 1625219251.226873
1557.78125 1625219251.23478
1561.051025390625 1625219251.241991
1549.9232177734375 1625219251.249661
1555.3846435546875 1625219251.25669
1570.542724609375 1625219251.263593
1561.051025390625 1625219251.270787
1565.687744140625 1625219251.277718
1563.2716064453125 1625219251.284702
1561.051025390625 1625219251.291712
1572.093017578125 1625219251.298615
1568.1114501953125 1625219251.305698
1573.6434326171875 1625219251.31267
1565.015380859375 1625219251.319742
1568.1114501953125 1625219251.326792
1568.1114501953125 1625219251.333757
1568.1114501953125 1625219251.340626
1570.542724609375 1625219251.34772
1566.5634765625 1625219251.35467
1563.467529296875 1625219251.361683
1564.1422119140625 1625219251.368657
1565.687744140625 1625219251.375698
1569.659423828125 1625219251.38275
1564.1422119140625 1625219251.389694
1564.1422119140625 1625219251.396793
1568.1114501953125 1625219251.404715
1567.4417724609375 1625219251.411546
1565.8914794921875 1625219251.418637
1563.2716064453125 1625219251.425619
1569.659423828125 1625219251.432598
1572.9813232421875 1625219251.439533
1572.093017578125 1625219251.446493
1564.1422119140625 1625219251.453498
1568.1114501953125 1625219251.460506
1561.051025390625 1625219251.467519
1560.1851806640625 1625219251.474473
1568.1114501953125 1625219251.481538
1568.1114501953125 1625219251.488506
1575.4276123046875 1625219251.495505
1563.467529296875 1625219251.502609
1562.5965576171875 1625219251.509532
1560.1851806640625 1625219251.516514
1552.3077392578125 1625219251.523574
1546.85107421875 1625219251.530477
1560.1851806640625 1625219251.537619
1561.051025390625 1625219251.544701
1560.1851806640625 1625219251.551595
1560.1851806640625 1625219251.558762
1551.4593505859375 1625219251.5666
1558.64208984375 1625219251.573619
1562.5965576171875 1625219251.58054
1566.5634765625 1625219251.587746
1572.093017578125 1625219251.594608
1570.542724609375 1625219251.601579
1570.542724609375 1625219251.608723
1572.093017578125 1625219251.61664
1572.9813232421875 1625219251.623663
1566.5634765625 1625219251.63074
1564.1422119140625 1625219251.638563
1572.093017578125 1625219251.6456
1568.9923095703125 1625219251.652636
1566.5634765625 1625219251.659621
1566.5634765625 1625219251.666621
1568.9923095703125 1625219251.673615
1576.98291015625 1625219251.680612
1578.5380859375 1625219251.687732
1584.1121826171875 1625219251.695485
1574.5341796875 1625219251.702577
1570.542724609375 1625219251.709571
1578.5380859375 1625219251.716518
1567.4417724609375 1625219251.723501
1572.093017578125 1625219251.730566
1562.5965576171875 1625219251.737517
1558.64208984375 1625219251.744503
1546.85107421875 1625219251.751529
1543.77880859375 1625219251.758578
1549.2308349609375 1625219251.765486
1552.3077392578125 1625219251.772584
1556.2403564453125 1625219251.779532
1554.6995849609375 1625219251.786672
1549.9232177734375 1625219251.794623
1550.7691650390625 1625219251.801663
1556.2403564453125 1625219251.809633
1553.8460693359375 1625219251.816557
1550.7691650390625 1625219251.823683
1558.64208984375 1625219251.831629
1546.85107421875 1625219251.838457
1544.478515625 1625219251.845485
1550.7691650390625 1625219251.852552
1550.7691650390625 1625219251.85949
1550.7691650390625 1625219251.866455
1558.64208984375 1625219251.873518
1560.1851806640625 1625219251.880485
1562.5965576171875 1625219251.887522
1556.2403564453125 1625219251.894462
1557.78125 1625219251.901465
1565.687744140625 1625219251.908477
1558.64208984375 1625219251.915452
1561.7283935546875 1625219251.922511
1565.015380859375 1625219251.929494
1566.5634765625 1625219251.936479
1557.0987548828125 1625219251.943424
1561.051025390625 1625219251.950449
1549.9232177734375 1625219251.957478
1549.2308349609375 1625219251.964456
1550.7691650390625 1625219251.971445
1554.6995849609375 1625219251.978507
1546.85107421875 1625219251.98546
1546.85107421875 1625219251.992632
1535.168212890625 1625219251.999508
1536.697265625 1625219252.00641
1539.050537109375 1625219252.013464
1532.8243408203125 1625219252.020493
1531.2977294921875 1625219252.027529
1539.050537109375 1625219252.034635
1537.51904296875 1625219252.041481
1535.98779296875 1625219252.048497
1536.697265625 1625219252.055471
1542.94482421875 1625219252.062526
1536.697265625 1625219252.069555
1549.9232177734375 1625219252.076885
1554.6995849609375 1625219252.084606
1552.3077392578125 1625219252.092461
1550.7691650390625 1625219252.099416
1560.1851806640625 1625219252.106432
1564.1422119140625 1625219252.113514
1562.5965576171875 1625219252.120407
1569.659423828125 1625219252.127441
1569.659423828125 1625219252.134544
1565.687744140625 1625219252.141417
1569.659423828125 1625219252.148391
1570.542724609375 1625219252.155412
1568.1114501953125 1625219252.162438
1559.5054931640625 1625219252.169521
1552.3077392578125 1625219252.176518
1573.6434326171875 1625219252.183458
1556.2403564453125 1625219252.190424
1556.2403564453125 1625219252.197405
1558.64208984375 1625219252.204358
1573.6434326171875 1625219252.211691
1566.5634765625 1625219252.219475
1560.1851806640625 1625219252.226676
1553.1588134765625 1625219252.23443
1558.64208984375 1625219252.241336
1556.2403564453125 1625219252.248321
1556.2403564453125 1625219252.255367
1554.6995849609375 1625219252.262617
1560.1851806640625 1625219252.270339
1550.7691650390625 1625219252.277591
1556.2403564453125 1625219252.285711
1549.9232177734375 1625219252.293476
1560.1851806640625 1625219252.300508
1561.7283935546875 1625219252.307432
1568.1114501953125 1625219252.314501
1554.6995849609375 1625219252.321522
1572.093017578125 1625219252.328476
1559.322021484375 1625219252.335454
1575.4276123046875 1625219252.342308
1576.98291015625 1625219252.349275
1556.9229736328125 1625219252.35629
1548.5361328125 1625219252.363318
1540.5819091796875 1625219252.370397
1552.3077392578125 1625219252.377535
1557.78125 1625219252.38537
1562.5965576171875 1625219252.392227
1565.687744140625 1625219252.399259
1564.1422119140625 1625219252.40622
1568.9923095703125 1625219252.413173
1570.542724609375 1625219252.42015
1565.015380859375 1625219252.427152
1560.1851806640625 1625219252.434111
1559.322021484375 1625219252.441116
1570.542724609375 1625219252.448095
1558.64208984375 1625219252.455057
1557.0987548828125 1625219252.462055
1557.0987548828125 1625219252.469042
1565.687744140625 1625219252.476127
1568.1114501953125 1625219252.483056
1561.7283935546875 1625219252.490056
1564.1422119140625 1625219252.497101
1562.5965576171875 1625219252.504042
1558.64208984375 1625219252.511134
1548.3870849609375 1625219252.518132
1556.2403564453125 1625219252.525104
1556.2403564453125 1625219252.532167
1563.2716064453125 1625219252.538964
1559.322021484375 1625219252.545971
1560.1851806640625 1625219252.552943
1564.1422119140625 1625219252.559952
1573.6434326171875 1625219252.566961
1577.6396484375 1625219252.573929
1576.98291015625 1625219252.580963
1576.0870361328125 1625219252.587896
1567.2333984375 1625219252.59497
1570.542724609375 1625219252.601983
1563.467529296875 1625219252.608965
1560.1851806640625 1625219252.615953
1561.051025390625 1625219252.622977
1565.015380859375 1625219252.629935
1562.5965576171875 1625219252.636997
1564.1422119140625 1625219252.643953
1569.659423828125 1625219252.651032
1580.09326171875 1625219252.657998
1577.6396484375 1625219252.664965
1578.5380859375 1625219252.672
1580.996826171875 1625219252.67901
1570.542724609375 1625219252.685998
1570.542724609375 1625219252.692999
1565.015380859375 1625219252.700001
1558.64208984375 1625219252.706977
1546.85107421875 1625219252.713989
1544.478515625 1625219252.72099
1546.85107421875 1625219252.727974
1546.85107421875 1625219252.735018
1554.6995849609375 1625219252.742057
1560.1851806640625 1625219252.749028
1561.051025390625 1625219252.756008
1554.6995849609375 1625219252.76307
1553.1588134765625 1625219252.770038
1561.051025390625 1625219252.777058
1556.2403564453125 1625219252.784064
1556.2403564453125 1625219252.791003
1538.2261962890625 1625219252.797849
1535.168212890625 1625219252.804854
1536.697265625 1625219252.811972
1539.050537109375 1625219252.818842
1537.51904296875 1625219252.825834
1543.77880859375 1625219252.832891
1539.050537109375 1625219252.83982
1531.2977294921875 1625219252.846832
1530.48779296875 1625219252.85379
1531.2977294921875 1625219252.860901
1533.5364990234375 1625219252.867843
1530.48779296875 1625219252.874804
1521.276611328125 1625219252.881922
1523.5921630859375 1625219252.888855
1523.5921630859375 1625219252.895906
1525.1141357421875 1625219252.902852
1530.48779296875 1625219252.909812
1529.680419921875 1625219252.916861
1534.35107421875 1625219252.923829
1528.9635009765625 1625219252.931005
1538.2261962890625 1625219252.937879
1532.8243408203125 1625219252.944974
1532.01220703125 1625219252.951983
1534.35107421875 1625219252.958871
1528.9635009765625 1625219252.965927
1535.168212890625 1625219252.972911
1544.478515625 1625219252.979969
1542.94482421875 1625219252.986951
1539.75537109375 1625219252.993985
1553.8460693359375 1625219253.000952
1542.11328125 1625219253.007942
1556.2403564453125 1625219253.014965
1552.3077392578125 1625219253.021955
1548.3870849609375 1625219253.028908
1550.7691650390625 1625219253.035966
1550.7691650390625 1625219253.042925
1550.7691650390625 1625219253.049889
1552.9954833984375 1625219253.056903
1551.4593505859375 1625219253.063948
1535.168212890625 1625219253.070963
1539.050537109375 1625219253.077961
1539.050537109375 1625219253.084963
1540.5819091796875 1625219253.091939
1548.3870849609375 1625219253.098972
1556.2403564453125 1625219253.105971
1554.6995849609375 1625219253.113005
1546.85107421875 1625219253.119958
1544.478515625 1625219253.127037
1535.8778076171875 1625219253.13381
1546.0123291015625 1625219253.140903
1535.168212890625 1625219253.147805
1543.6446533203125 1625219253.154695
1546.1539306640625 1625219253.161762
1542.94482421875 1625219253.168848
1537.51904296875 1625219253.175716
1528.9635009765625 1625219253.182881
1527.43896484375 1625219253.189919
1539.75537109375 1625219253.196919
1550.7691650390625 1625219253.203936
1546.85107421875 1625219253.210906
1557.9598388671875 1625219253.217912
1565.687744140625 1625219253.224973
1547.6922607421875 1625219253.23214
1535.168212890625 1625219253.239024
1526.63623046875 1625219253.245968
1535.168212890625 1625219253.253048
1536.697265625 1625219253.259991
1529.77099609375 1625219253.267039
1535.168212890625 1625219253.273919
1527.43896484375 1625219253.281194
1547.5460205078125 1625219253.288002
1548.3870849609375 1625219253.295051
1550.7691650390625 1625219253.30195
1548.3870849609375 1625219253.309023
1562.5965576171875 1625219253.315986
1557.9598388671875 1625219253.322994
1560.1851806640625 1625219253.330038
1560.1851806640625 1625219253.336983
1568.9923095703125 1625219253.344096
1570.542724609375 1625219253.35109
1562.5965576171875 1625219253.358015
1560.1851806640625 1625219253.364947
1560.1851806640625 1625219253.37202
1552.3077392578125 1625219253.378983
1553.8460693359375 1625219253.386091
1542.94482421875 1625219253.393047
1537.51904296875 1625219253.400017
1540.5819091796875 1625219253.407015
1538.2261962890625 1625219253.414023
1539.75537109375 1625219253.421025
1519.7568359375 1625219253.428134
1519.7568359375 1625219253.435135
1525.1141357421875 1625219253.442868
1525.1141357421875 1625219253.449952
1523.5921630859375 1625219253.456912
1521.276611328125 1625219253.463852
1513.6363525390625 1625219253.470937
1515.1514892578125 1625219253.477944
1515.9332275390625 1625219253.484917
1521.276611328125 1625219253.491954
1515.9332275390625 1625219253.498891
1526.63623046875 1625219253.505882
1523.5921630859375 1625219253.512963
1527.43896484375 1625219253.519892
1513.6363525390625 1625219253.526929
1526.63623046875 1625219253.533905
1521.3414306640625 1625219253.540981
1526.63623046875 1625219253.547911
1542.11328125 1625219253.554885
1544.478515625 1625219253.561872
1548.3870849609375 1625219253.568893
1542.94482421875 1625219253.575896
1544.478515625 1625219253.582904
1546.85107421875 1625219253.589959
1553.1588134765625 1625219253.596903
1550.7691650390625 1625219253.603903
1549.2308349609375 1625219253.610898
1554.6995849609375 1625219253.617822
1552.3077392578125 1625219253.62495
1550.7691650390625 1625219253.631885
1546.85107421875 1625219253.638904
1541.4110107421875 1625219253.64588
1553.1588134765625 1625219253.652769
1553.8460693359375 1625219253.659765
1564.1422119140625 1625219253.666831
1562.5965576171875 1625219253.673822
1550.0770263671875 1625219253.680773
1546.85107421875 1625219253.688048
1548.3870849609375 1625219253.694898
1552.3077392578125 1625219253.701913
1546.85107421875 1625219253.709014
1546.0123291015625 1625219253.715922
1541.4110107421875 1625219253.722936
1541.4110107421875 1625219253.72996
1537.51904296875 1625219253.73704
1533.63916015625 1625219253.743862
1536.697265625 1625219253.750748
1542.94482421875 1625219253.7577
1540.5819091796875 1625219253.765008
1537.51904296875 1625219253.771699
1534.35107421875 1625219253.778707
1549.9232177734375 1625219253.785726
1549.2308349609375 1625219253.792653
1545.31494140625 1625219253.799697
1546.85107421875 1625219253.806671
1546.85107421875 1625219253.813719
1535.98779296875 1625219253.820786
1531.2977294921875 1625219253.827762
1521.276611328125 1625219253.834717
1517.45068359375 1625219253.842276
1528.9635009765625 1625219253.849857
1535.168212890625 1625219253.856942
1528.9635009765625 1625219253.863872
1527.43896484375 1625219253.870922
1528.9635009765625 1625219253.87791
1531.2977294921875 1625219253.884961
1535.168212890625 1625219253.891946
1525.9146728515625 1625219253.898945
1519.7568359375 1625219253.905983
1522.070068359375 1625219253.912965
1518.237060546875 1625219253.91999
1521.276611328125 1625219253.927139
1523.5921630859375 1625219253.934974
1519.7568359375 1625219253.941988
1523.5921630859375 1625219253.949022
1530.48779296875 1625219253.956168
1536.697265625 1625219253.963896
1525.1141357421875 1625219253.970826
1527.43896484375 1625219253.977868
1501.5106201171875 1625219253.984915
1500.0 1625219253.991882
1516.6666259765625 1625219253.998872
1518.237060546875 1625219254.005809
1523.5921630859375 1625219254.012945
1535.168212890625 1625219254.019826
1525.9146728515625 1625219254.026903
1534.35107421875 1625219254.033932
1540.5819091796875 1625219254.041013
1529.77099609375 1625219254.047965
1521.276611328125 1625219254.054937
1524.3160400390625 1625219254.061922
1521.276611328125 1625219254.068863
1519.7568359375 1625219254.075991
1517.45068359375 1625219254.082913
1513.6363525390625 1625219254.089838
1518.9681396484375 1625219254.09691
1518.9681396484375 1625219254.103945
1519.7568359375 1625219254.110987
1528.9635009765625 1625219254.117944
1525.9146728515625 1625219254.124996
1526.63623046875 1625219254.131955
1521.276611328125 1625219254.138794
1533.63916015625 1625219254.145797
1525.9146728515625 1625219254.1528
1520.5479736328125 1625219254.159792
1521.276611328125 1625219254.166771
1532.8243408203125 1625219254.173731
1535.168212890625 1625219254.180847
1525.1141357421875 1625219254.187875
1522.070068359375 1625219254.194903
1506.8079833984375 1625219254.201865
1502.262451171875 1625219254.208821
1521.276611328125 1625219254.215867
1525.1141357421875 1625219254.222763
1515.9332275390625 1625219254.229859
1513.6363525390625 1625219254.236843
1500.0 1625219254.24392
1505.279052734375 1625219254.250924
1506.042236328125 1625219254.258859
1515.1514892578125 1625219254.265876
1503.770751953125 1625219254.272813
1507.5528564453125 1625219254.279972
1511.346435546875 1625219254.286902
1510.6060791015625 1625219254.293967
1512.1212158203125 1625219254.300938
1509.0634765625 1625219254.308712
1512.1212158203125 1625219254.315797
1511.346435546875 1625219254.323047
1508.3206787109375 1625219254.330821
1503.770751953125 1625219254.337781
1502.262451171875 1625219254.344894
1509.8336181640625 1625219254.351935
1512.1212158203125 1625219254.358803
1484.2578125 1625219254.365825
1477.6119384765625 1625219254.372814
1487.988037109375 1625219254.379828
1482.035888671875 1625219254.386808
1479.820556640625 1625219254.393819
1492.492431640625 1625219254.400884
1491.754150390625 1625219254.407839
1502.262451171875 1625219254.415743
1493.212646484375 1625219254.423566
1488.7891845703125 1625219254.430613
1508.3206787109375 1625219254.43753
1504.53173828125 1625219254.444465
1495.48193359375 1625219254.451397
1496.9879150390625 1625219254.458461
1490.990966796875 1625219254.465455
1494.73681640625 1625219254.472456
1490.2548828125 1625219254.479462
1496.9969482421875 1625219254.486435
1513.6363525390625 1625219254.493438
1513.6363525390625 1625219254.500467
1517.45068359375 1625219254.507494
1519.7568359375 1625219254.514509
1518.9681396484375 1625219254.521509
1521.276611328125 1625219254.528514
1521.276611328125 1625219254.535523
1517.45068359375 1625219254.542523
1515.9332275390625 1625219254.549476
1511.346435546875 1625219254.556315
1500.754150390625 1625219254.563319
1505.2950439453125 1625219254.570324
1509.8336181640625 1625219254.577458
1502.262451171875 1625219254.584394
1511.346435546875 1625219254.591466
1510.6060791015625 1625219254.598428
1515.9332275390625 1625219254.605407
1517.45068359375 1625219254.612365
1519.7568359375 1625219254.619359
1517.45068359375 1625219254.626427
1514.415771484375 1625219254.633384
1513.6363525390625 1625219254.640356
1511.346435546875 1625219254.647389
1524.3160400390625 1625219254.654391
1519.02587890625 1625219254.661424
1519.7568359375 1625219254.668419
1517.45068359375 1625219254.675482
1519.7568359375 1625219254.682421
1517.45068359375 1625219254.689402
1519.7568359375 1625219254.696447
1518.237060546875 1625219254.703417
1510.6060791015625 1625219254.710461
1513.6363525390625 1625219254.717469
1506.042236328125 1625219254.724463
1521.276611328125 1625219254.731434
1534.35107421875 1625219254.738258
1535.168212890625 1625219254.745301
1532.8243408203125 1625219254.752257
1535.168212890625 1625219254.759291
1535.168212890625 1625219254.766363
1530.48779296875 1625219254.773317
1528.9635009765625 1625219254.780334
1528.2442626953125 1625219254.787324
1517.45068359375 1625219254.794327
1520.6107177734375 1625219254.801357
1538.2261962890625 1625219254.808411
1506.042236328125 1625219254.815372
1502.262451171875 1625219254.822351
1494.73681640625 1625219254.829399
1489.4893798828125 1625219254.836332
1493.2330322265625 1625219254.843438
1499.2481689453125 1625219254.850436
1512.1212158203125 1625219254.857386
1498.4940185546875 1625219254.864343
1502.262451171875 1625219254.871346
1505.279052734375 1625219254.878343
1504.53173828125 1625219254.885413
1505.2950439453125 1625219254.892428
1506.8079833984375 1625219254.899397
1504.53173828125 1625219254.906243
1508.3206787109375 1625219254.913276
1502.262451171875 1625219254.920286
1509.8336181640625 1625219254.927346
1512.1212158203125 1625219254.93429
1511.346435546875 1625219254.941299
1521.276611328125 1625219254.948345
1513.6363525390625 1625219254.955533
1517.45068359375 1625219254.962591
1523.5921630859375 1625219254.96965
1521.276611328125 1625219254.976577
1518.9681396484375 1625219254.983564
1525.9146728515625 1625219254.990639
1525.1141357421875 1625219254.99767
1527.43896484375 1625219255.004549
1519.7568359375 1625219255.011473
1522.070068359375 1625219255.0185
1511.346435546875 1625219255.025505
1518.237060546875 1625219255.032451
1514.3720703125 1625219255.039475
1525.1141357421875 1625219255.04662
1530.3951416015625 1625219255.053757
1535.168212890625 1625219255.060733
1540.5819091796875 1625219255.067494
1535.98779296875 1625219255.074496
1540.5819091796875 1625219255.081377
1542.94482421875 1625219255.088146
1540.5819091796875 1625219255.095222
1544.478515625 1625219255.10224
1542.94482421875 1625219255.10928
1536.809814453125 1625219255.11628
1511.380859375 1625219255.123179
1515.1514892578125 1625219255.13023
