1795.9527587890625 1625218901.443876
1791.5966796875 1625218901.450871
1796.2962646484375 1625218901.457871
1807.1065673828125 1625218901.464883
1805.41455078125 1625218901.471862
1807.1065673828125 1625218901.478908
1804.0540771484375 1625218901.485881
1807.1065673828125 1625218901.492914
1804.0540771484375 1625218901.500001
1807.1065673828125 1625218901.50694
1797.63916015625 1625218901.513971
1802.3648681640625 1625218901.520952
1800.6756591796875 1625218901.527943
1802.3648681640625 1625218901.53497
1807.1065673828125 1625218901.541941
1810.16943359375 1625218901.549026
1811.8643798828125 1625218901.555973
1818.0272216796875 1625218901.562967
1824.531494140625 1625218901.569923
1834.18798828125 1625218901.576993
1840.75341796875 1625218901.583865
1843.9107666015625 1625218901.590869
1855.421630859375 1625218901.597901
1845.6260986328125 1625218901.604821
1855.421630859375 1625218901.611868
1868.51220703125 1625218901.618794
1855.421630859375 1625218901.62585
1851.9793701171875 1625218901.632776
1848.7972412109375 1625218901.639839
1850.5155029296875 1625218901.646799
1831.0579833984375 1625218901.653864
1829.642333984375 1625218901.660837
1845.6260986328125 1625218901.667838
1845.6260986328125 1625218901.674917
1861.8306884765625 1625218901.681921
1853.7005615234375 1625218901.688914
1841.025634765625 1625218901.695896
1850.5155029296875 1625218901.702861
1855.421630859375 1625218901.70983
1851.9793701171875 1625218901.716934
1848.7972412109375 1625218901.723848
1839.0411376953125 1625218901.73097
1852.233642578125 1625218901.737915
1848.5369873046875 1625218901.744907
1850.5155029296875 1625218901.751916
1862.0689697265625 1625218901.758951
1848.7972412109375 1625218901.766216
1843.9107666015625 1625218901.773283
1847.34130859375 1625218901.781199
1840.75341796875 1625218901.788102
1839.0411376953125 1625218901.795268
1844.1781005859375 1625218901.80295
1845.36083984375 1625218901.809979
1835.8974609375 1625218901.816992
1847.34130859375 1625218901.823991
1845.6260986328125 1625218901.83099
1845.36083984375 1625218901.837924
1844.1781005859375 1625218901.844981
1835.8974609375 1625218901.852193
1832.7645263671875 1625218901.860362
1848.5369873046875 1625218901.868235
1847.0789794921875 1625218901.875052
1843.9107666015625 1625218901.882129
1848.7972412109375 1625218901.888876
1853.7005615234375 1625218901.895785
1847.0789794921875 1625218901.902767
1839.0411376953125 1625218901.909788
1829.3515625 1625218901.916842
1822.827880859375 1625218901.923775
1825.9385986328125 1625218901.930822
1819.7279052734375 1625218901.937735
1816.6383056640625 1625218901.944763
1819.7279052734375 1625218901.95205
1820.033935546875 1625218901.959132
1832.4786376953125 1625218901.966829
1826.235107421875 1625218901.973831
1818.336181640625 1625218901.981063
1816.6383056640625 1625218901.988132
1821.4285888671875 1625218901.995201
1829.642333984375 1625218902.00306
1842.195556640625 1625218902.009991
1831.0579833984375 1625218902.017169
1834.18798828125 1625218902.024173
1818.0272216796875 1625218902.03186
1822.827880859375 1625218902.03868
1819.7279052734375 1625218902.045716
1810.16943359375 1625218902.052768
1816.6383056640625 1625218902.059783
1802.3648681640625 1625218902.06686
1816.6383056640625 1625218902.073754
1818.0272216796875 1625218902.081122
1821.4285888671875 1625218902.088104
1813.2427978515625 1625218902.095142
1807.1065673828125 1625218902.103121
1814.9405517578125 1625218902.11016
1816.6383056640625 1625218902.116859
1808.7987060546875 1625218902.123825
1805.084716796875 1625218902.130862
1805.41455078125 1625218902.137812
1797.63916015625 1625218902.144817
1791.245849609375 1625218902.15185
1780.569580078125 1625218902.158835
1788.2353515625 1625218902.166185
1791.245849609375 1625218902.173099
1803.7225341796875 1625218902.181015
1801.0118408203125 1625218902.187972
1810.16943359375 1625218902.195065
1802.3648681640625 1625218902.202001
1798.9864501953125 1625218902.209104
1786.5545654296875 1625218902.215738
1785.2349853515625 1625218902.222656
1786.5545654296875 1625218902.229692
1788.2353515625 1625218902.236679
1781.879150390625 1625218902.243706
1771.2855224609375 1625218902.250661
1774.24755859375 1625218902.257712
1769.615966796875 1625218902.264694
1772.5753173828125 1625218902.271729
1772.5753173828125 1625218902.278735
1763.3333740234375 1625218902.285674
1754.15283203125 1625218902.292698
1751.2437744140625 1625218902.299663
1755.81396484375 1625218902.306729
1751.2437744140625 1625218902.31381
1748.344482421875 1625218902.320715
1755.81396484375 1625218902.327719
1754.15283203125 1625218902.334721
1748.344482421875 1625218902.341709
1755.81396484375 1625218902.348771
1760.3992919921875 1625218902.355545
1757.47509765625 1625218902.362545
1757.071533203125 1625218902.369782
1755.81396484375 1625218902.376832
1762.063232421875 1625218902.383817
1766.277099609375 1625218902.390842
1763.3333740234375 1625218902.397884
1765.0 1625218902.404924
1768.3333740234375 1625218902.412027
1769.615966796875 1625218902.418822
1763.3333740234375 1625218902.425748
1762.063232421875 1625218902.43262
1769.615966796875 1625218902.439637
1758.7354736328125 1625218902.446651
1755.81396484375 1625218902.45363
1755.81396484375 1625218902.460646
1752.902099609375 1625218902.467696
1760.3992919921875 1625218902.474709
1763.3333740234375 1625218902.481707
1762.063232421875 1625218902.488649
1772.5753173828125 1625218902.495648
1767.9466552734375 1625218902.502621
1766.277099609375 1625218902.509636
1766.6666259765625 1625218902.516723
1778.8944091796875 1625218902.523634
1767.9466552734375 1625218902.530732
1765.0 1625218902.537726
1754.15283203125 1625218902.544737
1760.3992919921875 1625218902.551841
1758.7354736328125 1625218902.558792
1748.344482421875 1625218902.565722
1752.49169921875 1625218902.572782
1757.071533203125 1625218902.579537
1753.7437744140625 1625218902.586574
1745.033203125 1625218902.593653
1758.3333740234375 1625218902.600653
1749.58544921875 1625218902.607554
1751.2437744140625 1625218902.614677
1751.2437744140625 1625218902.621652
1755.81396484375 1625218902.628629
1758.7354736328125 1625218902.635625
1754.15283203125 1625218902.642665
1760.3992919921875 1625218902.649707
1747.107421875 1625218902.656681
1754.15283203125 1625218902.663703
1743.8016357421875 1625218902.670669
1746.688720703125 1625218902.677752
1751.2437744140625 1625218902.684652
1757.47509765625 1625218902.691679
1758.7354736328125 1625218902.698981
1751.2437744140625 1625218902.70597
1751.2437744140625 1625218902.713038
1752.902099609375 1625218902.720912
1760.3992919921875 1625218902.727604
1749.58544921875 1625218902.734515
1734.7611083984375 1625218902.741435
1715.220947265625 1625218902.74854
1710.7843017578125 1625218902.755431
1719.672119140625 1625218902.762592
1713.5843505859375 1625218902.769494
1722.4959716796875 1625218902.776552
1722.4959716796875 1625218902.783589
1709.1502685546875 1625218902.790558
1710.7843017578125 1625218902.797606
1720.853759765625 1625218902.804592
1721.3114013671875 1625218902.811586
1712.4183349609375 1625218902.81859
1719.672119140625 1625218902.825567
1716.8575439453125 1625218902.832921
1724.137939453125 1625218902.839931
1724.137939453125 1625218902.846984
1726.9736328125 1625218902.854936
1725.3289794921875 1625218902.862692
1722.9508056640625 1625218902.86956
1730.2630615234375 1625218902.87664
1735.9736328125 1625218902.883624
1737.623779296875 1625218902.890556
1728.618408203125 1625218902.897579
1735.9736328125 1625218902.904551
1736.4085693359375 1625218902.911637
1738.843017578125 1625218902.918801
1726.9736328125 1625218902.926006
1734.7611083984375 1625218902.933914
1734.3233642578125 1625218902.940845
1737.623779296875 1625218902.947847
1737.623779296875 1625218902.954843
1733.1136474609375 1625218902.96171
1719.672119140625 1625218902.968602
1722.4959716796875 1625218902.975566
1725.780029296875 1625218902.982633
1728.618408203125 1625218902.989638
1737.623779296875 1625218902.996563
1733.1136474609375 1625218903.003408
1729.81884765625 1625218903.010375
1731.4661865234375 1625218903.017544
1722.4959716796875 1625218903.024495
1719.672119140625 1625218903.031509
1728.618408203125 1625218903.038479
1715.220947265625 1625218903.045605
1725.3289794921875 1625218903.052473
1726.9736328125 1625218903.059553
1719.672119140625 1625218903.066513
1716.8575439453125 1625218903.073525
1716.3934326171875 1625218903.080602
1722.4959716796875 1625218903.087612
1718.0328369140625 1625218903.094542
1722.4959716796875 1625218903.101593
1725.780029296875 1625218903.108565
1726.9736328125 1625218903.115624
1731.4661865234375 1625218903.122536
1730.2630615234375 1625218903.1296
1721.3114013671875 1625218903.136581
1726.9736328125 1625218903.143657
1724.137939453125 1625218903.150612
1728.618408203125 1625218903.15761
1733.1136474609375 1625218903.164455
1735.9736328125 1625218903.171434
1726.9736328125 1625218903.178494
1730.2630615234375 1625218903.185436
1718.0328369140625 1625218903.192432
1713.5843505859375 1625218903.199537
1721.3114013671875 1625218903.206524
1711.9476318359375 1625218903.213505
1716.8575439453125 1625218903.220512
1719.672119140625 1625218903.227603
1722.4959716796875 1625218903.23456
1731.4661865234375 1625218903.241494
1735.9736328125 1625218903.248553
1735.9736328125 1625218903.255588
1730.2630615234375 1625218903.262575
1740.924072265625 1625218903.269552
1751.2437744140625 1625218903.276625
1749.58544921875 1625218903.283596
1758.7354736328125 1625218903.290541
1749.58544921875 1625218903.297605
1747.9271240234375 1625218903.304578
1749.58544921875 1625218903.311669
1749.58544921875 1625218903.31883
1751.2437744140625 1625218903.32571
1755.81396484375 1625218903.33262
1755.81396484375 1625218903.339808
1757.47509765625 1625218903.34769
1755.81396484375 1625218903.354767
1766.6666259765625 1625218903.361805
1772.5753173828125 1625218903.369534
1767.9466552734375 1625218903.376495
1769.615966796875 1625218903.383422
1774.24755859375 1625218903.390724
1774.24755859375 1625218903.397791
1780.2012939453125 1625218903.404743
1769.615966796875 1625218903.411893
1760.3992919921875 1625218903.419448
1762.063232421875 1625218903.426429
1757.47509765625 1625218903.433356
1770.9029541015625 1625218903.440506
1760.3992919921875 1625218903.44756
1763.3333740234375 1625218903.454449
1759.13623046875 1625218903.461511
1760.3992919921875 1625218903.468398
1745.45458984375 1625218903.475571
1757.47509765625 1625218903.482475
1749.58544921875 1625218903.489552
1751.2437744140625 1625218903.49649
1754.15283203125 1625218903.50353
1746.688720703125 1625218903.510496
1751.2437744140625 1625218903.517459
1752.49169921875 1625218903.524484
1752.902099609375 1625218903.531585
1752.49169921875 1625218903.538523
1755.81396484375 1625218903.545566
1762.063232421875 1625218903.55257
1765.3909912109375 1625218903.559541
1769.615966796875 1625218903.56651
1774.24755859375 1625218903.573538
1760.3992919921875 1625218903.580538
1760.3992919921875 1625218903.587437
1772.9549560546875 1625218903.594262
1769.230712890625 1625218903.60132
1766.6666259765625 1625218903.608265
1760.3992919921875 1625218903.615223
1769.615966796875 1625218903.622308
1765.0 1625218903.629591
1766.6666259765625 1625218903.636549
1751.2437744140625 1625218903.643587
1754.15283203125 1625218903.650608
1768.3333740234375 1625218903.657595
1774.24755859375 1625218903.664569
1771.2855224609375 1625218903.671582
1772.9549560546875 1625218903.678714
1772.5753173828125 1625218903.685399
1775.54443359375 1625218903.692374
1772.9549560546875 1625218903.69931
1770.9029541015625 1625218903.706355
1765.0 1625218903.713283
1758.7354736328125 1625218903.72025
1758.7354736328125 1625218903.72727
1760.3992919921875 1625218903.734724
1754.15283203125 1625218903.742583
1737.623779296875 1625218903.749491
1743.37744140625 1625218903.756567
1740.4959716796875 1625218903.763373
1742.1488037109375 1625218903.770296
1746.688720703125 1625218903.777619
1733.1136474609375 1625218903.784606
1733.1136474609375 1625218903.791623
1743.8016357421875 1625218903.798524
1751.2437744140625 1625218903.805635
1755.81396484375 1625218903.812416
1749.58544921875 1625218903.819302
1743.8016357421875 1625218903.826254
1746.688720703125 1625218903.833593
1734.7611083984375 1625218903.840594
1745.033203125 1625218903.8474
1742.1488037109375 1625218903.854446
1743.37744140625 1625218903.861408
1746.688720703125 1625218903.868354
1743.37744140625 1625218903.875352
1743.8016357421875 1625218903.88245
1745.033203125 1625218903.889388
1742.1488037109375 1625218903.896397
1739.27392578125 1625218903.903344
1745.033203125 1625218903.910396
1749.58544921875 1625218903.91737
1739.27392578125 1625218903.92438
1738.843017578125 1625218903.931384
1738.843017578125 1625218903.938245
1730.2630615234375 1625218903.945222
1734.7611083984375 1625218903.952432
1733.1136474609375 1625218903.959538
1737.623779296875 1625218903.966496
1735.9736328125 1625218903.973444
1740.4959716796875 1625218903.980539
1742.1488037109375 1625218903.98738
1737.623779296875 1625218903.994408
1735.9736328125 1625218904.001351
1735.9736328125 1625218904.008353
1735.9736328125 1625218904.01535
1747.9271240234375 1625218904.022424
1733.1136474609375 1625218904.029412
1735.9736328125 1625218904.036366
1731.4661865234375 1625218904.043368
1743.8016357421875 1625218904.050463
1746.688720703125 1625218904.057426
1745.033203125 1625218904.064444
1737.623779296875 1625218904.071412
1734.7611083984375 1625218904.078432
1735.9736328125 1625218904.085396
1726.9736328125 1625218904.092421
1731.9078369140625 1625218904.099461
1733.1136474609375 1625218904.106457
1740.4959716796875 1625218904.113464
1728.618408203125 1625218904.120395
1728.618408203125 1625218904.12742
1731.4661865234375 1625218904.134367
1720.853759765625 1625218904.141428
1719.672119140625 1625218904.148255
1724.137939453125 1625218904.155246
1737.623779296875 1625218904.162259
1740.4959716796875 1625218904.169346
1728.618408203125 1625218904.176425
1731.4661865234375 1625218904.183353
1724.137939453125 1625218904.190358
1719.672119140625 1625218904.197357
1715.220947265625 1625218904.204384
1706.3621826171875 1625218904.211455
1718.0328369140625 1625218904.218414
1707.516357421875 1625218904.225394
1697.56103515625 1625218904.232456
1697.56103515625 1625218904.239355
1700.32568359375 1625218904.246429
1707.9935302734375 1625218904.253381
1713.5843505859375 1625218904.260486
1715.220947265625 1625218904.267524
1710.7843017578125 1625218904.274473
1719.672119140625 1625218904.281351
1715.220947265625 1625218904.288327
1704.7308349609375 1625218904.29535
1707.9935302734375 1625218904.302303
1718.0328369140625 1625218904.309251
1709.1502685546875 1625218904.316351
1707.9935302734375 1625218904.323375
1703.0994873046875 1625218904.330312
1701.954345703125 1625218904.337279
1701.954345703125 1625218904.344275
1714.0523681640625 1625218904.351272
1719.672119140625 1625218904.358284
1718.0328369140625 1625218904.365347
1721.3114013671875 1625218904.372283
1711.9476318359375 1625218904.379374
1709.1502685546875 1625218904.386308
1709.1502685546875 1625218904.39328
1715.220947265625 1625218904.400306
1721.3114013671875 1625218904.407308
1726.9736328125 1625218904.414117
1724.137939453125 1625218904.421165
1719.672119140625 1625218904.428222
1719.672119140625 1625218904.435158
1725.3289794921875 1625218904.44213
1728.618408203125 1625218904.449136
1724.137939453125 1625218904.456202
1726.9736328125 1625218904.463237
1731.4661865234375 1625218904.47017
1735.5372314453125 1625218904.477107
1725.780029296875 1625218904.484212
1724.137939453125 1625218904.491092
1721.3114013671875 1625218904.498016
1721.3114013671875 1625218904.505011
1725.780029296875 1625218904.512086
1730.2630615234375 1625218904.519057
1726.9736328125 1625218904.526158
1722.4959716796875 1625218904.533015
1724.137939453125 1625218904.540157
1733.1136474609375 1625218904.547158
1726.9736328125 1625218904.554111
1728.618408203125 1625218904.561064
1728.618408203125 1625218904.56811
1724.137939453125 1625218904.575095
1728.618408203125 1625218904.582147
1726.9736328125 1625218904.589148
1722.4959716796875 1625218904.596193
1719.672119140625 1625218904.602881
1731.9078369140625 1625218904.609957
1737.190185546875 1625218904.617039
1737.623779296875 1625218904.624038
1737.623779296875 1625218904.631078
1742.1488037109375 1625218904.638077
1746.688720703125 1625218904.645124
1743.8016357421875 1625218904.652064
1745.033203125 1625218904.659053
1743.8016357421875 1625218904.66634
1743.8016357421875 1625218904.673301
1740.4959716796875 1625218904.680258
1733.1136474609375 1625218904.687321
1729.81884765625 1625218904.694174
1719.672119140625 1625218904.701072
1724.137939453125 1625218904.708069
1720.853759765625 1625218904.71507
1731.4661865234375 1625218904.722095
1735.9736328125 1625218904.729063
1724.137939453125 1625218904.735997
1716.8575439453125 1625218904.743043
1725.780029296875 1625218904.750035
1726.9736328125 1625218904.757009
1724.5902099609375 1625218904.763993
1742.1488037109375 1625218904.770949
1743.8016357421875 1625218904.778025
1749.58544921875 1625218904.78503
1747.107421875 1625218904.791949
1749.58544921875 1625218904.799132
1751.2437744140625 1625218904.806006
1746.688720703125 1625218904.813097
1746.688720703125 1625218904.820119
1748.344482421875 1625218904.82711
1753.7437744140625 1625218904.83386
1749.58544921875 1625218904.841096
1747.9271240234375 1625218904.847953
1729.81884765625 1625218904.854907
1719.672119140625 1625218904.861884
1716.8575439453125 1625218904.868888
1727.4219970703125 1625218904.875844
1720.394775390625 1625218904.883148
1719.672119140625 1625218904.890382
1721.3114013671875 1625218904.897201
1718.0328369140625 1625218904.904177
1725.3289794921875 1625218904.911262
1721.3114013671875 1625218904.918299
1730.2630615234375 1625218904.925292
1714.0523681640625 1625218904.932059
1710.7843017578125 1625218904.939018
1722.4959716796875 1625218904.946037
1716.1500244140625 1625218904.952945
1718.0328369140625 1625218904.959956
1727.8687744140625 1625218904.967033
1716.3934326171875 1625218904.973939
1712.4183349609375 1625218904.980884
1733.1136474609375 1625218904.987973
1729.06396484375 1625218904.994958
1715.220947265625 1625218905.00202
1719.672119140625 1625218905.009009
1724.137939453125 1625218905.01608
1719.672119140625 1625218905.023015
1720.853759765625 1625218905.030076
1718.0328369140625 1625218905.036962
1718.0328369140625 1625218905.043993
1719.672119140625 1625218905.050952
1716.8575439453125 1625218905.058012
1715.220947265625 1625218905.064905
1746.688720703125 1625218905.071827
1750.83056640625 1625218905.078936
1724.137939453125 1625218905.085829
1726.9736328125 1625218905.092807
1725.3289794921875 1625218905.099927
1729.81884765625 1625218905.106821
1720.853759765625 1625218905.113947
1722.4959716796875 1625218905.120904
1716.8575439453125 1625218905.127823
1719.672119140625 1625218905.134776
1730.2630615234375 1625218905.141829
1726.9736328125 1625218905.14881
1726.9736328125 1625218905.155803
1728.618408203125 1625218905.1629
1733.1136474609375 1625218905.169853
1726.9736328125 1625218905.176814
1730.2630615234375 1625218905.183879
1728.618408203125 1625218905.19081
1734.7611083984375 1625218905.197938
1731.9078369140625 1625218905.204846
1732.67333984375 1625218905.211859
1722.4959716796875 1625218905.218855
1724.137939453125 1625218905.225819
1728.618408203125 1625218905.232934
1724.137939453125 1625218905.239859
1733.1136474609375 1625218905.246938
1739.27392578125 1625218905.253901
1740.4959716796875 1625218905.260852
1735.9736328125 1625218905.267871
1734.3233642578125 1625218905.274912
1736.4085693359375 1625218905.281957
1740.4959716796875 1625218905.288941
1737.623779296875 1625218905.295979
1750.0 1625218905.302769
1746.688720703125 1625218905.309793
1749.58544921875 1625218905.316717
1742.1488037109375 1625218905.323784
1740.4959716796875 1625218905.330814
1736.4085693359375 1625218905.337766
1746.688720703125 1625218905.344762
1746.688720703125 1625218905.351768
1742.1488037109375 1625218905.358829
1742.1488037109375 1625218905.366033
1747.9271240234375 1625218905.373099
1750.83056640625 1625218905.380369
1748.344482421875 1625218905.388136
1747.9271240234375 1625218905.395118
1746.2686767578125 1625218905.402202
1742.1488037109375 1625218905.410013
1728.618408203125 1625218905.417002
1742.1488037109375 1625218905.423959
1746.688720703125 1625218905.430907
1758.7354736328125 1625218905.437853
1749.58544921875 1625218905.444845
1734.7611083984375 1625218905.451852
1742.1488037109375 1625218905.45883
1726.9736328125 1625218905.465904
1719.672119140625 1625218905.472615
1720.853759765625 1625218905.479762
1719.672119140625 1625218905.486687
1728.618408203125 1625218905.493664
1724.137939453125 1625218905.500681
1726.9736328125 1625218905.507661
1726.9736328125 1625218905.51468
1725.780029296875 1625218905.521673
1730.2630615234375 1625218905.52867
1736.4085693359375 1625218905.535621
1742.1488037109375 1625218905.542652
1742.1488037109375 1625218905.549754
1740.4959716796875 1625218905.556703
1733.1136474609375 1625218905.5637
1749.58544921875 1625218905.570695
1746.688720703125 1625218905.577648
1754.15283203125 1625218905.584713
1746.688720703125 1625218905.591688
1746.688720703125 1625218905.598817
1751.2437744140625 1625218905.605656
1754.15283203125 1625218905.612684
1766.277099609375 1625218905.619699
1755.81396484375 1625218905.626751
1757.071533203125 1625218905.633802
1757.47509765625 1625218905.64076
1747.9271240234375 1625218905.647782
1749.58544921875 1625218905.654716
1748.344482421875 1625218905.661676
1746.688720703125 1625218905.668775
1748.344482421875 1625218905.675756
1752.902099609375 1625218905.682843
1747.9271240234375 1625218905.689753
1752.902099609375 1625218905.696827
1758.7354736328125 1625218905.703768
1755.81396484375 1625218905.710788
1758.7354736328125 1625218905.717603
1756.2188720703125 1625218905.724585
1754.15283203125 1625218905.731566
1754.560546875 1625218905.738569
1757.47509765625 1625218905.745615
1751.2437744140625 1625218905.752662
1748.344482421875 1625218905.759639
1739.27392578125 1625218905.766639
1745.033203125 1625218905.773603
1748.344482421875 1625218905.780583
1752.902099609375 1625218905.787631
1754.15283203125 1625218905.794645
1746.688720703125 1625218905.801609
1746.688720703125 1625218905.808618
1754.560546875 1625218905.815634
1743.8016357421875 1625218905.822639
1749.58544921875 1625218905.829719
1746.688720703125 1625218905.836625
1751.2437744140625 1625218905.84361
1757.47509765625 1625218905.850623
1758.7354736328125 1625218905.857639
1752.902099609375 1625218905.864582
1757.071533203125 1625218905.871592
1720.853759765625 1625218905.878709
1740.4959716796875 1625218905.885677
1742.57421875 1625218905.892702
1735.9736328125 1625218905.899693
1728.618408203125 1625218905.906574
1726.9736328125 1625218905.913713
1728.17138671875 1625218905.920699
1716.8575439453125 1625218905.92803
1730.2630615234375 1625218905.935085
1735.9736328125 1625218905.942975
1738.843017578125 1625218905.949982
1737.623779296875 1625218905.957063
1737.623779296875 1625218905.96493
1728.618408203125 1625218905.971855
1743.37744140625 1625218905.97887
1746.688720703125 1625218905.985884
1743.8016357421875 1625218905.992732
1743.37744140625 1625218905.999657
1751.2437744140625 1625218906.00668
1751.2437744140625 1625218906.013595
1742.1488037109375 1625218906.020719
1743.8016357421875 1625218906.027752
1760.3992919921875 1625218906.034647
1763.3333740234375 1625218906.04165
1755.81396484375 1625218906.048714
1752.49169921875 1625218906.055584
1757.47509765625 1625218906.062755
1755.81396484375 1625218906.069667
1751.2437744140625 1625218906.076744
1750.0 1625218906.083677
1755.81396484375 1625218906.090676
1765.0 1625218906.097989
1763.3333740234375 1625218906.104967
1766.6666259765625 1625218906.111899
1775.919677734375 1625218906.118909
1770.519287109375 1625218906.1261
1760.3992919921875 1625218906.134028
1772.5753173828125 1625218906.142022
1767.9466552734375 1625218906.149686
1757.877197265625 1625218906.156606
1758.7354736328125 1625218906.163624
1752.902099609375 1625218906.170564
1743.8016357421875 1625218906.177498
1749.58544921875 1625218906.184565
1755.81396484375 1625218906.191594
1758.7354736328125 1625218906.198525
1755.81396484375 1625218906.205532
1752.902099609375 1625218906.212643
1746.688720703125 1625218906.219567
1746.688720703125 1625218906.226582
1754.15283203125 1625218906.233665
1755.81396484375 1625218906.240863
1745.033203125 1625218906.247906
1751.2437744140625 1625218906.25487
1749.58544921875 1625218906.261933
1748.344482421875 1625218906.269143
1750.83056640625 1625218906.277152
1749.58544921875 1625218906.284002
1755.81396484375 1625218906.291842
1754.15283203125 1625218906.298733
1755.81396484375 1625218906.305657
1757.47509765625 1625218906.312651
1765.0 1625218906.319492
1762.063232421875 1625218906.326597
1760.3992919921875 1625218906.333545
1757.47509765625 1625218906.340584
1763.3333740234375 1625218906.347608
1769.615966796875 1625218906.354584
1766.277099609375 1625218906.361674
1767.9466552734375 1625218906.368816
1771.2855224609375 1625218906.375918
1769.230712890625 1625218906.383984
1763.3333740234375 1625218906.39192
1765.0 1625218906.399814
1771.2855224609375 1625218906.406842
1772.5753173828125 1625218906.413617
1777.2193603515625 1625218906.420577
1777.2193603515625 1625218906.427792
1774.24755859375 1625218906.434814
1772.5753173828125 1625218906.441829
1778.8944091796875 1625218906.448803
1772.5753173828125 1625218906.455581
1765.0 1625218906.462568
1766.6666259765625 1625218906.469482
1749.58544921875 1625218906.476538
1746.688720703125 1625218906.483516
1777.2193603515625 1625218906.490559
1760.3992919921875 1625218906.497567
1766.6666259765625 1625218906.50449
1784.8740234375 1625218906.511495
1783.1932373046875 1625218906.518494
1774.24755859375 1625218906.525437
1786.5545654296875 1625218906.532446
1789.9158935546875 1625218906.539567
1789.9158935546875 1625218906.546587
1788.2353515625 1625218906.553503
1792.9293212890625 1625218906.560507
1797.63916015625 1625218906.567518
1792.9293212890625 1625218906.574602
1791.245849609375 1625218906.581501
1797.63916015625 1625218906.588599
1797.2972412109375 1625218906.595585
1783.5570068359375 1625218906.602366
1791.245849609375 1625218906.609398
1792.9293212890625 1625218906.616468
1788.2353515625 1625218906.623475
1786.5545654296875 1625218906.630424
1777.2193603515625 1625218906.637416
1773.869384765625 1625218906.644719
1774.24755859375 1625218906.651691
1766.277099609375 1625218906.658787
1764.607666015625 1625218906.665719
1747.9271240234375 1625218906.672718
1751.2437744140625 1625218906.679699
1757.47509765625 1625218906.686671
1763.3333740234375 1625218906.693655
1769.615966796875 1625218906.700598
1765.0 1625218906.707473
1763.3333740234375 1625218906.714436
1758.7354736328125 1625218906.721372
1760.0 1625218906.72845
1758.7354736328125 1625218906.735484
1761.6666259765625 1625218906.742744
1758.7354736328125 1625218906.749674
1760.3992919921875 1625218906.75676
1755.81396484375 1625218906.763784
1760.3992919921875 1625218906.770816
1772.5753173828125 1625218906.777807
1769.615966796875 1625218906.784658
1769.615966796875 1625218906.791624
1766.6666259765625 1625218906.798583
1774.24755859375 1625218906.805577
1783.5570068359375 1625218906.812561
1775.54443359375 1625218906.819501
1767.9466552734375 1625218906.826519
1767.9466552734375 1625218906.833512
1758.7354736328125 1625218906.840516
1760.3992919921875 1625218906.847812
1759.13623046875 1625218906.855634
1755.81396484375 1625218906.862601
1767.9466552734375 1625218906.869613
1757.071533203125 1625218906.87669
1760.3992919921875 1625218906.883636
1763.3333740234375 1625218906.890674
1750.0 1625218906.89758
1754.15283203125 1625218906.904659
1758.7354736328125 1625218906.911386
1751.2437744140625 1625218906.918422
1758.7354736328125 1625218906.925422
1754.15283203125 1625218906.932605
1750.0 1625218906.939595
1745.033203125 1625218906.946615
1745.033203125 1625218906.953647
1734.7611083984375 1625218906.960668
1752.902099609375 1625218906.967898
1739.27392578125 1625218906.975474
1740.4959716796875 1625218906.982616
1742.1488037109375 1625218906.989694
1737.623779296875 1625218906.996735
1749.58544921875 1625218907.003721
1751.2437744140625 1625218907.010628
1754.15283203125 1625218907.017677
1742.1488037109375 1625218907.024917
1751.2437744140625 1625218907.032596
1746.688720703125 1625218907.039671
1749.58544921875 1625218907.046366
1746.688720703125 1625218907.053285
1738.0560302734375 1625218907.060308
1754.15283203125 1625218907.067327
1748.344482421875 1625218907.074307
1746.688720703125 1625218907.081376
1755.81396484375 1625218907.088382
1739.27392578125 1625218907.095379
1739.27392578125 1625218907.102384
1747.9271240234375 1625218907.109349
1722.9508056640625 1625218907.116363
1726.9736328125 1625218907.123307
1737.623779296875 1625218907.130353
1730.2630615234375 1625218907.137301
1731.9078369140625 1625218907.144389
1724.137939453125 1625218907.15136
1734.3233642578125 1625218907.1584
1733.1136474609375 1625218907.165394
1737.623779296875 1625218907.172347
1737.623779296875 1625218907.179347
1737.623779296875 1625218907.186374
1742.1488037109375 1625218907.193367
1743.8016357421875 1625218907.200287
1737.623779296875 1625218907.207365
1742.1488037109375 1625218907.214362
1745.45458984375 1625218907.221337
1757.47509765625 1625218907.22839
1760.3992919921875 1625218907.235345
1752.49169921875 1625218907.242337
1763.3333740234375 1625218907.249414
1753.3333740234375 1625218907.256392
1737.623779296875 1625218907.263452
1745.8746337890625 1625218907.270393
1758.7354736328125 1625218907.277418
1757.071533203125 1625218907.284626
1754.15283203125 1625218907.291601
1754.15283203125 1625218907.298646
1750.0 1625218907.306563
1754.560546875 1625218907.313485
1758.7354736328125 1625218907.320553
1755.81396484375 1625218907.327318
1755.81396484375 1625218907.334281
1755.40771484375 1625218907.341302
1745.033203125 1625218907.348274
1742.1488037109375 1625218907.355229
1742.1488037109375 1625218907.362312
1742.1488037109375 1625218907.369481
1733.1136474609375 1625218907.376547
1728.618408203125 1625218907.383543
1733.88427734375 1625218907.390575
1736.8421630859375 1625218907.397455
1750.83056640625 1625218907.404447
1749.58544921875 1625218907.411378
1745.033203125 1625218907.418297
1752.49169921875 1625218907.425302
1747.9271240234375 1625218907.432384
1757.47509765625 1625218907.439352
1755.81396484375 1625218907.446321
1749.58544921875 1625218907.453297
1749.58544921875 1625218907.460345
1737.190185546875 1625218907.467319
1752.902099609375 1625218907.474326
1762.063232421875 1625218907.481317
1752.902099609375 1625218907.488322
1769.615966796875 1625218907.49531
1768.84423828125 1625218907.502356
1767.9466552734375 1625218907.509257
1755.81396484375 1625218907.516373
1761.6666259765625 1625218907.523329
1749.16943359375 1625218907.530285
1737.623779296875 1625218907.537376
1731.4661865234375 1625218907.544308
1715.220947265625 1625218907.551327
1745.033203125 1625218907.558432
1747.9271240234375 1625218907.565362
1739.27392578125 1625218907.572359
1751.2437744140625 1625218907.579244
1745.033203125 1625218907.586173
1742.57421875 1625218907.593125
1748.344482421875 1625218907.6002
1728.618408203125 1625218907.607238
1737.190185546875 1625218907.614168
1718.0328369140625 1625218907.621126
1715.220947265625 1625218907.628257
1727.8687744140625 1625218907.635199
1716.1500244140625 1625218907.642255
1728.618408203125 1625218907.649148
1726.9736328125 1625218907.656268
1726.9736328125 1625218907.663209
1724.137939453125 1625218907.670198
1726.9736328125 1625218907.677223
1726.9736328125 1625218907.684222
1725.3289794921875 1625218907.691285
1716.8575439453125 1625218907.698288
1711.9476318359375 1625218907.705196
1709.1502685546875 1625218907.712237
1712.4183349609375 1625218907.719141
1710.7843017578125 1625218907.726208
1715.220947265625 1625218907.733153
1713.5843505859375 1625218907.740227
1716.3934326171875 1625218907.747171
1714.754150390625 1625218907.754241
1712.4183349609375 1625218907.761225
1731.4661865234375 1625218907.768455
1725.3289794921875 1625218907.775734
1723.6842041015625 1625218907.783234
1715.220947265625 1625218907.790175
1727.4219970703125 1625218907.797295
1731.4661865234375 1625218907.804245
1733.1136474609375 1625218907.811207
1730.2630615234375 1625218907.818219
1728.618408203125 1625218907.825294
1719.672119140625 1625218907.832262
1731.4661865234375 1625218907.839305
1721.3114013671875 1625218907.846208
1722.4959716796875 1625218907.853258
1724.137939453125 1625218907.860266
1720.853759765625 1625218907.867258
1719.672119140625 1625218907.874213
1725.3289794921875 1625218907.881285
1713.5843505859375 1625218907.888202
1709.1502685546875 1625218907.895371
1706.3621826171875 1625218907.902302
1704.7308349609375 1625218907.909223
1704.7308349609375 1625218907.916304
1701.954345703125 1625218907.923233
1700.32568359375 1625218907.930329
1697.56103515625 1625218907.937412
1712.4183349609375 1625218907.945365
1713.5843505859375 1625218907.95234
1709.1502685546875 1625218907.959337
1710.3109130859375 1625218907.966217
1694.3089599609375 1625218907.973171
1699.18701171875 1625218907.980051
1708.943115234375 1625218907.987078
1704.7308349609375 1625218907.994044
1712.4183349609375 1625218908.001039
1719.672119140625 1625218908.008046
1719.672119140625 1625218908.015116
1716.3934326171875 1625218908.022095
1709.1502685546875 1625218908.029084
1712.4183349609375 1625218908.03615
1718.75 1625218908.043373
1694.3089599609375 1625218908.050383
1695.93505859375 1625218908.057384
1686.0841064453125 1625218908.064342
1687.1961669921875 1625218908.071365
1687.1961669921875 1625218908.078381
1688.81689453125 1625218908.085408
1688.81689453125 1625218908.092075
1725.780029296875 1625218908.099121
1731.4661865234375 1625218908.106087
1733.1136474609375 1625218908.113147
1735.9736328125 1625218908.120106
1734.7611083984375 1625218908.127104
1733.1136474609375 1625218908.134111
1728.618408203125 1625218908.141229
1733.1136474609375 1625218908.148172
1713.5843505859375 1625218908.155156
1712.4183349609375 1625218908.162216
1719.672119140625 1625218908.169155
1724.137939453125 1625218908.17608
1726.9736328125 1625218908.183144
1724.137939453125 1625218908.190104
1721.3114013671875 1625218908.197358
1728.618408203125 1625218908.204333
1728.618408203125 1625218908.211547
1731.4661865234375 1625218908.219264
1728.618408203125 1625218908.226243
1728.618408203125 1625218908.233301
1734.7611083984375 1625218908.240302
1740.4959716796875 1625218908.247196
1740.4959716796875 1625218908.254261
1734.3233642578125 1625218908.261161
1731.4661865234375 1625218908.268137
1735.9736328125 1625218908.275034
1728.618408203125 1625218908.282008
1724.137939453125 1625218908.289033
1724.137939453125 1625218908.295972
1724.137939453125 1625218908.303053
1728.618408203125 1625218908.309987
1724.137939453125 1625218908.317027
1722.4959716796875 1625218908.324061
1728.618408203125 1625218908.33105
1725.780029296875 1625218908.338011
1720.853759765625 1625218908.345049
1722.4959716796875 1625218908.352036
1723.6842041015625 1625218908.359021
1727.4219970703125 1625218908.366079
1732.67333984375 1625218908.373079
1731.4661865234375 1625218908.38005
1742.1488037109375 1625218908.387
1746.688720703125 1625218908.394076
1731.0230712890625 1625218908.401016
1726.9736328125 1625218908.408075
1723.6842041015625 1625218908.415061
1719.672119140625 1625218908.422111
1727.4219970703125 1625218908.429173
1719.672119140625 1625218908.436088
1705.88232421875 1625218908.443143
1694.3089599609375 1625218908.450142
1696.4285888671875 1625218908.457181
1697.56103515625 1625218908.464179
1706.3621826171875 1625218908.471189
1703.0994873046875 1625218908.478253
1697.56103515625 1625218908.485159
1703.5831298828125 1625218908.492016
1697.56103515625 1625218908.499042
1688.81689453125 1625218908.506026
1693.181884765625 1625218908.513141
1688.81689453125 1625218908.520299
1694.80517578125 1625218908.527285
1700.8131103515625 1625218908.533979
1692.058349609375 1625218908.540946
1688.81689453125 1625218908.54789
1697.56103515625 1625218908.55488
1694.3089599609375 1625218908.56178
1693.181884765625 1625218908.568839
1688.81689453125 1625218908.575909
1691.5584716796875 1625218908.58291
1682.847900390625 1625218908.589968
1684.466064453125 1625218908.596979
1686.0841064453125 1625218908.603914
1687.1961669921875 1625218908.610915
1684.466064453125 1625218908.61788
1684.466064453125 1625218908.624958
1686.0841064453125 1625218908.631857
1690.4375 1625218908.638863
1691.5584716796875 1625218908.64587
1693.181884765625 1625218908.652808
1697.56103515625 1625218908.659829
1697.56103515625 1625218908.666801
1695.93505859375 1625218908.673776
1695.93505859375 1625218908.680846
1696.920654296875 1625218908.687884
1713.5843505859375 1625218908.694813
1709.1502685546875 1625218908.701802
1709.1502685546875 1625218908.708797
1700.32568359375 1625218908.716155
1700.8131103515625 1625218908.722858
1710.7843017578125 1625218908.729916
1707.9935302734375 1625218908.736855
1711.9476318359375 1625218908.743934
1707.9935302734375 1625218908.75084
1703.5831298828125 1625218908.757818
1701.954345703125 1625218908.764841
1700.32568359375 1625218908.771934
1704.7308349609375 1625218908.77896
1711.9476318359375 1625218908.785947
1695.93505859375 1625218908.792872
1700.32568359375 1625218908.799865
1701.954345703125 1625218908.806983
1698.6971435546875 1625218908.814201
1701.954345703125 1625218908.822107
1699.18701171875 1625218908.829144
1695.93505859375 1625218908.837077
1706.3621826171875 1625218908.844118
1715.220947265625 1625218908.851095
1698.6971435546875 1625218908.858172
1688.81689453125 1625218908.864892
1693.181884765625 1625218908.871948
1694.3089599609375 1625218908.879101
1690.4375 1625218908.88597
1695.79296875 1625218908.892986
1695.93505859375 1625218908.899999
1693.181884765625 1625218908.906966
1691.5584716796875 1625218908.914158
1690.4375 1625218908.921163
1695.93505859375 1625218908.928957
1691.5584716796875 1625218908.935978
1695.93505859375 1625218908.942921
1687.1961669921875 1625218908.950012
1695.93505859375 1625218908.956828
1691.5584716796875 1625218908.963917
1678.5137939453125 1625218908.97086
1677.4193115234375 1625218908.977879
1680.1292724609375 1625218908.98488
1678.5137939453125 1625218908.991867
1681.7447509765625 1625218908.998918
1693.181884765625 1625218909.005877
1684.466064453125 1625218909.012931
1684.466064453125 1625218909.019878
1697.56103515625 1625218909.026838
1699.18701171875 1625218909.033843
1694.3089599609375 1625218909.040922
1695.93505859375 1625218909.048
1695.93505859375 1625218909.054931
1699.18701171875 1625218909.062122
1704.7308349609375 1625218909.069041
1695.93505859375 1625218909.076133
1701.954345703125 1625218909.084198
1701.954345703125 1625218909.092322
1694.80517578125 1625218909.098952
1693.181884765625 1625218909.106027
1700.32568359375 1625218909.112794
1701.954345703125 1625218909.119716
1704.7308349609375 1625218909.126726
1701.954345703125 1625218909.134009
1701.954345703125 1625218909.14102
1715.220947265625 1625218909.148143
1707.9935302734375 1625218909.156163
1709.1502685546875 1625218909.16389
1701.954345703125 1625218909.170927
1704.7308349609375 1625218909.177961
1726.9736328125 1625218909.184876
1721.3114013671875 1625218909.191966
1724.137939453125 1625218909.198968
1719.672119140625 1625218909.205877
1722.4959716796875 1625218909.213011
1718.0328369140625 1625218909.219962
1715.220947265625 1625218909.227002
1718.0328369140625 1625218909.233762
1719.672119140625 1625218909.240782
1726.9736328125 1625218909.247838
1726.9736328125 1625218909.254789
1724.137939453125 1625218909.261778
1722.4959716796875 1625218909.268818
1716.8575439453125 1625218909.27586
1720.853759765625 1625218909.282796
1720.853759765625 1625218909.289794
1729.06396484375 1625218909.296833
1740.4959716796875 1625218909.303807
1735.9736328125 1625218909.310783
1742.1488037109375 1625218909.317812
1735.9736328125 1625218909.324735
1735.9736328125 1625218909.33178
1735.9736328125 1625218909.338761
1733.1136474609375 1625218909.345827
1731.4661865234375 1625218909.352822
1722.4959716796875 1625218909.35991
1721.3114013671875 1625218909.36682
1724.137939453125 1625218909.373812
1733.1136474609375 1625218909.3808
1734.3233642578125 1625218909.387854
1742.1488037109375 1625218909.394877
1736.4085693359375 1625218909.401804
1742.1488037109375 1625218909.408846
1740.4959716796875 1625218909.415778
1743.8016357421875 1625218909.422826
1739.27392578125 1625218909.429779
1743.8016357421875 1625218909.437022
1740.4959716796875 1625218909.44399
1742.1488037109375 1625218909.451014
1742.1488037109375 1625218909.457971
1743.37744140625 1625218909.46503
1730.2630615234375 1625218909.471854
1733.1136474609375 1625218909.478823
1728.618408203125 1625218909.485875
1737.623779296875 1625218909.492899
1739.27392578125 1625218909.499845
1749.58544921875 1625218909.507012
1745.033203125 1625218909.514711
1742.1488037109375 1625218909.521782
1739.27392578125 1625218909.528835
1745.033203125 1625218909.535784
1739.27392578125 1625218909.542709
1735.9736328125 1625218909.549808
1739.27392578125 1625218909.556706
1740.4959716796875 1625218909.563739
1734.7611083984375 1625218909.570777
1748.344482421875 1625218909.577734
1749.58544921875 1625218909.584756
1745.033203125 1625218909.591746
1745.033203125 1625218909.598641
1747.9271240234375 1625218909.605648
1738.843017578125 1625218909.612704
1735.9736328125 1625218909.619602
1742.1488037109375 1625218909.626621
1746.688720703125 1625218909.633426
1740.4959716796875 1625218909.640464
1742.1488037109375 1625218909.647513
1729.81884765625 1625218909.654458
1718.0328369140625 1625218909.661581
1713.5843505859375 1625218909.668544
1725.3289794921875 1625218909.675644
1731.4661865234375 1625218909.682513
1731.4661865234375 1625218909.689523
1737.623779296875 1625218909.696495
1737.623779296875 1625218909.703531
1731.4661865234375 1625218909.710594
1731.4661865234375 1625218909.717525
1735.9736328125 1625218909.724514
1726.9736328125 1625218909.73184
1728.618408203125 1625218909.738947
1728.618408203125 1625218909.745927
1728.618408203125 1625218909.752885
1728.17138671875 1625218909.759918
1718.0328369140625 1625218909.766882
1712.4183349609375 1625218909.773767
1722.4959716796875 1625218909.78072
1718.0328369140625 1625218909.787559
1728.618408203125 1625218909.794549
1729.81884765625 1625218909.801579
1733.1136474609375 1625218909.80857
1730.2630615234375 1625218909.815547
1722.4959716796875 1625218909.822451
1722.4959716796875 1625218909.829449
1729.81884765625 1625218909.836428
1722.4959716796875 1625218909.843455
1724.137939453125 1625218909.850486
1721.3114013671875 1625218909.857455
1722.4959716796875 1625218909.86483
1724.137939453125 1625218909.871764
1727.4219970703125 1625218909.87878
1732.67333984375 1625218909.885796
1724.137939453125 1625218909.892656
1731.4661865234375 1625218909.899536
1733.1136474609375 1625218909.906524
1735.9736328125 1625218909.913521
1737.623779296875 1625218909.920445
1738.843017578125 1625218909.927523
1733.1136474609375 1625218909.934533
1731.4661865234375 1625218909.94145
1726.9736328125 1625218909.948528
1726.9736328125 1625218909.955496
1718.0328369140625 1625218909.962566
1716.8575439453125 1625218909.9695
1724.137939453125 1625218909.976487
1728.618408203125 1625218909.983794
1728.618408203125 1625218909.990837
1720.853759765625 1625218909.997704
1722.4959716796875 1625218910.004693
1729.06396484375 1625218910.011799
1731.4661865234375 1625218910.018906
1718.0328369140625 1625218910.026699
1718.0328369140625 1625218910.03372
1715.220947265625 1625218910.040536
1725.780029296875 1625218910.047462
1733.1136474609375 1625218910.054454
1729.81884765625 1625218910.061726
1719.672119140625 1625218910.068681
1722.4959716796875 1625218910.075679
1718.0328369140625 1625218910.083827
1719.672119140625 1625218910.090826
1713.5843505859375 1625218910.097819
1710.7843017578125 1625218910.105583
1715.220947265625 1625218910.112632
1715.220947265625 1625218910.119548
1719.672119140625 1625218910.126476
1716.8575439453125 1625218910.133467
1715.220947265625 1625218910.140525
1723.6842041015625 1625218910.147453
1710.7843017578125 1625218910.154449
1710.7843017578125 1625218910.161786
1710.7843017578125 1625218910.168675
1710.7843017578125 1625218910.175618
1713.5843505859375 1625218910.182652
1712.4183349609375 1625218910.18971
1715.220947265625 1625218910.19651
1713.5843505859375 1625218910.203335
1710.7843017578125 1625218910.210418
1704.7308349609375 1625218910.217412
1706.3621826171875 1625218910.224414
1713.5843505859375 1625218910.231397
1710.7843017578125 1625218910.238436
1713.5843505859375 1625218910.24554
1709.1502685546875 1625218910.252481
1700.32568359375 1625218910.259463
1701.954345703125 1625218910.266478
1706.3621826171875 1625218910.273574
1710.7843017578125 1625218910.28044
1715.220947265625 1625218910.28738
1712.4183349609375 1625218910.294362
1714.754150390625 1625218910.30144
1707.516357421875 1625218910.308504
1701.954345703125 1625218910.315407
1706.3621826171875 1625218910.322442
1710.7843017578125 1625218910.329448
1710.7843017578125 1625218910.336464
1715.220947265625 1625218910.343451
1712.4183349609375 1625218910.350486
1703.0994873046875 1625218910.357405
1691.5584716796875 1625218910.364439
1695.93505859375 1625218910.37149
1688.81689453125 1625218910.37849
1693.181884765625 1625218910.385372
1699.18701171875 1625218910.392496
1699.8367919921875 1625218910.399518
1694.80517578125 1625218910.406393
1697.56103515625 1625218910.413582
1697.0684814453125 1625218910.420473
1689.93505859375 1625218910.427494
1677.4193115234375 1625218910.434511
1694.80517578125 1625218910.441488
1694.3089599609375 1625218910.448513
1694.3089599609375 1625218910.455628
1687.7022705078125 1625218910.462338
1695.93505859375 1625218910.469294
1681.2298583984375 1625218910.476257
1680.1292724609375 1625218910.483208
1671.49755859375 1625218910.490253
1669.8873291015625 1625218910.497318
1671.49755859375 1625218910.50421
1671.49755859375 1625218910.511248
1674.1934814453125 1625218910.518225
1669.8873291015625 1625218910.525251
1662.9212646484375 1625218910.532277
1674.1934814453125 1625218910.539287
1671.49755859375 1625218910.546239
1667.20263671875 1625218910.553297
1674.1934814453125 1625218910.560356
1673.10791015625 1625218910.567286
1675.806396484375 1625218910.574291
1674.1934814453125 1625218910.58126
1681.2298583984375 1625218910.588274
1675.28271484375 1625218910.595231
1671.49755859375 1625218910.602329
1668.810302734375 1625218910.609423
1677.4193115234375 1625218910.616289
1668.2769775390625 1625218910.623355
1674.7181396484375 1625218910.630363
1660.7999267578125 1625218910.637366
1658.14697265625 1625218910.644391
1675.806396484375 1625218910.651328
1645.9329833984375 1625218910.658352
1656.0 1625218910.665291
1660.25634765625 1625218910.672315
1661.3419189453125 1625218910.679395
1682.847900390625 1625218910.686218
1680.1292724609375 1625218910.693222
1678.5137939453125 1625218910.700122
1671.49755859375 1625218910.707149
1678.5137939453125 1625218910.714233
1672.58056640625 1625218910.721235
1666.131591796875 1625218910.728294
1691.5584716796875 1625218910.735258
1700.32568359375 1625218910.742165
1705.2117919921875 1625218910.749543
1706.3621826171875 1625218910.756485
1704.7308349609375 1625218910.763559
1700.8131103515625 1625218910.770652
1683.3602294921875 1625218910.77836
1690.9384765625 1625218910.785349
1690.4375 1625218910.792282
1671.49755859375 1625218910.799432
1686.0841064453125 1625218910.806437
1689.93505859375 1625218910.813469
1678.5137939453125 1625218910.820421
1678.5137939453125 1625218910.827477
1679.0322265625 1625218910.834484
1692.058349609375 1625218910.841414
1687.1961669921875 1625218910.848354
1694.80517578125 1625218910.855293
1697.56103515625 1625218910.862151
1700.32568359375 1625218910.86913
1710.7843017578125 1625218910.876108
1697.56103515625 1625218910.883101
1701.954345703125 1625218910.890122
1701.954345703125 1625218910.897129
1692.6829833984375 1625218910.904165
1686.0841064453125 1625218910.911112
1683.3602294921875 1625218910.918169
1667.741943359375 1625218910.925147
1665.5948486328125 1625218910.932168
1673.10791015625 1625218910.93917
1671.49755859375 1625218910.946205
1682.847900390625 1625218910.953193
1669.354736328125 1625218910.960178
1661.316162109375 1625218910.967178
1668.2769775390625 1625218910.974147
1673.10791015625 1625218910.981162
1676.898193359375 1625218910.98821
1678.5137939453125 1625218910.995197
1666.6666259765625 1625218911.00227
1662.9212646484375 1625218911.009221
1676.898193359375 1625218911.016186
1659.199951171875 1625218911.023264
1664.5264892578125 1625218911.03022
1665.5948486328125 1625218911.037277
1645.9329833984375 1625218911.044343
1641.7197265625 1625218911.051188
1643.3121337890625 1625218911.058241
1671.49755859375 1625218911.065571
1671.49755859375 1625218911.072399
1674.1934814453125 1625218911.079451
1667.20263671875 1625218911.086454
1671.49755859375 1625218911.093473
1661.316162109375 1625218911.100349
1662.9212646484375 1625218911.107303
1662.37939453125 1625218911.114258
1652.7999267578125 1625218911.121166
1641.7197265625 1625218911.128195
1644.904541015625 1625218911.13511
1649.122802734375 1625218911.142026
1649.5999755859375 1625218911.149394
1650.15966796875 1625218911.156665
1651.7572021484375 1625218911.164385
1644.338134765625 1625218911.171359
1643.3121337890625 1625218911.178539
1647.5279541015625 1625218911.185265
1656.0 1625218911.192213
1648.562255859375 1625218911.199185
1652.7999267578125 1625218911.206246
1641.7197265625 1625218911.213269
1643.3121337890625 1625218911.220281
1645.9329833984375 1625218911.22718
1648.562255859375 1625218911.234251
1654.4000244140625 1625218911.241036
1648.0 1625218911.24806
1645.9329833984375 1625218911.255156
1634.920654296875 1625218911.262138
1640.12744140625 1625218911.269083
1643.3121337890625 1625218911.276064
1644.338134765625 1625218911.283036
1645.9329833984375 1625218911.290066
1644.338134765625 1625218911.297129
1644.338134765625 1625218911.304155
1652.7999267578125 1625218911.311078
1654.4000244140625 1625218911.318076
1657.05126953125 1625218911.325472
1654.4000244140625 1625218911.332377
1654.4000244140625 1625218911.339772
1654.4000244140625 1625218911.347443
1652.7999267578125 1625218911.354481
1652.7999267578125 1625218911.361418
1652.7999267578125 1625218911.368225
1648.562255859375 1625218911.375286
1650.15966796875 1625218911.382245
1656.0 1625218911.389275
1641.7197265625 1625218911.396238
1644.338134765625 1625218911.403077
1662.9212646484375 1625218911.410136
1658.65380859375 1625218911.417091
1669.8873291015625 1625218911.424109
1669.8873291015625 1625218911.431118
1664.5264892578125 1625218911.438148
