-0.36 1624901265.082908 start_exp
-0.36 1624901265.370284 start_0_iteration
-0.36 1624901266.171607
-0.36 1624901266.174605
-0.36 1624901266.177465
-0.36 1624901266.1802
-0.36 1624901266.183078
-0.36 1624901266.185965
-0.36 1624901266.18888
-0.36 1624901266.191832
-0.36 1624901266.194664
-0.36 1624901266.197383
-0.36 1624901266.200096
-0.36 1624901266.20297
-0.36 1624901266.205831
-0.36 1624901266.20866
-0.36 1624901266.211401
-0.36 1624901266.214053
-0.36 1624901266.21684
-0.36 1624901266.21952
-0.36 1624901266.222378
-0.36 1624901266.225227
-0.36 1624901266.22797
-0.36 1624901266.230854
-0.36 1624901266.233625
-0.36 1624901266.23656
-0.36 1624901266.239429
-0.36 1624901266.242457
-0.36 1624901266.245492
-0.36 1624901266.248587
-0.36 1624901266.251661
-0.36 1624901266.254864
-0.36 1624901266.25798
-0.36 1624901266.260997
-0.36 1624901266.264135
-0.36 1624901266.267139
-0.36 1624901266.272746
-0.36 1624901266.275873
-0.36 1624901266.278972
-0.36 1624901266.281976
-0.36 1624901266.285089
-0.36 1624901266.288163
-0.36 1624901266.291179
-0.36 1624901266.294246
-0.36 1624901266.297108
-0.36 1624901266.300112
-0.36 1624901266.303298
-0.36 1624901266.306428
-0.36 1624901266.309245
-0.36 1624901266.312219
-0.36 1624901266.315354
-0.36 1624901266.318405
-0.36 1624901266.321429
-0.36 1624901266.324465
-0.36 1624901266.327635
-0.36 1624901266.330637
-0.36 1624901266.333716
-0.36 1624901266.336858
-0.36 1624901266.339847
-0.36 1624901266.343031
-0.36 1624901266.346106
-0.36 1624901266.349091
-0.36 1624901266.352194
-0.36 1624901266.355538
-0.36 1624901266.358855
-0.36 1624901266.361843
-0.36 1624901266.364779
-0.36 1624901266.367869
-0.36 1624901266.375934
-0.36 1624901266.378959
-0.36 1624901266.381931
-0.36 1624901266.384857
-0.36 1624901266.387821
-0.36 1624901266.390874
-0.36 1624901266.393961
-0.36 1624901266.396981
-0.36 1624901266.399941
-0.36 1624901266.402996
-0.36 1624901266.406073
-0.36 1624901266.409069
-0.36 1624901266.411986
-0.36 1624901266.415165
-0.36 1624901266.418212
-0.36 1624901266.42129
-0.36 1624901266.424365
-0.36 1624901266.427409
-0.36 1624901266.430534
-0.36 1624901266.43357
-0.36 1624901266.436628
-0.36 1624901266.439716
-0.36 1624901266.44288
-0.36 1624901266.445807
-0.36 1624901266.448878
-0.36 1624901266.45182
-0.36 1624901266.454989
-0.36 1624901266.458009
-0.36 1624901266.461163
-0.36 1624901266.464184
-0.36 1624901266.467273
-0.36 1624901266.472818
-0.36 1624901266.47558
-0.36 1624901266.478535
-0.36 1624901266.481432
-0.36 1624901266.484342
-0.36 1624901266.487255
-0.36 1624901266.490174
-0.36 1624901266.493063
-0.36 1624901266.49593
-0.36 1624901266.498956
-0.36 1624901266.501892
-0.36 1624901266.504819
-0.36 1624901266.507918
-0.36 1624901266.51084
-0.36 1624901266.513897
-0.36 1624901266.51679
-0.36 1624901266.519681
-0.36 1624901266.52279
-0.36 1624901266.52591
-0.36 1624901266.528941
-0.36 1624901266.531951
-0.36 1624901266.53493
-0.36 1624901266.537948
-0.36 1624901266.540814
5.14 1624901266.54398
12.87 1624901266.57566 touch_grd
14.15 1624901267.684074 go_up_roll
-0.36 1624901268.894333 start_1_iteration
-0.36 1624901269.687432
-0.36 1624901269.690248
-0.36 1624901269.693042
-0.36 1624901269.695858
-0.36 1624901269.698572
-0.36 1624901269.70144
-0.36 1624901269.704171
-0.36 1624901269.706924
-0.36 1624901269.709627
-0.36 1624901269.712532
-0.36 1624901269.715421
-0.36 1624901269.718157
-0.36 1624901269.72087
-0.36 1624901269.723775
-0.36 1624901269.72654
-0.36 1624901269.729436
-0.36 1624901269.732128
-0.36 1624901269.734871
-0.36 1624901269.737692
-0.36 1624901269.740536
-0.36 1624901269.74327
-0.36 1624901269.746141
-0.36 1624901269.749037
-0.36 1624901269.751828
-0.36 1624901269.754676
-0.36 1624901269.757403
-0.36 1624901269.760182
-0.36 1624901269.763032
-0.36 1624901269.765735
-0.36 1624901269.768541
-0.36 1624901269.771439
-0.36 1624901269.774139
-0.36 1624901269.776885
-0.36 1624901269.77963
-0.36 1624901269.782526
-0.36 1624901269.785399
-0.36 1624901269.788371
-0.36 1624901269.791223
-0.36 1624901269.793922
-0.36 1624901269.796675
-0.36 1624901269.7994
-0.36 1624901269.802339
-0.36 1624901269.805247
-0.36 1624901269.808141
-0.36 1624901269.810896
-0.36 1624901269.8137
-0.36 1624901269.816469
-0.36 1624901269.81919
-0.36 1624901269.821927
-0.36 1624901269.824623
-0.36 1624901269.827618
-0.36 1624901269.830498
-0.36 1624901269.833341
-0.36 1624901269.836085
-0.36 1624901269.838851
-0.36 1624901269.841559
-0.36 1624901269.844475
-0.36 1624901269.847329
-0.36 1624901269.850037
-0.36 1624901269.852798
-0.36 1624901269.855548
-0.36 1624901269.858286
-0.36 1624901269.861115
-0.36 1624901269.863875
-0.36 1624901269.866635
-0.36 1624901269.869571
-0.36 1624901269.8725
-0.36 1624901269.875149
-0.36 1624901269.87791
-0.36 1624901269.880638
-0.36 1624901269.883488
-0.36 1624901269.886257
-0.36 1624901269.888954
-0.36 1624901269.891807
-0.36 1624901269.894652
-0.36 1624901269.897522
-0.36 1624901269.900271
-0.36 1624901269.90303
-0.36 1624901269.905883
-0.36 1624901269.90875
-0.36 1624901269.911521
-0.36 1624901269.914219
-0.36 1624901269.917187
-0.36 1624901269.920073
-0.36 1624901269.922945
-0.36 1624901269.925661
-0.36 1624901269.928452
-0.36 1624901269.931119
-0.36 1624901269.933887
-0.36 1624901269.936595
-0.36 1624901269.939351
-0.36 1624901269.942043
-0.36 1624901269.94479
-0.36 1624901269.947548
-0.36 1624901269.950427
-0.36 1624901269.953156
-0.36 1624901269.956071
-0.36 1624901269.958979
-0.36 1624901269.961866
-0.36 1624901269.964567
-0.36 1624901269.967346
-0.36 1624901269.970107
-0.36 1624901269.972957
-0.36 1624901269.975911
-0.36 1624901269.978724
-0.36 1624901269.981471
-0.36 1624901269.98581
-0.36 1624901269.988655
-0.36 1624901269.991586
-0.36 1624901269.994475
-0.36 1624901269.997358
-0.36 1624901270.000047
-0.36 1624901270.00291
-0.36 1624901270.005714
-0.36 1624901270.008454
-0.36 1624901270.011347
-0.36 1624901270.014087
-0.36 1624901270.016896
-0.36 1624901270.019723
-0.36 1624901270.022629
-0.36 1624901270.025477
-0.36 1624901270.028238
-0.36 1624901270.030982
-0.36 1624901270.03368
-0.36 1624901270.036432
-0.36 1624901270.039145
-0.36 1624901270.041858
-0.36 1624901270.044616
-0.36 1624901270.047519
-0.36 1624901270.050259
-0.36 1624901270.052983
-0.36 1624901270.05585
-0.36 1624901270.058776
27.91 1624901270.061868
11.32 1624901270.090062 touch_grd
13.67 1624901271.196209 go_up_roll
-0.36 1624901272.404845 start_2_iteration
-0.36 1624901273.202913
-0.36 1624901273.205604
-0.36 1624901273.208316
-0.36 1624901273.211122
-0.36 1624901273.213961
-0.36 1624901273.216741
-0.36 1624901273.219511
-0.36 1624901273.222412
-0.36 1624901273.225286
-0.36 1624901273.228194
-0.36 1624901273.230886
-0.36 1624901273.233672
-0.36 1624901273.236372
-0.36 1624901273.239145
-0.36 1624901273.241901
-0.36 1624901273.24472
-0.36 1624901273.247478
-0.36 1624901273.25058
-0.36 1624901273.253449
-0.36 1624901273.25635
-0.36 1624901273.259286
-0.36 1624901273.261966
-0.36 1624901273.264669
-0.36 1624901273.267458
-0.36 1624901273.270185
-0.36 1624901273.272901
-0.36 1624901273.275587
-0.36 1624901273.278322
-0.36 1624901273.281056
-0.36 1624901273.283793
-0.36 1624901273.286541
-0.36 1624901273.289314
-0.36 1624901273.292068
-0.36 1624901273.294887
-0.36 1624901273.297672
-0.36 1624901273.300401
-0.36 1624901273.303323
-0.36 1624901273.306149
-0.36 1624901273.308884
-0.36 1624901273.311606
-0.36 1624901273.31454
-0.36 1624901273.317298
-0.36 1624901273.320148
-0.36 1624901273.322942
-0.36 1624901273.32577
-0.36 1624901273.328516
-0.36 1624901273.331278
-0.36 1624901273.334049
-0.36 1624901273.336931
-0.36 1624901273.33979
-0.36 1624901273.342492
-0.36 1624901273.345244
-0.36 1624901273.347994
-0.36 1624901273.350722
-0.36 1624901273.353639
-0.36 1624901273.356513
-0.36 1624901273.359256
-0.36 1624901273.361926
-0.36 1624901273.364651
-0.36 1624901273.367468
-0.36 1624901273.370178
-0.36 1624901273.372913
-0.36 1624901273.375628
-0.36 1624901273.378533
-0.36 1624901273.381465
-0.36 1624901273.384326
-0.36 1624901273.387239
-0.36 1624901273.390124
-0.36 1624901273.393005
-0.36 1624901273.395801
-0.36 1624901273.398487
-0.36 1624901273.401256
-0.36 1624901273.403951
-0.36 1624901273.406709
-0.36 1624901273.409386
-0.36 1624901273.412119
-0.36 1624901273.414907
-0.36 1624901273.417637
-0.36 1624901273.420525
-0.36 1624901273.423294
-0.36 1624901273.426135
-0.36 1624901273.428896
-0.36 1624901273.431769
-0.36 1624901273.434546
-0.36 1624901273.437409
-0.36 1624901273.440413
-0.36 1624901273.443215
-0.36 1624901273.446115
-0.36 1624901273.449095
-0.36 1624901273.45196
-0.36 1624901273.454835
-0.36 1624901273.457528
-0.36 1624901273.460233
-0.36 1624901273.463024
-0.36 1624901273.465741
-0.36 1624901273.46845
-0.36 1624901273.471236
-0.36 1624901273.473972
-0.36 1624901273.476893
-0.36 1624901273.479706
-0.36 1624901273.482453
-0.36 1624901273.485207
-0.36 1624901273.488094
-0.36 1624901273.491018
-0.36 1624901273.493709
-0.36 1624901273.496448
-0.36 1624901273.499275
-0.36 1624901273.502101
-0.36 1624901273.505039
-0.36 1624901273.508013
-0.36 1624901273.510799
-0.36 1624901273.513707
-0.36 1624901273.516572
-0.36 1624901273.519502
-0.36 1624901273.522254
-0.36 1624901273.52515
-0.36 1624901273.528054
-0.36 1624901273.530953
-0.36 1624901273.533682
-0.36 1624901273.536553
-0.36 1624901273.539273
-0.36 1624901273.542025
-0.36 1624901273.544877
-0.36 1624901273.547696
-0.36 1624901273.550614
-0.36 1624901273.553637
-0.36 1624901273.556525
-0.36 1624901273.559235
-0.36 1624901273.561986
-0.36 1624901273.564768
-0.36 1624901273.56767
-0.36 1624901273.570584
7.7 1624901273.573589
16.66 1624901273.604864 touch_grd
15.86 1624901274.71538 go_up_roll
-0.36 1624901275.926265 start_3_iteration
-0.36 1624901276.718484
-0.36 1624901276.721289
-0.36 1624901276.724066
-0.36 1624901276.726964
-0.36 1624901276.729888
-0.36 1624901276.732755
-0.36 1624901276.735486
-0.36 1624901276.738375
-0.36 1624901276.74113
-0.36 1624901276.743903
-0.36 1624901276.746758
-0.36 1624901276.749622
-0.36 1624901276.752529
-0.36 1624901276.755268
-0.36 1624901276.758021
-0.36 1624901276.760734
-0.36 1624901276.763651
-0.36 1624901276.766565
-0.36 1624901276.76943
-0.36 1624901276.772178
-0.36 1624901276.774987
-0.36 1624901276.777793
-0.36 1624901276.780524
-0.36 1624901276.783351
-0.36 1624901276.78617
-0.36 1624901276.789046
-0.36 1624901276.791748
-0.36 1624901276.79448
-0.36 1624901276.79729
-0.36 1624901276.800003
-0.36 1624901276.802952
-0.36 1624901276.805773
-0.36 1624901276.808464
-0.36 1624901276.811255
-0.36 1624901276.815191
-0.36 1624901276.818052
-0.36 1624901276.820978
-0.36 1624901276.823956
-0.36 1624901276.826777
-0.36 1624901276.829496
-0.36 1624901276.832226
-0.36 1624901276.835017
-0.36 1624901276.837892
-0.36 1624901276.840643
-0.36 1624901276.843497
-0.36 1624901276.846278
-0.36 1624901276.849011
-0.36 1624901276.851917
-0.36 1624901276.854767
-0.36 1624901276.857506
-0.36 1624901276.86021
-0.36 1624901276.863014
-0.36 1624901276.865874
-0.36 1624901276.868783
-0.36 1624901276.871511
-0.36 1624901276.874416
-0.36 1624901276.877295
-0.36 1624901276.880187
-0.36 1624901276.883133
-0.36 1624901276.886033
-0.36 1624901276.888957
-0.36 1624901276.891826
-0.36 1624901276.894716
-0.36 1624901276.897695
-0.36 1624901276.900564
-0.36 1624901276.903667
-0.36 1624901276.906505
-0.36 1624901276.909428
-0.36 1624901276.912328
-0.36 1624901276.916517
-0.36 1624901276.91935
-0.36 1624901276.922252
-0.36 1624901276.925085
-0.36 1624901276.927816
-0.36 1624901276.930717
-0.36 1624901276.933633
-0.36 1624901276.936506
-0.36 1624901276.939432
-0.36 1624901276.942394
-0.36 1624901276.945229
-0.36 1624901276.947959
-0.36 1624901276.950857
-0.36 1624901276.953774
-0.36 1624901276.956694
-0.36 1624901276.959643
-0.36 1624901276.962525
-0.36 1624901276.965399
-0.36 1624901276.968284
-0.36 1624901276.971269
-0.36 1624901276.974071
-0.36 1624901276.976774
-0.36 1624901276.979682
-0.36 1624901276.982656
-0.36 1624901276.985546
-0.36 1624901276.988399
-0.36 1624901276.99113
-0.36 1624901276.994042
-0.36 1624901276.996978
-0.36 1624901276.99984
-0.36 1624901277.002749
-0.36 1624901277.005494
-0.36 1624901277.008366
-0.36 1624901277.011324
-0.36 1624901277.014142
-0.36 1624901277.017859
-0.36 1624901277.020732
-0.36 1624901277.023578
-0.36 1624901277.026313
-0.36 1624901277.029209
-0.36 1624901277.032144
-0.36 1624901277.035026
-0.36 1624901277.038
-0.36 1624901277.040802
-0.36 1624901277.043687
-0.36 1624901277.046427
-0.36 1624901277.049365
-0.36 1624901277.052256
-0.36 1624901277.055181
-0.36 1624901277.058064
-0.36 1624901277.060975
-0.36 1624901277.063887
-0.36 1624901277.066757
-0.36 1624901277.069666
-0.36 1624901277.072585
-0.36 1624901277.075449
-0.36 1624901277.078138
-0.36 1624901277.08099
-0.36 1624901277.083815
-0.36 1624901277.086509
-0.36 1624901277.089429
23.27 1624901277.092467
12.39 1624901277.121077 touch_grd
15.43 1624901278.236996 go_up_roll
-0.36 1624901279.44045 start_4_iteration
-0.36 1624901280.233575
-0.36 1624901280.236475
-0.36 1624901280.239377
-0.36 1624901280.242263
-0.36 1624901280.245136
-0.36 1624901280.247913
-0.36 1624901280.250865
-0.36 1624901280.253671
-0.36 1624901280.256599
-0.36 1624901280.259301
-0.36 1624901280.262024
-0.36 1624901280.264774
-0.36 1624901280.267554
-0.36 1624901280.270439
-0.36 1624901280.27326
-0.36 1624901280.276026
-0.36 1624901280.278768
-0.36 1624901280.281508
-0.36 1624901280.284246
-0.36 1624901280.286907
-0.36 1624901280.289689
-0.36 1624901280.29241
-0.36 1624901280.295141
-0.36 1624901280.298096
-0.36 1624901280.300929
-0.36 1624901280.303754
-0.36 1624901280.306477
-0.36 1624901280.309268
-0.36 1624901280.312036
-0.36 1624901280.314795
-0.36 1624901280.317699
-0.36 1624901280.320649
-0.36 1624901280.323443
-0.36 1624901280.32621
-0.36 1624901280.328925
-0.36 1624901280.331705
-0.36 1624901280.334612
-0.36 1624901280.337434
-0.36 1624901280.340216
-0.36 1624901280.342908
-0.36 1624901280.34571
-0.36 1624901280.348593
-0.36 1624901280.351326
-0.36 1624901280.354165
-0.36 1624901280.356912
-0.36 1624901280.359647
-0.36 1624901280.362445
-0.36 1624901280.365336
-0.36 1624901280.368231
-0.36 1624901280.371074
-0.36 1624901280.373829
-0.36 1624901280.376553
-0.36 1624901280.379458
-0.36 1624901280.382198
-0.36 1624901280.385064
-0.36 1624901280.387793
-0.36 1624901280.390552
-0.36 1624901280.393422
-0.36 1624901280.396194
-0.36 1624901280.398933
-0.36 1624901280.401812
-0.36 1624901280.404735
-0.36 1624901280.407433
-0.36 1624901280.410179
-0.36 1624901280.412949
-0.36 1624901280.415842
-0.36 1624901280.418721
-0.36 1624901280.421607
-0.36 1624901280.424312
-0.36 1624901280.427071
-0.36 1624901280.432051
-0.36 1624901280.434767
-0.36 1624901280.437656
-0.36 1624901280.440526
-0.36 1624901280.443464
-0.36 1624901280.446404
-0.36 1624901280.449093
-0.36 1624901280.452014
-0.36 1624901280.454964
-0.36 1624901280.457844
-0.36 1624901280.460727
-0.36 1624901280.46367
-0.36 1624901280.466542
-0.36 1624901280.469224
-0.36 1624901280.472116
-0.36 1624901280.47486
-0.36 1624901280.477597
-0.36 1624901280.480368
-0.36 1624901280.483066
-0.36 1624901280.486
-0.36 1624901280.488828
-0.36 1624901280.49172
-0.36 1624901280.49447
-0.36 1624901280.497255
-0.36 1624901280.500043
-0.36 1624901280.502907
-0.36 1624901280.505751
-0.36 1624901280.508491
-0.36 1624901280.511276
-0.36 1624901280.514217
-0.36 1624901280.517128
-0.36 1624901280.520138
-0.36 1624901280.523099
-0.36 1624901280.525913
-0.36 1624901280.528901
-0.36 1624901280.53426
-0.36 1624901280.537223
-0.36 1624901280.540134
-0.36 1624901280.543106
-0.36 1624901280.546057
-0.36 1624901280.549079
-0.36 1624901280.552097
-0.36 1624901280.555029
-0.36 1624901280.558072
-0.36 1624901280.560985
-0.36 1624901280.563932
-0.36 1624901280.566946
-0.36 1624901280.570031
-0.36 1624901280.572918
-0.36 1624901280.576101
-0.36 1624901280.579223
-0.36 1624901280.582067
-0.36 1624901280.585016
-0.36 1624901280.587962
-0.36 1624901280.590804
-0.36 1624901280.59374
-0.36 1624901280.596628
-0.36 1624901280.599734
-0.36 1624901280.602615
-0.36 1624901280.605726
24.29 1624901280.60894
16.66 1624901280.638122 touch_grd
14.2 1624901281.745489 go_up_roll
-0.36 1624901282.946241 start_5_iteration
-0.36 1624901283.748243
-0.36 1624901283.751125
-0.36 1624901283.753939
-0.36 1624901283.756912
-0.36 1624901283.759863
-0.36 1624901283.762727
-0.36 1624901283.765619
-0.36 1624901283.768492
-0.36 1624901283.771217
-0.36 1624901283.773951
-0.36 1624901283.776664
-0.36 1624901283.779474
-0.36 1624901283.782376
-0.36 1624901283.785301
-0.36 1624901283.788083
-0.36 1624901283.790813
-0.36 1624901283.793595
-0.36 1624901283.796469
-0.36 1624901283.799362
-0.36 1624901283.802277
-0.36 1624901283.805194
-0.36 1624901283.808103
-0.36 1624901283.810959
-0.36 1624901283.813689
-0.36 1624901283.81664
-0.36 1624901283.819534
-0.36 1624901283.822343
-0.36 1624901283.825174
-0.36 1624901283.827938
-0.36 1624901283.830606
-0.36 1624901283.833377
-0.36 1624901283.836126
-0.36 1624901283.838945
-0.36 1624901283.841689
-0.36 1624901283.845106
-0.36 1624901283.84868
-0.36 1624901283.851682
-0.36 1624901283.854501
-0.36 1624901283.85724
-0.36 1624901283.860094
-0.36 1624901283.862884
-0.36 1624901283.865795
-0.36 1624901283.868658
-0.36 1624901283.87154
-0.36 1624901283.874302
-0.36 1624901283.877002
-0.36 1624901283.879741
-0.36 1624901283.882476
-0.36 1624901283.885415
-0.36 1624901283.888295
-0.36 1624901283.890982
-0.36 1624901283.893743
-0.36 1624901283.896505
-0.36 1624901283.899422
-0.36 1624901283.90226
-0.36 1624901283.90516
-0.36 1624901283.907994
-0.36 1624901283.910816
-0.36 1624901283.913558
-0.36 1624901283.916463
-0.36 1624901283.919344
-0.36 1624901283.922178
-0.36 1624901283.924999
-0.36 1624901283.927799
-0.36 1624901283.930641
-0.36 1624901283.933536
-0.36 1624901283.936401
-0.36 1624901283.93934
-0.36 1624901283.942182
-0.36 1624901283.946279
-0.36 1624901283.949051
-0.36 1624901283.95179
-0.36 1624901283.954656
-0.36 1624901283.957395
-0.36 1624901283.960114
-0.36 1624901283.963009
-0.36 1624901283.965763
-0.36 1624901283.968634
-0.36 1624901283.971393
-0.36 1624901283.974089
-0.36 1624901283.976868
-0.36 1624901283.979795
-0.36 1624901283.982655
-0.36 1624901283.985363
-0.36 1624901283.988303
-0.36 1624901283.99122
-0.36 1624901283.99406
-0.36 1624901283.996804
-0.36 1624901283.999564
-0.36 1624901284.002339
-0.36 1624901284.005311
-0.36 1624901284.008083
-0.36 1624901284.010976
-0.36 1624901284.013726
-0.36 1624901284.016621
-0.36 1624901284.019376
-0.36 1624901284.022237
-0.36 1624901284.025126
-0.36 1624901284.027975
-0.36 1624901284.030809
-0.36 1624901284.033704
-0.36 1624901284.036603
-0.36 1624901284.039562
-0.36 1624901284.042385
-0.36 1624901284.046957
-0.36 1624901284.049768
-0.36 1624901284.052664
-0.36 1624901284.055561
-0.36 1624901284.058223
-0.36 1624901284.060947
-0.36 1624901284.063727
-0.36 1624901284.066616
-0.36 1624901284.069532
-0.36 1624901284.072454
-0.36 1624901284.075147
-0.36 1624901284.077849
-0.36 1624901284.080629
-0.36 1624901284.08356
-0.36 1624901284.086436
-0.36 1624901284.089296
-0.36 1624901284.09205
-0.36 1624901284.094779
-0.36 1624901284.097532
-0.36 1624901284.100472
-0.36 1624901284.103289
-0.36 1624901284.106216
-0.36 1624901284.109104
-0.36 1624901284.1118
-0.36 1624901284.114667
-0.36 1624901284.117494
-0.04 1624901284.120241
32.71 1624901284.123286
7.8 1624901284.150454 touch_grd
14.79 1624901285.267596 go_up_roll
-0.36 1624901286.462809 start_6_iteration
-0.36 1624901287.262668
-0.36 1624901287.265511
-0.36 1624901287.268253
-0.36 1624901287.271043
-0.36 1624901287.27373
-0.36 1624901287.276658
-0.36 1624901287.279557
-0.36 1624901287.282453
-0.36 1624901287.285346
-0.36 1624901287.288233
-0.36 1624901287.290965
-0.36 1624901287.293661
-0.36 1624901287.296474
-0.36 1624901287.299313
-0.36 1624901287.302076
-0.36 1624901287.30479
-0.36 1624901287.307689
-0.36 1624901287.310601
-0.36 1624901287.313492
-0.36 1624901287.316389
-0.36 1624901287.319134
-0.36 1624901287.321819
-0.36 1624901287.324626
-0.36 1624901287.327472
-0.36 1624901287.330689
-0.36 1624901287.333631
-0.36 1624901287.336504
-0.36 1624901287.339281
-0.36 1624901287.342111
-0.36 1624901287.344932
-0.36 1624901287.347629
-0.36 1624901287.350534
-0.36 1624901287.353446
-0.36 1624901287.356314
-0.36 1624901287.359494
-0.36 1624901287.362283
-0.36 1624901287.365175
-0.36 1624901287.367915
-0.36 1624901287.370625
-0.36 1624901287.373362
-0.36 1624901287.376137
-0.36 1624901287.379034
-0.36 1624901287.381905
-0.36 1624901287.384681
-0.36 1624901287.387413
-0.36 1624901287.390117
-0.36 1624901287.392839
-0.36 1624901287.395581
-0.36 1624901287.398305
-0.36 1624901287.401045
-0.36 1624901287.403973
-0.36 1624901287.406879
-0.36 1624901287.40973
-0.36 1624901287.412473
-0.36 1624901287.415232
-0.36 1624901287.418065
-0.36 1624901287.420835
-0.36 1624901287.423624
-0.36 1624901287.426453
-0.36 1624901287.429202
-0.36 1624901287.432055
-0.36 1624901287.434803
-0.36 1624901287.437583
-0.36 1624901287.440441
-0.36 1624901287.443161
-0.36 1624901287.445889
-0.36 1624901287.448652
-0.36 1624901287.451338
-0.36 1624901287.454107
-0.36 1624901287.456859
-0.36 1624901287.460863
-0.36 1624901287.463679
-0.36 1624901287.466589
-0.36 1624901287.469565
-0.36 1624901287.472425
-0.36 1624901287.475277
-0.36 1624901287.478189
-0.36 1624901287.480854
-0.36 1624901287.483693
-0.36 1624901287.486542
-0.36 1624901287.489307
-0.36 1624901287.492019
-0.36 1624901287.494713
-0.36 1624901287.497453
-0.36 1624901287.500319
-0.36 1624901287.503074
-0.36 1624901287.505789
-0.36 1624901287.50854
-0.36 1624901287.511317
-0.36 1624901287.514016
-0.36 1624901287.516746
-0.36 1624901287.519496
-0.36 1624901287.522159
-0.36 1624901287.524975
-0.36 1624901287.527831
-0.36 1624901287.53072
-0.36 1624901287.533606
-0.36 1624901287.536359
-0.36 1624901287.539097
-0.36 1624901287.541799
-0.36 1624901287.544554
-0.36 1624901287.547472
-0.36 1624901287.550357
-0.36 1624901287.553268
-0.36 1624901287.556177
-0.36 1624901287.559098
-0.36 1624901287.561848
-0.36 1624901287.564677
-0.36 1624901287.56758
-0.36 1624901287.570332
-0.36 1624901287.573055
-0.36 1624901287.576045
-0.36 1624901287.578873
-0.36 1624901287.581772
-0.36 1624901287.584644
-0.36 1624901287.587388
-0.36 1624901287.590122
-0.36 1624901287.592969
-0.36 1624901287.595769
-0.36 1624901287.598831
-0.36 1624901287.601529
-0.36 1624901287.604297
-0.36 1624901287.607002
-0.36 1624901287.609915
-0.36 1624901287.612813
-0.36 1624901287.615767
-0.36 1624901287.618628
-0.36 1624901287.621511
-0.36 1624901287.624304
-0.36 1624901287.627121
-0.36 1624901287.629906
-0.36 1624901287.632623
-0.36 1624901287.635345
28.02 1624901287.63842
3.64 1624901287.665165 touch_grd
14.63 1624901288.781584 go_up_roll
-0.36 1624901289.976553 start_7_iteration
-0.36 1624901290.779015
-0.36 1624901290.781894
-0.36 1624901290.784773
-0.36 1624901290.787676
-0.36 1624901290.79053
-0.36 1624901290.793297
-0.36 1624901290.796027
-0.36 1624901290.798801
-0.36 1624901290.801643
-0.36 1624901290.804369
-0.36 1624901290.807256
-0.36 1624901290.810209
-0.36 1624901290.81323
-0.36 1624901290.81635
-0.36 1624901290.819344
-0.36 1624901290.822445
-0.36 1624901290.825362
-0.36 1624901290.828404
-0.36 1624901290.831312
-0.36 1624901290.834469
-0.36 1624901290.83742
-0.36 1624901290.840296
-0.36 1624901290.843222
-0.36 1624901290.846113
-0.36 1624901290.849193
-0.36 1624901290.852122
-0.36 1624901290.855189
-0.36 1624901290.858215
-0.36 1624901290.861275
-0.36 1624901290.864428
-0.36 1624901290.867472
-0.36 1624901290.870358
-0.36 1624901290.873517
-0.36 1624901290.881127
-0.36 1624901290.884199
-0.36 1624901290.887234
-0.36 1624901290.890187
-0.36 1624901290.8933
-0.36 1624901290.896355
-0.36 1624901290.899763
-0.36 1624901290.902785
-0.36 1624901290.905728
-0.36 1624901290.908873
-0.36 1624901290.911856
-0.36 1624901290.914941
-0.36 1624901290.917971
-0.36 1624901290.920827
-0.36 1624901290.923844
-0.36 1624901290.926848
-0.36 1624901290.929756
-0.36 1624901290.93269
-0.36 1624901290.935709
-0.36 1624901290.938783
-0.36 1624901290.941776
-0.36 1624901290.944754
-0.36 1624901290.947691
-0.36 1624901290.950757
-0.36 1624901290.953774
-0.36 1624901290.956776
-0.36 1624901290.959858
-0.36 1624901290.962891
-0.36 1624901290.966021
-0.36 1624901290.969184
-0.36 1624901290.972512
-0.36 1624901290.981049
-0.36 1624901290.98408
-0.36 1624901290.987155
-0.36 1624901290.990142
-0.36 1624901290.993161
-0.36 1624901290.996248
-0.36 1624901290.999364
-0.36 1624901291.002342
-0.36 1624901291.005353
-0.36 1624901291.008455
-0.36 1624901291.011319
-0.36 1624901291.014406
-0.36 1624901291.017349
-0.36 1624901291.020425
-0.36 1624901291.023785
-0.36 1624901291.026654
-0.36 1624901291.029624
-0.36 1624901291.032624
-0.36 1624901291.03554
-0.36 1624901291.038499
-0.36 1624901291.041459
-0.36 1624901291.044456
-0.36 1624901291.047498
-0.36 1624901291.050397
-0.36 1624901291.05344
-0.36 1624901291.056323
-0.36 1624901291.059265
-0.36 1624901291.062165
-0.36 1624901291.065065
-0.36 1624901291.068004
-0.36 1624901291.071037
-0.36 1624901291.073902
-0.36 1624901291.079971
-0.36 1624901291.082973
-0.36 1624901291.085885
-0.36 1624901291.088737
-0.36 1624901291.091688
-0.36 1624901291.094586
-0.36 1624901291.097519
-0.36 1624901291.100712
-0.36 1624901291.10377
-0.36 1624901291.106671
-0.36 1624901291.109611
-0.36 1624901291.112479
-0.36 1624901291.115398
-0.36 1624901291.118351
-0.36 1624901291.121358
-0.36 1624901291.124282
-0.36 1624901291.127163
-0.36 1624901291.130109
-0.36 1624901291.132977
-0.36 1624901291.135866
-0.36 1624901291.138748
-0.36 1624901291.141692
-0.36 1624901291.144613
-0.36 1624901291.147623
-0.36 1624901291.150564
10.47 1624901291.153798
5.62 1624901291.182577 touch_grd
15.64 1624901292.298486 go_up_roll
-0.36 1624901293.492551 start_8_iteration
-0.36 1624901294.294476
-0.36 1624901294.297182
-0.36 1624901294.300084
-0.36 1624901294.30284
-0.36 1624901294.305734
-0.36 1624901294.308573
-0.36 1624901294.311374
-0.36 1624901294.314257
-0.36 1624901294.31713
-0.36 1624901294.319866
-0.36 1624901294.32261
-0.36 1624901294.325506
-0.36 1624901294.328407
-0.36 1624901294.331208
-0.36 1624901294.334034
-0.36 1624901294.336733
-0.36 1624901294.339578
-0.36 1624901294.342407
-0.36 1624901294.345294
-0.36 1624901294.348207
-0.36 1624901294.350947
-0.36 1624901294.353668
-0.36 1624901294.356385
-0.36 1624901294.359221
-0.36 1624901294.362037
-0.36 1624901294.364734
-0.36 1624901294.367707
-0.36 1624901294.370545
-0.36 1624901294.373439
-0.36 1624901294.376172
-0.36 1624901294.378967
-0.36 1624901294.381647
-0.36 1624901294.38453
-0.36 1624901294.387238
-0.36 1624901294.390014
-0.36 1624901294.392778
-0.36 1624901294.395658
-0.36 1624901294.398531
-0.36 1624901294.40123
-0.36 1624901294.404022
-0.36 1624901294.406913
-0.36 1624901294.409816
-0.36 1624901294.412687
-0.36 1624901294.415443
-0.36 1624901294.418142
-0.36 1624901294.420875
-0.36 1624901294.423678
-0.36 1624901294.426427
-0.36 1624901294.429269
-0.36 1624901294.432138
-0.36 1624901294.434883
-0.36 1624901294.437607
-0.36 1624901294.440342
-0.36 1624901294.443124
-0.36 1624901294.445805
-0.36 1624901294.44878
-0.36 1624901294.45171
-0.36 1624901294.454629
-0.36 1624901294.457502
-0.36 1624901294.460336
-0.36 1624901294.463248
-0.36 1624901294.466116
-0.36 1624901294.468853
-0.36 1624901294.471666
-0.36 1624901294.474443
-0.36 1624901294.477234
-0.36 1624901294.480002
-0.36 1624901294.482851
-0.36 1624901294.485614
-0.36 1624901294.488487
-0.36 1624901294.495129
-0.36 1624901294.497917
-0.36 1624901294.500784
-0.36 1624901294.503711
-0.36 1624901294.506646
-0.36 1624901294.509527
-0.36 1624901294.512449
-0.36 1624901294.515316
-0.36 1624901294.518265
-0.36 1624901294.521329
-0.36 1624901294.524149
-0.36 1624901294.526908
-0.36 1624901294.52982
-0.36 1624901294.532739
-0.36 1624901294.535643
-0.36 1624901294.538326
-0.36 1624901294.541225
-0.36 1624901294.544151
-0.36 1624901294.547111
-0.36 1624901294.550043
-0.36 1624901294.553118
-0.36 1624901294.555961
-0.36 1624901294.55883
-0.36 1624901294.561699
-0.36 1624901294.564659
-0.36 1624901294.567593
-0.36 1624901294.570456
-0.36 1624901294.573375
-0.36 1624901294.576268
-0.36 1624901294.579123
-0.36 1624901294.582116
-0.36 1624901294.58499
-0.36 1624901294.587852
-0.36 1624901294.5907
-0.36 1624901294.595532
-0.36 1624901294.598511
-0.36 1624901294.601489
-0.36 1624901294.604428
-0.36 1624901294.607473
-0.36 1624901294.610391
-0.36 1624901294.613292
-0.36 1624901294.616219
-0.36 1624901294.619079
-0.36 1624901294.621931
-0.36 1624901294.624891
-0.36 1624901294.627741
-0.36 1624901294.630669
-0.36 1624901294.63356
-0.36 1624901294.636292
-0.36 1624901294.639245
-0.36 1624901294.642277
-0.36 1624901294.645224
-0.36 1624901294.648121
-0.36 1624901294.65097
-0.36 1624901294.653897
-0.36 1624901294.656771
-0.36 1624901294.659741
-0.36 1624901294.662618
-0.36 1624901294.665499
22.05 1624901294.668599
18.84 1624901294.698499 touch_grd
16.39 1624901295.806879 go_up_roll
-0.36 1624901297.010053 start_9_iteration
-0.36 1624901297.811499
-0.36 1624901297.81419
-0.36 1624901297.816866
-0.36 1624901297.819617
-0.36 1624901297.822441
-0.36 1624901297.825159
-0.36 1624901297.828094
-0.36 1624901297.830914
-0.36 1624901297.833708
-0.36 1624901297.836544
-0.36 1624901297.839308
-0.36 1624901297.842116
-0.36 1624901297.844928
-0.36 1624901297.847811
-0.36 1624901297.850702
-0.36 1624901297.853461
-0.36 1624901297.856344
-0.36 1624901297.859045
-0.36 1624901297.861863
-0.36 1624901297.864728
-0.36 1624901297.867633
-0.36 1624901297.870361
-0.36 1624901297.873056
-0.36 1624901297.87584
-0.36 1624901297.878735
-0.36 1624901297.881636
-0.36 1624901297.884468
-0.36 1624901297.887211
-0.36 1624901297.889938
-0.36 1624901297.892688
-0.36 1624901297.895435
-0.36 1624901297.898391
-0.36 1624901297.901048
-0.36 1624901297.903829
-0.36 1624901297.908244
-0.36 1624901297.9111
-0.36 1624901297.913895
-0.36 1624901297.916581
-0.36 1624901297.919523
-0.36 1624901297.922525
-0.36 1624901297.925609
-0.36 1624901297.928678
-0.36 1624901297.931837
-0.36 1624901297.934984
-0.36 1624901297.938095
-0.36 1624901297.941149
-0.36 1624901297.94423
-0.36 1624901297.947304
-0.36 1624901297.950382
-0.36 1624901297.953602
-0.36 1624901297.956744
-0.36 1624901297.959943
-0.36 1624901297.96302
-0.36 1624901297.966135
-0.36 1624901297.969231
-0.36 1624901297.972233
-0.36 1624901297.975247
-0.36 1624901297.978444
-0.36 1624901297.98152
-0.36 1624901297.984604
-0.36 1624901297.987768
-0.36 1624901297.990822
-0.36 1624901297.993886
-0.36 1624901297.996945
-0.36 1624901297.999953
-0.36 1624901298.002872
-0.36 1624901298.006002
-0.36 1624901298.013729
-0.36 1624901298.016753
-0.36 1624901298.019864
-0.36 1624901298.022874
-0.36 1624901298.025948
-0.36 1624901298.02908
-0.36 1624901298.032148
-0.36 1624901298.035307
-0.36 1624901298.038522
-0.36 1624901298.041743
-0.36 1624901298.044885
-0.36 1624901298.047815
-0.36 1624901298.050888
-0.36 1624901298.054024
-0.36 1624901298.05729
-0.36 1624901298.060415
-0.36 1624901298.063521
-0.36 1624901298.066603
-0.36 1624901298.069596
-0.36 1624901298.072772
-0.36 1624901298.075851
-0.36 1624901298.079284
-0.36 1624901298.082435
-0.36 1624901298.085413
-0.36 1624901298.088317
-0.36 1624901298.091512
-0.36 1624901298.094433
-0.36 1624901298.097228
-0.36 1624901298.100088
-0.36 1624901298.103062
-0.36 1624901298.105867
-0.36 1624901298.11039
-0.36 1624901298.113241
-0.36 1624901298.116118
-0.36 1624901298.119022
-0.36 1624901298.121929
-0.36 1624901298.124831
-0.36 1624901298.12796
-0.36 1624901298.130838
-0.36 1624901298.133654
-0.36 1624901298.136588
-0.36 1624901298.139373
-0.36 1624901298.142202
-0.36 1624901298.145155
-0.36 1624901298.148047
-0.36 1624901298.150943
-0.36 1624901298.153831
-0.36 1624901298.156752
-0.36 1624901298.159816
-0.36 1624901298.162736
-0.36 1624901298.165627
-0.36 1624901298.168522
-0.36 1624901298.1714
-0.36 1624901298.174166
-0.36 1624901298.1771
-0.36 1624901298.179963
-0.36 1624901298.182876
9.62 1624901298.185962
2.68 1624901298.213922 touch_grd
17.56 1624901299.326923 go_up_roll
-0.36 1624901300.533051 start_10_iteration
-0.36 1624901301.329509
-0.36 1624901301.332482
-0.36 1624901301.335322
-0.36 1624901301.338207
-0.36 1624901301.340932
-0.36 1624901301.343673
-0.36 1624901301.346416
-0.36 1624901301.349124
-0.36 1624901301.351844
-0.36 1624901301.354768
-0.36 1624901301.357494
-0.36 1624901301.360203
-0.36 1624901301.363124
-0.36 1624901301.36612
-0.36 1624901301.368911
-0.36 1624901301.371659
-0.36 1624901301.374557
-0.36 1624901301.377273
-0.36 1624901301.380086
-0.36 1624901301.383033
-0.36 1624901301.385814
-0.36 1624901301.388539
-0.36 1624901301.391257
-0.36 1624901301.39397
-0.36 1624901301.396784
-0.36 1624901301.399629
-0.36 1624901301.402358
-0.36 1624901301.405067
-0.36 1624901301.407883
-0.36 1624901301.410811
-0.36 1624901301.413643
-0.36 1624901301.41633
-0.36 1624901301.419076
-0.36 1624901301.421802
-0.36 1624901301.42451
-0.36 1624901301.427305
-0.36 1624901301.430001
-0.36 1624901301.432701
-0.36 1624901301.435475
-0.36 1624901301.438359
-0.36 1624901301.441153
-0.36 1624901301.444122
-0.36 1624901301.447015
-0.36 1624901301.449825
-0.36 1624901301.452818
-0.36 1624901301.455811
-0.36 1624901301.458537
-0.36 1624901301.461503
-0.36 1624901301.464221
-0.36 1624901301.467115
-0.36 1624901301.47
-0.36 1624901301.472908
-0.36 1624901301.475901
-0.36 1624901301.478733
-0.36 1624901301.481569
-0.36 1624901301.484296
-0.36 1624901301.487081
-0.36 1624901301.490015
-0.36 1624901301.492979
-0.36 1624901301.49601
-0.36 1624901301.499096
-0.36 1624901301.501918
-0.36 1624901301.504792
-0.36 1624901301.507721
-0.36 1624901301.510728
-0.36 1624901301.513831
-0.36 1624901301.516797
-0.36 1624901301.519679
-0.36 1624901301.522602
-0.36 1624901301.526981
-0.36 1624901301.529952
-0.36 1624901301.533004
-0.36 1624901301.535886
-0.36 1624901301.538867
-0.36 1624901301.541698
-0.36 1624901301.544596
-0.36 1624901301.547492
-0.36 1624901301.55046
-0.36 1624901301.55353
-0.36 1624901301.556547
-0.36 1624901301.559442
-0.36 1624901301.562377
-0.36 1624901301.565287
-0.36 1624901301.568319
-0.36 1624901301.571208
-0.36 1624901301.574173
-0.36 1624901301.577263
-0.36 1624901301.580276
-0.36 1624901301.583181
-0.36 1624901301.586182
-0.36 1624901301.589173
-0.36 1624901301.592079
-0.36 1624901301.59494
-0.36 1624901301.597802
-0.36 1624901301.600738
-0.36 1624901301.603863
-0.36 1624901301.606696
-0.36 1624901301.609595
-0.36 1624901301.612513
-0.36 1624901301.615475
-0.36 1624901301.618578
-0.36 1624901301.621657
-0.36 1624901301.628087
-0.36 1624901301.630995
-0.36 1624901301.633885
-0.36 1624901301.636736
-0.36 1624901301.639702
-0.36 1624901301.642765
-0.36 1624901301.645848
-0.36 1624901301.648845
-0.36 1624901301.651747
-0.36 1624901301.654854
-0.36 1624901301.657749
-0.36 1624901301.660729
-0.36 1624901301.66374
-0.36 1624901301.666808
-0.36 1624901301.669686
-0.36 1624901301.672673
-0.36 1624901301.6757
-0.36 1624901301.67877
-0.36 1624901301.681952
-0.36 1624901301.684939
-0.36 1624901301.687969
-0.36 1624901301.6909
-0.36 1624901301.693733
-0.36 1624901301.696681
-0.36 1624901301.699549
9.62 1624901301.702825
8.44 1624901301.732423 touch_grd
12.82 1624901302.841663 go_up_roll
-0.36 1624901304.047575 start_11_iteration
-0.36 1624901304.842252
-0.36 1624901304.84515
-0.36 1624901304.847859
-0.36 1624901304.850629
-0.36 1624901304.853309
-0.36 1624901304.856107
-0.36 1624901304.859019
-0.36 1624901304.861825
-0.36 1624901304.864618
-0.36 1624901304.867322
-0.36 1624901304.870119
-0.36 1624901304.87299
-0.36 1624901304.875698
-0.36 1624901304.878726
-0.36 1624901304.881461
-0.36 1624901304.884213
-0.36 1624901304.886946
-0.36 1624901304.889789
-0.36 1624901304.892588
-0.36 1624901304.895467
-0.36 1624901304.898203
-0.36 1624901304.900924
-0.36 1624901304.903874
-0.36 1624901304.90676
-0.36 1624901304.909453
-0.36 1624901304.912383
-0.36 1624901304.915105
-0.36 1624901304.917812
-0.36 1624901304.92061
-0.36 1624901304.923545
-0.36 1624901304.926364
-0.36 1624901304.929103
-0.36 1624901304.931959
-0.36 1624901304.934745
-0.36 1624901304.937502
-0.36 1624901304.940261
-0.36 1624901304.943107
-0.36 1624901304.946011
-0.36 1624901304.948901
-0.36 1624901304.951847
-0.36 1624901304.954735
-0.36 1624901304.957481
-0.36 1624901304.960377
-0.36 1624901304.963231
-0.36 1624901304.966004
-0.36 1624901304.96871
-0.36 1624901304.971579
-0.36 1624901304.974359
-0.36 1624901304.977085
-0.36 1624901304.979992
-0.36 1624901304.982872
-0.36 1624901304.985617
-0.36 1624901304.988541
-0.36 1624901304.991435
-0.36 1624901304.994285
-0.36 1624901304.997191
-0.36 1624901304.999956
-0.36 1624901305.002661
-0.36 1624901305.005402
-0.36 1624901305.0083
-0.36 1624901305.011189
-0.36 1624901305.013891
-0.36 1624901305.016686
-0.36 1624901305.019372
-0.36 1624901305.022153
-0.36 1624901305.024855
-0.36 1624901305.027759
-0.36 1624901305.030683
-0.36 1624901305.033424
-0.36 1624901305.03632
-0.36 1624901305.041061
-0.36 1624901305.044396
-0.36 1624901305.047352
-0.36 1624901305.050108
-0.36 1624901305.053011
-0.36 1624901305.055993
-0.36 1624901305.058814
-0.36 1624901305.061731
-0.36 1624901305.064465
-0.36 1624901305.067337
-0.36 1624901305.070155
-0.36 1624901305.073001
-0.36 1624901305.075872
-0.36 1624901305.078781
-0.36 1624901305.081534
-0.36 1624901305.084423
-0.36 1624901305.087312
-0.36 1624901305.090224
-0.36 1624901305.093015
-0.36 1624901305.095881
-0.36 1624901305.098834
-0.36 1624901305.101646
-0.36 1624901305.104561
-0.36 1624901305.107303
-0.36 1624901305.110208
-0.36 1624901305.113181
-0.36 1624901305.11602
-0.36 1624901305.118731
-0.36 1624901305.121663
-0.36 1624901305.124538
-0.36 1624901305.127352
-0.36 1624901305.130139
-0.36 1624901305.132876
-0.36 1624901305.135776
-0.36 1624901305.138555
-0.36 1624901305.141423
-0.36 1624901305.14435
-0.36 1624901305.147229
-0.36 1624901305.150115
-0.36 1624901305.152846
-0.36 1624901305.155858
-0.36 1624901305.158676
-0.36 1624901305.161571
-0.36 1624901305.16449
-0.36 1624901305.167342
-0.36 1624901305.170311
-0.36 1624901305.173259
-0.36 1624901305.176258
-0.36 1624901305.179182
-0.36 1624901305.182081
-0.36 1624901305.184914
-0.36 1624901305.187849
-0.36 1624901305.190805
-0.36 1624901305.193814
-0.36 1624901305.196693
-0.36 1624901305.199622
-0.36 1624901305.202518
-0.36 1624901305.205463
-0.36 1624901305.20845
-0.36 1624901305.21126
-0.36 1624901305.214171
23.97 1624901305.217216
4.12 1624901305.244738 touch_grd
14.9 1624901306.358563 go_up_roll
-0.36 1624901307.561075 start_12_iteration
-0.36 1624901308.359161
-0.36 1624901308.362033
-0.36 1624901308.364861
-0.36 1624901308.367649
-0.36 1624901308.370422
-0.36 1624901308.373279
-0.36 1624901308.375989
-0.36 1624901308.378751
-0.36 1624901308.381463
-0.36 1624901308.384146
-0.36 1624901308.386959
-0.36 1624901308.389834
-0.36 1624901308.392719
-0.36 1624901308.395602
-0.36 1624901308.398363
-0.36 1624901308.401296
-0.36 1624901308.404143
-0.36 1624901308.406892
-0.36 1624901308.40963
-0.36 1624901308.412493
-0.36 1624901308.415507
-0.36 1624901308.418276
-0.36 1624901308.421079
-0.36 1624901308.423949
-0.36 1624901308.426675
-0.36 1624901308.429493
-0.36 1624901308.432396
-0.36 1624901308.435213
-0.36 1624901308.437919
-0.36 1624901308.440731
-0.36 1624901308.443572
-0.36 1624901308.446247
-0.36 1624901308.449051
-0.36 1624901308.451969
-0.36 1624901308.457847
-0.36 1624901308.460894
-0.36 1624901308.463874
-0.36 1624901308.466925
-0.36 1624901308.470076
-0.36 1624901308.473282
-0.36 1624901308.476272
-0.36 1624901308.479307
-0.36 1624901308.482234
-0.36 1624901308.48526
-0.36 1624901308.488231
-0.36 1624901308.491307
-0.36 1624901308.494547
-0.36 1624901308.497903
-0.36 1624901308.500813
-0.36 1624901308.503981
-0.36 1624901308.507014
-0.36 1624901308.510102
-0.36 1624901308.513175
-0.36 1624901308.51629
-0.36 1624901308.519346
-0.36 1624901308.522635
-0.36 1624901308.525756
-0.36 1624901308.528706
-0.36 1624901308.531825
-0.36 1624901308.534879
-0.36 1624901308.537956
-0.36 1624901308.541167
-0.36 1624901308.544296
-0.36 1624901308.54724
-0.36 1624901308.550217
-0.36 1624901308.553334
-0.36 1624901308.560647
-0.36 1624901308.56362
-0.36 1624901308.566566
-0.36 1624901308.569561
-0.36 1624901308.572722
-0.36 1624901308.575814
-0.36 1624901308.578898
-0.36 1624901308.581981
-0.36 1624901308.584952
-0.36 1624901308.58796
-0.36 1624901308.590958
-0.36 1624901308.593899
-0.36 1624901308.596932
-0.36 1624901308.599851
-0.36 1624901308.602916
-0.36 1624901308.606026
-0.36 1624901308.609286
-0.36 1624901308.612291
-0.36 1624901308.615203
-0.36 1624901308.61809
-0.36 1624901308.621032
-0.36 1624901308.6241
-0.36 1624901308.627196
-0.36 1624901308.630257
-0.36 1624901308.633276
-0.36 1624901308.63631
-0.36 1624901308.639299
-0.36 1624901308.642366
-0.36 1624901308.645398
-0.36 1624901308.648334
-0.36 1624901308.651408
-0.36 1624901308.658738
-0.36 1624901308.661833
-0.36 1624901308.664818
-0.36 1624901308.667911
-0.36 1624901308.670799
-0.36 1624901308.67375
-0.36 1624901308.676811
-0.36 1624901308.679847
-0.36 1624901308.683017
-0.36 1624901308.686021
-0.36 1624901308.689106
-0.36 1624901308.691934
-0.36 1624901308.695179
-0.36 1624901308.698045
-0.36 1624901308.700954
-0.36 1624901308.703846
-0.36 1624901308.70674
-0.36 1624901308.709547
-0.36 1624901308.712389
-0.36 1624901308.715339
-0.36 1624901308.71812
-0.36 1624901308.720907
-0.36 1624901308.723809
-0.36 1624901308.726763
-0.36 1624901308.72995
22.95 1624901308.733125
1.51 1624901308.759685 touch_grd
15.38 1624901309.872675 go_up_roll
-0.36 1624901311.077248 start_13_iteration
-0.36 1624901311.873371
-0.36 1624901311.876177
-0.36 1624901311.878832
-0.36 1624901311.881521
-0.36 1624901311.88428
-0.36 1624901311.88705
-0.36 1624901311.889742
-0.36 1624901311.892471
-0.36 1624901311.895268
-0.36 1624901311.898151
-0.36 1624901311.901042
-0.36 1624901311.903928
-0.36 1624901311.906838
-0.36 1624901311.909527
-0.36 1624901311.91225
-0.36 1624901311.915008
-0.36 1624901311.917763
-0.36 1624901311.920497
-0.36 1624901311.923399
-0.36 1624901311.92627
-0.36 1624901311.928985
-0.36 1624901311.931749
-0.36 1624901311.934498
-0.36 1624901311.937438
-0.36 1624901311.940261
-0.36 1624901311.943159
-0.36 1624901311.945912
-0.36 1624901311.948793
-0.36 1624901311.951554
-0.36 1624901311.954265
-0.36 1624901311.957171
-0.36 1624901311.959926
-0.36 1624901311.962808
-0.36 1624901311.965551
-0.36 1624901311.968529
-0.36 1624901311.971697
-0.36 1624901311.97439
-0.36 1624901311.977181
-0.36 1624901311.980142
-0.36 1624901311.98293
-0.36 1624901311.98567
-0.36 1624901311.988436
-0.36 1624901311.991316
-0.36 1624901311.99419
-0.36 1624901311.996921
-0.36 1624901311.999661
-0.36 1624901312.002404
-0.36 1624901312.005198
-0.36 1624901312.008056
-0.36 1624901312.0109
-0.36 1624901312.013634
-0.36 1624901312.016395
-0.36 1624901312.019372
-0.36 1624901312.022169
-0.36 1624901312.024916
-0.36 1624901312.027833
-0.36 1624901312.030561
-0.36 1624901312.033288
-0.36 1624901312.036208
-0.36 1624901312.039163
-0.36 1624901312.041989
-0.36 1624901312.044767
-0.36 1624901312.047612
-0.36 1624901312.050352
-0.36 1624901312.053056
-0.36 1624901312.055823
-0.36 1624901312.058547
-0.36 1624901312.061437
-0.36 1624901312.06423
-0.36 1624901312.067055
-0.36 1624901312.070791
-0.36 1624901312.073536
-0.36 1624901312.076266
-0.36 1624901312.07904
-0.36 1624901312.081935
-0.36 1624901312.084843
-0.36 1624901312.087733
-0.36 1624901312.090517
-0.36 1624901312.093344
-0.36 1624901312.096075
-0.36 1624901312.098956
-0.36 1624901312.102216
-0.36 1624901312.105252
-0.36 1624901312.108103
-0.36 1624901312.111037
-0.36 1624901312.113996
-0.36 1624901312.116897
-0.36 1624901312.11996
-0.36 1624901312.122999
-0.36 1624901312.126038
-0.36 1624901312.129306
-0.36 1624901312.132299
-0.36 1624901312.135365
-0.36 1624901312.138443
-0.36 1624901312.141581
-0.36 1624901312.14453
-0.36 1624901312.147603
-0.36 1624901312.150501
-0.36 1624901312.153557
-0.36 1624901312.156703
-0.36 1624901312.159873
-0.36 1624901312.16288
-0.36 1624901312.16579
-0.36 1624901312.168846
-0.36 1624901312.172049
-0.36 1624901312.179024
-0.36 1624901312.182012
-0.36 1624901312.18493
-0.36 1624901312.188015
-0.36 1624901312.191117
-0.36 1624901312.194569
-0.36 1624901312.197675
-0.36 1624901312.200689
-0.36 1624901312.203711
-0.36 1624901312.206788
-0.36 1624901312.209691
-0.36 1624901312.212568
-0.36 1624901312.215507
-0.36 1624901312.218632
-0.36 1624901312.221617
-0.36 1624901312.224541
-0.36 1624901312.227638
-0.36 1624901312.23067
-0.36 1624901312.233746
-0.36 1624901312.23687
-0.36 1624901312.239975
-0.36 1624901312.24317
-0.36 1624901312.246189
26.47 1624901312.249529
4.6 1624901312.276406 touch_grd
15.91 1624901313.389888 go_up_roll
-0.36 1624901314.594475 start_14_iteration
-0.36 1624901315.390432
-0.36 1624901315.393342
-0.36 1624901315.396356
-0.36 1624901315.399327
-0.36 1624901315.402204
-0.36 1624901315.405037
-0.36 1624901315.40783
-0.36 1624901315.410517
-0.36 1624901315.413201
-0.36 1624901315.416062
-0.36 1624901315.418771
-0.36 1624901315.421624
-0.36 1624901315.424537
-0.36 1624901315.427202
-0.36 1624901315.429987
-0.36 1624901315.43268
-0.36 1624901315.43548
-0.36 1624901315.438156
-0.36 1624901315.44102
-0.36 1624901315.443819
-0.36 1624901315.446539
-0.36 1624901315.449263
-0.36 1624901315.451963
-0.36 1624901315.45489
-0.36 1624901315.457935
-0.36 1624901315.461277
-0.36 1624901315.464273
-0.36 1624901315.467403
-0.36 1624901315.471473
-0.36 1624901315.474498
-0.36 1624901315.477565
-0.36 1624901315.480405
-0.36 1624901315.483396
-0.36 1624901315.491313
-0.36 1624901315.494251
-0.36 1624901315.497227
-0.36 1624901315.500374
-0.36 1624901315.503317
-0.36 1624901315.506402
-0.36 1624901315.509453
-0.36 1624901315.512539
-0.36 1624901315.515449
-0.36 1624901315.518523
-0.36 1624901315.521575
-0.36 1624901315.524646
-0.36 1624901315.527788
-0.36 1624901315.530945
-0.36 1624901315.533887
-0.36 1624901315.536897
-0.36 1624901315.539841
-0.36 1624901315.542901
-0.36 1624901315.545998
-0.36 1624901315.54905
-0.36 1624901315.551996
-0.36 1624901315.55511
-0.36 1624901315.558101
-0.36 1624901315.561115
-0.36 1624901315.56405
-0.36 1624901315.56703
-0.36 1624901315.570094
-0.36 1624901315.573141
-0.36 1624901315.576196
-0.36 1624901315.579284
-0.36 1624901315.582422
-0.36 1624901315.585384
-0.36 1624901315.59318
-0.36 1624901315.596196
-0.36 1624901315.599245
-0.36 1624901315.602362
-0.36 1624901315.605401
-0.36 1624901315.608392
-0.36 1624901315.611399
-0.36 1624901315.614674
-0.36 1624901315.617617
-0.36 1624901315.620579
-0.36 1624901315.623465
-0.36 1624901315.626574
-0.36 1624901315.629636
-0.36 1624901315.63271
-0.36 1624901315.635781
-0.36 1624901315.638846
-0.36 1624901315.642137
-0.36 1624901315.645154
-0.36 1624901315.648162
-0.36 1624901315.6513
-0.36 1624901315.654383
-0.36 1624901315.657373
-0.36 1624901315.660268
-0.36 1624901315.663252
-0.36 1624901315.666412
-0.36 1624901315.669553
-0.36 1624901315.672578
-0.36 1624901315.675701
-0.36 1624901315.67892
-0.36 1624901315.681968
-0.36 1624901315.684952
-0.36 1624901315.692085
-0.36 1624901315.695194
-0.36 1624901315.698221
-0.36 1624901315.701331
-0.36 1624901315.704326
-0.36 1624901315.70731
-0.36 1624901315.710411
-0.36 1624901315.713392
-0.36 1624901315.716515
-0.36 1624901315.719776
-0.36 1624901315.722811
-0.36 1624901315.726137
-0.36 1624901315.729369
-0.36 1624901315.732334
-0.36 1624901315.735454
-0.36 1624901315.738682
-0.36 1624901315.741671
-0.36 1624901315.744615
-0.36 1624901315.747714
-0.36 1624901315.750844
-0.36 1624901315.753915
-0.36 1624901315.756924
-0.36 1624901315.759854
8.87 1624901315.763051
25.03 1624901315.795273 touch_grd
14.47 1624901316.908103 go_up_roll
-0.36 1624901318.111561 start_15_iteration
-0.36 1624901318.905052
-0.36 1624901318.907901
-0.36 1624901318.910661
-0.36 1624901318.913427
-0.36 1624901318.916292
-0.36 1624901318.919032
-0.36 1624901318.92174
-0.36 1624901318.924449
-0.36 1624901318.927259
-0.36 1624901318.930187
-0.36 1624901318.933013
-0.36 1624901318.935778
-0.36 1624901318.938696
-0.36 1624901318.941557
-0.36 1624901318.944428
-0.36 1624901318.94723
-0.36 1624901318.950108
-0.36 1624901318.952984
-0.36 1624901318.955897
-0.36 1624901318.958816
-0.36 1624901318.961643
-0.36 1624901318.964422
-0.36 1624901318.967218
-0.36 1624901318.970005
-0.36 1624901318.972738
-0.36 1624901318.975499
-0.36 1624901318.978221
-0.36 1624901318.980969
-0.36 1624901318.983743
-0.36 1624901318.986699
-0.36 1624901318.989455
-0.36 1624901318.992237
-0.36 1624901318.994964
-0.36 1624901318.99771
-0.36 1624901319.001685
-0.36 1624901319.004529
-0.36 1624901319.007415
-0.36 1624901319.010154
-0.36 1624901319.012885
-0.36 1624901319.01564
-0.36 1624901319.018508
-0.36 1624901319.021209
-0.36 1624901319.023973
-0.36 1624901319.026889
-0.36 1624901319.029789
-0.36 1624901319.032692
-0.36 1624901319.035579
-0.36 1624901319.038268
-0.36 1624901319.041029
-0.36 1624901319.043866
-0.36 1624901319.046672
-0.36 1624901319.049575
-0.36 1624901319.052358
-0.36 1624901319.055216
-0.36 1624901319.057926
-0.36 1624901319.060966
-0.36 1624901319.063731
-0.36 1624901319.066652
-0.36 1624901319.069377
-0.36 1624901319.072238
-0.36 1624901319.075007
-0.36 1624901319.077738
-0.36 1624901319.080596
-0.36 1624901319.083379
-0.36 1624901319.086103
-0.36 1624901319.089011
-0.36 1624901319.091737
-0.36 1624901319.094454
-0.36 1624901319.097208
-0.36 1624901319.100122
-0.36 1624901319.102936
-0.36 1624901319.105879
-0.36 1624901319.108591
-0.36 1624901319.111314
-0.36 1624901319.114045
-0.36 1624901319.116795
-0.36 1624901319.119531
-0.36 1624901319.122224
-0.36 1624901319.124974
-0.36 1624901319.127901
-0.36 1624901319.130621
-0.36 1624901319.133514
-0.36 1624901319.136276
-0.36 1624901319.138964
-0.36 1624901319.141858
-0.36 1624901319.144672
-0.36 1624901319.147563
-0.36 1624901319.150478
-0.36 1624901319.153358
-0.36 1624901319.156339
-0.36 1624901319.15909
-0.36 1624901319.161815
-0.36 1624901319.164612
-0.36 1624901319.167511
-0.36 1624901319.170431
-0.36 1624901319.173276
-0.36 1624901319.176002
-0.36 1624901319.178803
-0.36 1624901319.181674
-0.36 1624901319.184418
-0.36 1624901319.187277
-0.36 1624901319.190008
-0.36 1624901319.192728
-0.36 1624901319.195626
-0.36 1624901319.198577
-0.36 1624901319.203035
-0.36 1624901319.205868
-0.36 1624901319.208615
-0.36 1624901319.211333
-0.36 1624901319.214054
-0.36 1624901319.216793
-0.36 1624901319.219763
-0.36 1624901319.222615
-0.36 1624901319.22547
-0.36 1624901319.228331
-0.36 1624901319.231232
-0.36 1624901319.234076
-0.36 1624901319.23697
-0.36 1624901319.239838
-0.36 1624901319.242861
-0.36 1624901319.245668
-0.36 1624901319.248558
-0.36 1624901319.25134
-0.36 1624901319.254208
-0.36 1624901319.257077
-0.36 1624901319.259966
-0.36 1624901319.262933
-0.36 1624901319.265789
-0.36 1624901319.268692
-0.36 1624901319.271553
-0.36 1624901319.274325
4.6 1624901319.277226
2.47 1624901319.305742 touch_grd
13.94 1624901320.419595 go_up_roll
-0.36 1624901321.622656 start_16_iteration
-0.36 1624901322.419635
-0.36 1624901322.42234
-0.36 1624901322.425103
-0.36 1624901322.42781
-0.36 1624901322.43056
-0.36 1624901322.433476
-0.36 1624901322.436319
-0.36 1624901322.439114
-0.36 1624901322.441823
-0.36 1624901322.444542
-0.36 1624901322.447305
-0.36 1624901322.450237
-0.36 1624901322.452897
-0.36 1624901322.455672
-0.36 1624901322.458376
-0.36 1624901322.461116
-0.36 1624901322.463888
-0.36 1624901322.466766
-0.36 1624901322.469606
-0.36 1624901322.472404
-0.36 1624901322.475248
-0.36 1624901322.477986
-0.36 1624901322.480791
-0.36 1624901322.48365
-0.36 1624901322.486604
-0.36 1624901322.489264
-0.36 1624901322.491996
-0.36 1624901322.494729
-0.36 1624901322.497636
-0.36 1624901322.500578
-0.36 1624901322.503451
-0.36 1624901322.506237
-0.36 1624901322.509044
-0.36 1624901322.511763
-0.36 1624901322.514548
-0.36 1624901322.517419
-0.36 1624901322.520415
-0.36 1624901322.523248
-0.36 1624901322.525946
-0.36 1624901322.52873
-0.36 1624901322.531425
-0.36 1624901322.534127
-0.36 1624901322.536881
-0.36 1624901322.539598
-0.36 1624901322.542355
-0.36 1624901322.545045
-0.36 1624901322.547823
-0.36 1624901322.550548
-0.36 1624901322.553275
-0.36 1624901322.556055
-0.36 1624901322.558933
-0.36 1624901322.561768
-0.36 1624901322.564515
-0.36 1624901322.56733
-0.36 1624901322.570269
-0.36 1624901322.573051
-0.36 1624901322.575968
-0.36 1624901322.578697
-0.36 1624901322.58161
-0.36 1624901322.584358
-0.36 1624901322.587033
-0.36 1624901322.589982
-0.36 1624901322.592893
-0.36 1624901322.595748
-0.36 1624901322.598524
-0.36 1624901322.601213
-0.36 1624901322.603955
-0.36 1624901322.606713
-0.36 1624901322.609412
-0.36 1624901322.612105
-0.36 1624901322.614882
-0.36 1624901322.617557
-0.36 1624901322.620361
-0.36 1624901322.623225
-0.36 1624901322.626194
-0.36 1624901322.628873
-0.36 1624901322.631617
-0.36 1624901322.634364
-0.36 1624901322.637212
-0.36 1624901322.639946
-0.36 1624901322.642705
-0.36 1624901322.645386
-0.36 1624901322.648183
-0.36 1624901322.651066
-0.36 1624901322.653971
-0.36 1624901322.65685
-0.36 1624901322.659643
-0.36 1624901322.662521
-0.36 1624901322.665395
-0.36 1624901322.668293
-0.36 1624901322.671217
-0.36 1624901322.674072
-0.36 1624901322.676823
-0.36 1624901322.679594
-0.36 1624901322.682471
-0.36 1624901322.685238
-0.36 1624901322.688101
-0.36 1624901322.690839
-0.36 1624901322.693579
-0.36 1624901322.696486
-0.36 1624901322.699407
-0.36 1624901322.702273
-0.36 1624901322.70517
-0.36 1624901322.70805
-0.36 1624901322.711014
-0.36 1624901322.71386
-0.36 1624901322.718272
-0.36 1624901322.721213
-0.36 1624901322.723916
-0.36 1624901322.726649
-0.36 1624901322.729365
-0.36 1624901322.732142
-0.36 1624901322.735027
-0.36 1624901322.737757
-0.36 1624901322.740518
-0.36 1624901322.743233
-0.36 1624901322.746089
-0.36 1624901322.748862
-0.36 1624901322.75159
-0.36 1624901322.754301
-0.36 1624901322.756993
-0.36 1624901322.759746
-0.36 1624901322.762469
-0.36 1624901322.765271
-0.36 1624901322.768087
-0.36 1624901322.770852
-0.36 1624901322.773562
-0.36 1624901322.776451
-0.36 1624901322.779254
-0.36 1624901322.78192
-0.36 1624901322.784706
-0.36 1624901322.787406
-0.36 1624901322.790101
-0.36 1624901322.792875
34.21 1624901322.795969
0.02 1624901322.820881 touch_grd
16.87 1624901323.938579 go_up_roll
-0.36 1624901325.138752 start_17_iteration
-0.36 1624901325.936351
-0.36 1624901325.939251
-0.36 1624901325.942082
-0.36 1624901325.944806
-0.36 1624901325.947605
-0.36 1624901325.950517
-0.36 1624901325.953261
-0.36 1624901325.956107
-0.36 1624901325.958864
-0.36 1624901325.961582
-0.36 1624901325.964319
-0.36 1624901325.967067
-0.36 1624901325.969935
-0.36 1624901325.972853
-0.36 1624901325.975525
-0.36 1624901325.97832
-0.36 1624901325.981279
-0.36 1624901325.984112
-0.36 1624901325.986858
-0.36 1624901325.989593
-0.36 1624901325.992286
-0.36 1624901325.99508
-0.36 1624901325.997758
-0.36 1624901326.000479
-0.36 1624901326.003228
-0.36 1624901326.006179
-0.36 1624901326.009034
-0.36 1624901326.011737
-0.36 1624901326.014494
-0.36 1624901326.017274
-0.36 1624901326.020118
-0.36 1624901326.022886
-0.36 1624901326.025587
-0.36 1624901326.028435
-0.36 1624901326.031264
-0.36 1624901326.0341
-0.36 1624901326.036847
-0.36 1624901326.039542
-0.36 1624901326.042324
-0.36 1624901326.045051
-0.36 1624901326.047947
-0.36 1624901326.050831
-0.36 1624901326.053518
-0.36 1624901326.056343
-0.36 1624901326.05903
-0.36 1624901326.061928
-0.36 1624901326.064637
-0.36 1624901326.067462
-0.36 1624901326.070352
-0.36 1624901326.073292
-0.36 1624901326.076131
-0.36 1624901326.078988
-0.36 1624901326.082045
-0.36 1624901326.085179
-0.36 1624901326.088139
-0.36 1624901326.091064
-0.36 1624901326.094119
-0.36 1624901326.097118
-0.36 1624901326.100167
-0.36 1624901326.103461
-0.36 1624901326.106617
-0.36 1624901326.109742
-0.36 1624901326.112968
-0.36 1624901326.115968
-0.36 1624901326.119092
-0.36 1624901326.122453
-0.36 1624901326.125559
-0.36 1624901326.128624
-0.36 1624901326.131704
-0.36 1624901326.14024
-0.36 1624901326.143306
-0.36 1624901326.146472
-0.36 1624901326.14971
-0.36 1624901326.152913
-0.36 1624901326.15612
-0.36 1624901326.159189
-0.36 1624901326.162255
-0.36 1624901326.165336
-0.36 1624901326.168445
-0.36 1624901326.171446
-0.36 1624901326.174569
-0.36 1624901326.177543
-0.36 1624901326.180488
-0.36 1624901326.183542
-0.36 1624901326.186389
-0.36 1624901326.189365
-0.36 1624901326.192163
-0.36 1624901326.195047
-0.36 1624901326.197799
-0.36 1624901326.200712
-0.36 1624901326.203609
-0.36 1624901326.206443
-0.36 1624901326.209398
-0.36 1624901326.2123
-0.36 1624901326.21525
-0.36 1624901326.218068
-0.36 1624901326.220801
-0.36 1624901326.223742
-0.36 1624901326.226616
-0.36 1624901326.229514
-0.36 1624901326.232448
-0.36 1624901326.235291
-0.36 1624901326.238272
-0.36 1624901326.2411
-0.36 1624901326.243839
-0.36 1624901326.246632
-0.36 1624901326.2495
-0.36 1624901326.252397
-0.36 1624901326.25509
-0.36 1624901326.257835
-0.36 1624901326.260576
-0.36 1624901326.263484
-0.36 1624901326.266373
-0.36 1624901326.269109
-0.36 1624901326.27185
-0.36 1624901326.274538
-0.36 1624901326.277321
-0.36 1624901326.280284
-0.36 1624901326.283105
-0.36 1624901326.285824
-0.36 1624901326.288744
-0.36 1624901326.291609
-0.36 1624901326.294375
-0.36 1624901326.297114
-0.36 1624901326.29982
-0.36 1624901326.30254
-0.36 1624901326.305259
-0.36 1624901326.308172
24.77 1624901326.311258
1.4 1624901326.33768 touch_grd
17.19 1624901327.452094 go_up_roll
-0.36 1624901328.651035 start_18_iteration
-0.36 1624901329.452375
-0.36 1624901329.455347
-0.36 1624901329.458146
-0.36 1624901329.461071
-0.36 1624901329.463909
-0.36 1624901329.466632
-0.36 1624901329.469342
-0.36 1624901329.472103
-0.36 1624901329.474821
-0.36 1624901329.477621
-0.36 1624901329.480488
-0.36 1624901329.483405
-0.36 1624901329.486314
-0.36 1624901329.489152
-0.36 1624901329.4919
-0.36 1624901329.494645
-0.36 1624901329.49754
-0.36 1624901329.500279
-0.36 1624901329.502963
-0.36 1624901329.505758
-0.36 1624901329.508607
-0.36 1624901329.511388
-0.36 1624901329.514085
-0.36 1624901329.516824
-0.36 1624901329.519532
-0.36 1624901329.52251
-0.36 1624901329.525348
-0.36 1624901329.528107
-0.36 1624901329.530849
-0.36 1624901329.533701
-0.36 1624901329.536433
-0.36 1624901329.539206
-0.36 1624901329.542077
-0.36 1624901329.544989
-0.36 1624901329.548704
-0.36 1624901329.55146
-0.36 1624901329.554188
-0.36 1624901329.557093
-0.36 1624901329.560062
-0.36 1624901329.562901
-0.36 1624901329.565641
-0.36 1624901329.56852
-0.36 1624901329.57131
-0.36 1624901329.573964
-0.36 1624901329.576698
-0.36 1624901329.579467
-0.36 1624901329.582351
-0.36 1624901329.585032
-0.36 1624901329.58781
-0.36 1624901329.5907
-0.36 1624901329.593397
-0.36 1624901329.596163
-0.36 1624901329.598999
-0.36 1624901329.601835
-0.36 1624901329.604728
-0.36 1624901329.607629
-0.36 1624901329.610489
-0.36 1624901329.61326
-0.36 1624901329.616123
-0.36 1624901329.618886
-0.36 1624901329.621581
-0.36 1624901329.624501
-0.36 1624901329.627243
-0.36 1624901329.629971
-0.36 1624901329.632883
-0.36 1624901329.635595
-0.36 1624901329.638531
-0.36 1624901329.641402
-0.36 1624901329.644333
-0.36 1624901329.648775
-0.36 1624901329.651485
-0.36 1624901329.654207
-0.36 1624901329.656906
-0.36 1624901329.659595
-0.36 1624901329.662421
-0.36 1624901329.665134
-0.36 1624901329.668009
-0.36 1624901329.670938
-0.36 1624901329.673822
-0.36 1624901329.67658
-0.36 1624901329.679502
-0.36 1624901329.682349
-0.36 1624901329.685095
-0.36 1624901329.687821
-0.36 1624901329.69074
-0.36 1624901329.693633
-0.36 1624901329.696552
-0.36 1624901329.699436
-0.36 1624901329.702117
-0.36 1624901329.704917
-0.36 1624901329.707569
-0.36 1624901329.710317
-0.36 1624901329.713136
-0.36 1624901329.715999
-0.36 1624901329.71884
-0.36 1624901329.721588
-0.36 1624901329.72435
-0.36 1624901329.727031
-0.36 1624901329.729765
-0.36 1624901329.732509
-0.36 1624901329.735304
-0.36 1624901329.737968
-0.36 1624901329.740937
-0.36 1624901329.743754
-0.36 1624901329.746555
-0.36 1624901329.749395
-0.36 1624901329.752131
-0.36 1624901329.754877
-0.36 1624901329.757602
-0.36 1624901329.760343
-0.36 1624901329.763116
-0.36 1624901329.765806
-0.36 1624901329.768706
-0.36 1624901329.771627
-0.36 1624901329.774373
-0.36 1624901329.777337
-0.36 1624901329.780187
-0.36 1624901329.783014
-0.36 1624901329.785942
-0.36 1624901329.788705
-0.36 1624901329.791397
-0.36 1624901329.794176
-0.36 1624901329.796907
-0.36 1624901329.799726
-0.36 1624901329.802494
-0.36 1624901329.805301
-0.36 1624901329.80814
-0.36 1624901329.810893
-0.36 1624901329.813577
-0.36 1624901329.816488
-0.36 1624901329.819289
-0.36 1624901329.822098
-0.36 1624901329.82486
32.39 1624901329.827941
1.3 1624901329.85267 touch_grd
14.95 1624901330.967482 go_up_roll
-0.36 1624901332.165418 start_19_iteration
-0.36 1624901332.966324
-0.36 1624901332.969113
-0.36 1624901332.971898
-0.36 1624901332.974657
-0.36 1624901332.977551
-0.36 1624901332.980464
-0.36 1624901332.983284
-0.36 1624901332.986074
-0.36 1624901332.988947
-0.36 1624901332.991681
-0.36 1624901332.994439
-0.36 1624901332.997297
-0.36 1624901333.000048
-0.36 1624901333.002792
-0.36 1624901333.00564
-0.36 1624901333.008578
-0.36 1624901333.011306
-0.36 1624901333.014041
-0.36 1624901333.01677
-0.36 1624901333.019712
-0.36 1624901333.02263
-0.36 1624901333.025492
-0.36 1624901333.028371
-0.36 1624901333.031134
-0.36 1624901333.033997
-0.36 1624901333.036718
-0.36 1624901333.039445
-0.36 1624901333.042211
-0.36 1624901333.04499
-0.36 1624901333.047829
-0.36 1624901333.050565
-0.36 1624901333.053425
-0.36 1624901333.056269
-0.36 1624901333.058888
-0.36 1624901333.061677
-0.36 1624901333.064371
-0.36 1624901333.067109
-0.36 1624901333.069813
-0.36 1624901333.072593
-0.36 1624901333.075354
-0.36 1624901333.078068
-0.36 1624901333.080956
-0.36 1624901333.083664
-0.36 1624901333.086417
-0.36 1624901333.089313
-0.36 1624901333.09222
-0.36 1624901333.095091
-0.36 1624901333.098029
-0.36 1624901333.100919
-0.36 1624901333.103612
-0.36 1624901333.106395
-0.36 1624901333.109082
-0.36 1624901333.111854
-0.36 1624901333.114569
-0.36 1624901333.117281
-0.36 1624901333.120031
-0.36 1624901333.122869
-0.36 1624901333.125653
-0.36 1624901333.128374
-0.36 1624901333.131125
-0.36 1624901333.134031
-0.36 1624901333.136904
-0.36 1624901333.139622
-0.36 1624901333.142422
-0.36 1624901333.145338
-0.36 1624901333.14819
-0.36 1624901333.151086
-0.36 1624901333.153823
-0.36 1624901333.15681
-0.36 1624901333.159738
-0.36 1624901333.162716
-0.36 1624901333.168611
-0.36 1624901333.171692
-0.36 1624901333.174631
-0.36 1624901333.177622
-0.36 1624901333.180676
-0.36 1624901333.183662
-0.36 1624901333.186724
-0.36 1624901333.189792
-0.36 1624901333.192891
-0.36 1624901333.195966
-0.36 1624901333.198974
-0.36 1624901333.202079
-0.36 1624901333.2051
-0.36 1624901333.208029
-0.36 1624901333.211096
-0.36 1624901333.214214
-0.36 1624901333.217517
-0.36 1624901333.220694
-0.36 1624901333.223746
-0.36 1624901333.226894
-0.36 1624901333.230086
-0.36 1624901333.233155
-0.36 1624901333.236147
-0.36 1624901333.239142
-0.36 1624901333.24214
-0.36 1624901333.245195
-0.36 1624901333.248271
-0.36 1624901333.251483
-0.36 1624901333.254518
-0.36 1624901333.257547
-0.36 1624901333.260621
-0.36 1624901333.265913
-0.36 1624901333.270998
-0.36 1624901333.274001
-0.36 1624901333.27692
-0.36 1624901333.279848
-0.36 1624901333.282717
-0.36 1624901333.285628
-0.36 1624901333.288627
-0.36 1624901333.291554
-0.36 1624901333.29447
-0.36 1624901333.297361
-0.36 1624901333.300241
-0.36 1624901333.303017
-0.36 1624901333.305852
-0.36 1624901333.308795
-0.36 1624901333.311729
-0.36 1624901333.314572
-0.36 1624901333.317444
-0.36 1624901333.320178
-0.36 1624901333.322906
-0.36 1624901333.325656
-0.36 1624901333.328437
-0.36 1624901333.331329
-0.36 1624901333.334184
-0.36 1624901333.336928
18.31 1624901333.340046
11.32 1624901333.369201 touch_grd
15.27 1624901334.476266 go_up_roll
