-1.94 1624949821.317867 start_exp
-1.94 1624949821.600096 start_0_iteration
-1.94 1624949822.401658
-1.94 1624949822.405226
-1.94 1624949822.408824
-1.94 1624949822.412388
-1.94 1624949822.415911
-1.94 1624949822.419463
-1.94 1624949822.423076
-1.94 1624949822.426675
-1.94 1624949822.430161
-1.94 1624949822.433688
-1.94 1624949822.437331
-1.94 1624949822.440876
-1.94 1624949822.444404
-1.94 1624949822.44798
-1.94 1624949822.45156
-1.94 1624949822.45517
-1.94 1624949822.458795
-1.94 1624949822.462554
-1.94 1624949822.466109
-1.94 1624949822.469669
-1.94 1624949822.473234
-1.94 1624949822.476803
-1.94 1624949822.480405
-1.94 1624949822.48395
-1.94 1624949822.487584
-1.94 1624949822.491103
-1.94 1624949822.494675
-1.94 1624949822.498238
-1.94 1624949822.501822
-1.94 1624949822.505385
-1.94 1624949822.509013
-1.94 1624949822.512594
-1.94 1624949822.516135
-1.94 1624949822.519674
-1.94 1624949822.523244
-1.94 1624949822.526785
-1.94 1624949822.530392
-1.94 1624949822.533931
-1.94 1624949822.5375
-1.94 1624949822.541126
-1.94 1624949822.544622
-1.94 1624949822.548249
-1.94 1624949822.551738
-1.94 1624949822.555388
-1.94 1624949822.558899
-1.94 1624949822.562456
-1.94 1624949822.566031
-1.94 1624949822.569712
-1.94 1624949822.573255
-1.94 1624949822.576825
-1.94 1624949822.580404
-1.94 1624949822.583936
-1.94 1624949822.587535
-1.94 1624949822.591091
-1.94 1624949822.594737
-1.94 1624949822.598554
-1.94 1624949822.602065
-1.94 1624949822.605633
-1.94 1624949822.609285
-1.94 1624949822.612849
-1.94 1624949822.616568
-1.94 1624949822.620138
-1.94 1624949822.623742
-1.94 1624949822.627376
-1.94 1624949822.630945
-1.94 1624949822.634595
-1.94 1624949822.638313
-1.94 1624949822.641886
-1.94 1624949822.645382
-1.94 1624949822.649006
-1.94 1624949822.652672
-1.94 1624949822.656307
-1.94 1624949822.659948
-1.94 1624949822.66356
-1.94 1624949822.66713
-1.94 1624949822.670665
-1.94 1624949822.674268
-1.94 1624949822.677794
-1.94 1624949822.681355
-1.94 1624949822.684951
-1.94 1624949822.688531
-1.94 1624949822.692095
-1.94 1624949822.695695
-1.94 1624949822.69926
-1.94 1624949822.702887
-1.94 1624949822.706436
-1.94 1624949822.710099
-1.94 1624949822.713659
-1.94 1624949822.717226
-1.94 1624949822.724415
-1.94 1624949822.728048
-1.94 1624949822.731636
-1.94 1624949822.735253
-1.94 1624949822.738879
-1.94 1624949822.742437
-1.94 1624949822.746053
-1.94 1624949822.749636
-1.94 1624949822.753164
-1.94 1624949822.756723
-1.94 1624949822.760296
-1.94 1624949822.763889
-1.94 1624949822.767368
-1.94 1624949822.77095
-1.94 1624949822.774474
-1.94 1624949822.778069
-1.94 1624949822.781713
-1.94 1624949822.785326
-1.94 1624949822.788963
-1.94 1624949822.792683
13.3 1624949822.796598
53.26 1624949822.802983 touch_grd
-1.94 1624949823.914393 go_up_roll
-1.94 1624949825.112397 start_1_iteration
-1.94 1624949825.91202
-1.94 1624949825.915704
-1.94 1624949825.919316
-1.94 1624949825.922921
-1.94 1624949825.926503
-1.94 1624949825.930024
-1.94 1624949825.933589
-1.94 1624949825.937151
-1.94 1624949825.940716
-1.94 1624949825.944325
-1.94 1624949825.947923
-1.94 1624949825.951519
-1.94 1624949825.95506
-1.94 1624949825.958656
-1.94 1624949825.962238
-1.94 1624949825.965746
-1.94 1624949825.9693
-1.94 1624949825.972901
-1.94 1624949825.976466
-1.94 1624949825.980047
-1.94 1624949825.983567
-1.94 1624949825.987233
-1.94 1624949825.990809
-1.94 1624949825.99439
-1.94 1624949825.997954
-1.94 1624949826.00162
-1.94 1624949826.005269
-1.94 1624949826.008818
-1.94 1624949826.01244
-1.94 1624949826.016046
-1.94 1624949826.019662
-1.94 1624949826.023253
-1.94 1624949826.026831
-1.94 1624949826.030375
-1.94 1624949826.033908
-1.94 1624949826.037442
-1.94 1624949826.041039
-1.94 1624949826.044633
-1.94 1624949826.048363
-1.94 1624949826.05196
-1.94 1624949826.05568
-1.94 1624949826.059312
-1.94 1624949826.062895
-1.94 1624949826.066469
-1.94 1624949826.070008
-1.94 1624949826.073724
-1.94 1624949826.077341
-1.94 1624949826.080921
-1.94 1624949826.084685
-1.94 1624949826.088241
-1.94 1624949826.09183
-1.94 1624949826.095416
-1.94 1624949826.09897
-1.94 1624949826.102584
-1.94 1624949826.10621
-1.94 1624949826.109767
-1.94 1624949826.113345
-1.94 1624949826.116864
-1.94 1624949826.120376
-1.94 1624949826.123941
-1.94 1624949826.127483
-1.94 1624949826.131092
-1.94 1624949826.134591
-1.94 1624949826.138229
-1.94 1624949826.141767
-1.94 1624949826.145303
-1.94 1624949826.148883
-1.94 1624949826.152458
-1.94 1624949826.15602
-1.94 1624949826.159559
-1.94 1624949826.163113
-1.94 1624949826.166728
-1.94 1624949826.170227
-1.94 1624949826.173836
-1.94 1624949826.177378
-1.94 1624949826.180942
-1.94 1624949826.184638
-1.94 1624949826.18824
-1.94 1624949826.191753
-1.94 1624949826.195299
-1.94 1624949826.198932
-1.94 1624949826.202444
-1.94 1624949826.205989
-1.94 1624949826.209657
-1.94 1624949826.213272
-1.94 1624949826.216765
-1.94 1624949826.220403
-1.94 1624949826.223965
-1.94 1624949826.22757
-1.94 1624949826.231205
-1.94 1624949826.234878
-1.94 1624949826.238831
-1.94 1624949826.242735
-1.94 1624949826.246467
-1.94 1624949826.250182
-1.94 1624949826.25391
-1.94 1624949826.257717
-1.94 1624949826.261566
-1.94 1624949826.265333
-1.94 1624949826.269125
-1.94 1624949826.272945
-1.94 1624949826.276755
-1.94 1624949826.280568
-1.94 1624949826.284354
-1.94 1624949826.288073
-1.94 1624949826.291946
-1.94 1624949826.295707
-1.94 1624949826.299518
5.56 1624949826.303624
49.04 1624949826.314519 touch_grd
-1.94 1624949827.419503 go_up_roll
-1.94 1624949828.621967 start_2_iteration
-1.94 1624949829.422657
-1.94 1624949829.426242
-1.94 1624949829.429729
-1.94 1624949829.433307
-1.94 1624949829.43682
-1.94 1624949829.440404
-1.94 1624949829.443964
-1.94 1624949829.447543
-1.94 1624949829.451084
-1.94 1624949829.454663
-1.94 1624949829.458217
-1.94 1624949829.461771
-1.94 1624949829.465373
-1.94 1624949829.468941
-1.94 1624949829.472553
-1.94 1624949829.476257
-1.94 1624949829.479655
-1.94 1624949829.483216
-1.94 1624949829.486732
-1.94 1624949829.490262
-1.94 1624949829.493705
-1.94 1624949829.497316
-1.94 1624949829.50086
-1.94 1624949829.504423
-1.94 1624949829.507995
-1.94 1624949829.51156
-1.94 1624949829.51512
-1.94 1624949829.518876
-1.94 1624949829.522454
-1.94 1624949829.526008
-1.94 1624949829.529637
-1.94 1624949829.533302
-1.94 1624949829.536848
-1.94 1624949829.540393
-1.94 1624949829.543967
-1.94 1624949829.547545
-1.94 1624949829.551065
-1.94 1624949829.554673
-1.94 1624949829.558308
-1.94 1624949829.561878
-1.94 1624949829.565433
-1.94 1624949829.569033
-1.94 1624949829.572686
-1.94 1624949829.576289
-1.94 1624949829.579821
-1.94 1624949829.583447
-1.94 1624949829.586972
-1.94 1624949829.590614
-1.94 1624949829.594241
-1.94 1624949829.597725
-1.94 1624949829.60132
-1.94 1624949829.604862
-1.94 1624949829.608483
-1.94 1624949829.611973
-1.94 1624949829.615536
-1.94 1624949829.619464
-1.94 1624949829.623033
-1.94 1624949829.626645
-1.94 1624949829.630292
-1.94 1624949829.633772
-1.94 1624949829.637393
-1.94 1624949829.640984
-1.94 1624949829.644629
-1.94 1624949829.648243
-1.94 1624949829.651738
-1.94 1624949829.65536
-1.94 1624949829.658958
-1.94 1624949829.662531
-1.94 1624949829.666103
-1.94 1624949829.669633
-1.94 1624949829.673237
-1.94 1624949829.676761
-1.94 1624949829.680351
-1.94 1624949829.683844
-1.94 1624949829.687438
-1.94 1624949829.691031
-1.94 1624949829.694643
-1.94 1624949829.698237
-1.94 1624949829.701819
-1.94 1624949829.705324
-1.94 1624949829.708944
-1.94 1624949829.712459
-1.94 1624949829.715982
-1.94 1624949829.719712
-1.94 1624949829.72323
-1.94 1624949829.726822
-1.88 1624949829.730506
-1.94 1624949829.73403
-1.94 1624949829.737646
-1.94 1624949829.741284
-1.94 1624949829.74487
-1.94 1624949829.748528
-1.94 1624949829.752275
-1.94 1624949829.755923
-1.94 1624949829.759564
-1.94 1624949829.763274
-1.94 1624949829.766845
-1.94 1624949829.770504
-1.94 1624949829.774113
-1.94 1624949829.7777
-1.94 1624949829.78125
-1.94 1624949829.78486
-1.94 1624949829.788528
-1.94 1624949829.792296
-1.94 1624949829.795834
-1.94 1624949829.799467
-1.94 1624949829.803098
-1.94 1624949829.806693
-1.94 1624949829.810339
-1.94 1624949829.813976
28.6 1624949829.817825
57.28 1624949829.823636 touch_grd
-1.94 1624949830.93518 go_up_roll
-1.94 1624949832.136909 start_3_iteration
-1.94 1624949832.933689
-1.94 1624949832.937302
-1.94 1624949832.9409
-1.94 1624949832.944533
-1.94 1624949832.948097
-1.94 1624949832.951609
-1.94 1624949832.955236
-1.94 1624949832.958738
-1.94 1624949832.962325
-1.94 1624949832.965875
-1.94 1624949832.969429
-1.94 1624949832.973015
-1.94 1624949832.976661
-1.94 1624949832.980235
-1.94 1624949832.983766
-1.94 1624949832.987243
-1.94 1624949832.990841
-1.94 1624949832.994362
-1.94 1624949832.997953
-1.94 1624949833.001674
-1.94 1624949833.005322
-1.94 1624949833.008862
-1.94 1624949833.012408
-1.94 1624949833.015986
-1.94 1624949833.019686
-1.94 1624949833.023325
-1.94 1624949833.026892
-1.94 1624949833.030463
-1.94 1624949833.034025
-1.94 1624949833.037634
-1.94 1624949833.041129
-1.94 1624949833.044676
-1.94 1624949833.048227
-1.94 1624949833.051751
-1.94 1624949833.055326
-1.94 1624949833.058786
-1.94 1624949833.062379
-1.94 1624949833.065969
-1.94 1624949833.069475
-1.94 1624949833.073079
-1.94 1624949833.076665
-1.94 1624949833.080244
-1.94 1624949833.083786
-1.94 1624949833.08738
-1.94 1624949833.091056
-1.94 1624949833.094597
-1.94 1624949833.098116
-1.94 1624949833.101706
-1.94 1624949833.105336
-1.94 1624949833.10885
-1.94 1624949833.112392
-1.94 1624949833.115989
-1.94 1624949833.119637
-1.94 1624949833.123233
-1.94 1624949833.126767
-1.94 1624949833.130326
-1.94 1624949833.133891
-1.94 1624949833.137457
-1.94 1624949833.141009
-1.94 1624949833.144571
-1.94 1624949833.148203
-1.94 1624949833.151851
-1.94 1624949833.155397
-1.94 1624949833.15892
-1.94 1624949833.162488
-1.94 1624949833.1661
-1.94 1624949833.169618
-1.94 1624949833.173266
-1.94 1624949833.17681
-1.94 1624949833.180438
-1.94 1624949833.184025
-1.94 1624949833.187695
-1.94 1624949833.191229
-1.94 1624949833.194814
-1.94 1624949833.198349
-1.94 1624949833.201919
-1.94 1624949833.205578
-1.94 1624949833.209256
-1.94 1624949833.212845
-1.94 1624949833.216421
-1.94 1624949833.219956
-1.94 1624949833.223662
-1.94 1624949833.227265
-1.94 1624949833.230747
-1.94 1624949833.23479
-1.94 1624949833.238339
-1.94 1624949833.241889
-1.94 1624949833.245446
-1.94 1624949833.249025
-1.94 1624949833.252749
-1.94 1624949833.256399
-1.94 1624949833.259954
-1.94 1624949833.263607
-1.94 1624949833.267221
-1.94 1624949833.270707
-1.94 1624949833.274288
-1.94 1624949833.277858
-1.94 1624949833.281452
-1.94 1624949833.28496
-1.94 1624949833.288546
-1.94 1624949833.292237
-1.94 1624949833.29577
-1.94 1624949833.299349
-1.94 1624949833.302907
-1.94 1624949833.306636
-1.94 1624949833.31026
-1.94 1624949833.31383
-1.94 1624949833.317457
-1.94 1624949833.321062
-1.88 1624949833.324643
33.62 1624949833.328429
53.75 1624949833.335234 touch_grd
-1.94 1624949834.442223 go_up_roll
-1.94 1624949835.64738 start_4_iteration
-1.94 1624949836.443889
-1.94 1624949836.447419
-1.94 1624949836.451027
-1.94 1624949836.454553
-1.94 1624949836.458097
-1.94 1624949836.461684
-1.94 1624949836.46532
-1.94 1624949836.468948
-1.94 1624949836.472516
-1.94 1624949836.476051
-1.94 1624949836.479659
-1.94 1624949836.483259
-1.94 1624949836.486757
-1.94 1624949836.490335
-1.94 1624949836.493917
-1.94 1624949836.49743
-1.94 1624949836.501074
-1.94 1624949836.50462
-1.94 1624949836.508194
-1.94 1624949836.511693
-1.94 1624949836.515251
-1.94 1624949836.518719
-1.94 1624949836.522291
-1.94 1624949836.52585
-1.94 1624949836.529408
-1.94 1624949836.532983
-1.94 1624949836.536631
-1.94 1624949836.543681
-1.94 1624949836.547226
-1.94 1624949836.550784
-1.94 1624949836.55791
-1.94 1624949836.561678
-1.94 1624949836.565306
-1.94 1624949836.569023
-1.94 1624949836.572773
-1.94 1624949836.57652
-1.94 1624949836.58036
-1.94 1624949836.584111
-1.94 1624949836.587864
-1.94 1624949836.591644
-1.94 1624949836.595535
-1.94 1624949836.599355
-1.94 1624949836.60312
-1.94 1624949836.606767
-1.94 1624949836.610581
-1.94 1624949836.614344
-1.94 1624949836.618106
-1.94 1624949836.621796
-1.94 1624949836.625527
-1.94 1624949836.629354
-1.94 1624949836.633063
-1.94 1624949836.636911
-1.94 1624949836.641529
-1.94 1624949836.645416
-1.94 1624949836.649405
-1.94 1624949836.653368
-1.94 1624949836.657226
-1.94 1624949836.660966
-1.94 1624949836.664804
-1.94 1624949836.668658
-1.94 1624949836.672427
-1.94 1624949836.676149
-1.94 1624949836.679969
-1.94 1624949836.683771
-1.94 1624949836.687641
-1.94 1624949836.691513
-1.94 1624949836.69534
-1.94 1624949836.699087
-1.94 1624949836.702829
-1.94 1624949836.706589
-1.94 1624949836.710257
-1.94 1624949836.71396
-1.94 1624949836.717825
-1.94 1624949836.721728
-1.94 1624949836.725615
-1.94 1624949836.729408
-1.94 1624949836.733383
-1.94 1624949836.737226
-1.94 1624949836.742066
-1.94 1624949836.745939
-1.94 1624949836.749712
-1.94 1624949836.753414
-1.94 1624949836.757177
-1.94 1624949836.760911
-1.94 1624949836.76474
-1.94 1624949836.768494
-1.94 1624949836.772149
-1.94 1624949836.775948
-1.94 1624949836.779658
-1.94 1624949836.783425
-1.94 1624949836.787164
-1.94 1624949836.790946
-1.94 1624949836.79486
-1.94 1624949836.798706
-1.94 1624949836.802482
-1.94 1624949836.806369
-1.94 1624949836.810206
-1.94 1624949836.813975
-1.94 1624949836.817683
-1.94 1624949836.821441
-1.94 1624949836.825325
-1.94 1624949836.829047
-1.94 1624949836.832868
12.19 1624949836.837174
51.89 1624949836.84595 touch_grd
-1.94 1624949837.953547 go_up_roll
-1.94 1624949839.157179 start_5_iteration
-1.94 1624949839.953919
-1.94 1624949839.957629
-1.94 1624949839.961089
-1.94 1624949839.964742
-1.94 1624949839.968273
-1.94 1624949839.97182
-1.94 1624949839.975271
-1.94 1624949839.978865
-1.94 1624949839.982455
-1.94 1624949839.985956
-1.94 1624949839.989536
-1.94 1624949839.993059
-1.94 1624949839.99666
-1.94 1624949840.00025
-1.94 1624949840.003794
-1.94 1624949840.007299
-1.94 1624949840.010793
-1.94 1624949840.014372
-1.94 1624949840.018083
-1.94 1624949840.021691
-1.94 1624949840.025269
-1.94 1624949840.028818
-1.94 1624949840.032496
-1.94 1624949840.036078
-1.94 1624949840.039661
-1.94 1624949840.043235
-1.94 1624949840.046769
-1.94 1624949840.050653
-1.94 1624949840.054305
-1.94 1624949840.057898
-1.94 1624949840.061606
-1.94 1624949840.065255
-1.94 1624949840.068803
-1.94 1624949840.072338
-1.94 1624949840.075973
-1.94 1624949840.07962
-1.94 1624949840.083219
-1.94 1624949840.086699
-1.94 1624949840.090191
-1.94 1624949840.093755
-1.94 1624949840.097341
-1.94 1624949840.100928
-1.94 1624949840.104571
-1.94 1624949840.108281
-1.94 1624949840.111835
-1.94 1624949840.11544
-1.94 1624949840.119105
-1.88 1624949840.12264
-1.94 1624949840.126231
-1.94 1624949840.129817
-1.94 1624949840.133442
-1.94 1624949840.137133
-1.94 1624949840.140946
-1.94 1624949840.144648
-1.94 1624949840.14842
-1.94 1624949840.152385
-1.94 1624949840.156134
-1.94 1624949840.159926
-1.94 1624949840.163757
-1.94 1624949840.167463
-1.94 1624949840.171298
-1.94 1624949840.175093
-1.94 1624949840.178881
-1.94 1624949840.182643
-1.94 1624949840.186305
-1.94 1624949840.190072
-1.94 1624949840.193779
-1.94 1624949840.19752
-1.94 1624949840.201343
-1.94 1624949840.205142
-1.94 1624949840.208977
-1.94 1624949840.212745
-1.94 1624949840.216482
-1.94 1624949840.220151
-1.94 1624949840.223903
-1.94 1624949840.227626
-1.94 1624949840.231492
-1.94 1624949840.235283
-1.94 1624949840.239229
-1.94 1624949840.24311
-1.94 1624949840.247051
-1.94 1624949840.251079
-1.94 1624949840.255071
-1.94 1624949840.258985
-1.88 1624949840.262767
-1.94 1624949840.266589
-1.94 1624949840.270488
-1.94 1624949840.27429
-1.88 1624949840.278015
-1.94 1624949840.281908
-1.94 1624949840.28579
-1.94 1624949840.289443
-1.94 1624949840.293313
-1.94 1624949840.297064
-1.94 1624949840.300891
-1.94 1624949840.304695
-1.94 1624949840.30844
-1.94 1624949840.312286
-1.94 1624949840.31609
-1.94 1624949840.319788
-1.94 1624949840.323472
-1.94 1624949840.327266
-1.94 1624949840.331144
-1.94 1624949840.335039
-1.94 1624949840.338894
-1.94 1624949840.342846
14.54 1624949840.347052
49.48 1624949840.356517 touch_grd
-1.88 1624949841.465858 go_up_roll
-1.94 1624949842.570899 start_6_iteration
-1.94 1624949843.269307
-1.94 1624949843.272867
-1.94 1624949843.276457
-1.94 1624949843.280054
-1.94 1624949843.283719
-1.94 1624949843.287342
-1.94 1624949843.290927
-1.94 1624949843.294459
-1.94 1624949843.298109
-1.94 1624949843.301787
-1.94 1624949843.30535
-1.94 1624949843.308853
-1.94 1624949843.312317
-1.94 1624949843.315884
-1.94 1624949843.319447
-1.94 1624949843.323064
-1.94 1624949843.326644
-1.94 1624949843.330157
-1.94 1624949843.333723
-1.94 1624949843.337275
-1.94 1624949843.340832
-1.94 1624949843.344407
-1.94 1624949843.348094
-1.94 1624949843.35161
-1.94 1624949843.355168
-1.94 1624949843.358771
-1.88 1624949843.362463
-1.94 1624949843.366192
-1.94 1624949843.369771
-1.94 1624949843.373337
-1.94 1624949843.376907
-1.94 1624949843.380494
-1.94 1624949843.384096
-1.94 1624949843.387696
-1.94 1624949843.391244
-1.94 1624949843.394845
-1.94 1624949843.398378
-1.94 1624949843.401955
-1.94 1624949843.405515
-1.94 1624949843.409073
-1.94 1624949843.412703
-1.94 1624949843.416215
-1.94 1624949843.419797
-1.94 1624949843.423316
-1.94 1624949843.426894
-1.94 1624949843.430624
-1.94 1624949843.434281
-1.94 1624949843.437774
-1.94 1624949843.441359
-1.94 1624949843.44497
-1.94 1624949843.448613
-1.94 1624949843.452192
-1.94 1624949843.455736
-1.94 1624949843.459396
-1.94 1624949843.462962
-1.94 1624949843.466709
-1.88 1624949843.470183
-1.94 1624949843.473732
-1.94 1624949843.477302
-1.94 1624949843.480925
-1.94 1624949843.484609
-1.94 1624949843.488189
-1.94 1624949843.491766
-1.94 1624949843.495296
-1.94 1624949843.498818
-1.94 1624949843.502396
-1.94 1624949843.505968
-1.94 1624949843.509513
-1.94 1624949843.51303
-1.94 1624949843.516655
-1.94 1624949843.52026
-1.94 1624949843.523849
-1.94 1624949843.527326
-1.94 1624949843.530907
-1.94 1624949843.534498
-1.94 1624949843.538
-1.94 1624949843.54161
-1.94 1624949843.545265
-1.94 1624949843.548794
-1.94 1624949843.552377
-1.94 1624949843.55598
-1.88 1624949843.559651
-1.94 1624949843.563301
-1.94 1624949843.56727
-1.94 1624949843.570889
-1.94 1624949843.574533
-1.94 1624949843.578243
-1.94 1624949843.581859
-1.94 1624949843.585649
-1.94 1624949843.589308
-1.94 1624949843.592981
-1.94 1624949843.596696
-1.94 1624949843.600327
-1.94 1624949843.603954
-1.94 1624949843.607666
-1.94 1624949843.611311
-1.94 1624949843.614894
-1.94 1624949843.618575
-1.94 1624949843.622269
-1.94 1624949843.625953
-1.94 1624949843.629578
-1.94 1624949843.633128
11.75 1624949843.636964
61.43 1624949843.671361 touch_grd
0.42 1624949844.783098 go_up_roll
-1.94 1624949845.986104 start_7_iteration
-1.94 1624949846.782117
-1.94 1624949846.785757
-1.94 1624949846.78927
-1.94 1624949846.792851
-1.94 1624949846.796437
-1.94 1624949846.800082
-1.94 1624949846.803638
-1.94 1624949846.807197
-1.94 1624949846.81083
-1.94 1624949846.814298
-1.94 1624949846.817877
-1.94 1624949846.821463
-1.94 1624949846.825073
-1.94 1624949846.828598
-1.94 1624949846.832219
-1.94 1624949846.83569
-1.94 1624949846.839254
-1.94 1624949846.842846
-1.94 1624949846.846428
-1.94 1624949846.849966
-1.94 1624949846.853613
-1.94 1624949846.857099
-1.94 1624949846.860655
-1.94 1624949846.864254
-1.94 1624949846.867808
-1.94 1624949846.87135
-1.94 1624949846.874881
-1.94 1624949846.878481
-1.94 1624949846.882092
-1.94 1624949846.885611
-1.94 1624949846.889221
-1.94 1624949846.892734
-1.94 1624949846.896273
-1.94 1624949846.899742
-1.94 1624949846.903292
-1.94 1624949846.906919
-1.94 1624949846.910628
-1.94 1624949846.914215
-1.94 1624949846.917783
-1.94 1624949846.921367
-1.94 1624949846.92497
-1.94 1624949846.928629
-1.94 1624949846.932329
-1.94 1624949846.936042
-1.94 1624949846.939668
-1.94 1624949846.943293
-1.94 1624949846.946913
-1.94 1624949846.950632
-1.94 1624949846.954305
-1.94 1624949846.958101
-1.94 1624949846.961818
-1.94 1624949846.965519
-1.94 1624949846.969315
-1.94 1624949846.972985
-1.94 1624949846.976688
-1.94 1624949846.980348
-1.94 1624949846.984022
-1.94 1624949846.987682
-1.94 1624949846.991346
-1.94 1624949846.995013
-1.94 1624949846.998738
-1.94 1624949847.002511
-1.94 1624949847.006298
-1.94 1624949847.009942
-1.94 1624949847.0137
-1.94 1624949847.017418
-1.94 1624949847.021116
-1.94 1624949847.0249
-1.94 1624949847.028662
-1.94 1624949847.032389
-1.94 1624949847.036075
-1.94 1624949847.039667
-1.94 1624949847.043433
-1.94 1624949847.047104
-1.94 1624949847.050932
-1.94 1624949847.054697
-1.94 1624949847.058428
-1.94 1624949847.062099
-1.94 1624949847.065811
-1.94 1624949847.069455
-1.94 1624949847.07329
-1.94 1624949847.076956
-1.94 1624949847.080766
-1.94 1624949847.084515
-1.94 1624949847.088348
-1.94 1624949847.092148
-1.94 1624949847.095896
-1.94 1624949847.099684
-1.94 1624949847.103363
-1.94 1624949847.10717
-1.94 1624949847.110909
-1.94 1624949847.114537
-1.94 1624949847.11834
-1.94 1624949847.122024
-1.94 1624949847.125708
-1.94 1624949847.129387
-1.94 1624949847.133078
-1.94 1624949847.136769
-1.94 1624949847.140426
-1.94 1624949847.14428
-1.94 1624949847.148013
-1.94 1624949847.151667
-1.94 1624949847.155305
-1.94 1624949847.15904
-1.94 1624949847.162659
-1.94 1624949847.166377
-1.94 1624949847.170067
-1.94 1624949847.173718
22.84 1624949847.177803
54.31 1624949847.183502 touch_grd
-1.94 1624949848.290717 go_up_roll
-1.94 1624949849.497878 start_8_iteration
-1.94 1624949850.292318
-1.94 1624949850.295859
-1.94 1624949850.299451
-1.94 1624949850.302975
-1.94 1624949850.306629
-1.94 1624949850.310171
-1.94 1624949850.313699
-1.94 1624949850.317289
-1.94 1624949850.320846
-1.94 1624949850.324491
-1.94 1624949850.328086
-1.94 1624949850.331669
-1.94 1624949850.335191
-1.94 1624949850.338728
-1.94 1624949850.34224
-1.94 1624949850.345793
-1.94 1624949850.34933
-1.94 1624949850.352907
-1.94 1624949850.356446
-1.94 1624949850.36011
-1.94 1624949850.363707
-1.94 1624949850.367247
-1.94 1624949850.370822
-1.94 1624949850.374416
-1.94 1624949850.377997
-1.94 1624949850.381674
-1.94 1624949850.385198
-1.94 1624949850.388721
-1.94 1624949850.392295
-1.94 1624949850.395883
-1.94 1624949850.399431
-1.94 1624949850.402972
-1.94 1624949850.406602
-1.94 1624949850.410218
-1.94 1624949850.413841
-1.94 1624949850.417461
-1.94 1624949850.421051
-1.94 1624949850.424631
-1.94 1624949850.428163
-1.94 1624949850.431735
-1.94 1624949850.435288
-1.94 1624949850.438833
-1.94 1624949850.442392
-1.94 1624949850.445973
-1.94 1624949850.449607
-1.94 1624949850.453098
-1.94 1624949850.456676
-1.94 1624949850.460299
-1.94 1624949850.463787
-1.94 1624949850.467363
-1.94 1624949850.471004
-1.94 1624949850.47462
-1.94 1624949850.478188
-1.94 1624949850.481723
-1.94 1624949850.485245
-1.94 1624949850.488894
-1.94 1624949850.492398
-1.94 1624949850.496034
-1.94 1624949850.499631
-1.94 1624949850.503194
-1.94 1624949850.506827
-1.94 1624949850.51037
-1.94 1624949850.513943
-1.94 1624949850.517621
-1.94 1624949850.521285
-1.94 1624949850.524914
-1.94 1624949850.528483
-1.94 1624949850.53213
-1.94 1624949850.535784
-1.94 1624949850.539333
-1.94 1624949850.54293
-1.94 1624949850.550099
-1.94 1624949850.553673
-1.94 1624949850.55735
-1.94 1624949850.560938
-1.94 1624949850.564638
-1.94 1624949850.568312
-1.94 1624949850.572042
-1.94 1624949850.575788
-1.94 1624949850.579489
-1.94 1624949850.583212
-1.94 1624949850.586921
-1.94 1624949850.590696
-1.94 1624949850.594508
-1.94 1624949850.598252
-1.94 1624949850.601905
-1.94 1624949850.605572
-1.94 1624949850.609205
-1.94 1624949850.612858
-1.94 1624949850.616622
-1.94 1624949850.620299
-1.94 1624949850.62386
-1.94 1624949850.62758
-1.94 1624949850.631235
-1.94 1624949850.634952
-1.94 1624949850.638725
-1.94 1624949850.642337
-1.94 1624949850.646049
-1.94 1624949850.649711
-1.94 1624949850.653332
-1.94 1624949850.656956
-1.94 1624949850.660618
-1.94 1624949850.664224
-1.94 1624949850.667856
-1.94 1624949850.671519
-1.94 1624949850.675247
-1.94 1624949850.678872
-1.94 1624949850.682583
9.4 1624949850.686521
54.37 1624949850.693811 touch_grd
-1.94 1624949851.798274 go_up_roll
-1.94 1624949853.008451 start_9_iteration
-1.94 1624949853.803992
-1.94 1624949853.807563
-1.94 1624949853.811179
-1.94 1624949853.81479
-1.94 1624949853.818338
-1.94 1624949853.821924
-1.94 1624949853.825508
-1.94 1624949853.829048
-1.94 1624949853.832581
-1.94 1624949853.836345
-1.94 1624949853.839823
-1.94 1624949853.843375
-1.94 1624949853.846972
-1.94 1624949853.850628
-1.94 1624949853.85432
-1.94 1624949853.857832
-1.94 1624949853.861368
-1.94 1624949853.864904
-1.94 1624949853.868563
-1.94 1624949853.872178
-1.94 1624949853.875813
-1.94 1624949853.879309
-1.94 1624949853.882829
-1.94 1624949853.886375
-1.94 1624949853.889926
-1.94 1624949853.893496
-1.94 1624949853.897067
-1.94 1624949853.900693
-1.94 1624949853.904302
-1.94 1624949853.907871
-1.94 1624949853.911472
-1.94 1624949853.915172
-1.94 1624949853.918753
-1.94 1624949853.922379
-1.94 1624949853.926016
-1.94 1624949853.92959
-1.94 1624949853.933166
-1.94 1624949853.936689
-1.94 1624949853.940323
-1.94 1624949853.943836
-1.94 1624949853.947489
-1.94 1624949853.951105
-1.94 1624949853.954657
-1.94 1624949853.958249
-1.94 1624949853.961784
-1.94 1624949853.96546
-1.94 1624949853.968972
-1.94 1624949853.976159
-1.94 1624949853.979677
-1.94 1624949853.983215
-1.94 1624949853.986663
-1.94 1624949853.99021
-1.94 1624949853.993778
-1.94 1624949853.997308
-1.94 1624949854.001014
-1.94 1624949854.004627
-1.94 1624949854.008192
-1.94 1624949854.011767
-1.94 1624949854.015321
-1.94 1624949854.018915
-1.94 1624949854.022593
-1.94 1624949854.026234
-1.94 1624949854.029793
-1.94 1624949854.03339
-1.94 1624949854.036963
-1.94 1624949854.040643
-1.94 1624949854.044321
-1.94 1624949854.047879
-1.94 1624949854.051594
-1.94 1624949854.05521
-1.94 1624949854.058916
-1.94 1624949854.062738
-1.94 1624949854.06633
-1.94 1624949854.07007
-1.94 1624949854.073753
-1.94 1624949854.077408
-1.94 1624949854.081044
-1.94 1624949854.084748
-1.94 1624949854.088417
-1.94 1624949854.092062
-1.94 1624949854.095766
-1.94 1624949854.099468
-1.94 1624949854.103175
-1.94 1624949854.106824
-1.94 1624949854.110446
-1.88 1624949854.114241
-1.94 1624949854.117847
-1.94 1624949854.121601
-1.94 1624949854.125268
-1.94 1624949854.128846
-1.94 1624949854.132604
-1.94 1624949854.139973
-1.94 1624949854.143732
-1.94 1624949854.147367
-1.94 1624949854.15101
-1.94 1624949854.154675
-1.94 1624949854.158397
-1.94 1624949854.162021
-1.94 1624949854.165778
-1.94 1624949854.169484
-1.94 1624949854.173252
-1.94 1624949854.176838
-1.94 1624949854.180457
-1.94 1624949854.184059
-1.94 1624949854.187671
-1.94 1624949854.191338
-1.94 1624949854.194971
22.9 1624949854.198969
53.87 1624949854.205694 touch_grd
-1.88 1624949855.313345 go_up_roll
