3.6341609954833984 1624285701.348118 1.157
3.6341609954833984 1624285701.363002 1.157
3.6341609954833984 1624285701.378053 1.157
3.6341609954833984 1624285701.393033 1.157
3.6341609954833984 1624285701.408151 1.157
3.6341609954833984 1624285701.422989 1.157
3.6341609954833984 1624285701.438028 1.157
3.6341609954833984 1624285701.453123 1.157
3.6341609954833984 1624285701.468086 1.157
3.6341609954833984 1624285701.483033 1.157
3.6341609954833984 1624285701.498034 1.157
3.6341609954833984 1624285701.51301 1.157
3.6341609954833984 1624285701.527834 1.157
3.6341609954833984 1624285701.542967 1.157
3.6341609954833984 1624285701.557892 1.157
3.6341609954833984 1624285701.573013 1.157
3.6341609954833984 1624285701.587883 1.157
3.6341609954833984 1624285701.602951 1.157
3.6341609954833984 1624285701.618023 1.157
3.6341609954833984 1624285701.632988 1.157
3.6341609954833984 1624285701.648095 1.157
3.6341609954833984 1624285701.663003 1.157
3.6341609954833984 1624285701.677902 1.157
3.6341609954833984 1624285701.692944 1.157
3.6341609954833984 1624285701.708055 1.157
3.6341609954833984 1624285701.722959 1.157
3.6341609954833984 1624285701.737952 1.157
3.6341609954833984 1624285701.753002 1.157
3.6341609954833984 1624285701.768032 1.157
3.6341609954833984 1624285701.782876 1.157
3.6341609954833984 1624285701.797907 1.157
3.6341609954833984 1624285701.812938 1.157
3.6341609954833984 1624285701.828001 1.157
3.6341609954833984 1624285701.842837 1.157
3.6341609954833984 1624285701.857823 1.157
3.6341609954833984 1624285701.872982 1.157
3.6341609954833984 1624285701.887946 1.157
3.6341609954833984 1624285701.902874 1.157
3.6341609954833984 1624285701.91793 1.157
3.6341609954833984 1624285701.932873 1.157
3.6341609954833984 1624285701.947957 1.157
3.6341609954833984 1624285701.96272 1.157
3.6341609954833984 1624285701.977831 1.157
3.6341609954833984 1624285701.992904 1.157
3.6341609954833984 1624285702.00792 1.157
3.6341609954833984 1624285702.022801 1.157
3.6341609954833984 1624285702.03787 1.157
3.6341609954833984 1624285702.052911 1.157
3.6341609954833984 1624285702.067955 1.157
3.6341609954833984 1624285702.082788 1.157
3.6341609954833984 1624285702.097715 1.157
3.6341609954833984 1624285702.11276 1.157
3.6341609954833984 1624285702.127882 1.157
3.6341609954833984 1624285702.142752 1.157
3.6341609954833984 1624285702.157852 1.157
3.6341609954833984 1624285702.172855 1.157
3.6341609954833984 1624285702.187918 1.157
3.6341609954833984 1624285702.202683 1.157
3.6341609954833984 1624285702.217738 1.157
3.6341609954833984 1624285702.232839 1.157
3.6341609954833984 1624285702.247855 1.157
3.6341609954833984 1624285702.262697 1.157
3.6341609954833984 1624285702.277724 1.157
3.6341609954833984 1624285702.292775 1.157
3.6341609954833984 1624285702.307865 1.157
3.6341609954833984 1624285702.322758 1.157
3.6341609954833984 1624285702.337705 1.157
3.6341609954833984 1624285702.352792 1.157
3.6341609954833984 1624285702.367817 1.157
3.6341609954833984 1624285702.382699 1.157
3.6341609954833984 1624285702.397631 1.157
3.6341609954833984 1624285702.412763 1.157
3.6341609954833984 1624285702.427748 1.157
3.6341609954833984 1624285702.442539 1.157
3.6341609954833984 1624285702.457631 1.157
3.6341609954833984 1624285702.472686 1.157
3.6341609954833984 1624285702.487679 1.157
3.6341609954833984 1624285702.502548 1.157
3.6341609954833984 1624285702.517714 1.157
3.6341609954833984 1624285702.532745 1.157
3.6341609954833984 1624285702.547716 1.157
3.6341609954833984 1624285702.562628 1.157
3.6341609954833984 1624285702.577646 1.157
3.6341609954833984 1624285702.592724 1.157
3.6341609954833984 1624285702.60779 1.157
3.6341609954833984 1624285702.622653 1.157
3.6341609954833984 1624285702.637638 1.157
3.6341609954833984 1624285702.652647 1.157
3.6341609954833984 1624285702.667655 1.157
3.6341609954833984 1624285702.682504 1.157
3.6341609954833984 1624285702.697624 1.157
3.6341609954833984 1624285702.712644 1.157
3.6341609954833984 1624285702.727639 1.157
3.6341609954833984 1624285702.742499 1.157
3.6341609954833984 1624285702.757545 1.157
3.6341609954833984 1624285702.772668 1.157
3.6341609954833984 1624285702.787566 1.157
3.6341609954833984 1624285702.802575 1.157
3.6341609954833984 1624285702.817511 1.157
3.6341609954833984 1624285702.832598 1.157
3.6341609954833984 1624285702.847736 1.157
3.6341609954833984 1624285702.862601 1.157
3.6341609954833984 1624285702.877611 1.157
3.6341609954833984 1624285702.892593 1.157
3.6341609954833984 1624285702.907592 1.157
3.6341609954833984 1624285702.922481 1.157
3.6341609954833984 1624285702.937613 1.157
3.6341609954833984 1624285702.952523 1.157
3.6341609954833984 1624285702.967597 1.157
3.6341609954833984 1624285702.982477 1.157
3.6341609954833984 1624285702.997556 1.157
3.6341609954833984 1624285703.012505 1.157
3.6341609954833984 1624285703.027631 1.157
3.6341609954833984 1624285703.042517 1.157
3.6341609954833984 1624285703.057473 1.157
3.6341609954833984 1624285703.072522 1.157
3.6341609954833984 1624285703.08758 1.157
3.6341609954833984 1624285703.102396 1.157
3.6341609954833984 1624285703.117511 1.157
3.6341609954833984 1624285703.132563 1.157
3.6341609954833984 1624285703.147571 1.157
3.6341609954833984 1624285703.162586 1.157
3.6341609954833984 1624285703.17739 1.157
3.6341609954833984 1624285703.192546 1.157
3.6341609954833984 1624285703.207513 1.157
3.6341609954833984 1624285703.222535 1.157
3.6341609954833984 1624285703.237448 1.157
3.6341609954833984 1624285703.252423 1.157
3.6341609954833984 1624285703.267575 1.157
3.6341609954833984 1624285703.282468 1.157
3.6341609954833984 1624285703.297418 1.157
3.6341609954833984 1624285703.312399 1.157
3.6341609954833984 1624285703.327426 1.157
3.6341609954833984 1624285703.342518 1.157
3.6341609954833984 1624285703.357362 1.157
3.6341609954833984 1624285703.372421 1.157
3.6341609954833984 1624285703.387516 1.157
3.6341609954833984 1624285703.402536 1.157
3.6341609954833984 1624285703.417407 1.157
3.6341609954833984 1624285703.43245 1.157
3.6341609954833984 1624285703.447438 1.157
3.6341609954833984 1624285703.462447 1.157
3.6341609954833984 1624285703.477286 1.157
3.6341609954833984 1624285703.492338 1.157
3.6341609954833984 1624285703.507357 1.157
3.6341609954833984 1624285703.522404 1.157
3.6341609954833984 1624285703.537263 1.157
3.6341609954833984 1624285703.552351 1.157
3.6341609954833984 1624285703.56735 1.157
3.6341609954833984 1624285703.582508 1.157
3.6341609954833984 1624285703.597329 1.157
3.6341609954833984 1624285703.612387 1.157
3.6341609954833984 1624285703.627428 1.157
3.6341609954833984 1624285703.642461 1.157
3.6341609954833984 1624285703.657353 1.157
3.6341609954833984 1624285703.672346 1.157
3.6341609954833984 1624285703.687388 1.157
3.6341609954833984 1624285703.702425 1.157
3.6341609954833984 1624285703.717276 1.157
3.6341609954833984 1624285703.732365 1.157
3.6341609954833984 1624285703.747272 1.157
3.6341609954833984 1624285703.762316 1.157
3.6341609954833984 1624285703.777285 1.157
3.6341609954833984 1624285703.792287 1.157
3.6341609954833984 1624285703.807211 1.157
3.6341609954833984 1624285703.822275 1.157
3.6341609954833984 1624285703.837344 1.157
3.6341609954833984 1624285703.852499 1.157
3.6341609954833984 1624285703.867348 1.157
3.6341609954833984 1624285703.882381 1.157
3.6341609954833984 1624285703.897388 1.157
3.6341609954833984 1624285703.912255 1.157
3.6341609954833984 1624285703.927262 1.157
3.6341609954833984 1624285703.942383 1.157
3.6341609954833984 1624285703.957366 1.157
3.6341609954833984 1624285703.972247 1.157
3.6341609954833984 1624285703.987274 1.157
3.6341609954833984 1624285704.002246 1.157
3.6341609954833984 1624285704.017293 1.157
3.6341609954833984 1624285704.032331 1.157
3.6341609954833984 1624285704.047211 1.157
3.6341609954833984 1624285704.062215 1.157
3.6341609954833984 1624285704.077262 1.157
3.6341609954833984 1624285704.092321 1.157
3.6341609954833984 1624285704.107177 1.157
3.6341609954833984 1624285704.122245 1.157
3.6341609954833984 1624285704.137306 1.157
3.6341609954833984 1624285704.152396 1.157
3.6341609954833984 1624285704.167122 1.157
3.6341609954833984 1624285704.182204 1.157
3.6341609954833984 1624285704.19728 1.157
3.6341609954833984 1624285704.212259 1.157
3.6341609954833984 1624285704.22715 1.157
3.6341609954833984 1624285704.242262 1.157
3.6341609954833984 1624285704.257257 1.157
3.6341609954833984 1624285704.272295 1.157
3.6341609954833984 1624285704.287165 1.157
3.6341609954833984 1624285704.302233 1.157
3.6341609954833984 1624285704.317241 1.157
3.6341609954833984 1624285704.332271 1.157
3.6341609954833984 1624285704.34706 1.157
3.6341609954833984 1624285704.362158 1.157
3.6341609954833984 1624285704.377105 1.157
3.6341609954833984 1624285704.392147 1.157
3.6341609954833984 1624285704.407064 1.157
3.6341609954833984 1624285704.422108 1.157
3.6341609954833984 1624285704.437171 1.157
3.6341609954833984 1624285704.4522 1.157
3.6341609954833984 1624285704.467107 1.157
3.6341609954833984 1624285704.482126 1.157
3.6341609954833984 1624285704.497176 1.157
3.6341609954833984 1624285704.512147 1.157
3.6341609954833984 1624285704.526962 1.157
3.6341609954833984 1624285704.542031 1.157
3.6341609954833984 1624285704.557135 1.157
3.6341609954833984 1624285704.572209 1.157
3.6341609954833984 1624285704.587129 1.157
3.6341609954833984 1624285704.602121 1.157
3.6341609954833984 1624285704.61737 1.157
3.6341609954833984 1624285704.632024 1.157
3.6341609954833984 1624285704.647084 1.157
3.6341609954833984 1624285704.662094 1.157
3.6341609954833984 1624285704.677189 1.157
3.6341609954833984 1624285704.692051 1.157
3.6341609954833984 1624285704.707074 1.157
3.6341609954833984 1624285704.722108 1.157
3.6341609954833984 1624285704.737175 1.157
3.6341609954833984 1624285704.752007 1.157
3.6341609954833984 1624285704.767295 1.157
3.6341609954833984 1624285704.782051 1.157
3.6341609954833984 1624285704.797132 1.157
3.6341609954833984 1624285704.81192 1.157
3.6341609954833984 1624285704.827001 1.157
3.6341609954833984 1624285704.841974 1.157
3.6341609954833984 1624285704.857048 1.157
3.6341609954833984 1624285704.871913 1.157
3.6341609954833984 1624285704.886969 1.157
3.6341609954833984 1624285704.902081 1.157
3.6341609954833984 1624285704.917191 1.157
3.6341609954833984 1624285704.931953 1.157
3.6341609954833984 1624285704.946926 1.157
3.6341609954833984 1624285704.962004 1.157
3.6341609954833984 1624285704.977072 1.157
3.6341609954833984 1624285704.991944 1.157
3.6341609954833984 1624285705.007176 1.157
3.6341609954833984 1624285705.021987 1.157
3.6341609954833984 1624285705.037126 1.157
3.6341609954833984 1624285705.052041 1.157
3.6341609954833984 1624285705.066972 1.157
3.6341609954833984 1624285705.081984 1.157
3.6341609954833984 1624285705.096931 1.157
3.6341609954833984 1624285705.111854 1.157
3.6341609954833984 1624285705.126923 1.157
3.6341609954833984 1624285705.141992 1.157
3.6341609954833984 1624285705.157019 1.157
3.6341609954833984 1624285705.171851 1.157
3.6341609954833984 1624285705.186942 1.157
3.6341609954833984 1624285705.202016 1.157
3.6341609954833984 1624285705.217016 1.157
3.6341609954833984 1624285705.231905 1.157
3.6341609954833984 1624285705.246861 1.157
3.6341609954833984 1624285705.261905 1.157
3.6341609954833984 1624285705.276997 1.157
3.6341609954833984 1624285705.291742 1.157
3.6341609954833984 1624285705.306872 1.157
3.6341609954833984 1624285705.321926 1.157
3.6341609954833984 1624285705.336944 1.157
3.6341609954833984 1624285705.351792 1.157
3.6341609954833984 1624285705.366914 1.157
3.6341609954833984 1624285705.381889 1.157
3.6341609954833984 1624285705.396942 1.157
3.6341609954833984 1624285705.411859 1.157
3.6341609954833984 1624285705.426797 1.157
3.6341609954833984 1624285705.441919 1.157
3.6341609954833984 1624285705.456904 1.157
3.6341609954833984 1624285705.471947 1.157
3.6341609954833984 1624285705.486805 1.157
3.6341609954833984 1624285705.501883 1.157
3.6341609954833984 1624285705.51694 1.157
3.6341609954833984 1624285705.531941 1.157
3.6341609954833984 1624285705.546796 1.157
3.6341609954833984 1624285705.561805 1.157
3.6341609954833984 1624285705.576936 1.157
3.6341609954833984 1624285705.591909 1.157
3.6341609954833984 1624285705.606823 1.157
3.6341609954833984 1624285705.621815 1.157
3.6341609954833984 1624285705.636806 1.157
3.6341609954833984 1624285705.651893 1.157
3.6341609954833984 1624285705.666777 1.157
3.6341609954833984 1624285705.68175 1.157
3.6341609954833984 1624285705.696758 1.157
3.6341609954833984 1624285705.711738 1.157
3.6341609954833984 1624285705.726587 1.157
3.6341609954833984 1624285705.741651 1.157
3.6341609954833984 1624285705.756716 1.157
3.6341609954833984 1624285705.771713 1.157
3.6341609954833984 1624285705.786699 1.157
3.0284674167633057 1624285705.801742 1.157
3.6341609954833984 1624285705.81674 1.157
3.6341609954833984 1624285705.831815 1.157
3.6341609954833984 1624285705.846702 1.157
3.6341609954833984 1624285705.861685 1.157
3.6341609954833984 1624285705.876665 1.157
3.6341609954833984 1624285705.891841 1.157
3.6341609954833984 1624285705.906687 1.157
3.6341609954833984 1624285705.921746 1.157
3.6341609954833984 1624285705.936728 1.157
3.6341609954833984 1624285705.951757 1.157
3.6341609954833984 1624285705.966607 1.157
3.6341609954833984 1624285705.981672 1.157
3.6341609954833984 1624285705.996713 1.157
3.6341609954833984 1624285706.011731 1.157
3.6341609954833984 1624285706.02681 1.157
3.6341609954833984 1624285706.041588 1.157
3.6341609954833984 1624285706.056715 1.157
3.6341609954833984 1624285706.071737 1.157
3.6341609954833984 1624285706.086763 1.157
3.6341609954833984 1624285706.101643 1.157
3.6341609954833984 1624285706.116704 1.157
3.6341609954833984 1624285706.131685 1.157
3.6341609954833984 1624285706.146685 1.157
3.6341609954833984 1624285706.161552 1.157
3.6341609954833984 1624285706.176597 1.157
3.6341609954833984 1624285706.191708 1.157
3.6341609954833984 1624285706.206762 1.157
3.6341609954833984 1624285706.22157 1.157
3.6341609954833984 1624285706.236647 1.157
3.6341609954833984 1624285706.251671 1.157
3.6341609954833984 1624285706.266569 1.157
3.6341609954833984 1624285706.281602 1.157
3.6341609954833984 1624285706.296665 1.157
3.6341609954833984 1624285706.311662 1.157
3.6341609954833984 1624285706.326623 1.157
3.6341609954833984 1624285706.341606 1.157
3.6341609954833984 1624285706.356554 1.157
3.6341609954833984 1624285706.371531 1.157
3.6341609954833984 1624285706.386701 1.157
3.6341609954833984 1624285706.401585 1.157
3.6341609954833984 1624285706.416533 1.157
3.6341609954833984 1624285706.431604 1.157
3.6341609954833984 1624285706.44665 1.157
3.6341609954833984 1624285706.461478 1.157
3.6341609954833984 1624285706.476556 1.157
3.6341609954833984 1624285706.49158 1.157
3.6341609954833984 1624285706.506526 1.157
3.6341609954833984 1624285706.52142 1.157
3.6341609954833984 1624285706.536532 1.157
3.6341609954833984 1624285706.551522 1.157
3.6341609954833984 1624285706.566569 1.157
3.6341609954833984 1624285706.581395 1.157
3.6341609954833984 1624285706.596597 1.157
3.6341609954833984 1624285706.61155 1.157
3.6341609954833984 1624285706.626486 1.157
3.6341609954833984 1624285706.641388 1.157
3.6341609954833984 1624285706.656475 1.157
3.6341609954833984 1624285706.67159 1.157
3.6341609954833984 1624285706.686563 1.157
3.6341609954833984 1624285706.701468 1.157
3.6341609954833984 1624285706.716479 1.157
3.6341609954833984 1624285706.731577 1.157
3.6341609954833984 1624285706.746602 1.157
3.6341609954833984 1624285706.761465 1.157
3.6341609954833984 1624285706.776485 1.157
3.6341609954833984 1624285706.791584 1.157
3.6341609954833984 1624285706.806615 1.157
3.6341609954833984 1624285706.821399 1.157
3.6341609954833984 1624285706.836483 1.157
3.6341609954833984 1624285706.851515 1.157
3.6341609954833984 1624285706.866579 1.157
3.6341609954833984 1624285706.881426 1.157
3.6341609954833984 1624285706.896474 1.157
3.6341609954833984 1624285706.911505 1.157
3.6341609954833984 1624285706.926594 1.157
3.6341609954833984 1624285706.941446 1.157
3.6341609954833984 1624285706.956469 1.157
3.6341609954833984 1624285706.971494 1.157
3.6341609954833984 1624285706.98639 1.157
3.6341609954833984 1624285707.001385 1.157
3.6341609954833984 1624285707.016311 1.157
3.6341609954833984 1624285707.0314 1.157
3.6341609954833984 1624285707.046478 1.157
3.6341609954833984 1624285707.061396 1.157
3.6341609954833984 1624285707.076383 1.157
3.6341609954833984 1624285707.091486 1.157
3.6341609954833984 1624285707.106274 1.157
3.6341609954833984 1624285707.121303 1.157
3.6341609954833984 1624285707.136395 1.157
3.6341609954833984 1624285707.151324 1.157
3.6341609954833984 1624285707.166282 1.157
3.6341609954833984 1624285707.181354 1.157
3.6341609954833984 1624285707.196378 1.157
3.6341609954833984 1624285707.211394 1.157
3.6341609954833984 1624285707.22622 1.157
3.6341609954833984 1624285707.241394 1.157
3.6341609954833984 1624285707.25641 1.157
3.6341609954833984 1624285707.271444 1.157
3.6341609954833984 1624285707.286303 1.157
3.6341609954833984 1624285707.301303 1.157
3.6341609954833984 1624285707.316397 1.157
3.6341609954833984 1624285707.331408 1.157
3.6341609954833984 1624285707.34629 1.157
3.6341609954833984 1624285707.361306 1.157
3.6341609954833984 1624285707.376364 1.157
3.6341609954833984 1624285707.391111 1.157
3.6341609954833984 1624285707.406278 1.157
3.6341609954833984 1624285707.421328 1.157
3.6341609954833984 1624285707.436302 1.157
3.6341609954833984 1624285707.451209 1.157
3.6341609954833984 1624285707.466207 1.157
3.6341609954833984 1624285707.481354 1.157
3.6341609954833984 1624285707.496359 1.157
3.6341609954833984 1624285707.511184 1.157
3.6341609954833984 1624285707.526155 1.157
3.6341609954833984 1624285707.541178 1.157
3.6341609954833984 1624285707.556236 1.157
3.6341609954833984 1624285707.571194 1.157
3.6341609954833984 1624285707.586202 1.157
3.6341609954833984 1624285707.601304 1.157
3.6341609954833984 1624285707.616393 1.157
3.6341609954833984 1624285707.631231 1.157
3.6341609954833984 1624285707.646209 1.157
3.6341609954833984 1624285707.661234 1.157
3.6341609954833984 1624285707.676347 1.157
3.6341609954833984 1624285707.691173 1.157
3.6341609954833984 1624285707.706197 1.157
3.6341609954833984 1624285707.721245 1.157
3.6341609954833984 1624285707.736144 1.157
3.6341609954833984 1624285707.751178 1.157
3.6341609954833984 1624285707.766245 1.157
3.6341609954833984 1624285707.781192 1.157
3.6341609954833984 1624285707.796122 1.157
3.6341609954833984 1624285707.811121 1.157
3.6341609954833984 1624285707.82618 1.157
3.6341609954833984 1624285707.841235 1.157
3.6341609954833984 1624285707.856072 1.157
3.6341609954833984 1624285707.87111 1.157
3.6341609954833984 1624285707.886173 1.157
3.6341609954833984 1624285707.901261 1.157
3.6341609954833984 1624285707.916072 1.157
3.6341609954833984 1624285707.931122 1.157
3.6341609954833984 1624285707.946159 1.157
3.6341609954833984 1624285707.961214 1.157
3.6341609954833984 1624285707.976069 1.157
3.6341609954833984 1624285707.99112 1.157
3.6341609954833984 1624285708.006139 1.157
3.6341609954833984 1624285708.021409 1.157
3.6341609954833984 1624285708.036003 1.157
3.6341609954833984 1624285708.051156 1.157
3.6341609954833984 1624285708.066123 1.157
3.6341609954833984 1624285708.081187 1.157
3.6341609954833984 1624285708.096024 1.157
3.6341609954833984 1624285708.110913 1.157
3.6341609954833984 1624285708.126092 1.157
3.6341609954833984 1624285708.141137 1.157
3.6341609954833984 1624285708.156 1.157
3.6341609954833984 1624285708.170984 1.157
3.6341609954833984 1624285708.186121 1.157
3.6341609954833984 1624285708.201159 1.157
3.6341609954833984 1624285708.215913 1.157
3.6341609954833984 1624285708.231062 1.157
3.6341609954833984 1624285708.246034 1.157
3.6341609954833984 1624285708.261116 1.157
3.6341609954833984 1624285708.275977 1.157
3.6341609954833984 1624285708.29095 1.157
3.6341609954833984 1624285708.306101 1.157
3.6341609954833984 1624285708.321201 1.157
3.6341609954833984 1624285708.336021 1.157
3.6341609954833984 1624285708.350931 1.157
3.6341609954833984 1624285708.366072 1.157
3.6341609954833984 1624285708.381072 1.157
3.6341609954833984 1624285708.395892 1.157
3.6341609954833984 1624285708.410948 1.157
3.6341609954833984 1624285708.426041 1.157
3.6341609954833984 1624285708.440974 1.157
3.6341609954833984 1624285708.455837 1.157
3.0284674167633057 1624285708.470904 1.157
3.6341609954833984 1624285708.485971 1.157
3.6341609954833984 1624285708.50102 1.157
3.6341609954833984 1624285708.515765 1.157
3.6341609954833984 1624285708.530773 1.157
3.6341609954833984 1624285708.545959 1.157
3.6341609954833984 1624285708.561032 1.157
3.6341609954833984 1624285708.575761 1.157
3.6341609954833984 1624285708.590873 1.157
3.6341609954833984 1624285708.605957 1.157
3.6341609954833984 1624285708.620902 1.157
3.6341609954833984 1624285708.635757 1.157
3.6341609954833984 1624285708.650901 1.157
3.6341609954833984 1624285708.665953 1.157
3.6341609954833984 1624285708.680988 1.157
3.0284674167633057 1624285708.696036 1.157
3.6341609954833984 1624285708.710888 1.157
3.6341609954833984 1624285708.725881 1.157
3.6341609954833984 1624285708.740998 1.157
3.6341609954833984 1624285708.755798 1.157
3.6341609954833984 1624285708.770871 1.157
3.6341609954833984 1624285708.786035 1.157
3.6341609954833984 1624285708.800895 1.157
3.6341609954833984 1624285708.816007 1.157
3.6341609954833984 1624285708.830849 1.157
3.6341609954833984 1624285708.845893 1.157
3.6341609954833984 1624285708.860974 1.157
3.6341609954833984 1624285708.875911 1.157
3.6341609954833984 1624285708.89083 1.157
3.6341609954833984 1624285708.90593 1.157
3.6341609954833984 1624285708.9209 1.157
3.6341609954833984 1624285708.93594 1.157
3.6341609954833984 1624285708.950811 1.157
3.6341609954833984 1624285708.96609 1.157
3.6341609954833984 1624285708.980899 1.157
3.6341609954833984 1624285708.995768 1.157
3.6341609954833984 1624285709.010813 1.157
3.6341609954833984 1624285709.025857 1.157
3.6341609954833984 1624285709.040875 1.157
3.6341609954833984 1624285709.055717 1.157
3.6341609954833984 1624285709.070836 1.157
3.6341609954833984 1624285709.08577 1.157
3.6341609954833984 1624285709.100841 1.157
3.6341609954833984 1624285709.115741 1.157
3.6341609954833984 1624285709.130725 1.157
3.6341609954833984 1624285709.14574 1.157
3.6341609954833984 1624285709.160901 1.157
3.6341609954833984 1624285709.175705 1.157
3.6341609954833984 1624285709.190705 1.157
3.6341609954833984 1624285709.205766 1.157
3.6341609954833984 1624285709.22081 1.157
3.6341609954833984 1624285709.235605 1.157
3.6341609954833984 1624285709.250805 1.157
3.6341609954833984 1624285709.265814 1.157
3.6341609954833984 1624285709.280826 1.157
3.6341609954833984 1624285709.295722 1.157
3.6341609954833984 1624285709.310734 1.157
3.6341609954833984 1624285709.325692 1.157
3.6341609954833984 1624285709.340736 1.157
3.6341609954833984 1624285709.355607 1.157
3.6341609954833984 1624285709.370611 1.157
3.6341609954833984 1624285709.385672 1.157
3.6341609954833984 1624285709.400772 1.157
3.6341609954833984 1624285709.415541 1.157
3.6341609954833984 1624285709.430699 1.157
3.6341609954833984 1624285709.445717 1.157
3.6341609954833984 1624285709.460755 1.157
3.6341609954833984 1624285709.475587 1.157
3.6341609954833984 1624285709.490688 1.157
3.6341609954833984 1624285709.505672 1.157
3.6341609954833984 1624285709.520671 1.157
3.6341609954833984 1624285709.53551 1.157
3.6341609954833984 1624285709.550545 1.157
3.6341609954833984 1624285709.565926 1.157
3.6341609954833984 1624285709.580755 1.157
3.6341609954833984 1624285709.595557 1.157
3.6341609954833984 1624285709.610603 1.157
3.6341609954833984 1624285709.625639 1.157
3.6341609954833984 1624285709.640712 1.157
3.6341609954833984 1624285709.655569 1.157
3.6341609954833984 1624285709.670644 1.157
3.6341609954833984 1624285709.685709 1.157
3.6341609954833984 1624285709.7007 1.157
3.6341609954833984 1624285709.715549 1.157
3.6341609954833984 1624285709.730594 1.157
3.6341609954833984 1624285709.745639 1.157
3.6341609954833984 1624285709.760681 1.157
3.6341609954833984 1624285709.775589 1.157
3.6341609954833984 1624285709.790587 1.157
3.6341609954833984 1624285709.805572 1.157
3.6341609954833984 1624285709.820567 1.157
3.6341609954833984 1624285709.835607 1.157
3.6341609954833984 1624285709.850514 1.157
3.6341609954833984 1624285709.865797 1.157
3.6341609954833984 1624285709.880635 1.157
3.6341609954833984 1624285709.895654 1.157
3.6341609954833984 1624285709.910595 1.157
3.6341609954833984 1624285709.925599 1.157
3.6341609954833984 1624285709.940549 1.157
3.6341609954833984 1624285709.955591 1.157
3.6341609954833984 1624285709.970562 1.157
3.6341609954833984 1624285709.985534 1.157
3.6341609954833984 1624285710.000505 1.157
3.6341609954833984 1624285710.015643 1.157
3.6341609954833984 1624285710.030434 1.157
3.6341609954833984 1624285710.045495 1.157
3.6341609954833984 1624285710.06059 1.157
3.6341609954833984 1624285710.075666 1.157
3.6341609954833984 1624285710.090426 1.157
3.6341609954833984 1624285710.105579 1.157
3.6341609954833984 1624285710.12057 1.157
3.6341609954833984 1624285710.135477 1.157
3.6341609954833984 1624285710.150352 1.157
3.6341609954833984 1624285710.165507 1.157
3.6341609954833984 1624285710.180549 1.157
3.6341609954833984 1624285710.195608 1.157
3.6341609954833984 1624285710.210396 1.157
3.6341609954833984 1624285710.22549 1.157
3.6341609954833984 1624285710.240543 1.157
3.6341609954833984 1624285710.255566 1.157
3.6341609954833984 1624285710.270421 1.157
3.6341609954833984 1624285710.285471 1.157
3.6341609954833984 1624285710.30046 1.157
3.6341609954833984 1624285710.315475 1.157
3.6341609954833984 1624285710.330424 1.157
3.6341609954833984 1624285710.345419 1.157
3.6341609954833984 1624285710.360449 1.157
3.6341609954833984 1624285710.375493 1.157
3.6341609954833984 1624285710.390361 1.157
3.6341609954833984 1624285710.405384 1.157
3.6341609954833984 1624285710.420406 1.157
3.6341609954833984 1624285710.435414 1.157
3.6341609954833984 1624285710.450514 1.157
3.6341609954833984 1624285710.465607 1.157
3.6341609954833984 1624285710.480374 1.157
3.6341609954833984 1624285710.495475 1.157
3.6341609954833984 1624285710.510384 1.157
3.6341609954833984 1624285710.525249 1.157
3.6341609954833984 1624285710.540267 1.157
3.6341609954833984 1624285710.555319 1.157
3.6341609954833984 1624285710.570462 1.157
3.6341609954833984 1624285710.585341 1.157
3.6341609954833984 1624285710.600354 1.157
3.6341609954833984 1624285710.615361 1.157
3.6341609954833984 1624285710.630386 1.157
3.6341609954833984 1624285710.645514 1.157
3.6341609954833984 1624285710.660312 1.157
3.6341609954833984 1624285710.675218 1.157
3.6341609954833984 1624285710.690296 1.157
3.6341609954833984 1624285710.705451 1.157
3.6341609954833984 1624285710.720154 1.157
3.6341609954833984 1624285710.735365 1.157
3.6341609954833984 1624285710.750298 1.157
3.6341609954833984 1624285710.765269 1.157
3.6341609954833984 1624285710.780297 1.157
3.6341609954833984 1624285710.795307 1.157
3.6341609954833984 1624285710.810354 1.157
3.6341609954833984 1624285710.825233 1.157
3.6341609954833984 1624285710.840257 1.157
3.6341609954833984 1624285710.855346 1.157
3.6341609954833984 1624285710.870424 1.157
3.6341609954833984 1624285710.885191 1.157
3.6341609954833984 1624285710.900287 1.157
3.6341609954833984 1624285710.915263 1.157
3.6341609954833984 1624285710.930308 1.157
3.6341609954833984 1624285710.94536 1.157
3.6341609954833984 1624285710.960209 1.157
3.6341609954833984 1624285710.975282 1.157
3.6341609954833984 1624285710.990299 1.157
3.6341609954833984 1624285711.005339 1.157
3.6341609954833984 1624285711.02022 1.157
3.6341609954833984 1624285711.035207 1.157
3.6341609954833984 1624285711.050265 1.157
3.6341609954833984 1624285711.06533 1.157
3.6341609954833984 1624285711.080184 1.157
3.6341609954833984 1624285711.095232 1.157
3.6341609954833984 1624285711.110215 1.157
3.6341609954833984 1624285711.125258 1.157
3.6341609954833984 1624285711.140171 1.157
3.6341609954833984 1624285711.155202 1.157
3.6341609954833984 1624285711.170254 1.157
3.6341609954833984 1624285711.185233 1.157
3.6341609954833984 1624285711.200203 1.157
3.6341609954833984 1624285711.215153 1.157
3.6341609954833984 1624285711.230209 1.157
3.6341609954833984 1624285711.245165 1.157
3.6341609954833984 1624285711.260321 1.157
3.6341609954833984 1624285711.275031 1.157
3.6341609954833984 1624285711.290168 1.157
3.6341609954833984 1624285711.305201 1.157
3.6341609954833984 1624285711.320204 1.157
3.6341609954833984 1624285711.335106 1.157
3.6341609954833984 1624285711.350161 1.157
3.6341609954833984 1624285711.365157 1.157
3.6341609954833984 1624285711.380091 1.157
3.6341609954833984 1624285711.395156 1.157
3.6341609954833984 1624285711.410099 1.157
3.6341609954833984 1624285711.425049 1.157
3.6341609954833984 1624285711.44011 1.157
3.6341609954833984 1624285711.455175 1.157
3.6341609954833984 1624285711.470048 1.157
3.6341609954833984 1624285711.485074 1.157
3.6341609954833984 1624285711.5001 1.157
3.6341609954833984 1624285711.515184 1.157
3.6341609954833984 1624285711.530029 1.157
3.6341609954833984 1624285711.544997 1.157
3.6341609954833984 1624285711.559983 1.157
3.6341609954833984 1624285711.575098 1.157
3.6341609954833984 1624285711.589989 1.157
3.6341609954833984 1624285711.605021 1.157
3.6341609954833984 1624285711.620039 1.157
3.6341609954833984 1624285711.635069 1.157
3.6341609954833984 1624285711.649946 1.157
3.6341609954833984 1624285711.664986 1.157
3.6341609954833984 1624285711.680081 1.157
3.6341609954833984 1624285711.695086 1.157
3.6341609954833984 1624285711.709936 1.157
3.6341609954833984 1624285711.72504 1.157
3.6341609954833984 1624285711.740079 1.157
3.6341609954833984 1624285711.755097 1.157
3.6341609954833984 1624285711.769924 1.157
3.6341609954833984 1624285711.784992 1.157
3.6341609954833984 1624285711.800059 1.157
3.6341609954833984 1624285711.815067 1.157
3.6341609954833984 1624285711.829936 1.157
3.6341609954833984 1624285711.845053 1.157
3.6341609954833984 1624285711.860022 1.157
3.6341609954833984 1624285711.875051 1.157
3.6341609954833984 1624285711.889917 1.157
3.6341609954833984 1624285711.905014 1.157
3.6341609954833984 1624285711.920034 1.157
3.6341609954833984 1624285711.935019 1.157
3.6341609954833984 1624285711.949898 1.157
3.6341609954833984 1624285711.964894 1.157
3.6341609954833984 1624285711.97996 1.157
3.6341609954833984 1624285711.995056 1.157
3.6341609954833984 1624285712.009768 1.157
3.6341609954833984 1624285712.024966 1.157
3.6341609954833984 1624285712.039975 1.157
3.6341609954833984 1624285712.055026 1.157
3.6341609954833984 1624285712.069893 1.157
3.6341609954833984 1624285712.084883 1.157
3.6341609954833984 1624285712.099945 1.157
3.6341609954833984 1624285712.114975 1.157
3.6341609954833984 1624285712.129993 1.157
3.6341609954833984 1624285712.144889 1.157
3.6341609954833984 1624285712.159934 1.157
3.6341609954833984 1624285712.174956 1.157
3.6341609954833984 1624285712.189938 1.157
3.6341609954833984 1624285712.204812 1.157
3.6341609954833984 1624285712.219894 1.157
3.6341609954833984 1624285712.234885 1.157
3.6341609954833984 1624285712.249984 1.157
3.6341609954833984 1624285712.264869 1.157
3.0284674167633057 1624285712.279841 1.157
3.6341609954833984 1624285712.294937 1.157
3.6341609954833984 1624285712.309939 1.157
3.6341609954833984 1624285712.324795 1.157
3.6341609954833984 1624285712.339788 1.157
3.6341609954833984 1624285712.354889 1.157
3.6341609954833984 1624285712.369933 1.157
3.6341609954833984 1624285712.384706 1.157
3.6341609954833984 1624285712.399741 1.157
3.6341609954833984 1624285712.414871 1.157
3.0284674167633057 1624285712.429952 1.157
3.6341609954833984 1624285712.444744 1.157
3.6341609954833984 1624285712.459847 1.157
3.6341609954833984 1624285712.47489 1.157
3.6341609954833984 1624285712.489886 1.157
3.0284674167633057 1624285712.504775 1.157
3.6341609954833984 1624285712.51988 1.157
3.6341609954833984 1624285712.534766 1.157
3.6341609954833984 1624285712.549852 1.157
3.6341609954833984 1624285712.564764 1.157
3.6341609954833984 1624285712.579692 1.157
3.6341609954833984 1624285712.594806 1.157
3.6341609954833984 1624285712.609818 1.157
3.6341609954833984 1624285712.62471 1.157
3.6341609954833984 1624285712.639695 1.157
3.6341609954833984 1624285712.654748 1.157
3.6341609954833984 1624285712.66979 1.157
3.6341609954833984 1624285712.684727 1.157
3.6341609954833984 1624285712.699742 1.157
3.6341609954833984 1624285712.714802 1.157
3.6341609954833984 1624285712.729815 1.157
3.6341609954833984 1624285712.744604 1.157
3.6341609954833984 1624285712.75963 1.157
3.6341609954833984 1624285712.774733 1.157
3.6341609954833984 1624285712.789732 1.157
3.6341609954833984 1624285712.804654 1.157
3.6341609954833984 1624285712.819609 1.157
3.6341609954833984 1624285712.834695 1.157
3.6341609954833984 1624285712.84976 1.157
3.6341609954833984 1624285712.864658 1.157
3.6341609954833984 1624285712.879753 1.157
3.6341609954833984 1624285712.894732 1.157
3.6341609954833984 1624285712.90982 1.157
3.6341609954833984 1624285712.92467 1.157
3.6341609954833984 1624285712.939732 1.157
3.6341609954833984 1624285712.954727 1.157
3.6341609954833984 1624285712.969765 1.157
3.6341609954833984 1624285712.984659 1.157
3.6341609954833984 1624285712.999656 1.157
3.6341609954833984 1624285713.014716 1.157
3.6341609954833984 1624285713.029588 1.157
3.6341609954833984 1624285713.044568 1.157
3.6341609954833984 1624285713.059601 1.157
3.6341609954833984 1624285713.074751 1.157
3.6341609954833984 1624285713.089495 1.157
3.6341609954833984 1624285713.104559 1.157
3.6341609954833984 1624285713.11965 1.157
3.6341609954833984 1624285713.134634 1.157
3.6341609954833984 1624285713.149529 1.157
3.6341609954833984 1624285713.16462 1.157
3.6341609954833984 1624285713.179712 1.157
3.6341609954833984 1624285713.194719 1.157
3.6341609954833984 1624285713.209529 1.157
3.6341609954833984 1624285713.224529 1.157
3.0284674167633057 1624285713.239709 1.157
3.6341609954833984 1624285713.2547 1.157
3.6341609954833984 1624285713.269571 1.157
3.6341609954833984 1624285713.284574 1.157
3.6341609954833984 1624285713.299678 1.157
3.6341609954833984 1624285713.31466 1.157
3.6341609954833984 1624285713.329496 1.157
3.6341609954833984 1624285713.344552 1.157
3.6341609954833984 1624285713.359655 1.157
3.6341609954833984 1624285713.37463 1.157
3.0284674167633057 1624285713.389496 1.157
3.6341609954833984 1624285713.404537 1.157
3.6341609954833984 1624285713.419573 1.157
3.6341609954833984 1624285713.434369 1.157
3.6341609954833984 1624285713.44943 1.157
3.6341609954833984 1624285713.464465 1.157
3.6341609954833984 1624285713.479456 1.157
3.6341609954833984 1624285713.494335 1.157
3.6341609954833984 1624285713.509374 1.157
3.6341609954833984 1624285713.524421 1.157
3.6341609954833984 1624285713.539434 1.157
3.6341609954833984 1624285713.554398 1.157
3.6341609954833984 1624285713.569473 1.157
3.6341609954833984 1624285713.584545 1.157
3.6341609954833984 1624285713.599487 1.157
3.6341609954833984 1624285713.614404 1.157
3.6341609954833984 1624285713.629438 1.157
3.6341609954833984 1624285713.64443 1.157
3.6341609954833984 1624285713.659538 1.157
3.6341609954833984 1624285713.674332 1.157
3.6341609954833984 1624285713.689466 1.157
3.6341609954833984 1624285713.704491 1.157
3.6341609954833984 1624285713.719485 1.157
3.6341609954833984 1624285713.734574 1.157
3.0284674167633057 1624285713.749387 1.157
3.6341609954833984 1624285713.764493 1.157
3.6341609954833984 1624285713.77951 1.157
3.6341609954833984 1624285713.794518 1.157
3.6341609954833984 1624285713.809383 1.157
3.6341609954833984 1624285713.824432 1.157
3.6341609954833984 1624285713.839463 1.157
3.6341609954833984 1624285713.854578 1.157
3.6341609954833984 1624285713.869345 1.157
3.0284674167633057 1624285713.884384 1.157
3.6341609954833984 1624285713.899427 1.157
3.6341609954833984 1624285713.914466 1.157
3.6341609954833984 1624285713.929311 1.157
3.6341609954833984 1624285713.944377 1.157
3.6341609954833984 1624285713.959446 1.157
3.6341609954833984 1624285713.974493 1.157
3.6341609954833984 1624285713.989324 1.157
3.6341609954833984 1624285714.004401 1.157
3.6341609954833984 1624285714.019325 1.157
3.6341609954833984 1624285714.034463 1.157
3.6341609954833984 1624285714.049355 1.157
3.6341609954833984 1624285714.064356 1.157
3.6341609954833984 1624285714.079397 1.157
3.6341609954833984 1624285714.094458 1.157
3.6341609954833984 1624285714.109267 1.157
3.6341609954833984 1624285714.124276 1.157
3.6341609954833984 1624285714.139366 1.157
3.6341609954833984 1624285714.154277 1.157
3.6341609954833984 1624285714.169246 1.157
3.6341609954833984 1624285714.184317 1.157
3.6341609954833984 1624285714.199869 1.157
3.6341609954833984 1624285714.214158 1.157
3.6341609954833984 1624285714.229285 1.157
3.6341609954833984 1624285714.244318 1.157
3.6341609954833984 1624285714.259303 1.157
3.6341609954833984 1624285714.27437 1.157
3.6341609954833984 1624285714.28923 1.157
3.6341609954833984 1624285714.304246 1.157
3.6341609954833984 1624285714.319225 1.157
3.0284674167633057 1624285714.334296 1.157
3.6341609954833984 1624285714.349094 1.157
3.6341609954833984 1624285714.364218 1.157
3.6341609954833984 1624285714.379243 1.157
3.6341609954833984 1624285714.394174 1.157
3.0284674167633057 1624285714.409274 1.157
3.6341609954833984 1624285714.424286 1.157
3.6341609954833984 1624285714.439284 1.157
3.6341609954833984 1624285714.454285 1.157
3.6341609954833984 1624285714.469248 1.157
3.0284674167633057 1624285714.484202 1.157
3.6341609954833984 1624285714.499151 1.157
3.6341609954833984 1624285714.514263 1.157
3.6341609954833984 1624285714.529115 1.157
3.6341609954833984 1624285714.544069 1.157
3.6341609954833984 1624285714.559234 1.157
3.6341609954833984 1624285714.574231 1.157
3.6341609954833984 1624285714.589051 1.157
3.6341609954833984 1624285714.604087 1.157
3.6341609954833984 1624285714.619096 1.157
3.6341609954833984 1624285714.634265 1.157
3.6341609954833984 1624285714.649087 1.157
3.6341609954833984 1624285714.664154 1.157
3.6341609954833984 1624285714.679205 1.157
3.6341609954833984 1624285714.694216 1.157
3.6341609954833984 1624285714.709094 1.157
3.6341609954833984 1624285714.724153 1.157
3.6341609954833984 1624285714.739175 1.157
3.6341609954833984 1624285714.754232 1.157
3.6341609954833984 1624285714.76905 1.157
3.6341609954833984 1624285714.784112 1.157
3.6341609954833984 1624285714.799108 1.157
3.6341609954833984 1624285714.814079 1.157
3.6341609954833984 1624285714.82918 1.157
3.6341609954833984 1624285714.844076 1.157
3.6341609954833984 1624285714.859136 1.157
3.6341609954833984 1624285714.874132 1.157
3.6341609954833984 1624285714.889194 1.157
3.6341609954833984 1624285714.904091 1.157
3.6341609954833984 1624285714.919078 1.157
3.6341609954833984 1624285714.934156 1.157
3.6341609954833984 1624285714.949199 1.157
3.6341609954833984 1624285714.963973 1.157
3.6341609954833984 1624285714.979066 1.157
3.6341609954833984 1624285714.994105 1.157
3.6341609954833984 1624285715.009104 1.157
3.6341609954833984 1624285715.023955 1.157
3.6341609954833984 1624285715.03894 1.157
3.6341609954833984 1624285715.053932 1.157
3.6341609954833984 1624285715.068984 1.157
3.6341609954833984 1624285715.084049 1.157
3.6341609954833984 1624285715.098986 1.157
3.6341609954833984 1624285715.114134 1.157
3.6341609954833984 1624285715.129075 1.157
3.6341609954833984 1624285715.144075 1.157
3.6341609954833984 1624285715.158959 1.157
3.6341609954833984 1624285715.173929 1.157
3.6341609954833984 1624285715.188995 1.157
3.6341609954833984 1624285715.204078 1.157
3.6341609954833984 1624285715.219004 1.157
3.6341609954833984 1624285715.233945 1.157
3.6341609954833984 1624285715.249019 1.157
3.6341609954833984 1624285715.263975 1.157
3.6341609954833984 1624285715.279164 1.157
3.0284674167633057 1624285715.294005 1.157
3.6341609954833984 1624285715.308955 1.157
3.6341609954833984 1624285715.324044 1.157
3.6341609954833984 1624285715.339067 1.157
3.6341609954833984 1624285715.353938 1.157
3.6341609954833984 1624285715.368983 1.157
3.6341609954833984 1624285715.384009 1.157
3.6341609954833984 1624285715.399056 1.157
3.6341609954833984 1624285715.413831 1.157
3.6341609954833984 1624285715.428807 1.157
3.0284674167633057 1624285715.44388 1.157
3.6341609954833984 1624285715.458985 1.157
3.6341609954833984 1624285715.473919 1.157
3.6341609954833984 1624285715.488926 1.157
3.6341609954833984 1624285715.503871 1.157
3.6341609954833984 1624285715.518935 1.157
3.6341609954833984 1624285715.533903 1.157
3.6341609954833984 1624285715.548775 1.157
3.6341609954833984 1624285715.56385 1.157
3.6341609954833984 1624285715.57896 1.157
3.6341609954833984 1624285715.593903 1.157
3.6341609954833984 1624285715.608854 1.157
3.6341609954833984 1624285715.623789 1.157
3.6341609954833984 1624285715.638916 1.157
3.6341609954833984 1624285715.653906 1.157
3.6341609954833984 1624285715.668843 1.157
3.6341609954833984 1624285715.683818 1.157
3.6341609954833984 1624285715.698893 1.157
3.6341609954833984 1624285715.713923 1.157
3.6341609954833984 1624285715.728936 1.157
3.6341609954833984 1624285715.743828 1.157
3.6341609954833984 1624285715.758843 1.157
3.6341609954833984 1624285715.773911 1.157
3.6341609954833984 1624285715.788892 1.157
3.6341609954833984 1624285715.803798 1.157
3.6341609954833984 1624285715.818846 1.157
3.6341609954833984 1624285715.833845 1.157
3.6341609954833984 1624285715.848825 1.157
3.6341609954833984 1624285715.863751 1.157
3.6341609954833984 1624285715.87879 1.157
3.6341609954833984 1624285715.893846 1.157
3.6341609954833984 1624285715.908906 1.157
3.6341609954833984 1624285715.923738 1.157
3.6341609954833984 1624285715.938766 1.157
3.0284674167633057 1624285715.953911 1.157
3.6341609954833984 1624285715.968836 1.157
3.6341609954833984 1624285715.983793 1.157
3.6341609954833984 1624285715.998814 1.157
3.6341609954833984 1624285716.013769 1.157
3.6341609954833984 1624285716.028798 1.157
3.6341609954833984 1624285716.043678 1.157
3.6341609954833984 1624285716.05868 1.157
3.6341609954833984 1624285716.07375 1.157
3.6341609954833984 1624285716.088821 1.157
3.0284674167633057 1624285716.103697 1.157
3.6341609954833984 1624285716.118676 1.157
3.6341609954833984 1624285716.133786 1.157
3.6341609954833984 1624285716.14885 1.157
3.6341609954833984 1624285716.163679 1.157
3.0284674167633057 1624285716.178744 1.157
3.6341609954833984 1624285716.193773 1.157
3.6341609954833984 1624285716.208686 1.157
3.6341609954833984 1624285716.223726 1.157
3.6341609954833984 1624285716.238763 1.157
3.0284674167633057 1624285716.253761 1.157
3.6341609954833984 1624285716.26863 1.157
3.6341609954833984 1624285716.283721 1.157
3.6341609954833984 1624285716.29876 1.157
3.6341609954833984 1624285716.313792 1.157
3.6341609954833984 1624285716.328573 1.157
3.6341609954833984 1624285716.343656 1.157
