4.242424488067627 1624285609.529862 0.926
4.242424488067627 1624285609.544889 0.926
4.242424488067627 1624285609.559941 0.926
4.242424488067627 1624285609.574838 0.926
4.242424488067627 1624285609.589808 0.926
4.242424488067627 1624285609.604886 0.926
4.242424488067627 1624285609.619863 0.926
4.242424488067627 1624285609.63472 0.926
4.242424488067627 1624285609.64979 0.926
4.242424488067627 1624285609.664723 0.926
4.242424488067627 1624285609.679761 0.926
4.242424488067627 1624285609.694619 0.926
4.242424488067627 1624285609.709712 0.926
4.242424488067627 1624285609.724852 0.926
4.242424488067627 1624285609.73989 0.926
4.242424488067627 1624285609.754771 0.926
4.242424488067627 1624285609.769838 0.926
4.242424488067627 1624285609.784868 0.926
4.242424488067627 1624285609.799716 0.926
4.242424488067627 1624285609.814741 0.926
4.242424488067627 1624285609.829843 0.926
4.242424488067627 1624285609.844856 0.926
4.242424488067627 1624285609.859769 0.926
4.242424488067627 1624285609.874808 0.926
4.242424488067627 1624285609.88987 0.926
4.242424488067627 1624285609.90474 0.926
4.242424488067627 1624285609.919719 0.926
4.242424488067627 1624285609.934843 0.926
4.242424488067627 1624285609.949834 0.926
4.242424488067627 1624285609.964673 0.926
4.242424488067627 1624285609.979756 0.926
4.242424488067627 1624285609.994757 0.926
4.242424488067627 1624285610.009527 0.926
4.242424488067627 1624285610.024593 0.926
4.242424488067627 1624285610.03971 0.926
4.242424488067627 1624285610.054726 0.926
4.242424488067627 1624285610.069646 0.926
4.242424488067627 1624285610.084701 0.926
4.242424488067627 1624285610.099729 0.926
4.242424488067627 1624285610.114757 0.926
4.242424488067627 1624285610.129656 0.926
4.242424488067627 1624285610.144721 0.926
4.242424488067627 1624285610.159721 0.926
4.242424488067627 1624285610.174771 0.926
4.242424488067627 1624285610.189678 0.926
4.242424488067627 1624285610.204591 0.926
4.242424488067627 1624285610.219649 0.926
4.242424488067627 1624285610.234686 0.926
4.242424488067627 1624285610.249547 0.926
4.242424488067627 1624285610.26459 0.926
4.242424488067627 1624285610.279544 0.926
4.242424488067627 1624285610.294468 0.926
4.242424488067627 1624285610.309536 0.926
4.242424488067627 1624285610.324595 0.926
4.242424488067627 1624285610.33968 0.926
4.242424488067627 1624285610.354516 0.926
4.242424488067627 1624285610.36961 0.926
4.242424488067627 1624285610.384591 0.926
4.242424488067627 1624285610.399463 0.926
4.242424488067627 1624285610.414513 0.926
4.242424488067627 1624285610.429555 0.926
4.242424488067627 1624285610.444651 0.926
4.242424488067627 1624285610.45951 0.926
4.242424488067627 1624285610.474569 0.926
4.242424488067627 1624285610.48963 0.926
4.242424488067627 1624285610.504691 0.926
4.242424488067627 1624285610.519478 0.926
4.242424488067627 1624285610.53455 0.926
4.242424488067627 1624285610.549565 0.926
4.242424488067627 1624285610.564436 0.926
4.242424488067627 1624285610.579474 0.926
4.242424488067627 1624285610.594537 0.926
4.242424488067627 1624285610.609557 0.926
4.242424488067627 1624285610.624446 0.926
4.242424488067627 1624285610.63954 0.926
4.242424488067627 1624285610.654595 0.926
4.242424488067627 1624285610.669637 0.926
4.242424488067627 1624285610.684496 0.926
4.242424488067627 1624285610.699437 0.926
4.242424488067627 1624285610.71453 0.926
4.242424488067627 1624285610.729554 0.926
4.242424488067627 1624285610.744525 0.926
4.242424488067627 1624285610.759569 0.926
4.242424488067627 1624285610.774591 0.926
4.242424488067627 1624285610.789495 0.926
4.242424488067627 1624285610.804442 0.926
4.242424488067627 1624285610.819408 0.926
4.242424488067627 1624285610.834556 0.926
4.242424488067627 1624285610.849351 0.926
4.242424488067627 1624285610.864366 0.926
4.242424488067627 1624285610.879425 0.926
4.242424488067627 1624285610.894494 0.926
4.242424488067627 1624285610.909363 0.926
4.242424488067627 1624285610.924463 0.926
4.242424488067627 1624285610.939504 0.926
4.242424488067627 1624285610.954451 0.926
3.6363637447357178 1624285610.969422 0.926
4.242424488067627 1624285610.984454 0.926
4.242424488067627 1624285610.999446 0.926
4.242424488067627 1624285611.014348 0.926
4.242424488067627 1624285611.029424 0.926
4.242424488067627 1624285611.044499 0.926
4.242424488067627 1624285611.059303 0.926
4.242424488067627 1624285611.07443 0.926
4.242424488067627 1624285611.089463 0.926
4.242424488067627 1624285611.104424 0.926
4.242424488067627 1624285611.119381 0.926
4.242424488067627 1624285611.134383 0.926
4.242424488067627 1624285611.14941 0.926
4.242424488067627 1624285611.164457 0.926
4.242424488067627 1624285611.179371 0.926
4.242424488067627 1624285611.19435 0.926
4.242424488067627 1624285611.209317 0.926
4.242424488067627 1624285611.22444 0.926
4.242424488067627 1624285611.239298 0.926
4.242424488067627 1624285611.254342 0.926
4.242424488067627 1624285611.269346 0.926
4.242424488067627 1624285611.28446 0.926
4.242424488067627 1624285611.299301 0.926
4.242424488067627 1624285611.314264 0.926
4.242424488067627 1624285611.329397 0.926
4.242424488067627 1624285611.344243 0.926
4.242424488067627 1624285611.359285 0.926
4.242424488067627 1624285611.374313 0.926
4.242424488067627 1624285611.389364 0.926
4.242424488067627 1624285611.404206 0.926
4.242424488067627 1624285611.419252 0.926
4.242424488067627 1624285611.434348 0.926
4.242424488067627 1624285611.449265 0.926
4.242424488067627 1624285611.464284 0.926
4.242424488067627 1624285611.479305 0.926
4.242424488067627 1624285611.494256 0.926
4.242424488067627 1624285611.509271 0.926
4.242424488067627 1624285611.524204 0.926
4.242424488067627 1624285611.539278 0.926
4.242424488067627 1624285611.554322 0.926
4.242424488067627 1624285611.569191 0.926
4.242424488067627 1624285611.584229 0.926
4.242424488067627 1624285611.599204 0.926
4.242424488067627 1624285611.614251 0.926
4.242424488067627 1624285611.629031 0.926
4.242424488067627 1624285611.644203 0.926
4.242424488067627 1624285611.659309 0.926
4.242424488067627 1624285611.674188 0.926
4.242424488067627 1624285611.68919 0.926
4.242424488067627 1624285611.704248 0.926
4.242424488067627 1624285611.719352 0.926
4.242424488067627 1624285611.73421 0.926
4.242424488067627 1624285611.74917 0.926
4.242424488067627 1624285611.764219 0.926
4.242424488067627 1624285611.779235 0.926
4.242424488067627 1624285611.79406 0.926
4.242424488067627 1624285611.809047 0.926
4.242424488067627 1624285611.824122 0.926
4.242424488067627 1624285611.839223 0.926
4.242424488067627 1624285611.854149 0.926
4.242424488067627 1624285611.869225 0.926
4.242424488067627 1624285611.884207 0.926
4.242424488067627 1624285611.899255 0.926
4.242424488067627 1624285611.914074 0.926
4.242424488067627 1624285611.929142 0.926
4.242424488067627 1624285611.944283 0.926
4.242424488067627 1624285611.959198 0.926
4.242424488067627 1624285611.974065 0.926
4.242424488067627 1624285611.989142 0.926
4.242424488067627 1624285612.004179 0.926
4.242424488067627 1624285612.019016 0.926
4.242424488067627 1624285612.034093 0.926
4.242424488067627 1624285612.049122 0.926
4.242424488067627 1624285612.064142 0.926
4.242424488067627 1624285612.07898 0.926
4.242424488067627 1624285612.094153 0.926
4.242424488067627 1624285612.109179 0.926
4.242424488067627 1624285612.124204 0.926
4.242424488067627 1624285612.139016 0.926
4.242424488067627 1624285612.154047 0.926
4.242424488067627 1624285612.169141 0.926
4.242424488067627 1624285612.184131 0.926
4.242424488067627 1624285612.199059 0.926
4.242424488067627 1624285612.214025 0.926
4.242424488067627 1624285612.22906 0.926
4.242424488067627 1624285612.244073 0.926
4.242424488067627 1624285612.259023 0.926
4.242424488067627 1624285612.274047 0.926
4.242424488067627 1624285612.289106 0.926
4.242424488067627 1624285612.303994 0.926
4.242424488067627 1624285612.318991 0.926
4.242424488067627 1624285612.33403 0.926
4.242424488067627 1624285612.34896 0.926
4.242424488067627 1624285612.363923 0.926
4.242424488067627 1624285612.37898 0.926
4.242424488067627 1624285612.393934 0.926
4.242424488067627 1624285612.409002 0.926
4.242424488067627 1624285612.423863 0.926
4.242424488067627 1624285612.43899 0.926
4.242424488067627 1624285612.453941 0.926
4.242424488067627 1624285612.469004 0.926
4.242424488067627 1624285612.483862 0.926
4.242424488067627 1624285612.498955 0.926
4.242424488067627 1624285612.513996 0.926
4.242424488067627 1624285612.529094 0.926
4.242424488067627 1624285612.543901 0.926
4.242424488067627 1624285612.558917 0.926
4.242424488067627 1624285612.573951 0.926
4.242424488067627 1624285612.58898 0.926
4.242424488067627 1624285612.603939 0.926
4.242424488067627 1624285612.618964 0.926
4.242424488067627 1624285612.633955 0.926
4.242424488067627 1624285612.649081 0.926
4.242424488067627 1624285612.663851 0.926
4.242424488067627 1624285612.678902 0.926
4.242424488067627 1624285612.694004 0.926
4.242424488067627 1624285612.709065 0.926
4.242424488067627 1624285612.723878 0.926
4.242424488067627 1624285612.73893 0.926
4.242424488067627 1624285612.753924 0.926
4.242424488067627 1624285612.76883 0.926
4.242424488067627 1624285612.783844 0.926
4.242424488067627 1624285612.798853 0.926
4.242424488067627 1624285612.81392 0.926
4.242424488067627 1624285612.828762 0.926
4.242424488067627 1624285612.843821 0.926
4.242424488067627 1624285612.858943 0.926
4.242424488067627 1624285612.873874 0.926
4.242424488067627 1624285612.888809 0.926
4.242424488067627 1624285612.903855 0.926
4.242424488067627 1624285612.918946 0.926
4.242424488067627 1624285612.933903 0.926
4.242424488067627 1624285612.948846 0.926
4.242424488067627 1624285612.963902 0.926
4.242424488067627 1624285612.978916 0.926
4.242424488067627 1624285612.993961 0.926
4.242424488067627 1624285613.008753 0.926
4.242424488067627 1624285613.023776 0.926
4.242424488067627 1624285613.03888 0.926
4.242424488067627 1624285613.053665 0.926
4.242424488067627 1624285613.068856 0.926
4.242424488067627 1624285613.083776 0.926
4.242424488067627 1624285613.098821 0.926
4.242424488067627 1624285613.113739 0.926
4.242424488067627 1624285613.128816 0.926
4.242424488067627 1624285613.143793 0.926
4.242424488067627 1624285613.158883 0.926
4.242424488067627 1624285613.173772 0.926
4.242424488067627 1624285613.188811 0.926
4.242424488067627 1624285613.203834 0.926
4.242424488067627 1624285613.218776 0.926
4.242424488067627 1624285613.233602 0.926
4.242424488067627 1624285613.248799 0.926
4.242424488067627 1624285613.263768 0.926
4.242424488067627 1624285613.278752 0.926
4.242424488067627 1624285613.293688 0.926
4.242424488067627 1624285613.308784 0.926
4.242424488067627 1624285613.323848 0.926
4.242424488067627 1624285613.33884 0.926
4.242424488067627 1624285613.353702 0.926
4.242424488067627 1624285613.368712 0.926
4.242424488067627 1624285613.383792 0.926
4.242424488067627 1624285613.398807 0.926
4.242424488067627 1624285613.413506 0.926
4.242424488067627 1624285613.428579 0.926
4.242424488067627 1624285613.44362 0.926
4.242424488067627 1624285613.458745 0.926
4.242424488067627 1624285613.473792 0.926
4.242424488067627 1624285613.488675 0.926
4.242424488067627 1624285613.503707 0.926
4.242424488067627 1624285613.518704 0.926
4.242424488067627 1624285613.533827 0.926
4.242424488067627 1624285613.54861 0.926
4.242424488067627 1624285613.563701 0.926
4.242424488067627 1624285613.578722 0.926
4.242424488067627 1624285613.593805 0.926
4.242424488067627 1624285613.608656 0.926
4.242424488067627 1624285613.623648 0.926
4.242424488067627 1624285613.638711 0.926
4.242424488067627 1624285613.653746 0.926
4.242424488067627 1624285613.668592 0.926
4.242424488067627 1624285613.683679 0.926
4.242424488067627 1624285613.698704 0.926
4.242424488067627 1624285613.713713 0.926
4.242424488067627 1624285613.728563 0.926
4.242424488067627 1624285613.743677 0.926
4.242424488067627 1624285613.758653 0.926
4.242424488067627 1624285613.773648 0.926
4.242424488067627 1624285613.788495 0.926
4.242424488067627 1624285613.803543 0.926
4.242424488067627 1624285613.818641 0.926
4.242424488067627 1624285613.833695 0.926
4.242424488067627 1624285613.848501 0.926
4.242424488067627 1624285613.863547 0.926
4.242424488067627 1624285613.878631 0.926
4.242424488067627 1624285613.893642 0.926
4.242424488067627 1624285613.908515 0.926
4.242424488067627 1624285613.923546 0.926
4.242424488067627 1624285613.938597 0.926
4.242424488067627 1624285613.953617 0.926
4.242424488067627 1624285613.968453 0.926
4.242424488067627 1624285613.983538 0.926
4.242424488067627 1624285613.99858 0.926
4.242424488067627 1624285614.013609 0.926
4.242424488067627 1624285614.028633 0.926
4.242424488067627 1624285614.043484 0.926
4.242424488067627 1624285614.058583 0.926
4.242424488067627 1624285614.073575 0.926
4.242424488067627 1624285614.088612 0.926
4.242424488067627 1624285614.103492 0.926
4.242424488067627 1624285614.118517 0.926
4.242424488067627 1624285614.133568 0.926
4.242424488067627 1624285614.14852 0.926
4.242424488067627 1624285614.163477 0.926
4.242424488067627 1624285614.17857 0.926
4.242424488067627 1624285614.193576 0.926
3.6363637447357178 1624285614.208572 0.926
4.242424488067627 1624285614.223462 0.926
4.242424488067627 1624285614.238397 0.926
4.242424488067627 1624285614.25353 0.926
4.242424488067627 1624285614.268586 0.926
4.242424488067627 1624285614.283443 0.926
4.242424488067627 1624285614.29845 0.926
4.242424488067627 1624285614.313491 0.926
4.242424488067627 1624285614.328533 0.926
4.242424488067627 1624285614.343382 0.926
4.242424488067627 1624285614.358462 0.926
4.242424488067627 1624285614.373441 0.926
4.242424488067627 1624285614.388407 0.926
4.242424488067627 1624285614.403242 0.926
4.242424488067627 1624285614.418329 0.926
3.6363637447357178 1624285614.433435 0.926
4.242424488067627 1624285614.44844 0.926
4.242424488067627 1624285614.463308 0.926
4.242424488067627 1624285614.478305 0.926
4.242424488067627 1624285614.493392 0.926
4.242424488067627 1624285614.508458 0.926
4.242424488067627 1624285614.523437 0.926
4.242424488067627 1624285614.53833 0.926
4.242424488067627 1624285614.553406 0.926
4.242424488067627 1624285614.568453 0.926
4.242424488067627 1624285614.583479 0.926
4.242424488067627 1624285614.598364 0.926
4.242424488067627 1624285614.6133 0.926
4.242424488067627 1624285614.628431 0.926
4.242424488067627 1624285614.643476 0.926
4.242424488067627 1624285614.658368 0.926
4.242424488067627 1624285614.673358 0.926
4.242424488067627 1624285614.688393 0.926
4.242424488067627 1624285614.703475 0.926
4.242424488067627 1624285614.718341 0.926
4.242424488067627 1624285614.733352 0.926
4.242424488067627 1624285614.748378 0.926
4.242424488067627 1624285614.763201 0.926
4.242424488067627 1624285614.778226 0.926
4.242424488067627 1624285614.793344 0.926
4.242424488067627 1624285614.808388 0.926
4.242424488067627 1624285614.823276 0.926
4.242424488067627 1624285614.838341 0.926
4.242424488067627 1624285614.853355 0.926
4.242424488067627 1624285614.868357 0.926
4.242424488067627 1624285614.883139 0.926
4.242424488067627 1624285614.8983 0.926
4.242424488067627 1624285614.913374 0.926
4.242424488067627 1624285614.928189 0.926
4.242424488067627 1624285614.943263 0.926
4.242424488067627 1624285614.958277 0.926
4.242424488067627 1624285614.973277 0.926
4.242424488067627 1624285614.988232 0.926
4.242424488067627 1624285615.003225 0.926
4.242424488067627 1624285615.018268 0.926
4.242424488067627 1624285615.033261 0.926
4.242424488067627 1624285615.048156 0.926
4.242424488067627 1624285615.063202 0.926
4.242424488067627 1624285615.078289 0.926
4.242424488067627 1624285615.093303 0.926
4.242424488067627 1624285615.108172 0.926
4.242424488067627 1624285615.123211 0.926
4.242424488067627 1624285615.138264 0.926
4.242424488067627 1624285615.153297 0.926
4.242424488067627 1624285615.168195 0.926
4.242424488067627 1624285615.183229 0.926
4.242424488067627 1624285615.19822 0.926
4.242424488067627 1624285615.213319 0.926
4.242424488067627 1624285615.228214 0.926
4.242424488067627 1624285615.243188 0.926
4.242424488067627 1624285615.258222 0.926
4.242424488067627 1624285615.273292 0.926
4.242424488067627 1624285615.288164 0.926
4.242424488067627 1624285615.30317 0.926
4.242424488067627 1624285615.318158 0.926
4.242424488067627 1624285615.333251 0.926
4.242424488067627 1624285615.348105 0.926
4.242424488067627 1624285615.363177 0.926
4.242424488067627 1624285615.378231 0.926
4.242424488067627 1624285615.39308 0.926
4.242424488067627 1624285615.408086 0.926
4.242424488067627 1624285615.423065 0.926
4.242424488067627 1624285615.438136 0.926
4.242424488067627 1624285615.452889 0.926
4.242424488067627 1624285615.468056 0.926
4.242424488067627 1624285615.48314 0.926
4.242424488067627 1624285615.498136 0.926
4.242424488067627 1624285615.513046 0.926
4.242424488067627 1624285615.528147 0.926
4.242424488067627 1624285615.54314 0.926
4.242424488067627 1624285615.558176 0.926
4.242424488067627 1624285615.573031 0.926
4.242424488067627 1624285615.588112 0.926
4.242424488067627 1624285615.603082 0.926
4.242424488067627 1624285615.618073 0.926
4.242424488067627 1624285615.633016 0.926
4.242424488067627 1624285615.648004 0.926
4.242424488067627 1624285615.6631 0.926
4.242424488067627 1624285615.678001 0.926
4.242424488067627 1624285615.692999 0.926
4.242424488067627 1624285615.708095 0.926
4.242424488067627 1624285615.723115 0.926
4.242424488067627 1624285615.737971 0.926
4.242424488067627 1624285615.753066 0.926
4.242424488067627 1624285615.768099 0.926
4.242424488067627 1624285615.783005 0.926
4.242424488067627 1624285615.797929 0.926
4.242424488067627 1624285615.812971 0.926
4.242424488067627 1624285615.828028 0.926
4.242424488067627 1624285615.842897 0.926
4.242424488067627 1624285615.857923 0.926
4.242424488067627 1624285615.872977 0.926
4.242424488067627 1624285615.888037 0.926
3.6363637447357178 1624285615.9029 0.926
4.242424488067627 1624285615.917955 0.926
4.242424488067627 1624285615.933011 0.926
4.242424488067627 1624285615.948073 0.926
4.242424488067627 1624285615.962926 0.926
3.6363637447357178 1624285615.97791 0.926
4.242424488067627 1624285615.993047 0.926
4.242424488067627 1624285616.008054 0.926
4.242424488067627 1624285616.02293 0.926
4.242424488067627 1624285616.037972 0.926
3.6363637447357178 1624285616.05297 0.926
4.242424488067627 1624285616.067831 0.926
4.242424488067627 1624285616.082838 0.926
4.242424488067627 1624285616.097841 0.926
4.242424488067627 1624285616.112887 0.926
4.242424488067627 1624285616.127731 0.926
4.242424488067627 1624285616.142813 0.926
4.242424488067627 1624285616.157917 0.926
4.242424488067627 1624285616.172973 0.926
4.242424488067627 1624285616.187865 0.926
4.242424488067627 1624285616.202961 0.926
4.242424488067627 1624285616.217941 0.926
4.242424488067627 1624285616.232958 0.926
4.242424488067627 1624285616.247797 0.926
4.242424488067627 1624285616.262936 0.926
4.242424488067627 1624285616.277899 0.926
4.242424488067627 1624285616.292973 0.926
4.242424488067627 1624285616.307824 0.926
4.242424488067627 1624285616.322852 0.926
4.242424488067627 1624285616.337843 0.926
4.242424488067627 1624285616.352917 0.926
4.242424488067627 1624285616.367789 0.926
4.242424488067627 1624285616.382712 0.926
4.242424488067627 1624285616.39787 0.926
4.242424488067627 1624285616.412918 0.926
4.242424488067627 1624285616.427753 0.926
4.242424488067627 1624285616.442718 0.926
4.242424488067627 1624285616.457848 0.926
4.242424488067627 1624285616.472753 0.926
4.242424488067627 1624285616.4877 0.926
4.242424488067627 1624285616.502715 0.926
4.242424488067627 1624285616.517892 0.926
4.242424488067627 1624285616.532741 0.926
4.242424488067627 1624285616.547776 0.926
4.242424488067627 1624285616.562818 0.926
4.242424488067627 1624285616.577813 0.926
4.242424488067627 1624285616.592732 0.926
4.242424488067627 1624285616.607787 0.926
4.242424488067627 1624285616.622787 0.926
4.242424488067627 1624285616.637878 0.926
4.242424488067627 1624285616.652649 0.926
4.242424488067627 1624285616.667777 0.926
4.242424488067627 1624285616.682746 0.926
4.242424488067627 1624285616.697844 0.926
4.242424488067627 1624285616.712691 0.926
4.242424488067627 1624285616.727729 0.926
4.242424488067627 1624285616.742816 0.926
4.242424488067627 1624285616.757842 0.926
4.242424488067627 1624285616.772633 0.926
3.6363637447357178 1624285616.787674 0.926
4.242424488067627 1624285616.80271 0.926
4.242424488067627 1624285616.81779 0.926
4.242424488067627 1624285616.832689 0.926
4.242424488067627 1624285616.847706 0.926
4.242424488067627 1624285616.862798 0.926
4.242424488067627 1624285616.877825 0.926
4.242424488067627 1624285616.89265 0.926
4.242424488067627 1624285616.907693 0.926
4.242424488067627 1624285616.922659 0.926
3.6363637447357178 1624285616.937836 0.926
4.242424488067627 1624285616.952671 0.926
4.242424488067627 1624285616.967705 0.926
4.242424488067627 1624285616.982741 0.926
4.242424488067627 1624285616.997755 0.926
4.242424488067627 1624285617.012628 0.926
4.242424488067627 1624285617.027669 0.926
4.242424488067627 1624285617.042695 0.926
4.242424488067627 1624285617.057686 0.926
4.242424488067627 1624285617.072627 0.926
4.242424488067627 1624285617.087686 0.926
4.242424488067627 1624285617.102608 0.926
4.242424488067627 1624285617.11767 0.926
4.242424488067627 1624285617.13272 0.926
4.242424488067627 1624285617.147485 0.926
3.6363637447357178 1624285617.162619 0.926
4.242424488067627 1624285617.177655 0.926
4.242424488067627 1624285617.192695 0.926
4.242424488067627 1624285617.20751 0.926
4.242424488067627 1624285617.222742 0.926
3.6363637447357178 1624285617.23763 0.926
4.242424488067627 1624285617.252687 0.926
4.242424488067627 1624285617.267545 0.926
4.242424488067627 1624285617.282579 0.926
4.242424488067627 1624285617.297621 0.926
3.6363637447357178 1624285617.312608 0.926
4.242424488067627 1624285617.327558 0.926
4.242424488067627 1624285617.34256 0.926
4.242424488067627 1624285617.357611 0.926
4.242424488067627 1624285617.372637 0.926
4.242424488067627 1624285617.387507 0.926
4.242424488067627 1624285617.40244 0.926
4.242424488067627 1624285617.41746 0.926
4.242424488067627 1624285617.432603 0.926
4.242424488067627 1624285617.447606 0.926
4.242424488067627 1624285617.462539 0.926
4.242424488067627 1624285617.477518 0.926
4.242424488067627 1624285617.492573 0.926
4.242424488067627 1624285617.507583 0.926
4.242424488067627 1624285617.522499 0.926
4.242424488067627 1624285617.537515 0.926
4.242424488067627 1624285617.55256 0.926
4.242424488067627 1624285617.567578 0.926
4.242424488067627 1624285617.582484 0.926
4.242424488067627 1624285617.597432 0.926
4.242424488067627 1624285617.612459 0.926
4.242424488067627 1624285617.627569 0.926
4.242424488067627 1624285617.642396 0.926
4.242424488067627 1624285617.657425 0.926
4.242424488067627 1624285617.672462 0.926
4.242424488067627 1624285617.687572 0.926
4.242424488067627 1624285617.702414 0.926
4.242424488067627 1624285617.717392 0.926
4.242424488067627 1624285617.732426 0.926
4.242424488067627 1624285617.747475 0.926
4.242424488067627 1624285617.762295 0.926
4.242424488067627 1624285617.777346 0.926
4.242424488067627 1624285617.792369 0.926
4.242424488067627 1624285617.807466 0.926
4.242424488067627 1624285617.822393 0.926
4.242424488067627 1624285617.837455 0.926
4.242424488067627 1624285617.852461 0.926
4.242424488067627 1624285617.867523 0.926
4.242424488067627 1624285617.882388 0.926
4.242424488067627 1624285617.897358 0.926
4.242424488067627 1624285617.912438 0.926
4.242424488067627 1624285617.927458 0.926
4.242424488067627 1624285617.942418 0.926
4.242424488067627 1624285617.957441 0.926
4.242424488067627 1624285617.972464 0.926
4.242424488067627 1624285617.987348 0.926
4.242424488067627 1624285618.002357 0.926
4.242424488067627 1624285618.017348 0.926
4.242424488067627 1624285618.032477 0.926
3.6363637447357178 1624285618.047321 0.926
4.242424488067627 1624285618.062327 0.926
4.242424488067627 1624285618.077393 0.926
4.242424488067627 1624285618.092276 0.926
4.242424488067627 1624285618.107327 0.926
3.6363637447357178 1624285618.122366 0.926
4.242424488067627 1624285618.137415 0.926
4.242424488067627 1624285618.152298 0.926
4.242424488067627 1624285618.167321 0.926
4.242424488067627 1624285618.182366 0.926
4.242424488067627 1624285618.197304 0.926
4.242424488067627 1624285618.212283 0.926
4.242424488067627 1624285618.227379 0.926
4.242424488067627 1624285618.242338 0.926
4.242424488067627 1624285618.25739 0.926
4.242424488067627 1624285618.272284 0.926
4.242424488067627 1624285618.287273 0.926
4.242424488067627 1624285618.302507 0.926
4.242424488067627 1624285618.317386 0.926
4.242424488067627 1624285618.332204 0.926
4.242424488067627 1624285618.347271 0.926
4.242424488067627 1624285618.36228 0.926
4.242424488067627 1624285618.377205 0.926
4.242424488067627 1624285618.392243 0.926
4.242424488067627 1624285618.40718 0.926
4.242424488067627 1624285618.422228 0.926
4.242424488067627 1624285618.43718 0.926
4.242424488067627 1624285618.452279 0.926
4.242424488067627 1624285618.467298 0.926
4.242424488067627 1624285618.482354 0.926
4.242424488067627 1624285618.497211 0.926
4.242424488067627 1624285618.512249 0.926
4.242424488067627 1624285618.52718 0.926
4.242424488067627 1624285618.542064 0.926
4.242424488067627 1624285618.557183 0.926
4.242424488067627 1624285618.572236 0.926
4.242424488067627 1624285618.587287 0.926
4.242424488067627 1624285618.602159 0.926
4.242424488067627 1624285618.61716 0.926
4.242424488067627 1624285618.632134 0.926
4.242424488067627 1624285618.64717 0.926
4.242424488067627 1624285618.662139 0.926
4.242424488067627 1624285618.677115 0.926
4.242424488067627 1624285618.69215 0.926
3.6363637447357178 1624285618.707196 0.926
4.242424488067627 1624285618.72213 0.926
4.242424488067627 1624285618.737178 0.926
4.242424488067627 1624285618.75222 0.926
4.242424488067627 1624285618.767225 0.926
4.242424488067627 1624285618.782103 0.926
4.242424488067627 1624285618.797122 0.926
4.242424488067627 1624285618.812143 0.926
4.242424488067627 1624285618.827133 0.926
4.242424488067627 1624285618.841969 0.926
4.242424488067627 1624285618.85715 0.926
4.242424488067627 1624285618.872113 0.926
4.242424488067627 1624285618.887211 0.926
4.242424488067627 1624285618.902077 0.926
4.242424488067627 1624285618.917123 0.926
4.242424488067627 1624285618.932175 0.926
4.242424488067627 1624285618.947096 0.926
4.242424488067627 1624285618.962004 0.926
4.242424488067627 1624285618.977077 0.926
4.242424488067627 1624285618.992117 0.926
4.242424488067627 1624285619.007133 0.926
4.242424488067627 1624285619.022185 0.926
4.242424488067627 1624285619.036996 0.926
4.242424488067627 1624285619.052107 0.926
4.242424488067627 1624285619.067097 0.926
4.242424488067627 1624285619.082145 0.926
4.242424488067627 1624285619.097032 0.926
4.242424488067627 1624285619.112128 0.926
4.242424488067627 1624285619.127072 0.926
4.242424488067627 1624285619.142179 0.926
4.242424488067627 1624285619.157045 0.926
4.242424488067627 1624285619.172016 0.926
4.242424488067627 1624285619.187118 0.926
4.242424488067627 1624285619.201955 0.926
4.242424488067627 1624285619.217051 0.926
4.242424488067627 1624285619.231945 0.926
4.242424488067627 1624285619.247062 0.926
4.242424488067627 1624285619.261881 0.926
4.242424488067627 1624285619.276911 0.926
4.242424488067627 1624285619.291991 0.926
4.242424488067627 1624285619.307009 0.926
4.242424488067627 1624285619.321929 0.926
4.242424488067627 1624285619.336974 0.926
4.242424488067627 1624285619.352036 0.926
4.242424488067627 1624285619.367097 0.926
4.242424488067627 1624285619.381938 0.926
4.242424488067627 1624285619.39701 0.926
4.242424488067627 1624285619.411879 0.926
4.242424488067627 1624285619.426921 0.926
4.242424488067627 1624285619.441762 0.926
4.242424488067627 1624285619.45679 0.926
4.242424488067627 1624285619.471883 0.926
4.242424488067627 1624285619.487016 0.926
4.242424488067627 1624285619.501835 0.926
4.242424488067627 1624285619.51693 0.926
3.6363637447357178 1624285619.531987 0.926
4.242424488067627 1624285619.547037 0.926
4.242424488067627 1624285619.561918 0.926
4.242424488067627 1624285619.576943 0.926
4.242424488067627 1624285619.591979 0.926
4.242424488067627 1624285619.606849 0.926
4.242424488067627 1624285619.621893 0.926
4.242424488067627 1624285619.636927 0.926
4.242424488067627 1624285619.651962 0.926
4.242424488067627 1624285619.666739 0.926
4.242424488067627 1624285619.681818 0.926
4.242424488067627 1624285619.696909 0.926
4.242424488067627 1624285619.711917 0.926
4.242424488067627 1624285619.726823 0.926
4.242424488067627 1624285619.741832 0.926
3.6363637447357178 1624285619.756912 0.926
4.242424488067627 1624285619.771917 0.926
4.242424488067627 1624285619.786802 0.926
4.242424488067627 1624285619.801835 0.926
4.242424488067627 1624285619.816849 0.926
4.242424488067627 1624285619.83183 0.926
4.242424488067627 1624285619.846692 0.926
4.242424488067627 1624285619.861784 0.926
4.242424488067627 1624285619.87686 0.926
3.6363637447357178 1624285619.891807 0.926
4.242424488067627 1624285619.906781 0.926
4.242424488067627 1624285619.921848 0.926
4.242424488067627 1624285619.936864 0.926
4.242424488067627 1624285619.951808 0.926
4.242424488067627 1624285619.966736 0.926
4.242424488067627 1624285619.981806 0.926
4.242424488067627 1624285619.996784 0.926
4.242424488067627 1624285620.01183 0.926
4.242424488067627 1624285620.026655 0.926
4.242424488067627 1624285620.041787 0.926
4.242424488067627 1624285620.056735 0.926
4.242424488067627 1624285620.071724 0.926
4.242424488067627 1624285620.086675 0.926
4.242424488067627 1624285620.101795 0.926
4.242424488067627 1624285620.116804 0.926
4.242424488067627 1624285620.131885 0.926
4.242424488067627 1624285620.146748 0.926
4.242424488067627 1624285620.161738 0.926
4.242424488067627 1624285620.176825 0.926
4.242424488067627 1624285620.19172 0.926
4.242424488067627 1624285620.206662 0.926
4.242424488067627 1624285620.221792 0.926
4.242424488067627 1624285620.236814 0.926
4.242424488067627 1624285620.251639 0.926
3.6363637447357178 1624285620.266712 0.926
4.242424488067627 1624285620.281787 0.926
4.242424488067627 1624285620.296756 0.926
4.242424488067627 1624285620.311574 0.926
4.242424488067627 1624285620.326727 0.926
3.6363637447357178 1624285620.341744 0.926
4.242424488067627 1624285620.356632 0.926
4.242424488067627 1624285620.371713 0.926
4.242424488067627 1624285620.386682 0.926
4.242424488067627 1624285620.401736 0.926
4.242424488067627 1624285620.416777 0.926
4.242424488067627 1624285620.431593 0.926
4.242424488067627 1624285620.446686 0.926
4.242424488067627 1624285620.461652 0.926
4.242424488067627 1624285620.476833 0.926
4.242424488067627 1624285620.491709 0.926
4.242424488067627 1624285620.506678 0.926
4.242424488067627 1624285620.521716 0.926
4.242424488067627 1624285620.536824 0.926
4.242424488067627 1624285620.551597 0.926
3.6363637447357178 1624285620.566572 0.926
4.242424488067627 1624285620.581562 0.926
4.242424488067627 1624285620.596461 0.926
4.242424488067627 1624285620.611466 0.926
4.242424488067627 1624285620.626609 0.926
4.242424488067627 1624285620.641578 0.926
4.242424488067627 1624285620.656523 0.926
4.242424488067627 1624285620.671608 0.926
4.242424488067627 1624285620.686637 0.926
3.6363637447357178 1624285620.701687 0.926
4.242424488067627 1624285620.716558 0.926
4.242424488067627 1624285620.731571 0.926
4.242424488067627 1624285620.746589 0.926
4.242424488067627 1624285620.761629 0.926
4.242424488067627 1624285620.776526 0.926
3.6363637447357178 1624285620.791556 0.926
4.242424488067627 1624285620.806587 0.926
4.242424488067627 1624285620.821573 0.926
4.242424488067627 1624285620.836505 0.926
4.242424488067627 1624285620.851566 0.926
4.242424488067627 1624285620.866557 0.926
4.242424488067627 1624285620.881649 0.926
4.242424488067627 1624285620.89645 0.926
4.242424488067627 1624285620.911444 0.926
4.242424488067627 1624285620.926481 0.926
4.242424488067627 1624285620.941613 0.926
4.242424488067627 1624285620.956529 0.926
4.242424488067627 1624285620.971513 0.926
4.242424488067627 1624285620.986564 0.926
4.242424488067627 1624285621.001612 0.926
4.242424488067627 1624285621.016444 0.926
4.242424488067627 1624285621.031479 0.926
4.242424488067627 1624285621.046538 0.926
4.242424488067627 1624285621.061419 0.926
4.242424488067627 1624285621.076417 0.926
4.242424488067627 1624285621.091466 0.926
4.242424488067627 1624285621.106516 0.926
4.242424488067627 1624285621.121374 0.926
4.242424488067627 1624285621.13647 0.926
3.6363637447357178 1624285621.151515 0.926
4.242424488067627 1624285621.16646 0.926
4.242424488067627 1624285621.181444 0.926
4.242424488067627 1624285621.196425 0.926
4.242424488067627 1624285621.211424 0.926
4.242424488067627 1624285621.226542 0.926
4.242424488067627 1624285621.24138 0.926
4.242424488067627 1624285621.256431 0.926
4.242424488067627 1624285621.271484 0.926
4.242424488067627 1624285621.286508 0.926
4.242424488067627 1624285621.301292 0.926
4.242424488067627 1624285621.316425 0.926
4.242424488067627 1624285621.331453 0.926
4.242424488067627 1624285621.346495 0.926
4.242424488067627 1624285621.361361 0.926
3.6363637447357178 1624285621.376436 0.926
4.242424488067627 1624285621.391324 0.926
4.242424488067627 1624285621.406239 0.926
4.242424488067627 1624285621.421352 0.926
4.242424488067627 1624285621.436364 0.926
3.6363637447357178 1624285621.451377 0.926
4.242424488067627 1624285621.466483 0.926
4.242424488067627 1624285621.481315 0.926
4.242424488067627 1624285621.49638 0.926
4.242424488067627 1624285621.511432 0.926
3.6363637447357178 1624285621.526446 0.926
4.242424488067627 1624285621.541288 0.926
4.242424488067627 1624285621.556329 0.926
4.242424488067627 1624285621.571386 0.926
4.242424488067627 1624285621.586424 0.926
3.6363637447357178 1624285621.601226 0.926
4.242424488067627 1624285621.616324 0.926
4.242424488067627 1624285621.631326 0.926
4.242424488067627 1624285621.646384 0.926
4.242424488067627 1624285621.661411 0.926
4.242424488067627 1624285621.676243 0.926
4.242424488067627 1624285621.691277 0.926
4.242424488067627 1624285621.706326 0.926
4.242424488067627 1624285621.721418 0.926
4.242424488067627 1624285621.736312 0.926
4.242424488067627 1624285621.751311 0.926
4.242424488067627 1624285621.766349 0.926
4.242424488067627 1624285621.781237 0.926
4.242424488067627 1624285621.796261 0.926
4.242424488067627 1624285621.8112 0.926
4.242424488067627 1624285621.826341 0.926
4.242424488067627 1624285621.841108 0.926
4.242424488067627 1624285621.856271 0.926
4.242424488067627 1624285621.871274 0.926
4.242424488067627 1624285621.886244 0.926
4.242424488067627 1624285621.901214 0.926
4.242424488067627 1624285621.916284 0.926
4.242424488067627 1624285621.93127 0.926
4.242424488067627 1624285621.946272 0.926
4.242424488067627 1624285621.961122 0.926
4.242424488067627 1624285621.976112 0.926
4.242424488067627 1624285621.991163 0.926
4.242424488067627 1624285622.006294 0.926
4.242424488067627 1624285622.021288 0.926
4.242424488067627 1624285622.036135 0.926
4.242424488067627 1624285622.051175 0.926
4.242424488067627 1624285622.066198 0.926
4.242424488067627 1624285622.081239 0.926
4.242424488067627 1624285622.096128 0.926
4.242424488067627 1624285622.111143 0.926
4.242424488067627 1624285622.126162 0.926
4.242424488067627 1624285622.141251 0.926
4.242424488067627 1624285622.156112 0.926
4.242424488067627 1624285622.171086 0.926
3.6363637447357178 1624285622.186141 0.926
4.242424488067627 1624285622.201244 0.926
4.242424488067627 1624285622.216144 0.926
4.242424488067627 1624285622.231143 0.926
4.242424488067627 1624285622.246189 0.926
4.242424488067627 1624285622.261172 0.926
4.242424488067627 1624285622.275973 0.926
4.242424488067627 1624285622.291172 0.926
4.242424488067627 1624285622.306151 0.926
4.242424488067627 1624285622.321205 0.926
4.242424488067627 1624285622.336069 0.926
4.242424488067627 1624285622.351118 0.926
4.242424488067627 1624285622.366076 0.926
4.242424488067627 1624285622.381213 0.926
4.242424488067627 1624285622.396078 0.926
4.242424488067627 1624285622.410992 0.926
4.242424488067627 1624285622.426109 0.926
4.242424488067627 1624285622.44105 0.926
4.242424488067627 1624285622.455931 0.926
4.242424488067627 1624285622.471054 0.926
4.242424488067627 1624285622.486116 0.926
4.242424488067627 1624285622.501162 0.926
4.242424488067627 1624285622.516037 0.926
4.242424488067627 1624285622.531037 0.926
4.242424488067627 1624285622.546083 0.926
3.6363637447357178 1624285622.561047 0.926
4.242424488067627 1624285622.575938 0.926
4.242424488067627 1624285622.590931 0.926
4.242424488067627 1624285622.605951 0.926
4.242424488067627 1624285622.620977 0.926
3.6363637447357178 1624285622.635873 0.926
4.242424488067627 1624285622.650959 0.926
4.242424488067627 1624285622.666024 0.926
4.242424488067627 1624285622.681112 0.926
4.242424488067627 1624285622.6961 0.926
3.6363637447357178 1624285622.710961 0.926
4.242424488067627 1624285622.726022 0.926
4.242424488067627 1624285622.74103 0.926
4.242424488067627 1624285622.756105 0.926
4.242424488067627 1624285622.770938 0.926
3.6363637447357178 1624285622.785983 0.926
4.242424488067627 1624285622.801022 0.926
4.242424488067627 1624285622.816039 0.926
4.242424488067627 1624285622.830928 0.926
4.242424488067627 1624285622.845923 0.926
4.242424488067627 1624285622.860958 0.926
4.242424488067627 1624285622.876009 0.926
4.242424488067627 1624285622.891078 0.926
4.242424488067627 1624285622.905934 0.926
4.242424488067627 1624285622.920887 0.926
3.6363637447357178 1624285622.935978 0.926
4.242424488067627 1624285622.951031 0.926
4.242424488067627 1624285622.965862 0.926
4.242424488067627 1624285622.980937 0.926
4.242424488067627 1624285622.995921 0.926
4.242424488067627 1624285623.010896 0.926
4.242424488067627 1624285623.025827 0.926
4.242424488067627 1624285623.040875 0.926
4.242424488067627 1624285623.055889 0.926
4.242424488067627 1624285623.071004 0.926
3.6363637447357178 1624285623.085974 0.926
4.242424488067627 1624285623.100898 0.926
4.242424488067627 1624285623.115822 0.926
4.242424488067627 1624285623.130919 0.926
4.242424488067627 1624285623.145991 0.926
3.6363637447357178 1624285623.160731 0.926
4.242424488067627 1624285623.175773 0.926
4.242424488067627 1624285623.190902 0.926
4.242424488067627 1624285623.205925 0.926
4.242424488067627 1624285623.220808 0.926
4.242424488067627 1624285623.235811 0.926
4.242424488067627 1624285623.250849 0.926
4.242424488067627 1624285623.265888 0.926
4.242424488067627 1624285623.280913 0.926
4.242424488067627 1624285623.29571 0.926
3.6363637447357178 1624285623.310734 0.926
4.242424488067627 1624285623.325787 0.926
4.242424488067627 1624285623.340861 0.926
4.242424488067627 1624285623.355843 0.926
4.242424488067627 1624285623.370807 0.926
3.6363637447357178 1624285623.385789 0.926
4.242424488067627 1624285623.400921 0.926
4.242424488067627 1624285623.415675 0.926
4.242424488067627 1624285623.430702 0.926
4.242424488067627 1624285623.445698 0.926
4.242424488067627 1624285623.460797 0.926
4.242424488067627 1624285623.475872 0.926
4.242424488067627 1624285623.49072 0.926
4.242424488067627 1624285623.505769 0.926
4.242424488067627 1624285623.520801 0.926
3.6363637447357178 1624285623.535998 0.926
4.242424488067627 1624285623.550723 0.926
4.242424488067627 1624285623.565806 0.926
4.242424488067627 1624285623.580783 0.926
4.242424488067627 1624285623.595775 0.926
4.242424488067627 1624285623.610683 0.926
4.242424488067627 1624285623.625669 0.926
4.242424488067627 1624285623.640721 0.926
4.242424488067627 1624285623.655759 0.926
4.242424488067627 1624285623.670596 0.926
4.242424488067627 1624285623.685598 0.926
4.242424488067627 1624285623.700836 0.926
4.242424488067627 1624285623.715885 0.926
4.242424488067627 1624285623.7308 0.926
4.242424488067627 1624285623.745668 0.926
4.242424488067627 1624285623.760705 0.926
4.242424488067627 1624285623.775723 0.926
4.242424488067627 1624285623.790761 0.926
4.242424488067627 1624285623.805643 0.926
4.242424488067627 1624285623.820697 0.926
4.242424488067627 1624285623.835731 0.926
4.242424488067627 1624285623.850799 0.926
4.242424488067627 1624285623.865578 0.926
4.242424488067627 1624285623.880545 0.926
4.242424488067627 1624285623.895624 0.926
4.242424488067627 1624285623.910591 0.926
4.242424488067627 1624285623.925701 0.926
4.242424488067627 1624285623.940626 0.926
4.242424488067627 1624285623.955718 0.926
4.242424488067627 1624285623.970665 0.926
4.242424488067627 1624285623.985731 0.926
4.242424488067627 1624285624.000583 0.926
4.242424488067627 1624285624.015649 0.926
4.242424488067627 1624285624.030606 0.926
3.6363637447357178 1624285624.045618 0.926
4.242424488067627 1624285624.060495 0.926
4.242424488067627 1624285624.075508 0.926
4.242424488067627 1624285624.090553 0.926
4.242424488067627 1624285624.105683 0.926
4.242424488067627 1624285624.120727 0.926
4.242424488067627 1624285624.135521 0.926
4.242424488067627 1624285624.150622 0.926
4.242424488067627 1624285624.165612 0.926
4.242424488067627 1624285624.180679 0.926
4.242424488067627 1624285624.195556 0.926
4.242424488067627 1624285624.210548 0.926
4.242424488067627 1624285624.225563 0.926
4.242424488067627 1624285624.240688 0.926
4.242424488067627 1624285624.255385 0.926
3.6363637447357178 1624285624.270455 0.926
4.242424488067627 1624285624.285501 0.926
4.242424488067627 1624285624.300675 0.926
4.242424488067627 1624285624.315487 0.926
4.242424488067627 1624285624.33048 0.926
3.6363637447357178 1624285624.345584 0.926
4.242424488067627 1624285624.360575 0.926
4.242424488067627 1624285624.37549 0.926
4.242424488067627 1624285624.390484 0.926
4.242424488067627 1624285624.405576 0.926
4.242424488067627 1624285624.420483 0.926
4.242424488067627 1624285624.435379 0.926
4.242424488067627 1624285624.450464 0.926
4.242424488067627 1624285624.465457 0.926
4.242424488067627 1624285624.480522 0.926
3.6363637447357178 1624285624.49538 0.926
4.242424488067627 1624285624.510462 0.926
4.242424488067627 1624285624.525526 0.926
