3.6341609954833984 1624285662.16453 1.032
3.6319613456726074 1624285662.179588 1.032
3.026634454727173 1624285662.194451 1.032
3.6341609954833984 1624285662.209504 1.032
3.6341609954833984 1624285662.224427 1.032
3.6341609954833984 1624285662.23948 1.032
3.0284674167633057 1624285662.254442 1.032
3.0284674167633057 1624285662.269461 1.032
3.0284674167633057 1624285662.284503 1.032
3.6341609954833984 1624285662.299495 1.032
3.6341609954833984 1624285662.314374 1.032
3.6341609954833984 1624285662.329407 1.032
3.0284674167633057 1624285662.344523 1.032
3.6341609954833984 1624285662.35959 1.032
3.6341609954833984 1624285662.374383 1.032
3.6341609954833984 1624285662.389435 1.032
3.6341609954833984 1624285662.404468 1.032
3.0284674167633057 1624285662.419485 1.032
3.6341609954833984 1624285662.434432 1.032
3.6341609954833984 1624285662.449432 1.032
3.6341609954833984 1624285662.464367 1.032
3.6319613456726074 1624285662.479485 1.032
3.0284674167633057 1624285662.494317 1.032
3.6319613456726074 1624285662.509341 1.032
3.6341609954833984 1624285662.524325 1.032
3.6341609954833984 1624285662.539295 1.032
3.0284674167633057 1624285662.554296 1.032
3.026634454727173 1624285662.569388 1.032
3.6341609954833984 1624285662.584493 1.032
3.6341609954833984 1624285662.599314 1.032
3.6341609954833984 1624285662.614273 1.032
3.0284674167633057 1624285662.629276 1.032
3.026634454727173 1624285662.644343 1.032
3.6319613456726074 1624285662.65928 1.032
3.6341609954833984 1624285662.674227 1.032
3.6341609954833984 1624285662.689255 1.032
3.026634454727173 1624285662.704282 1.032
3.026634454727173 1624285662.719228 1.032
3.6341609954833984 1624285662.734366 1.032
3.6341609954833984 1624285662.749516 1.032
3.6341609954833984 1624285662.764412 1.032
3.026634454727173 1624285662.779278 1.032
3.0284674167633057 1624285662.794286 1.032
3.6319613456726074 1624285662.809311 1.032
3.6341609954833984 1624285662.82437 1.032
3.6341609954833984 1624285662.839166 1.032
3.0284674167633057 1624285662.854155 1.032
3.0284674167633057 1624285662.869236 1.032
3.6341609954833984 1624285662.884353 1.032
3.6341609954833984 1624285662.8994 1.032
3.6341609954833984 1624285662.914233 1.032
3.0284674167633057 1624285662.929239 1.032
3.6341609954833984 1624285662.944222 1.032
3.6341609954833984 1624285662.959237 1.032
3.6319613456726074 1624285662.974172 1.032
3.6341609954833984 1624285662.989135 1.032
3.026634454727173 1624285663.004176 1.032
3.6341609954833984 1624285663.019202 1.032
3.6341609954833984 1624285663.034216 1.032
3.6341609954833984 1624285663.049231 1.032
3.0284674167633057 1624285663.064271 1.032
3.0284674167633057 1624285663.079361 1.032
3.6341609954833984 1624285663.094156 1.032
3.6341609954833984 1624285663.109164 1.032
3.6341609954833984 1624285663.124284 1.032
3.0284674167633057 1624285663.139238 1.032
3.026634454727173 1624285663.154084 1.032
3.6341609954833984 1624285663.169218 1.032
3.6341609954833984 1624285663.184223 1.032
3.6341609954833984 1624285663.199266 1.032
3.026634454727173 1624285663.214144 1.032
3.0284674167633057 1624285663.229239 1.032
3.6341609954833984 1624285663.244222 1.032
3.6319613456726074 1624285663.259096 1.032
3.6319613456726074 1624285663.274153 1.032
3.6341609954833984 1624285663.289141 1.032
3.0284674167633057 1624285663.304218 1.032
3.6319613456726074 1624285663.319038 1.032
3.6341609954833984 1624285663.33413 1.032
3.6341609954833984 1624285663.349099 1.032
3.026634454727173 1624285663.36425 1.032
3.0284674167633057 1624285663.379213 1.032
3.6341609954833984 1624285663.394097 1.032
3.6341609954833984 1624285663.409085 1.032
3.6341609954833984 1624285663.424227 1.032
3.026634454727173 1624285663.439214 1.032
3.6341609954833984 1624285663.45406 1.032
3.6319613456726074 1624285663.469031 1.032
3.6319613456726074 1624285663.484107 1.032
3.6341609954833984 1624285663.499072 1.032
3.0284674167633057 1624285663.514039 1.032
3.6319613456726074 1624285663.528997 1.032
3.6319613456726074 1624285663.543985 1.032
3.6341609954833984 1624285663.559139 1.032
3.6341609954833984 1624285663.573948 1.032
3.026634454727173 1624285663.588944 1.032
3.6341609954833984 1624285663.603959 1.032
3.6341609954833984 1624285663.619215 1.032
3.6341609954833984 1624285663.633898 1.032
3.026634454727173 1624285663.648935 1.032
3.026634454727173 1624285663.663991 1.032
3.6319613456726074 1624285663.679045 1.032
3.6319613456726074 1624285663.69389 1.032
3.6341609954833984 1624285663.709064 1.032
3.6341609954833984 1624285663.724008 1.032
3.026634454727173 1624285663.739054 1.032
3.6341609954833984 1624285663.753903 1.032
3.6341609954833984 1624285663.768914 1.032
3.6341609954833984 1624285663.783941 1.032
3.0284674167633057 1624285663.798983 1.032
3.026634454727173 1624285663.813985 1.032
3.6341609954833984 1624285663.828991 1.032
3.6341609954833984 1624285663.843892 1.032
3.6319613456726074 1624285663.858939 1.032
3.0284674167633057 1624285663.873991 1.032
3.026634454727173 1624285663.888849 1.032
3.6319613456726074 1624285663.903944 1.032
3.6319613456726074 1624285663.918928 1.032
3.6341609954833984 1624285663.933922 1.032
3.0284674167633057 1624285663.948838 1.032
3.026634454727173 1624285663.963859 1.032
3.6319613456726074 1624285663.978913 1.032
3.6319613456726074 1624285663.993946 1.032
3.6319613456726074 1624285664.00877 1.032
3.026634454727173 1624285664.023813 1.032
3.026634454727173 1624285664.038878 1.032
3.6319613456726074 1624285664.053918 1.032
3.6319613456726074 1624285664.068759 1.032
3.6319613456726074 1624285664.08383 1.032
3.0284674167633057 1624285664.098878 1.032
3.026634454727173 1624285664.113886 1.032
3.6319613456726074 1624285664.128748 1.032
3.6319613456726074 1624285664.143837 1.032
3.6341609954833984 1624285664.15885 1.032
3.026634454727173 1624285664.1739 1.032
3.0284674167633057 1624285664.188757 1.032
3.6319613456726074 1624285664.203801 1.032
3.6341609954833984 1624285664.218838 1.032
3.6341609954833984 1624285664.233811 1.032
3.0284674167633057 1624285664.248734 1.032
3.0284674167633057 1624285664.263714 1.032
3.6341609954833984 1624285664.278766 1.032
3.6341609954833984 1624285664.293819 1.032
3.6341609954833984 1624285664.308679 1.032
3.026634454727173 1624285664.323745 1.032
3.026634454727173 1624285664.338808 1.032
3.6341609954833984 1624285664.35382 1.032
3.6341609954833984 1624285664.368735 1.032
3.6319613456726074 1624285664.383803 1.032
3.026634454727173 1624285664.398891 1.032
3.6319613456726074 1624285664.413685 1.032
3.6319613456726074 1624285664.42873 1.032
3.6319613456726074 1624285664.443739 1.032
3.6341609954833984 1624285664.458819 1.032
3.0284674167633057 1624285664.473646 1.032
3.6341609954833984 1624285664.4887 1.032
3.6341609954833984 1624285664.503787 1.032
3.6341609954833984 1624285664.518883 1.032
3.6319613456726074 1624285664.533768 1.032
3.026634454727173 1624285664.548799 1.032
3.6319613456726074 1624285664.563825 1.032
3.6319613456726074 1624285664.578833 1.032
3.6341609954833984 1624285664.593722 1.032
3.6341609954833984 1624285664.608804 1.032
3.026634454727173 1624285664.623775 1.032
3.6319613456726074 1624285664.638882 1.032
3.6319613456726074 1624285664.65378 1.032
3.6341609954833984 1624285664.668885 1.032
3.026634454727173 1624285664.683808 1.032
3.026634454727173 1624285664.698794 1.032
3.6341609954833984 1624285664.71372 1.032
3.6341609954833984 1624285664.728713 1.032
3.6319613456726074 1624285664.7438 1.032
3.6319613456726074 1624285664.758793 1.032
3.026634454727173 1624285664.773686 1.032
3.0284674167633057 1624285664.788714 1.032
3.6341609954833984 1624285664.803656 1.032
3.6341609954833984 1624285664.818794 1.032
3.6319613456726074 1624285664.833593 1.032
3.6341609954833984 1624285664.84863 1.032
3.6341609954833984 1624285664.863728 1.032
3.6341609954833984 1624285664.878758 1.032
3.6319613456726074 1624285664.893698 1.032
3.026634454727173 1624285664.908693 1.032
3.026634454727173 1624285664.923751 1.032
3.6319613456726074 1624285664.938739 1.032
3.6341609954833984 1624285664.95361 1.032
3.6341609954833984 1624285664.968687 1.032
3.026634454727173 1624285664.983728 1.032
3.026634454727173 1624285664.998741 1.032
3.6319613456726074 1624285665.013596 1.032
3.6341609954833984 1624285665.028692 1.032
3.6341609954833984 1624285665.043643 1.032
3.026634454727173 1624285665.058695 1.032
3.026634454727173 1624285665.07357 1.032
3.6319613456726074 1624285665.088634 1.032
3.6319613456726074 1624285665.103606 1.032
3.6319613456726074 1624285665.118643 1.032
3.026634454727173 1624285665.133515 1.032
3.6319613456726074 1624285665.148537 1.032
3.6341609954833984 1624285665.16361 1.032
3.6319613456726074 1624285665.178634 1.032
3.026634454727173 1624285665.193509 1.032
3.0284674167633057 1624285665.208583 1.032
3.6341609954833984 1624285665.223704 1.032
3.6319613456726074 1624285665.238692 1.032
3.6319613456726074 1624285665.253484 1.032
3.026634454727173 1624285665.26855 1.032
3.026634454727173 1624285665.283672 1.032
3.6341609954833984 1624285665.298606 1.032
3.6341609954833984 1624285665.313503 1.032
3.6341609954833984 1624285665.328549 1.032
3.0284674167633057 1624285665.343538 1.032
3.0284674167633057 1624285665.35866 1.032
3.6319613456726074 1624285665.373488 1.032
3.6319613456726074 1624285665.388519 1.032
3.6341609954833984 1624285665.40356 1.032
3.0284674167633057 1624285665.41852 1.032
3.026634454727173 1624285665.433494 1.032
3.6341609954833984 1624285665.448519 1.032
3.6341609954833984 1624285665.463507 1.032
3.6319613456726074 1624285665.478443 1.032
3.026634454727173 1624285665.493308 1.032
3.026634454727173 1624285665.508415 1.032
3.6319613456726074 1624285665.523438 1.032
3.6341609954833984 1624285665.538492 1.032
3.6319613456726074 1624285665.553573 1.032
3.0284674167633057 1624285665.568472 1.032
3.026634454727173 1624285665.583493 1.032
3.6319613456726074 1624285665.598526 1.032
3.6319613456726074 1624285665.613485 1.032
3.6319613456726074 1624285665.628321 1.032
3.0284674167633057 1624285665.643353 1.032
3.026634454727173 1624285665.658405 1.032
3.6319613456726074 1624285665.673458 1.032
3.6319613456726074 1624285665.688433 1.032
3.026634454727173 1624285665.703405 1.032
3.026634454727173 1624285665.718493 1.032
3.6319613456726074 1624285665.733563 1.032
3.6319613456726074 1624285665.748391 1.032
3.6319613456726074 1624285665.763419 1.032
3.026634454727173 1624285665.778427 1.032
3.6319613456726074 1624285665.793523 1.032
3.6341609954833984 1624285665.808375 1.032
3.6319613456726074 1624285665.823396 1.032
3.6319613456726074 1624285665.83847 1.032
3.026634454727173 1624285665.853392 1.032
3.026634454727173 1624285665.868389 1.032
3.6341609954833984 1624285665.883361 1.032
3.6341609954833984 1624285665.898407 1.032
3.6319613456726074 1624285665.91346 1.032
3.026634454727173 1624285665.928315 1.032
3.0284674167633057 1624285665.943415 1.032
3.6341609954833984 1624285665.958419 1.032
3.6341609954833984 1624285665.973407 1.032
3.6319613456726074 1624285665.988303 1.032
3.026634454727173 1624285666.003308 1.032
3.026634454727173 1624285666.018366 1.032
3.6341609954833984 1624285666.033378 1.032
3.6319613456726074 1624285666.048421 1.032
3.6319613456726074 1624285666.063337 1.032
3.026634454727173 1624285666.078355 1.032
3.026634454727173 1624285666.093367 1.032
3.6319613456726074 1624285666.108443 1.032
3.6341609954833984 1624285666.1233 1.032
3.6319613456726074 1624285666.138341 1.032
3.026634454727173 1624285666.153404 1.032
3.026634454727173 1624285666.168434 1.032
3.6319613456726074 1624285666.18328 1.032
3.6319613456726074 1624285666.198313 1.032
3.6319613456726074 1624285666.213369 1.032
3.026634454727173 1624285666.228346 1.032
3.026634454727173 1624285666.243262 1.032
3.6319613456726074 1624285666.258281 1.032
3.6319613456726074 1624285666.273328 1.032
3.6341609954833984 1624285666.288387 1.032
3.026634454727173 1624285666.303219 1.032
3.0284674167633057 1624285666.318276 1.032
3.6341609954833984 1624285666.333319 1.032
3.6341609954833984 1624285666.348276 1.032
3.6319613456726074 1624285666.36319 1.032
3.026634454727173 1624285666.378252 1.032
3.6319613456726074 1624285666.3933 1.032
3.6341609954833984 1624285666.408274 1.032
3.6341609954833984 1624285666.423192 1.032
3.0284674167633057 1624285666.438246 1.032
3.026634454727173 1624285666.453326 1.032
3.026634454727173 1624285666.468174 1.032
3.6319613456726074 1624285666.48318 1.032
3.6341609954833984 1624285666.498157 1.032
3.0284674167633057 1624285666.513204 1.032
3.0284674167633057 1624285666.528135 1.032
3.0284674167633057 1624285666.543209 1.032
3.6341609954833984 1624285666.558225 1.032
3.6341609954833984 1624285666.573252 1.032
3.0284674167633057 1624285666.58814 1.032
3.026634454727173 1624285666.60316 1.032
3.0284674167633057 1624285666.61816 1.032
3.6341609954833984 1624285666.633298 1.032
3.6341609954833984 1624285666.648103 1.032
3.6319613456726074 1624285666.663157 1.032
3.026634454727173 1624285666.678174 1.032
3.0284674167633057 1624285666.693223 1.032
3.6319613456726074 1624285666.708182 1.032
3.6319613456726074 1624285666.723246 1.032
3.026634454727173 1624285666.73822 1.032
3.0284674167633057 1624285666.753082 1.032
3.6341609954833984 1624285666.768156 1.032
3.6319613456726074 1624285666.783199 1.032
3.6341609954833984 1624285666.79822 1.032
3.0284674167633057 1624285666.813274 1.032
3.0284674167633057 1624285666.828104 1.032
3.026634454727173 1624285666.843145 1.032
3.6319613456726074 1624285666.858225 1.032
3.6341609954833984 1624285666.873034 1.032
3.0284674167633057 1624285666.888057 1.032
3.026634454727173 1624285666.903118 1.032
3.0284674167633057 1624285666.918154 1.032
3.6341609954833984 1624285666.933017 1.032
3.6319613456726074 1624285666.948022 1.032
3.026634454727173 1624285666.963039 1.032
3.026634454727173 1624285666.978064 1.032
3.6319613456726074 1624285666.992934 1.032
3.6319613456726074 1624285667.008116 1.032
3.6319613456726074 1624285667.023085 1.032
3.026634454727173 1624285667.038132 1.032
3.0284674167633057 1624285667.052997 1.032
3.6319613456726074 1624285667.068068 1.032
3.6319613456726074 1624285667.083145 1.032
3.6341609954833984 1624285667.097957 1.032
3.026634454727173 1624285667.113033 1.032
3.026634454727173 1624285667.128018 1.032
3.6319613456726074 1624285667.143094 1.032
3.6319613456726074 1624285667.158003 1.032
3.6319613456726074 1624285667.173 1.032
3.026634454727173 1624285667.188044 1.032
3.026634454727173 1624285667.20304 1.032
3.6341609954833984 1624285667.218005 1.032
3.6319613456726074 1624285667.23299 1.032
3.6319613456726074 1624285667.248092 1.032
3.026634454727173 1624285667.263118 1.032
3.026634454727173 1624285667.277992 1.032
3.6319613456726074 1624285667.292976 1.032
3.6319613456726074 1624285667.308007 1.032
3.6341609954833984 1624285667.323076 1.032
3.026634454727173 1624285667.337918 1.032
3.0284674167633057 1624285667.352973 1.032
3.6319613456726074 1624285667.368011 1.032
3.6319613456726074 1624285667.382977 1.032
3.6341609954833984 1624285667.397947 1.032
3.026634454727173 1624285667.412877 1.032
3.026634454727173 1624285667.428007 1.032
3.6341609954833984 1624285667.443047 1.032
3.6319613456726074 1624285667.457932 1.032
3.6319613456726074 1624285667.472917 1.032
3.026634454727173 1624285667.487874 1.032
3.0284674167633057 1624285667.502934 1.032
3.6341609954833984 1624285667.517823 1.032
3.6341609954833984 1624285667.53291 1.032
3.6319613456726074 1624285667.547945 1.032
3.026634454727173 1624285667.563007 1.032
3.0284674167633057 1624285667.577875 1.032
3.6319613456726074 1624285667.592909 1.032
3.6319613456726074 1624285667.607839 1.032
3.026634454727173 1624285667.622979 1.032
3.026634454727173 1624285667.637984 1.032
3.6319613456726074 1624285667.652785 1.032
3.6319613456726074 1624285667.667816 1.032
3.6319613456726074 1624285667.682771 1.032
3.0284674167633057 1624285667.697822 1.032
3.026634454727173 1624285667.712798 1.032
3.6319613456726074 1624285667.727759 1.032
3.6319613456726074 1624285667.742927 1.032
3.6341609954833984 1624285667.757799 1.032
3.026634454727173 1624285667.77284 1.032
3.026634454727173 1624285667.787831 1.032
3.6341609954833984 1624285667.802935 1.032
3.6319613456726074 1624285667.81783 1.032
3.6341609954833984 1624285667.83279 1.032
3.026634454727173 1624285667.847834 1.032
3.026634454727173 1624285667.862896 1.032
3.6319613456726074 1624285667.877706 1.032
3.6319613456726074 1624285667.892714 1.032
3.6319613456726074 1624285667.907842 1.032
3.026634454727173 1624285667.922861 1.032
3.026634454727173 1624285667.937727 1.032
3.6341609954833984 1624285667.952756 1.032
3.6319613456726074 1624285667.967768 1.032
3.6319613456726074 1624285667.982868 1.032
3.026634454727173 1624285667.99777 1.032
3.026634454727173 1624285668.0128 1.032
3.6319613456726074 1624285668.027792 1.032
3.6319613456726074 1624285668.042851 1.032
3.6319613456726074 1624285668.057779 1.032
3.026634454727173 1624285668.072671 1.032
3.0284674167633057 1624285668.087759 1.032
3.6341609954833984 1624285668.10282 1.032
3.6341609954833984 1624285668.117824 1.032
3.6319613456726074 1624285668.132748 1.032
3.026634454727173 1624285668.147729 1.032
3.026634454727173 1624285668.162796 1.032
3.6319613456726074 1624285668.177863 1.032
3.6319613456726074 1624285668.192656 1.032
3.0284674167633057 1624285668.207762 1.032
3.026634454727173 1624285668.222745 1.032
3.026634454727173 1624285668.237735 1.032
3.6341609954833984 1624285668.252608 1.032
3.6319613456726074 1624285668.267719 1.032
3.6319613456726074 1624285668.282752 1.032
3.026634454727173 1624285668.297774 1.032
3.6319613456726074 1624285668.312816 1.032
3.6319613456726074 1624285668.327678 1.032
3.6319613456726074 1624285668.342658 1.032
3.6319613456726074 1624285668.357719 1.032
3.026634454727173 1624285668.372723 1.032
3.026634454727173 1624285668.387682 1.032
3.6319613456726074 1624285668.402582 1.032
3.6319613456726074 1624285668.417697 1.032
3.6341609954833984 1624285668.432761 1.032
3.026634454727173 1624285668.447664 1.032
3.026634454727173 1624285668.462665 1.032
3.6341609954833984 1624285668.477653 1.032
3.6319613456726074 1624285668.49263 1.032
3.6341609954833984 1624285668.507524 1.032
3.026634454727173 1624285668.522602 1.032
3.026634454727173 1624285668.537576 1.032
3.6319613456726074 1624285668.552678 1.032
3.6319613456726074 1624285668.567544 1.032
3.6319613456726074 1624285668.582643 1.032
3.026634454727173 1624285668.597656 1.032
3.026634454727173 1624285668.612645 1.032
3.6319613456726074 1624285668.627482 1.032
3.6319613456726074 1624285668.642542 1.032
3.6319613456726074 1624285668.657657 1.032
3.026634454727173 1624285668.672672 1.032
3.026634454727173 1624285668.687535 1.032
3.6319613456726074 1624285668.702547 1.032
3.6319613456726074 1624285668.717627 1.032
3.026634454727173 1624285668.732654 1.032
3.026634454727173 1624285668.747491 1.032
3.0284674167633057 1624285668.76255 1.032
3.6319613456726074 1624285668.777561 1.032
3.6319613456726074 1624285668.792702 1.032
3.026634454727173 1624285668.807493 1.032
3.026634454727173 1624285668.822559 1.032
3.0284674167633057 1624285668.837472 1.032
3.6319613456726074 1624285668.852604 1.032
3.6319613456726074 1624285668.8676 1.032
3.026634454727173 1624285668.882494 1.032
3.0284674167633057 1624285668.897564 1.032
3.026634454727173 1624285668.912618 1.032
3.6341609954833984 1624285668.927585 1.032
3.6319613456726074 1624285668.942463 1.032
3.0284674167633057 1624285668.957482 1.032
3.026634454727173 1624285668.972549 1.032
3.6319613456726074 1624285668.987439 1.032
3.6319613456726074 1624285669.002486 1.032
3.6319613456726074 1624285669.017498 1.032
3.026634454727173 1624285669.032568 1.032
3.026634454727173 1624285669.047595 1.032
3.6341609954833984 1624285669.062378 1.032
3.6341609954833984 1624285669.077439 1.032
3.6319613456726074 1624285669.09266 1.032
3.026634454727173 1624285669.107467 1.032
3.026634454727173 1624285669.122344 1.032
3.6319613456726074 1624285669.137485 1.032
3.6319613456726074 1624285669.152499 1.032
3.6319613456726074 1624285669.167496 1.032
3.026634454727173 1624285669.182347 1.032
3.026634454727173 1624285669.197504 1.032
3.6341609954833984 1624285669.212403 1.032
3.6319613456726074 1624285669.227525 1.032
3.6341609954833984 1624285669.242384 1.032
3.026634454727173 1624285669.257379 1.032
3.0284674167633057 1624285669.272467 1.032
3.6341609954833984 1624285669.287447 1.032
3.6319613456726074 1624285669.302368 1.032
3.6319613456726074 1624285669.317471 1.032
3.026634454727173 1624285669.332403 1.032
3.026634454727173 1624285669.347499 1.032
3.6319613456726074 1624285669.362348 1.032
3.6319613456726074 1624285669.377409 1.032
3.6319613456726074 1624285669.392415 1.032
3.0284674167633057 1624285669.407425 1.032
3.026634454727173 1624285669.42234 1.032
3.6341609954833984 1624285669.437342 1.032
3.6319613456726074 1624285669.45242 1.032
3.6319613456726074 1624285669.467231 1.032
3.026634454727173 1624285669.482205 1.032
3.026634454727173 1624285669.497271 1.032
3.6319613456726074 1624285669.512329 1.032
3.6319613456726074 1624285669.527254 1.032
3.6341609954833984 1624285669.54229 1.032
3.026634454727173 1624285669.557381 1.032
3.026634454727173 1624285669.572427 1.032
3.6319613456726074 1624285669.587233 1.032
3.6319613456726074 1624285669.602249 1.032
3.6319613456726074 1624285669.617389 1.032
3.026634454727173 1624285669.632347 1.032
3.0284674167633057 1624285669.647247 1.032
3.6319613456726074 1624285669.66231 1.032
3.6319613456726074 1624285669.677304 1.032
3.6319613456726074 1624285669.692604 1.032
3.026634454727173 1624285669.70727 1.032
3.026634454727173 1624285669.722254 1.032
3.6319613456726074 1624285669.737255 1.032
3.6319613456726074 1624285669.752271 1.032
3.6319613456726074 1624285669.767115 1.032
3.026634454727173 1624285669.78216 1.032
3.0284674167633057 1624285669.79732 1.032
3.6319613456726074 1624285669.812361 1.032
3.6319613456726074 1624285669.827208 1.032
3.6319613456726074 1624285669.842259 1.032
3.026634454727173 1624285669.857307 1.032
3.0284674167633057 1624285669.872319 1.032
3.6319613456726074 1624285669.887162 1.032
3.6319613456726074 1624285669.902256 1.032
3.6319613456726074 1624285669.917262 1.032
3.0284674167633057 1624285669.932318 1.032
3.026634454727173 1624285669.947161 1.032
3.6319613456726074 1624285669.962229 1.032
3.6341609954833984 1624285669.977281 1.032
3.6319613456726074 1624285669.992294 1.032
3.026634454727173 1624285670.007101 1.032
3.0284674167633057 1624285670.02221 1.032
3.6319613456726074 1624285670.037215 1.032
3.6319613456726074 1624285670.05227 1.032
3.6319613456726074 1624285670.067117 1.032
3.026634454727173 1624285670.082172 1.032
3.6319613456726074 1624285670.097212 1.032
3.6319613456726074 1624285670.112256 1.032
3.6319613456726074 1624285670.12713 1.032
3.6319613456726074 1624285670.142112 1.032
3.026634454727173 1624285670.157203 1.032
3.026634454727173 1624285670.172214 1.032
3.6319613456726074 1624285670.187098 1.032
3.6319613456726074 1624285670.202111 1.032
3.6319613456726074 1624285670.217131 1.032
3.026634454727173 1624285670.232125 1.032
3.026634454727173 1624285670.247057 1.032
3.6319613456726074 1624285670.262096 1.032
3.6319613456726074 1624285670.27721 1.032
3.6319613456726074 1624285670.29212 1.032
3.026634454727173 1624285670.307161 1.032
3.026634454727173 1624285670.322081 1.032
3.6319613456726074 1624285670.337069 1.032
3.6341609954833984 1624285670.35213 1.032
3.026634454727173 1624285670.367149 1.032
3.026634454727173 1624285670.381988 1.032
3.026634454727173 1624285670.397043 1.032
3.6319613456726074 1624285670.412037 1.032
3.6319613456726074 1624285670.427131 1.032
3.6319613456726074 1624285670.442102 1.032
3.026634454727173 1624285670.456998 1.032
3.026634454727173 1624285670.472054 1.032
3.6319613456726074 1624285670.487025 1.032
3.6319613456726074 1624285670.502038 1.032
3.6319613456726074 1624285670.516994 1.032
3.026634454727173 1624285670.531936 1.032
3.026634454727173 1624285670.546977 1.032
3.6319613456726074 1624285670.562134 1.032
3.6341609954833984 1624285670.57696 1.032
3.026634454727173 1624285670.592032 1.032
3.026634454727173 1624285670.607067 1.032
3.0284674167633057 1624285670.622088 1.032
3.6341609954833984 1624285670.636971 1.032
3.6319613456726074 1624285670.651986 1.032
3.026634454727173 1624285670.666964 1.032
3.0284674167633057 1624285670.681998 1.032
3.6319613456726074 1624285670.696885 1.032
3.6319613456726074 1624285670.711903 1.032
3.6319613456726074 1624285670.727047 1.032
3.026634454727173 1624285670.742061 1.032
3.026634454727173 1624285670.756886 1.032
3.6319613456726074 1624285670.77199 1.032
3.6319613456726074 1624285670.787061 1.032
3.6319613456726074 1624285670.802012 1.032
3.026634454727173 1624285670.816893 1.032
3.0284674167633057 1624285670.831987 1.032
3.6319613456726074 1624285670.846984 1.032
3.6319613456726074 1624285670.862017 1.032
3.6319613456726074 1624285670.876892 1.032
3.026634454727173 1624285670.891912 1.032
3.026634454727173 1624285670.90693 1.032
3.6319613456726074 1624285670.921963 1.032
3.6319613456726074 1624285670.936846 1.032
3.6319613456726074 1624285670.951911 1.032
3.026634454727173 1624285670.967 1.032
3.026634454727173 1624285670.981966 1.032
3.6319613456726074 1624285670.996854 1.032
3.6341609954833984 1624285671.0119 1.032
3.6319613456726074 1624285671.027082 1.032
3.026634454727173 1624285671.041959 1.032
3.026634454727173 1624285671.056827 1.032
3.6341609954833984 1624285671.071872 1.032
3.6319613456726074 1624285671.086883 1.032
3.6319613456726074 1624285671.101945 1.032
3.026634454727173 1624285671.116766 1.032
3.026634454727173 1624285671.131741 1.032
3.6341609954833984 1624285671.146872 1.032
3.6319613456726074 1624285671.161851 1.032
3.6341609954833984 1624285671.176931 1.032
3.026634454727173 1624285671.191761 1.032
3.026634454727173 1624285671.20683 1.032
3.6319613456726074 1624285671.221851 1.032
3.6319613456726074 1624285671.236832 1.032
3.6319613456726074 1624285671.251877 1.032
3.026634454727173 1624285671.266836 1.032
3.026634454727173 1624285671.281915 1.032
3.6319613456726074 1624285671.296799 1.032
3.6319613456726074 1624285671.311785 1.032
3.026634454727173 1624285671.326853 1.032
3.026634454727173 1624285671.341899 1.032
3.026634454727173 1624285671.35674 1.032
3.6319613456726074 1624285671.371813 1.032
3.6341609954833984 1624285671.386839 1.032
3.6341609954833984 1624285671.401847 1.032
3.026634454727173 1624285671.416685 1.032
3.026634454727173 1624285671.431792 1.032
3.6319613456726074 1624285671.446757 1.032
3.6319613456726074 1624285671.461789 1.032
3.6319613456726074 1624285671.476625 1.032
3.026634454727173 1624285671.491666 1.032
3.026634454727173 1624285671.506775 1.032
3.6319613456726074 1624285671.521811 1.032
3.6319613456726074 1624285671.536687 1.032
3.6319613456726074 1624285671.551709 1.032
3.026634454727173 1624285671.566786 1.032
3.6319613456726074 1624285671.581773 1.032
3.6319613456726074 1624285671.596994 1.032
3.6319613456726074 1624285671.611882 1.032
3.026634454727173 1624285671.626677 1.032
3.026634454727173 1624285671.641713 1.032
3.026634454727173 1624285671.656792 1.032
3.6319613456726074 1624285671.67167 1.032
3.6319613456726074 1624285671.686708 1.032
3.026634454727173 1624285671.701767 1.032
3.026634454727173 1624285671.716777 1.032
3.026634454727173 1624285671.731703 1.032
3.6319613456726074 1624285671.746722 1.032
3.6319613456726074 1624285671.761714 1.032
3.026634454727173 1624285671.776707 1.032
3.026634454727173 1624285671.791574 1.032
3.026634454727173 1624285671.806529 1.032
3.6319613456726074 1624285671.821583 1.032
3.6319613456726074 1624285671.836683 1.032
3.026634454727173 1624285671.851563 1.032
3.026634454727173 1624285671.866612 1.032
3.026634454727173 1624285671.881645 1.032
3.6319613456726074 1624285671.896653 1.032
3.6319613456726074 1624285671.911552 1.032
3.026634454727173 1624285671.926668 1.032
3.026634454727173 1624285671.941671 1.032
3.6319613456726074 1624285671.956721 1.032
3.6319613456726074 1624285671.971571 1.032
3.6319613456726074 1624285671.986688 1.032
3.026634454727173 1624285672.001738 1.032
3.026634454727173 1624285672.016681 1.032
3.026634454727173 1624285672.031535 1.032
3.6319613456726074 1624285672.046583 1.032
3.6319613456726074 1624285672.061688 1.032
3.026634454727173 1624285672.076696 1.032
3.026634454727173 1624285672.091579 1.032
3.026634454727173 1624285672.106535 1.032
3.6319613456726074 1624285672.121642 1.032
3.6319613456726074 1624285672.136683 1.032
3.6319613456726074 1624285672.15154 1.032
3.026634454727173 1624285672.166565 1.032
3.6319613456726074 1624285672.18171 1.032
3.6319613456726074 1624285672.196659 1.032
3.6319613456726074 1624285672.211677 1.032
3.026634454727173 1624285672.226542 1.032
3.026634454727173 1624285672.241489 1.032
3.6319613456726074 1624285672.256601 1.032
3.6319613456726074 1624285672.271401 1.032
3.6319613456726074 1624285672.286554 1.032
3.026634454727173 1624285672.301571 1.032
3.026634454727173 1624285672.316687 1.032
3.6319613456726074 1624285672.331534 1.032
3.6319613456726074 1624285672.346552 1.032
3.6319613456726074 1624285672.361762 1.032
3.026634454727173 1624285672.376507 1.032
3.026634454727173 1624285672.391502 1.032
3.6319613456726074 1624285672.406489 1.032
3.6341609954833984 1624285672.421513 1.032
3.6319613456726074 1624285672.436376 1.032
3.026634454727173 1624285672.451424 1.032
3.026634454727173 1624285672.466425 1.032
3.6341609954833984 1624285672.48154 1.032
3.6319613456726074 1624285672.496397 1.032
3.6319613456726074 1624285672.511448 1.032
3.026634454727173 1624285672.526553 1.032
3.026634454727173 1624285672.541525 1.032
3.6319613456726074 1624285672.556407 1.032
3.6319613456726074 1624285672.571447 1.032
3.6319613456726074 1624285672.586467 1.032
3.026634454727173 1624285672.601534 1.032
3.026634454727173 1624285672.616418 1.032
3.6319613456726074 1624285672.631473 1.032
3.6319613456726074 1624285672.646497 1.032
3.6319613456726074 1624285672.661501 1.032
3.026634454727173 1624285672.676435 1.032
3.026634454727173 1624285672.691492 1.032
3.6319613456726074 1624285672.706477 1.032
3.6319613456726074 1624285672.721346 1.032
3.6319613456726074 1624285672.736423 1.032
3.026634454727173 1624285672.751447 1.032
3.026634454727173 1624285672.766505 1.032
3.6319613456726074 1624285672.781429 1.032
3.6319613456726074 1624285672.796368 1.032
3.6319613456726074 1624285672.811424 1.032
3.026634454727173 1624285672.826277 1.032
3.026634454727173 1624285672.841376 1.032
3.6319613456726074 1624285672.856318 1.032
3.6319613456726074 1624285672.87144 1.032
3.6319613456726074 1624285672.886334 1.032
3.026634454727173 1624285672.901388 1.032
3.026634454727173 1624285672.916423 1.032
3.6319613456726074 1624285672.93141 1.032
3.6319613456726074 1624285672.946332 1.032
3.6319613456726074 1624285672.961373 1.032
3.026634454727173 1624285672.97637 1.032
3.026634454727173 1624285672.991459 1.032
3.6319613456726074 1624285673.00633 1.032
3.6319613456726074 1624285673.021328 1.032
3.6319613456726074 1624285673.036405 1.032
3.026634454727173 1624285673.051261 1.032
3.026634454727173 1624285673.066268 1.032
3.6319613456726074 1624285673.08137 1.032
3.6319613456726074 1624285673.09641 1.032
3.6319613456726074 1624285673.111278 1.032
3.026634454727173 1624285673.126286 1.032
3.026634454727173 1624285673.141286 1.032
3.6319613456726074 1624285673.156333 1.032
3.6319613456726074 1624285673.171212 1.032
3.6319613456726074 1624285673.186271 1.032
3.026634454727173 1624285673.201225 1.032
3.026634454727173 1624285673.216087 1.032
3.6319613456726074 1624285673.231157 1.032
3.6319613456726074 1624285673.246206 1.032
3.6319613456726074 1624285673.26123 1.032
3.026634454727173 1624285673.276162 1.032
3.026634454727173 1624285673.291101 1.032
3.6319613456726074 1624285673.306194 1.032
3.6319613456726074 1624285673.321265 1.032
3.6319613456726074 1624285673.336193 1.032
3.026634454727173 1624285673.351215 1.032
3.026634454727173 1624285673.36646 1.032
3.6319613456726074 1624285673.381161 1.032
3.6319613456726074 1624285673.396172 1.032
3.6319613456726074 1624285673.411411 1.032
3.026634454727173 1624285673.426252 1.032
3.026634454727173 1624285673.441119 1.032
3.6319613456726074 1624285673.456202 1.032
3.6319613456726074 1624285673.471188 1.032
3.6319613456726074 1624285673.486148 1.032
3.0284674167633057 1624285673.501117 1.032
3.026634454727173 1624285673.516148 1.032
3.6319613456726074 1624285673.531204 1.032
3.6319613456726074 1624285673.546204 1.032
3.026634454727173 1624285673.561084 1.032
3.026634454727173 1624285673.57606 1.032
3.026634454727173 1624285673.591198 1.032
3.6319613456726074 1624285673.606236 1.032
3.6319613456726074 1624285673.620991 1.032
3.026634454727173 1624285673.636137 1.032
3.026634454727173 1624285673.651136 1.032
3.6319613456726074 1624285673.666226 1.032
3.6319613456726074 1624285673.681161 1.032
3.6319613456726074 1624285673.696088 1.032
3.026634454727173 1624285673.71118 1.032
3.026634454727173 1624285673.726211 1.032
3.026634454727173 1624285673.741062 1.032
3.6319613456726074 1624285673.756068 1.032
3.6319613456726074 1624285673.771124 1.032
3.026634454727173 1624285673.786229 1.032
3.026634454727173 1624285673.800985 1.032
3.026634454727173 1624285673.816046 1.032
3.6319613456726074 1624285673.831123 1.032
3.6319613456726074 1624285673.846171 1.032
3.026634454727173 1624285673.8609 1.032
3.026634454727173 1624285673.875977 1.032
3.026634454727173 1624285673.89112 1.032
3.6319613456726074 1624285673.905882 1.032
3.6319613456726074 1624285673.920965 1.032
3.026634454727173 1624285673.936058 1.032
3.026634454727173 1624285673.951153 1.032
3.026634454727173 1624285673.966025 1.032
3.6319613456726074 1624285673.981075 1.032
3.6319613456726074 1624285673.99611 1.032
3.6319613456726074 1624285674.010986 1.032
3.026634454727173 1624285674.026026 1.032
3.026634454727173 1624285674.041071 1.032
3.6319613456726074 1624285674.056069 1.032
3.6319613456726074 1624285674.071014 1.032
3.026634454727173 1624285674.085923 1.032
3.026634454727173 1624285674.100993 1.032
3.6319613456726074 1624285674.115878 1.032
3.6319613456726074 1624285674.130998 1.032
3.6319613456726074 1624285674.146031 1.032
3.026634454727173 1624285674.161082 1.032
3.026634454727173 1624285674.176007 1.032
3.6319613456726074 1624285674.191009 1.032
3.6319613456726074 1624285674.206054 1.032
3.6319613456726074 1624285674.220858 1.032
3.026634454727173 1624285674.235849 1.032
3.026634454727173 1624285674.250969 1.032
3.6319613456726074 1624285674.266032 1.032
3.6319613456726074 1624285674.28096 1.032
3.6319613456726074 1624285674.295941 1.032
3.026634454727173 1624285674.310976 1.032
3.026634454727173 1624285674.326015 1.032
3.6319613456726074 1624285674.340894 1.032
3.6319613456726074 1624285674.355939 1.032
3.6319613456726074 1624285674.370929 1.032
3.026634454727173 1624285674.385996 1.032
3.026634454727173 1624285674.400919 1.032
3.6319613456726074 1624285674.415764 1.032
3.6319613456726074 1624285674.43094 1.032
3.6319613456726074 1624285674.445929 1.032
3.026634454727173 1624285674.460794 1.032
3.026634454727173 1624285674.475783 1.032
3.6319613456726074 1624285674.490918 1.032
3.6319613456726074 1624285674.505959 1.032
3.6319613456726074 1624285674.520744 1.032
3.026634454727173 1624285674.535831 1.032
3.026634454727173 1624285674.550943 1.032
3.6319613456726074 1624285674.565799 1.032
3.6319613456726074 1624285674.580857 1.032
3.6319613456726074 1624285674.595864 1.032
3.026634454727173 1624285674.610914 1.032
3.026634454727173 1624285674.62583 1.032
3.6319613456726074 1624285674.640856 1.032
3.6319613456726074 1624285674.655838 1.032
3.026634454727173 1624285674.670925 1.032
3.026634454727173 1624285674.68577 1.032
3.026634454727173 1624285674.700799 1.032
3.6319613456726074 1624285674.715869 1.032
3.6319613456726074 1624285674.730779 1.032
3.026634454727173 1624285674.745813 1.032
3.026634454727173 1624285674.760802 1.032
3.026634454727173 1624285674.775912 1.032
3.6319613456726074 1624285674.790675 1.032
3.6319613456726074 1624285674.805774 1.032
3.026634454727173 1624285674.820817 1.032
3.026634454727173 1624285674.835818 1.032
3.6319613456726074 1624285674.850757 1.032
3.6319613456726074 1624285674.865699 1.032
3.6319613456726074 1624285674.880858 1.032
3.026634454727173 1624285674.895747 1.032
3.026634454727173 1624285674.910882 1.032
3.026634454727173 1624285674.925847 1.032
3.6319613456726074 1624285674.940802 1.032
3.6319613456726074 1624285674.955734 1.032
3.026634454727173 1624285674.970757 1.032
3.026634454727173 1624285674.985779 1.032
3.6319613456726074 1624285675.000674 1.032
3.6319613456726074 1624285675.015716 1.032
3.6319613456726074 1624285675.030784 1.032
3.026634454727173 1624285675.045749 1.032
3.026634454727173 1624285675.060595 1.032
3.6319613456726074 1624285675.075698 1.032
3.6319613456726074 1624285675.090743 1.032
3.6319613456726074 1624285675.105743 1.032
3.026634454727173 1624285675.120649 1.032
3.026634454727173 1624285675.135704 1.032
3.6319613456726074 1624285675.150724 1.032
3.6319613456726074 1624285675.165769 1.032
3.6319613456726074 1624285675.180666 1.032
3.026634454727173 1624285675.195606 1.032
3.026634454727173 1624285675.210652 1.032
3.6319613456726074 1624285675.225754 1.032
3.6319613456726074 1624285675.240596 1.032
3.6319613456726074 1624285675.255578 1.032
3.026634454727173 1624285675.270652 1.032
3.026634454727173 1624285675.285672 1.032
3.6319613456726074 1624285675.300602 1.032
3.6319613456726074 1624285675.315652 1.032
3.6319613456726074 1624285675.330693 1.032
3.026634454727173 1624285675.345671 1.032
3.026634454727173 1624285675.360588 1.032
3.6319613456726074 1624285675.375702 1.032
3.6319613456726074 1624285675.390648 1.032
3.6319613456726074 1624285675.405715 1.032
3.026634454727173 1624285675.420552 1.032
3.026634454727173 1624285675.435673 1.032
3.6341609954833984 1624285675.450668 1.032
3.6319613456726074 1624285675.465614 1.032
3.6319613456726074 1624285675.480604 1.032
3.026634454727173 1624285675.49561 1.032
3.026634454727173 1624285675.510611 1.032
3.6319613456726074 1624285675.525504 1.032
3.6319613456726074 1624285675.540668 1.032
3.6319613456726074 1624285675.5557 1.032
3.026634454727173 1624285675.570665 1.032
3.026634454727173 1624285675.585529 1.032
3.6319613456726074 1624285675.600569 1.032
3.6319613456726074 1624285675.615692 1.032
3.6319613456726074 1624285675.63064 1.032
3.026634454727173 1624285675.645507 1.032
3.026634454727173 1624285675.660493 1.032
3.6319613456726074 1624285675.675698 1.032
3.6319613456726074 1624285675.690637 1.032
3.6319613456726074 1624285675.70546 1.032
3.026634454727173 1624285675.720502 1.032
3.6319613456726074 1624285675.735584 1.032
3.026634454727173 1624285675.750712 1.032
3.6319613456726074 1624285675.765485 1.032
3.6319613456726074 1624285675.780555 1.032
3.026634454727173 1624285675.795546 1.032
3.026634454727173 1624285675.810542 1.032
3.6319613456726074 1624285675.825443 1.032
3.6319613456726074 1624285675.840478 1.032
3.6319613456726074 1624285675.855546 1.032
3.026634454727173 1624285675.870547 1.032
3.026634454727173 1624285675.885357 1.032
3.6319613456726074 1624285675.900442 1.032
3.6319613456726074 1624285675.91542 1.032
3.026634454727173 1624285675.930343 1.032
3.026634454727173 1624285675.945428 1.032
3.026634454727173 1624285675.960376 1.032
3.6319613456726074 1624285675.975536 1.032
3.6319613456726074 1624285675.990547 1.032
3.6319613456726074 1624285676.005436 1.032
3.026634454727173 1624285676.0205 1.032
3.026634454727173 1624285676.035552 1.032
3.6319613456726074 1624285676.050401 1.032
3.026634454727173 1624285676.065441 1.032
3.026634454727173 1624285676.080495 1.032
3.026634454727173 1624285676.095544 1.032
3.026634454727173 1624285676.110474 1.032
3.6319613456726074 1624285676.125396 1.032
3.6319613456726074 1624285676.140511 1.032
3.6319613456726074 1624285676.155432 1.032
3.026634454727173 1624285676.17032 1.032
3.0284674167633057 1624285676.185414 1.032
3.6319613456726074 1624285676.200477 1.032
3.6319613456726074 1624285676.215412 1.032
3.6319613456726074 1624285676.230367 1.032
3.026634454727173 1624285676.245346 1.032
3.026634454727173 1624285676.260402 1.032
3.6319613456726074 1624285676.275481 1.032
3.6319613456726074 1624285676.290314 1.032
3.026634454727173 1624285676.305397 1.032
3.026634454727173 1624285676.320402 1.032
3.026634454727173 1624285676.335292 1.032
3.6319613456726074 1624285676.350271 1.032
3.6319613456726074 1624285676.365395 1.032
3.026634454727173 1624285676.380366 1.032
3.026634454727173 1624285676.395326 1.032
3.026634454727173 1624285676.410372 1.032
3.6319613456726074 1624285676.425408 1.032
3.6319613456726074 1624285676.440251 1.032
3.026634454727173 1624285676.455304 1.032
3.026634454727173 1624285676.47029 1.032
3.026634454727173 1624285676.485309 1.032
3.6319613456726074 1624285676.500182 1.032
3.6319613456726074 1624285676.515233 1.032
3.026634454727173 1624285676.530326 1.032
3.026634454727173 1624285676.545159 1.032
3.026634454727173 1624285676.560256 1.032
3.6319613456726074 1624285676.575269 1.032
3.6319613456726074 1624285676.590313 1.032
3.026634454727173 1624285676.605205 1.032
3.026634454727173 1624285676.620195 1.032
3.026634454727173 1624285676.635193 1.032
3.6319613456726074 1624285676.650355 1.032
3.6319613456726074 1624285676.66521 1.032
3.026634454727173 1624285676.680298 1.032
3.026634454727173 1624285676.69533 1.032
3.6319613456726074 1624285676.710145 1.032
3.6319613456726074 1624285676.725201 1.032
3.6319613456726074 1624285676.740298 1.032
3.026634454727173 1624285676.755278 1.032
3.026634454727173 1624285676.770147 1.032
3.026634454727173 1624285676.785234 1.032
3.6319613456726074 1624285676.800225 1.032
3.6319613456726074 1624285676.815188 1.032
3.026634454727173 1624285676.830106 1.032
3.026634454727173 1624285676.845128 1.032
3.6319613456726074 1624285676.860159 1.032
3.6319613456726074 1624285676.875058 1.032
3.6319613456726074 1624285676.890116 1.032
3.026634454727173 1624285676.90519 1.032
3.026634454727173 1624285676.920214 1.032
3.6319613456726074 1624285676.935079 1.032
3.6319613456726074 1624285676.95014 1.032
3.6319613456726074 1624285676.96518 1.032
3.026634454727173 1624285676.980223 1.032
3.026634454727173 1624285676.995102 1.032
3.026634454727173 1624285677.010011 1.032
3.6319613456726074 1624285677.025139 1.032
3.6319613456726074 1624285677.040135 1.032
3.026634454727173 1624285677.055024 1.032
3.026634454727173 1624285677.070065 1.032
3.6319613456726074 1624285677.085119 1.032
3.6319613456726074 1624285677.100186 1.032
3.6319613456726074 1624285677.115022 1.032
3.026634454727173 1624285677.130141 1.032
3.026634454727173 1624285677.145182 1.032
3.026634454727173 1624285677.160153 1.032
