10.365854263305664 1624285407.868981 0.432
10.365854263305664 1624285407.883806 0.432
10.97560977935791 1624285407.898882 0.432
10.97560977935791 1624285407.913884 0.432
10.365854263305664 1624285407.928979 0.432
10.365854263305664 1624285407.943951 0.432
10.365854263305664 1624285407.958831 0.432
10.365854263305664 1624285407.973719 0.432
10.365854263305664 1624285407.988876 0.432
10.365854263305664 1624285408.003894 0.432
10.365854263305664 1624285408.018716 0.432
10.365854263305664 1624285408.033763 0.432
10.365854263305664 1624285408.048822 0.432
10.365854263305664 1624285408.063797 0.432
10.97560977935791 1624285408.078894 0.432
10.365854263305664 1624285408.093813 0.432
10.365854263305664 1624285408.108806 0.432
10.365854263305664 1624285408.123854 0.432
10.365854263305664 1624285408.138895 0.432
10.365854263305664 1624285408.153705 0.432
10.365854263305664 1624285408.168641 0.432
10.365854263305664 1624285408.183642 0.432
10.365854263305664 1624285408.198667 0.432
10.97560977935791 1624285408.213747 0.432
10.365854263305664 1624285408.228623 0.432
10.365854263305664 1624285408.243636 0.432
10.365854263305664 1624285408.258652 0.432
10.365854263305664 1624285408.27373 0.432
10.365854263305664 1624285408.288639 0.432
10.365854263305664 1624285408.303701 0.432
10.365854263305664 1624285408.318698 0.432
10.365854263305664 1624285408.333795 0.432
10.97560977935791 1624285408.348831 0.432
10.365854263305664 1624285408.363764 0.432
10.365854263305664 1624285408.37873 0.432
10.365854263305664 1624285408.393738 0.432
10.365854263305664 1624285408.408747 0.432
10.365854263305664 1624285408.42365 0.432
10.365854263305664 1624285408.438693 0.432
10.365854263305664 1624285408.453781 0.432
10.365854263305664 1624285408.468791 0.432
10.365854263305664 1624285408.483837 0.432
10.365854263305664 1624285408.498675 0.432
10.365854263305664 1624285408.513679 0.432
10.365854263305664 1624285408.528695 0.432
10.365854263305664 1624285408.543655 0.432
10.365854263305664 1624285408.558623 0.432
10.365854263305664 1624285408.573546 0.432
10.365854263305664 1624285408.588614 0.432
10.365854263305664 1624285408.603665 0.432
10.365854263305664 1624285408.618679 0.432
10.365854263305664 1624285408.633531 0.432
10.97560977935791 1624285408.648559 0.432
10.365854263305664 1624285408.663556 0.432
10.365854263305664 1624285408.678609 0.432
10.365854263305664 1624285408.693724 0.432
10.365854263305664 1624285408.708575 0.432
10.365854263305664 1624285408.723654 0.432
10.97560977935791 1624285408.738685 0.432
10.365854263305664 1624285408.753714 0.432
10.365854263305664 1624285408.768571 0.432
10.365854263305664 1624285408.783597 0.432
10.365854263305664 1624285408.798569 0.432
10.365854263305664 1624285408.813582 0.432
10.365854263305664 1624285408.828668 0.432
10.365854263305664 1624285408.843551 0.432
10.365854263305664 1624285408.858491 0.432
10.365854263305664 1624285408.873568 0.432
10.365854263305664 1624285408.888608 0.432
10.365854263305664 1624285408.903701 0.432
10.365854263305664 1624285408.918534 0.432
10.365854263305664 1624285408.933588 0.432
10.365854263305664 1624285408.94859 0.432
10.365854263305664 1624285408.963665 0.432
10.365854263305664 1624285408.978471 0.432
10.365854263305664 1624285408.993493 0.432
10.365854263305664 1624285409.008519 0.432
10.365854263305664 1624285409.023516 0.432
10.365854263305664 1624285409.038621 0.432
10.365854263305664 1624285409.053476 0.432
10.365854263305664 1624285409.068581 0.432
10.365854263305664 1624285409.083553 0.432
10.365854263305664 1624285409.098639 0.432
10.365854263305664 1624285409.113497 0.432
10.365854263305664 1624285409.128523 0.432
10.365854263305664 1624285409.143547 0.432
10.365854263305664 1624285409.158522 0.432
10.365854263305664 1624285409.173551 0.432
10.365854263305664 1624285409.188532 0.432
10.365854263305664 1624285409.203526 0.432
10.365854263305664 1624285409.218514 0.432
10.365854263305664 1624285409.233593 0.432
10.365854263305664 1624285409.248446 0.432
10.365854263305664 1624285409.263457 0.432
10.365854263305664 1624285409.278516 0.432
10.365854263305664 1624285409.293491 0.432
10.365854263305664 1624285409.30839 0.432
10.365854263305664 1624285409.323424 0.432
10.365854263305664 1624285409.338528 0.432
10.365854263305664 1624285409.353549 0.432
10.365854263305664 1624285409.368551 0.432
10.365854263305664 1624285409.383488 0.432
10.365854263305664 1624285409.398407 0.432
10.365854263305664 1624285409.413503 0.432
10.365854263305664 1624285409.428463 0.432
10.365854263305664 1624285409.443292 0.432
10.365854263305664 1624285409.458344 0.432
10.365854263305664 1624285409.473337 0.432
10.365854263305664 1624285409.488435 0.432
10.365854263305664 1624285409.503578 0.432
10.365854263305664 1624285409.518257 0.432
10.365854263305664 1624285409.533402 0.432
10.365854263305664 1624285409.548405 0.432
10.365854263305664 1624285409.563501 0.432
10.365854263305664 1624285409.578269 0.432
10.365854263305664 1624285409.593386 0.432
10.365854263305664 1624285409.608348 0.432
10.365854263305664 1624285409.623346 0.432
10.365854263305664 1624285409.638454 0.432
10.365854263305664 1624285409.653427 0.432
10.365854263305664 1624285409.66835 0.432
10.365854263305664 1624285409.683408 0.432
10.365854263305664 1624285409.698354 0.432
10.365854263305664 1624285409.713294 0.432
10.365854263305664 1624285409.728282 0.432
10.365854263305664 1624285409.743326 0.432
10.365854263305664 1624285409.758308 0.432
10.365854263305664 1624285409.773194 0.432
10.365854263305664 1624285409.788248 0.432
10.365854263305664 1624285409.803272 0.432
10.365854263305664 1624285409.818287 0.432
10.365854263305664 1624285409.833209 0.432
10.365854263305664 1624285409.848214 0.432
10.365854263305664 1624285409.863243 0.432
10.365854263305664 1624285409.878333 0.432
10.365854263305664 1624285409.893356 0.432
10.365854263305664 1624285409.908241 0.432
10.365854263305664 1624285409.923234 0.432
10.365854263305664 1624285409.938295 0.432
10.365854263305664 1624285409.953353 0.432
10.365854263305664 1624285409.968189 0.432
10.365854263305664 1624285409.983256 0.432
10.365854263305664 1624285409.998241 0.432
10.365854263305664 1624285410.01328 0.432
10.365854263305664 1624285410.028147 0.432
10.365854263305664 1624285410.043236 0.432
10.365854263305664 1624285410.05826 0.432
10.365854263305664 1624285410.073246 0.432
10.365854263305664 1624285410.088345 0.432
10.365854263305664 1624285410.103175 0.432
10.365854263305664 1624285410.118146 0.432
10.365854263305664 1624285410.133178 0.432
10.365854263305664 1624285410.148216 0.432
10.365854263305664 1624285410.163135 0.432
10.365854263305664 1624285410.178194 0.432
10.365854263305664 1624285410.19318 0.432
10.365854263305664 1624285410.208196 0.432
10.365854263305664 1624285410.223166 0.432
10.365854263305664 1624285410.2382 0.432
10.365854263305664 1624285410.253166 0.432
10.365854263305664 1624285410.268289 0.432
10.365854263305664 1624285410.283178 0.432
10.365854263305664 1624285410.298171 0.432
10.365854263305664 1624285410.313151 0.432
10.365854263305664 1624285410.328232 0.432
10.365854263305664 1624285410.343084 0.432
10.365854263305664 1624285410.358155 0.432
10.365854263305664 1624285410.373105 0.432
10.365854263305664 1624285410.38817 0.432
10.365854263305664 1624285410.403269 0.432
10.365854263305664 1624285410.418077 0.432
10.365854263305664 1624285410.433096 0.432
10.365854263305664 1624285410.448156 0.432
10.365854263305664 1624285410.463173 0.432
10.365854263305664 1624285410.478022 0.432
10.365854263305664 1624285410.493081 0.432
10.365854263305664 1624285410.508127 0.432
10.365854263305664 1624285410.523099 0.432
10.365854263305664 1624285410.538006 0.432
10.365854263305664 1624285410.553089 0.432
10.365854263305664 1624285410.568085 0.432
10.365854263305664 1624285410.583051 0.432
10.365854263305664 1624285410.598087 0.432
10.365854263305664 1624285410.613048 0.432
10.365854263305664 1624285410.628101 0.432
10.365854263305664 1624285410.643016 0.432
10.365854263305664 1624285410.658005 0.432
10.365854263305664 1624285410.672878 0.432
10.365854263305664 1624285410.68801 0.432
10.365854263305664 1624285410.703 0.432
10.365854263305664 1624285410.71809 0.432
10.365854263305664 1624285410.733145 0.432
10.365854263305664 1624285410.74797 0.432
10.365854263305664 1624285410.76295 0.432
10.365854263305664 1624285410.778088 0.432
10.365854263305664 1624285410.793101 0.432
10.365854263305664 1624285410.807927 0.432
10.365854263305664 1624285410.823027 0.432
10.365854263305664 1624285410.83799 0.432
10.365854263305664 1624285410.853053 0.432
10.365854263305664 1624285410.867875 0.432
10.365854263305664 1624285410.882919 0.432
10.365854263305664 1624285410.897957 0.432
10.365854263305664 1624285410.91303 0.432
10.365854263305664 1624285410.92784 0.432
10.365854263305664 1624285410.942919 0.432
10.365854263305664 1624285410.957993 0.432
10.365854263305664 1624285410.972994 0.432
10.365854263305664 1624285410.987866 0.432
10.365854263305664 1624285411.002937 0.432
10.365854263305664 1624285411.017998 0.432
10.365854263305664 1624285411.032935 0.432
10.365854263305664 1624285411.047852 0.432
10.365854263305664 1624285411.062877 0.432
10.365854263305664 1624285411.077987 0.432
10.365854263305664 1624285411.092958 0.432
10.365854263305664 1624285411.107833 0.432
10.365854263305664 1624285411.122844 0.432
10.365854263305664 1624285411.137898 0.432
10.365854263305664 1624285411.152942 0.432
10.365854263305664 1624285411.167815 0.432
10.365854263305664 1624285411.182819 0.432
10.365854263305664 1624285411.197925 0.432
10.365854263305664 1624285411.212982 0.432
10.365854263305664 1624285411.227798 0.432
10.365854263305664 1624285411.242847 0.432
10.365854263305664 1624285411.257915 0.432
10.365854263305664 1624285411.272966 0.432
10.365854263305664 1624285411.287822 0.432
10.365854263305664 1624285411.302879 0.432
10.365854263305664 1624285411.317861 0.432
10.365854263305664 1624285411.332873 0.432
10.365854263305664 1624285411.347821 0.432
10.365854263305664 1624285411.362772 0.432
10.365854263305664 1624285411.377841 0.432
10.365854263305664 1624285411.392857 0.432
10.365854263305664 1624285411.40775 0.432
10.365854263305664 1624285411.422836 0.432
10.365854263305664 1624285411.437842 0.432
10.365854263305664 1624285411.452946 0.432
10.365854263305664 1624285411.467797 0.432
10.365854263305664 1624285411.482812 0.432
10.365854263305664 1624285411.497872 0.432
10.365854263305664 1624285411.512854 0.432
10.365854263305664 1624285411.527673 0.432
10.365854263305664 1624285411.542658 0.432
10.365854263305664 1624285411.557705 0.432
10.365854263305664 1624285411.572866 0.432
10.365854263305664 1624285411.587596 0.432
10.365854263305664 1624285411.602757 0.432
10.365854263305664 1624285411.61775 0.432
10.365854263305664 1624285411.632783 0.432
10.365854263305664 1624285411.647883 0.432
10.365854263305664 1624285411.662754 0.432
10.365854263305664 1624285411.677782 0.432
10.365854263305664 1624285411.692834 0.432
10.365854263305664 1624285411.707823 0.432
10.365854263305664 1624285411.722696 0.432
10.365854263305664 1624285411.73771 0.432
10.365854263305664 1624285411.752683 0.432
10.365854263305664 1624285411.7677 0.432
10.365854263305664 1624285411.782706 0.432
10.365854263305664 1624285411.797759 0.432
10.365854263305664 1624285411.81276 0.432
10.365854263305664 1624285411.827782 0.432
10.365854263305664 1624285411.842615 0.432
10.365854263305664 1624285411.85773 0.432
10.365854263305664 1624285411.872745 0.432
10.365854263305664 1624285411.887798 0.432
10.365854263305664 1624285411.902668 0.432
10.365854263305664 1624285411.917642 0.432
10.365854263305664 1624285411.932769 0.432
10.365854263305664 1624285411.947683 0.432
10.365854263305664 1624285411.962548 0.432
10.365854263305664 1624285411.977664 0.432
10.365854263305664 1624285411.992633 0.432
10.365854263305664 1624285412.007669 0.432
10.365854263305664 1624285412.022587 0.432
10.365854263305664 1624285412.03762 0.432
10.365854263305664 1624285412.052693 0.432
10.365854263305664 1624285412.067732 0.432
10.365854263305664 1624285412.082611 0.432
10.365854263305664 1624285412.097529 0.432
10.365854263305664 1624285412.112606 0.432
10.365854263305664 1624285412.127655 0.432
10.365854263305664 1624285412.142514 0.432
10.365854263305664 1624285412.157533 0.432
10.365854263305664 1624285412.172582 0.432
10.365854263305664 1624285412.187655 0.432
10.365854263305664 1624285412.202592 0.432
10.365854263305664 1624285412.217545 0.432
10.365854263305664 1624285412.232621 0.432
10.365854263305664 1624285412.247678 0.432
10.365854263305664 1624285412.262745 0.432
10.365854263305664 1624285412.277479 0.432
10.365854263305664 1624285412.292572 0.432
10.365854263305664 1624285412.307603 0.432
10.365854263305664 1624285412.322594 0.432
10.365854263305664 1624285412.337617 0.432
10.365854263305664 1624285412.352514 0.432
10.365854263305664 1624285412.367551 0.432
10.365854263305664 1624285412.382566 0.432
10.365854263305664 1624285412.397563 0.432
10.365854263305664 1624285412.412507 0.432
10.365854263305664 1624285412.427514 0.432
10.365854263305664 1624285412.44246 0.432
10.365854263305664 1624285412.457642 0.432
10.365854263305664 1624285412.472634 0.432
10.365854263305664 1624285412.487491 0.432
10.365854263305664 1624285412.50248 0.432
10.365854263305664 1624285412.517575 0.432
10.365854263305664 1624285412.532586 0.432
10.365854263305664 1624285412.547499 0.432
10.365854263305664 1624285412.562485 0.432
10.365854263305664 1624285412.577522 0.432
10.365854263305664 1624285412.592482 0.432
10.365854263305664 1624285412.607665 0.432
10.365854263305664 1624285412.622501 0.432
10.365854263305664 1624285412.637539 0.432
10.365854263305664 1624285412.652556 0.432
10.365854263305664 1624285412.667556 0.432
10.365854263305664 1624285412.682459 0.432
10.365854263305664 1624285412.697437 0.432
10.365854263305664 1624285412.71244 0.432
10.365854263305664 1624285412.72757 0.432
10.365854263305664 1624285412.742377 0.432
10.365854263305664 1624285412.757471 0.432
10.365854263305664 1624285412.772502 0.432
10.365854263305664 1624285412.787445 0.432
10.365854263305664 1624285412.80238 0.432
10.365854263305664 1624285412.817375 0.432
10.365854263305664 1624285412.832451 0.432
10.365854263305664 1624285412.847504 0.432
10.365854263305664 1624285412.862297 0.432
10.365854263305664 1624285412.87737 0.432
10.365854263305664 1624285412.892582 0.432
10.365854263305664 1624285412.907482 0.432
10.365854263305664 1624285412.922357 0.432
10.365854263305664 1624285412.937278 0.432
10.365854263305664 1624285412.952394 0.432
10.365854263305664 1624285412.967524 0.432
10.365854263305664 1624285412.982273 0.432
10.365854263305664 1624285412.997347 0.432
10.365854263305664 1624285413.01238 0.432
10.365854263305664 1624285413.027361 0.432
10.365854263305664 1624285413.042521 0.432
10.365854263305664 1624285413.057396 0.432
10.365854263305664 1624285413.07237 0.432
10.365854263305664 1624285413.087362 0.432
10.365854263305664 1624285413.102428 0.432
10.365854263305664 1624285413.117283 0.432
10.365854263305664 1624285413.132334 0.432
10.365854263305664 1624285413.14731 0.432
10.365854263305664 1624285413.162351 0.432
10.365854263305664 1624285413.177129 0.432
10.365854263305664 1624285413.192302 0.432
10.365854263305664 1624285413.207313 0.432
10.365854263305664 1624285413.222328 0.432
10.365854263305664 1624285413.2372 0.432
10.365854263305664 1624285413.25231 0.432
10.365854263305664 1624285413.267316 0.432
10.365854263305664 1624285413.282386 0.432
10.365854263305664 1624285413.297212 0.432
10.365854263305664 1624285413.312241 0.432
10.365854263305664 1624285413.327216 0.432
10.365854263305664 1624285413.342382 0.432
10.365854263305664 1624285413.357442 0.432
10.365854263305664 1624285413.372215 0.432
10.365854263305664 1624285413.387223 0.432
10.365854263305664 1624285413.402295 0.432
10.365854263305664 1624285413.417331 0.432
10.365854263305664 1624285413.432223 0.432
10.365854263305664 1624285413.447277 0.432
10.365854263305664 1624285413.462246 0.432
10.365854263305664 1624285413.477295 0.432
10.365854263305664 1624285413.492131 0.432
10.365854263305664 1624285413.507273 0.432
10.365854263305664 1624285413.522271 0.432
10.365854263305664 1624285413.537309 0.432
10.365854263305664 1624285413.552166 0.432
10.365854263305664 1624285413.567204 0.432
10.365854263305664 1624285413.5822 0.432
10.365854263305664 1624285413.597178 0.432
10.365854263305664 1624285413.61216 0.432
10.365854263305664 1624285413.627064 0.432
10.365854263305664 1624285413.64209 0.432
10.365854263305664 1624285413.657098 0.432
10.365854263305664 1624285413.672169 0.432
10.365854263305664 1624285413.68705 0.432
10.365854263305664 1624285413.7022 0.432
10.365854263305664 1624285413.717211 0.432
10.365854263305664 1624285413.732204 0.432
10.365854263305664 1624285413.747003 0.432
10.365854263305664 1624285413.762035 0.432
10.365854263305664 1624285413.777068 0.432
10.365854263305664 1624285413.792073 0.432
10.365854263305664 1624285413.807047 0.432
10.365854263305664 1624285413.822134 0.432
10.365854263305664 1624285413.837024 0.432
10.365854263305664 1624285413.852044 0.432
10.365854263305664 1624285413.867093 0.432
10.365854263305664 1624285413.881946 0.432
10.365854263305664 1624285413.897036 0.432
10.365854263305664 1624285413.912069 0.432
10.365854263305664 1624285413.927114 0.432
10.365854263305664 1624285413.941982 0.432
10.365854263305664 1624285413.957113 0.432
10.365854263305664 1624285413.972116 0.432
10.365854263305664 1624285413.987134 0.432
10.365854263305664 1624285414.002015 0.432
10.365854263305664 1624285414.017028 0.432
10.365854263305664 1624285414.032098 0.432
10.365854263305664 1624285414.047175 0.432
10.365854263305664 1624285414.061989 0.432
10.365854263305664 1624285414.077064 0.432
10.365854263305664 1624285414.092082 0.432
10.365854263305664 1624285414.107086 0.432
10.365854263305664 1624285414.122168 0.432
10.365854263305664 1624285414.136961 0.432
10.365854263305664 1624285414.152029 0.432
10.365854263305664 1624285414.16708 0.432
10.365854263305664 1624285414.182055 0.432
10.365854263305664 1624285414.196884 0.432
10.365854263305664 1624285414.211923 0.432
10.365854263305664 1624285414.226985 0.432
10.365854263305664 1624285414.242086 0.432
10.365854263305664 1624285414.25688 0.432
10.365854263305664 1624285414.271984 0.432
10.365854263305664 1624285414.287037 0.432
10.365854263305664 1624285414.301997 0.432
10.365854263305664 1624285414.31697 0.432
10.365854263305664 1624285414.331975 0.432
10.365854263305664 1624285414.346997 0.432
10.365854263305664 1624285414.362038 0.432
10.365854263305664 1624285414.376884 0.432
10.365854263305664 1624285414.391902 0.432
10.365854263305664 1624285414.406911 0.432
10.365854263305664 1624285414.422027 0.432
10.365854263305664 1624285414.436999 0.432
10.365854263305664 1624285414.451819 0.432
10.365854263305664 1624285414.466992 0.432
10.365854263305664 1624285414.481944 0.432
10.365854263305664 1624285414.497066 0.432
10.365854263305664 1624285414.511884 0.432
10.365854263305664 1624285414.526911 0.432
10.365854263305664 1624285414.541976 0.432
10.365854263305664 1624285414.556933 0.432
10.365854263305664 1624285414.57184 0.432
10.365854263305664 1624285414.586869 0.432
10.365854263305664 1624285414.601941 0.432
10.365854263305664 1624285414.616991 0.432
10.365854263305664 1624285414.631836 0.432
10.365854263305664 1624285414.646794 0.432
10.365854263305664 1624285414.661852 0.432
10.365854263305664 1624285414.676874 0.432
10.365854263305664 1624285414.691884 0.432
10.365854263305664 1624285414.706825 0.432
10.365854263305664 1624285414.72182 0.432
10.365854263305664 1624285414.736854 0.432
10.365854263305664 1624285414.751907 0.432
10.365854263305664 1624285414.766709 0.432
10.365854263305664 1624285414.781849 0.432
10.365854263305664 1624285414.79684 0.432
10.365854263305664 1624285414.811868 0.432
10.365854263305664 1624285414.826868 0.432
10.365854263305664 1624285414.841756 0.432
10.365854263305664 1624285414.856846 0.432
10.365854263305664 1624285414.871784 0.432
10.365854263305664 1624285414.886856 0.432
10.365854263305664 1624285414.901718 0.432
10.365854263305664 1624285414.916814 0.432
10.365854263305664 1624285414.931839 0.432
10.365854263305664 1624285414.946874 0.432
10.365854263305664 1624285414.961873 0.432
10.365854263305664 1624285414.976745 0.432
10.365854263305664 1624285414.991764 0.432
10.365854263305664 1624285415.006899 0.432
10.365854263305664 1624285415.02194 0.432
10.365854263305664 1624285415.036715 0.432
10.365854263305664 1624285415.05182 0.432
10.365854263305664 1624285415.066844 0.432
10.365854263305664 1624285415.081772 0.432
10.365854263305664 1624285415.096674 0.432
10.365854263305664 1624285415.111773 0.432
10.365854263305664 1624285415.126835 0.432
10.365854263305664 1624285415.141841 0.432
10.365854263305664 1624285415.156658 0.432
10.365854263305664 1624285415.171636 0.432
10.365854263305664 1624285415.186633 0.432
10.365854263305664 1624285415.201734 0.432
10.365854263305664 1624285415.216676 0.432
10.365854263305664 1624285415.231722 0.432
10.365854263305664 1624285415.246737 0.432
10.365854263305664 1624285415.261801 0.432
10.365854263305664 1624285415.276634 0.432
10.365854263305664 1624285415.291732 0.432
10.365854263305664 1624285415.306735 0.432
10.365854263305664 1624285415.321782 0.432
10.365854263305664 1624285415.336779 0.432
10.365854263305664 1624285415.351722 0.432
10.365854263305664 1624285415.366691 0.432
10.365854263305664 1624285415.381735 0.432
10.365854263305664 1624285415.396772 0.432
10.365854263305664 1624285415.411712 0.432
10.365854263305664 1624285415.426674 0.432
10.365854263305664 1624285415.441741 0.432
10.365854263305664 1624285415.456719 0.432
10.365854263305664 1624285415.471535 0.432
10.365854263305664 1624285415.486616 0.432
10.365854263305664 1624285415.501636 0.432
10.365854263305664 1624285415.516732 0.432
10.365854263305664 1624285415.531666 0.432
10.365854263305664 1624285415.546472 0.432
10.365854263305664 1624285415.561568 0.432
10.365854263305664 1624285415.576591 0.432
10.365854263305664 1624285415.591653 0.432
10.365854263305664 1624285415.606518 0.432
10.365854263305664 1624285415.621595 0.432
10.365854263305664 1624285415.636514 0.432
10.365854263305664 1624285415.651543 0.432
10.365854263305664 1624285415.666516 0.432
10.365854263305664 1624285415.681505 0.432
10.365854263305664 1624285415.696541 0.432
10.365854263305664 1624285415.711641 0.432
10.365854263305664 1624285415.726652 0.432
10.365854263305664 1624285415.741549 0.432
10.365854263305664 1624285415.756613 0.432
10.365854263305664 1624285415.771574 0.432
10.365854263305664 1624285415.78669 0.432
10.365854263305664 1624285415.801505 0.432
10.365854263305664 1624285415.816553 0.432
10.365854263305664 1624285415.831593 0.432
10.365854263305664 1624285415.846623 0.432
10.365854263305664 1624285415.861467 0.432
10.365854263305664 1624285415.876496 0.432
10.365854263305664 1624285415.891523 0.432
10.365854263305664 1624285415.906572 0.432
10.365854263305664 1624285415.921418 0.432
10.365854263305664 1624285415.936423 0.432
10.365854263305664 1624285415.951502 0.432
10.365854263305664 1624285415.966536 0.432
10.365854263305664 1624285415.981423 0.432
10.365854263305664 1624285415.99643 0.432
10.365854263305664 1624285416.011462 0.432
10.365854263305664 1624285416.026499 0.432
10.365854263305664 1624285416.041574 0.432
10.365854263305664 1624285416.056468 0.432
10.365854263305664 1624285416.071463 0.432
10.365854263305664 1624285416.086535 0.432
10.365854263305664 1624285416.101526 0.432
10.365854263305664 1624285416.11647 0.432
10.365854263305664 1624285416.131424 0.432
10.365854263305664 1624285416.146476 0.432
10.365854263305664 1624285416.161552 0.432
10.365854263305664 1624285416.176347 0.432
10.365854263305664 1624285416.191413 0.432
10.365854263305664 1624285416.206375 0.432
10.365854263305664 1624285416.221429 0.432
10.365854263305664 1624285416.236377 0.432
10.365854263305664 1624285416.251412 0.432
10.365854263305664 1624285416.266497 0.432
10.365854263305664 1624285416.281515 0.432
10.365854263305664 1624285416.296508 0.432
10.365854263305664 1624285416.31139 0.432
10.365854263305664 1624285416.326341 0.432
10.365854263305664 1624285416.34146 0.432
10.365854263305664 1624285416.356484 0.432
10.365854263305664 1624285416.371336 0.432
10.365854263305664 1624285416.386405 0.432
10.365854263305664 1624285416.401409 0.432
10.365854263305664 1624285416.416502 0.432
10.365854263305664 1624285416.43131 0.432
10.365854263305664 1624285416.446391 0.432
10.365854263305664 1624285416.461374 0.432
10.365854263305664 1624285416.476348 0.432
10.365854263305664 1624285416.491273 0.432
10.365854263305664 1624285416.506287 0.432
10.365854263305664 1624285416.52137 0.432
10.365854263305664 1624285416.536417 0.432
10.365854263305664 1624285416.551392 0.432
10.365854263305664 1624285416.566287 0.432
10.365854263305664 1624285416.581245 0.432
10.365854263305664 1624285416.596349 0.432
10.365854263305664 1624285416.611398 0.432
10.365854263305664 1624285416.626322 0.432
10.365854263305664 1624285416.641284 0.432
10.365854263305664 1624285416.656364 0.432
10.365854263305664 1624285416.671355 0.432
10.365854263305664 1624285416.686246 0.432
10.365854263305664 1624285416.701311 0.432
10.365854263305664 1624285416.716315 0.432
10.365854263305664 1624285416.731331 0.432
10.365854263305664 1624285416.746218 0.432
10.365854263305664 1624285416.761231 0.432
10.365854263305664 1624285416.776328 0.432
10.365854263305664 1624285416.791335 0.432
10.365854263305664 1624285416.806192 0.432
10.365854263305664 1624285416.821211 0.432
10.365854263305664 1624285416.83625 0.432
10.365854263305664 1624285416.851285 0.432
10.365854263305664 1624285416.866271 0.432
10.365854263305664 1624285416.881161 0.432
10.365854263305664 1624285416.896137 0.432
10.365854263305664 1624285416.91121 0.432
10.365854263305664 1624285416.926034 0.432
10.365854263305664 1624285416.941083 0.432
10.365854263305664 1624285416.956203 0.432
10.365854263305664 1624285416.971314 0.432
10.365854263305664 1624285416.986309 0.432
10.365854263305664 1624285417.001204 0.432
10.365854263305664 1624285417.016194 0.432
10.365854263305664 1624285417.031246 0.432
10.365854263305664 1624285417.046261 0.432
10.365854263305664 1624285417.061142 0.432
10.365854263305664 1624285417.076191 0.432
10.365854263305664 1624285417.091229 0.432
10.365854263305664 1624285417.106181 0.432
10.365854263305664 1624285417.121086 0.432
10.365854263305664 1624285417.136026 0.432
10.365854263305664 1624285417.151244 0.432
10.365854263305664 1624285417.166163 0.432
10.365854263305664 1624285417.181045 0.432
10.365854263305664 1624285417.196047 0.432
10.365854263305664 1624285417.211103 0.432
10.365854263305664 1624285417.226175 0.432
10.365854263305664 1624285417.241243 0.432
10.365854263305664 1624285417.256098 0.432
10.365854263305664 1624285417.271098 0.432
10.365854263305664 1624285417.286178 0.432
10.365854263305664 1624285417.300973 0.432
10.365854263305664 1624285417.316119 0.432
10.365854263305664 1624285417.331087 0.432
10.365854263305664 1624285417.346162 0.432
10.365854263305664 1624285417.361203 0.432
10.365854263305664 1624285417.376033 0.432
10.365854263305664 1624285417.391134 0.432
10.365854263305664 1624285417.4061 0.432
10.365854263305664 1624285417.421182 0.432
10.365854263305664 1624285417.436028 0.432
10.365854263305664 1624285417.45107 0.432
10.365854263305664 1624285417.466123 0.432
10.365854263305664 1624285417.481141 0.432
10.365854263305664 1624285417.495989 0.432
10.365854263305664 1624285417.510972 0.432
10.365854263305664 1624285417.526085 0.432
10.365854263305664 1624285417.541064 0.432
10.365854263305664 1624285417.556041 0.432
10.365854263305664 1624285417.570961 0.432
10.365854263305664 1624285417.586069 0.432
10.365854263305664 1624285417.601045 0.432
10.365854263305664 1624285417.616099 0.432
10.365854263305664 1624285417.630961 0.432
10.365854263305664 1624285417.645983 0.432
10.365854263305664 1624285417.661043 0.432
10.365854263305664 1624285417.67597 0.432
10.365854263305664 1624285417.690843 0.432
10.365854263305664 1624285417.705864 0.432
10.365854263305664 1624285417.72094 0.432
10.365854263305664 1624285417.735995 0.432
10.365854263305664 1624285417.751054 0.432
10.365854263305664 1624285417.765847 0.432
10.365854263305664 1624285417.780859 0.432
10.365854263305664 1624285417.795997 0.432
10.365854263305664 1624285417.811054 0.432
10.365854263305664 1624285417.825954 0.432
10.365854263305664 1624285417.840996 0.432
10.365854263305664 1624285417.855892 0.432
10.365854263305664 1624285417.871019 0.432
10.365854263305664 1624285417.885861 0.432
10.365854263305664 1624285417.900881 0.432
10.365854263305664 1624285417.915961 0.432
10.365854263305664 1624285417.930997 0.432
10.365854263305664 1624285417.945897 0.432
10.365854263305664 1624285417.960838 0.432
10.365854263305664 1624285417.975973 0.432
10.365854263305664 1624285417.990981 0.432
10.365854263305664 1624285418.005848 0.432
10.365854263305664 1624285418.020891 0.432
10.365854263305664 1624285418.035911 0.432
10.365854263305664 1624285418.050995 0.432
10.365854263305664 1624285418.065835 0.432
10.365854263305664 1624285418.080854 0.432
10.365854263305664 1624285418.095838 0.432
10.365854263305664 1624285418.110974 0.432
10.365854263305664 1624285418.125737 0.432
10.365854263305664 1624285418.140737 0.432
9.756097793579102 1624285418.155764 0.432
10.365854263305664 1624285418.17081 0.432
10.365854263305664 1624285418.185632 0.432
10.365854263305664 1624285418.20075 0.432
10.365854263305664 1624285418.215755 0.432
10.365854263305664 1624285418.23078 0.432
10.365854263305664 1624285418.245633 0.432
10.365854263305664 1624285418.26072 0.432
10.365854263305664 1624285418.275787 0.432
10.365854263305664 1624285418.290798 0.432
10.365854263305664 1624285418.305674 0.432
10.365854263305664 1624285418.320798 0.432
10.365854263305664 1624285418.335806 0.432
10.365854263305664 1624285418.350846 0.432
10.365854263305664 1624285418.365911 0.432
10.365854263305664 1624285418.380797 0.432
10.365854263305664 1624285418.395812 0.432
10.365854263305664 1624285418.410844 0.432
10.365854263305664 1624285418.425852 0.432
10.365854263305664 1624285418.440735 0.432
10.365854263305664 1624285418.455747 0.432
10.365854263305664 1624285418.470837 0.432
10.365854263305664 1624285418.485909 0.432
10.365854263305664 1624285418.500755 0.432
10.365854263305664 1624285418.515722 0.432
10.365854263305664 1624285418.530778 0.432
10.365854263305664 1624285418.545847 0.432
10.365854263305664 1624285418.560691 0.432
10.365854263305664 1624285418.57573 0.432
10.365854263305664 1624285418.590754 0.432
10.365854263305664 1624285418.605746 0.432
10.365854263305664 1624285418.620725 0.432
10.365854263305664 1624285418.635669 0.432
10.365854263305664 1624285418.650746 0.432
10.365854263305664 1624285418.665845 0.432
10.365854263305664 1624285418.680652 0.432
10.365854263305664 1624285418.695668 0.432
10.365854263305664 1624285418.710759 0.432
10.365854263305664 1624285418.7257 0.432
10.365854263305664 1624285418.740595 0.432
10.365854263305664 1624285418.755736 0.432
10.365854263305664 1624285418.770733 0.432
10.365854263305664 1624285418.785778 0.432
10.365854263305664 1624285418.800612 0.432
10.365854263305664 1624285418.815688 0.432
10.365854263305664 1624285418.83072 0.432
10.365854263305664 1624285418.845696 0.432
10.365854263305664 1624285418.860629 0.432
10.365854263305664 1624285418.875681 0.432
10.365854263305664 1624285418.890662 0.432
10.365854263305664 1624285418.905658 0.432
10.365854263305664 1624285418.920537 0.432
10.365854263305664 1624285418.935578 0.432
10.365854263305664 1624285418.950704 0.432
10.365854263305664 1624285418.965717 0.432
10.365854263305664 1624285418.98068 0.432
10.365854263305664 1624285418.995587 0.432
10.365854263305664 1624285419.010603 0.432
10.365854263305664 1624285419.025677 0.432
10.365854263305664 1624285419.040744 0.432
10.365854263305664 1624285419.055557 0.432
10.365854263305664 1624285419.070601 0.432
10.365854263305664 1624285419.085624 0.432
10.365854263305664 1624285419.100675 0.432
9.756097793579102 1624285419.115533 0.432
10.365854263305664 1624285419.130606 0.432
10.365854263305664 1624285419.145612 0.432
10.365854263305664 1624285419.160568 0.432
10.365854263305664 1624285419.175391 0.432
10.365854263305664 1624285419.19044 0.432
10.365854263305664 1624285419.205593 0.432
10.365854263305664 1624285419.220621 0.432
10.365854263305664 1624285419.235677 0.432
10.365854263305664 1624285419.2505 0.432
10.365854263305664 1624285419.265465 0.432
10.365854263305664 1624285419.280546 0.432
10.365854263305664 1624285419.295592 0.432
10.365854263305664 1624285419.310509 0.432
10.365854263305664 1624285419.325517 0.432
10.365854263305664 1624285419.340533 0.432
10.365854263305664 1624285419.35553 0.432
10.365854263305664 1624285419.37047 0.432
10.365854263305664 1624285419.385443 0.432
10.365854263305664 1624285419.400491 0.432
10.365854263305664 1624285419.415492 0.432
10.365854263305664 1624285419.43054 0.432
10.365854263305664 1624285419.445495 0.432
10.365854263305664 1624285419.460458 0.432
10.365854263305664 1624285419.475524 0.432
10.365854263305664 1624285419.4905 0.432
10.365854263305664 1624285419.505325 0.432
10.365854263305664 1624285419.520445 0.432
10.365854263305664 1624285419.535509 0.432
9.756097793579102 1624285419.550539 0.432
10.365854263305664 1624285419.565419 0.432
10.365854263305664 1624285419.580467 0.432
10.365854263305664 1624285419.595479 0.432
10.365854263305664 1624285419.610499 0.432
10.365854263305664 1624285419.625477 0.432
10.365854263305664 1624285419.640355 0.432
10.365854263305664 1624285419.655402 0.432
10.365854263305664 1624285419.670398 0.432
10.365854263305664 1624285419.685521 0.432
10.365854263305664 1624285419.700322 0.432
10.365854263305664 1624285419.715396 0.432
10.365854263305664 1624285419.730456 0.432
10.365854263305664 1624285419.745487 0.432
10.365854263305664 1624285419.76032 0.432
10.365854263305664 1624285419.775377 0.432
10.365854263305664 1624285419.790341 0.432
10.365854263305664 1624285419.805496 0.432
10.365854263305664 1624285419.82027 0.432
10.365854263305664 1624285419.835332 0.432
9.756097793579102 1624285419.850499 0.432
10.365854263305664 1624285419.865447 0.432
10.365854263305664 1624285419.88022 0.432
10.365854263305664 1624285419.895317 0.432
10.365854263305664 1624285419.910419 0.432
10.365854263305664 1624285419.925471 0.432
10.365854263305664 1624285419.940304 0.432
10.365854263305664 1624285419.955359 0.432
10.365854263305664 1624285419.970396 0.432
10.365854263305664 1624285419.985332 0.432
10.365854263305664 1624285420.000273 0.432
10.365854263305664 1624285420.015319 0.432
10.365854263305664 1624285420.030252 0.432
10.365854263305664 1624285420.045456 0.432
10.365854263305664 1624285420.060322 0.432
9.756097793579102 1624285420.075282 0.432
10.365854263305664 1624285420.090357 0.432
10.365854263305664 1624285420.105209 0.432
10.365854263305664 1624285420.120281 0.432
10.365854263305664 1624285420.135316 0.432
10.365854263305664 1624285420.150358 0.432
10.365854263305664 1624285420.165312 0.432
10.365854263305664 1624285420.180236 0.432
10.365854263305664 1624285420.19527 0.432
10.365854263305664 1624285420.21023 0.432
10.365854263305664 1624285420.225356 0.432
10.365854263305664 1624285420.24024 0.432
10.365854263305664 1624285420.255256 0.432
10.365854263305664 1624285420.270303 0.432
10.365854263305664 1624285420.285359 0.432
10.365854263305664 1624285420.300172 0.432
10.365854263305664 1624285420.315193 0.432
10.365854263305664 1624285420.330301 0.432
10.365854263305664 1624285420.345331 0.432
10.365854263305664 1624285420.360128 0.432
10.365854263305664 1624285420.375248 0.432
10.365854263305664 1624285420.39019 0.432
10.365854263305664 1624285420.405248 0.432
10.365854263305664 1624285420.420138 0.432
9.756097793579102 1624285420.435242 0.432
10.365854263305664 1624285420.450232 0.432
10.365854263305664 1624285420.46529 0.432
10.365854263305664 1624285420.480119 0.432
10.365854263305664 1624285420.495172 0.432
10.365854263305664 1624285420.510181 0.432
10.365854263305664 1624285420.525212 0.432
10.365854263305664 1624285420.540242 0.432
10.365854263305664 1624285420.555053 0.432
10.365854263305664 1624285420.570183 0.432
9.756097793579102 1624285420.585229 0.432
10.365854263305664 1624285420.600224 0.432
10.365854263305664 1624285420.615133 0.432
10.365854263305664 1624285420.630172 0.432
10.365854263305664 1624285420.645184 0.432
10.365854263305664 1624285420.660201 0.432
10.365854263305664 1624285420.675089 0.432
10.365854263305664 1624285420.690067 0.432
10.365854263305664 1624285420.705203 0.432
10.365854263305664 1624285420.720199 0.432
10.365854263305664 1624285420.734946 0.432
10.365854263305664 1624285420.750172 0.432
10.365854263305664 1624285420.76512 0.432
10.365854263305664 1624285420.780079 0.432
10.365854263305664 1624285420.79503 0.432
9.756097793579102 1624285420.81013 0.432
10.365854263305664 1624285420.825084 0.432
10.365854263305664 1624285420.840103 0.432
10.365854263305664 1624285420.854948 0.432
10.365854263305664 1624285420.870042 0.432
10.365854263305664 1624285420.884988 0.432
10.365854263305664 1624285420.900134 0.432
10.365854263305664 1624285420.915193 0.432
10.365854263305664 1624285420.930011 0.432
10.365854263305664 1624285420.945105 0.432
10.365854263305664 1624285420.96009 0.432
10.365854263305664 1624285420.975092 0.432
10.365854263305664 1624285420.98993 0.432
10.365854263305664 1624285421.005058 0.432
9.756097793579102 1624285421.02004 0.432
10.365854263305664 1624285421.035082 0.432
10.365854263305664 1624285421.049996 0.432
10.365854263305664 1624285421.065008 0.432
10.365854263305664 1624285421.080042 0.432
10.365854263305664 1624285421.095053 0.432
10.365854263305664 1624285421.109891 0.432
10.365854263305664 1624285421.124966 0.432
10.365854263305664 1624285421.140074 0.432
10.365854263305664 1624285421.155003 0.432
9.756097793579102 1624285421.169892 0.432
10.365854263305664 1624285421.184949 0.432
10.365854263305664 1624285421.199975 0.432
10.365854263305664 1624285421.214939 0.432
10.365854263305664 1624285421.229898 0.432
10.365854263305664 1624285421.244922 0.432
10.365854263305664 1624285421.259976 0.432
10.365854263305664 1624285421.274936 0.432
10.365854263305664 1624285421.289799 0.432
10.365854263305664 1624285421.304938 0.432
9.756097793579102 1624285421.319969 0.432
10.365854263305664 1624285421.335006 0.432
10.365854263305664 1624285421.349925 0.432
10.365854263305664 1624285421.364903 0.432
10.365854263305664 1624285421.37995 0.432
9.756097793579102 1624285421.39501 0.432
10.365854263305664 1624285421.409937 0.432
10.365854263305664 1624285421.424803 0.432
10.365854263305664 1624285421.439812 0.432
10.365854263305664 1624285421.454803 0.432
9.756097793579102 1624285421.469677 0.432
10.365854263305664 1624285421.484756 0.432
10.365854263305664 1624285421.499756 0.432
10.365854263305664 1624285421.514801 0.432
10.365854263305664 1624285421.529687 0.432
10.365854263305664 1624285421.544763 0.432
10.365854263305664 1624285421.559711 0.432
10.365854263305664 1624285421.574797 0.432
10.365854263305664 1624285421.589697 0.432
9.756097793579102 1624285421.604744 0.432
9.756097793579102 1624285421.619833 0.432
10.365854263305664 1624285421.634877 0.432
10.365854263305664 1624285421.649663 0.432
10.365854263305664 1624285421.664783 0.432
10.365854263305664 1624285421.679862 0.432
10.365854263305664 1624285421.694923 0.432
10.365854263305664 1624285421.709764 0.432
10.365854263305664 1624285421.724814 0.432
10.365854263305664 1624285421.739855 0.432
10.365854263305664 1624285421.754858 0.432
10.365854263305664 1624285421.769783 0.432
10.365854263305664 1624285421.784831 0.432
10.365854263305664 1624285421.799832 0.432
10.365854263305664 1624285421.814746 0.432
10.365854263305664 1624285421.829766 0.432
10.365854263305664 1624285421.84471 0.432
10.365854263305664 1624285421.859751 0.432
10.365854263305664 1624285421.874625 0.432
10.365854263305664 1624285421.889694 0.432
10.365854263305664 1624285421.904741 0.432
10.365854263305664 1624285421.919799 0.432
10.365854263305664 1624285421.934618 0.432
10.365854263305664 1624285421.949644 0.432
10.365854263305664 1624285421.964777 0.432
10.365854263305664 1624285421.979855 0.432
10.365854263305664 1624285421.994688 0.432
10.365854263305664 1624285422.009707 0.432
10.365854263305664 1624285422.024671 0.432
9.756097793579102 1624285422.039759 0.432
9.756097793579102 1624285422.054825 0.432
10.365854263305664 1624285422.069704 0.432
10.365854263305664 1624285422.084678 0.432
10.365854263305664 1624285422.099779 0.432
10.365854263305664 1624285422.114781 0.432
9.756097793579102 1624285422.129658 0.432
10.365854263305664 1624285422.144706 0.432
10.365854263305664 1624285422.159706 0.432
10.365854263305664 1624285422.174683 0.432
10.365854263305664 1624285422.189617 0.432
9.756097793579102 1624285422.204628 0.432
10.365854263305664 1624285422.219584 0.432
10.365854263305664 1624285422.234727 0.432
10.365854263305664 1624285422.249641 0.432
10.365854263305664 1624285422.264655 0.432
9.756097793579102 1624285422.279728 0.432
10.365854263305664 1624285422.294707 0.432
10.365854263305664 1624285422.309559 0.432
10.365854263305664 1624285422.324599 0.432
10.365854263305664 1624285422.339662 0.432
9.756097793579102 1624285422.35466 0.432
10.365854263305664 1624285422.369495 0.432
10.365854263305664 1624285422.384529 0.432
10.365854263305664 1624285422.39966 0.432
10.365854263305664 1624285422.414665 0.432
9.756097793579102 1624285422.429614 0.432
10.365854263305664 1624285422.44461 0.432
10.365854263305664 1624285422.459723 0.432
10.365854263305664 1624285422.474643 0.432
10.365854263305664 1624285422.489572 0.432
10.365854263305664 1624285422.504608 0.432
10.365854263305664 1624285422.519603 0.432
10.365854263305664 1624285422.534692 0.432
10.365854263305664 1624285422.549579 0.432
9.756097793579102 1624285422.564607 0.432
10.365854263305664 1624285422.579682 0.432
10.365854263305664 1624285422.594558 0.432
10.365854263305664 1624285422.609482 0.432
10.365854263305664 1624285422.624573 0.432
9.756097793579102 1624285422.639537 0.432
9.756097793579102 1624285422.654598 0.432
10.365854263305664 1624285422.669516 0.432
10.365854263305664 1624285422.684523 0.432
10.365854263305664 1624285422.699577 0.432
10.365854263305664 1624285422.714641 0.432
10.365854263305664 1624285422.729475 0.432
10.365854263305664 1624285422.7445 0.432
10.365854263305664 1624285422.759556 0.432
10.365854263305664 1624285422.774605 0.432
10.365854263305664 1624285422.789376 0.432
10.365854263305664 1624285422.804537 0.432
10.365854263305664 1624285422.819581 0.432
10.365854263305664 1624285422.83462 0.432
10.365854263305664 1624285422.84945 0.432
9.756097793579102 1624285422.86446 0.432
