299.13861083984375 1625228189.222582
298.58935546875 1625228189.229418
298.35552978515625 1625228189.236438
298.1220703125 1625228189.243431
297.88897705078125 1625228189.250263
297.57244873046875 1625228189.257096
297.339599609375 1625228189.264069
296.09375 1625228189.270997
295.86260986328125 1625228189.278054
295.3125 1625228189.284943
295.3125 1625228189.292018
295.08197021484375 1625228189.299088
295.08197021484375 1625228189.306015
295.3125 1625228189.313034
295.3125 1625228189.320023
295.08197021484375 1625228189.327019
296.09375 1625228189.334122
296.55712890625 1625228189.34111
296.09375 1625228189.348112
296.09375 1625228189.354858
296.09375 1625228189.36226
296.875 1625228189.369195
297.1070861816406 1625228189.376295
297.1070861816406 1625228189.383269
297.88897705078125 1625228189.390363
296.32525634765625 1625228189.39747
296.09375 1625228189.404105
295.86260986328125 1625228189.411197
294.53125 1625228189.418244
294.30133056640625 1625228189.425366
293.2917175292969 1625228189.432233
292.5116882324219 1625228189.439277
293.2917175292969 1625228189.446478
293.8425598144531 1625228189.453163
293.2917175292969 1625228189.460251
293.0631408691406 1625228189.467089
293.2917175292969 1625228189.474119
293.0631408691406 1625228189.481007
293.0631408691406 1625228189.488047
293.2917175292969 1625228189.495145
292.2837219238281 1625228189.502039
293.2917175292969 1625228189.509043
293.0631408691406 1625228189.516133
293.0631408691406 1625228189.523135
294.07177734375 1625228189.530099
293.8425598144531 1625228189.537128
293.2917175292969 1625228189.544079
293.2917175292969 1625228189.550978
292.5116882324219 1625228189.558166
293.0631408691406 1625228189.56503
292.2837219238281 1625228189.572128
292.2837219238281 1625228189.579033
292.2837219238281 1625228189.586103
294.07177734375 1625228189.592921
294.07177734375 1625228189.599865
294.30133056640625 1625228189.606828
294.30133056640625 1625228189.614071
294.07177734375 1625228189.621024
294.30133056640625 1625228189.62824
294.30133056640625 1625228189.634925
293.2917175292969 1625228189.64195
293.0631408691406 1625228189.648925
292.5116882324219 1625228189.65594
293.2917175292969 1625228189.662888
295.3125 1625228189.669948
295.3125 1625228189.676932
294.53125 1625228189.683908
294.30133056640625 1625228189.690962
295.86260986328125 1625228189.697894
297.1070861816406 1625228189.704945
297.339599609375 1625228189.711983
298.35552978515625 1625228189.718928
298.35552978515625 1625228189.725891
298.58935546875 1625228189.732896
299.13861083984375 1625228189.739798
299.13861083984375 1625228189.746754
300.15673828125 1625228189.753887
300.15673828125 1625228189.760814
299.92169189453125 1625228189.767748
300.15673828125 1625228189.774788
300.15673828125 1625228189.781869
301.17645263671875 1625228189.788746
301.4128723144531 1625228189.795746
302.19781494140625 1625228189.802846
301.649658203125 1625228189.809847
301.9607849121094 1625228189.81678
301.4128723144531 1625228189.823866
301.9607849121094 1625228189.830843
302.19781494140625 1625228189.837806
300.6279602050781 1625228189.844838
300.15673828125 1625228189.85189
299.13861083984375 1625228189.858822
300.15673828125 1625228189.865812
300.15673828125 1625228189.872847
300.15673828125 1625228189.87986
301.17645263671875 1625228189.886884
302.4351806640625 1625228189.893955
302.4351806640625 1625228189.900834
302.19781494140625 1625228189.907859
302.19781494140625 1625228189.914642
304.00628662109375 1625228189.921831
304.24530029296875 1625228189.928705
303.4591064453125 1625228189.93575
302.6729431152344 1625228189.94268
301.4128723144531 1625228189.949667
300.39215087890625 1625228189.956738
300.15673828125 1625228189.963731
300.39215087890625 1625228189.970767
301.17645263671875 1625228189.977731
300.39215087890625 1625228189.984743
299.13861083984375 1625228189.991772
299.92169189453125 1625228189.998754
297.57244873046875 1625228190.005729
298.1220703125 1625228190.012749
297.1070861816406 1625228190.019915
298.1220703125 1625228190.026745
297.1070861816406 1625228190.033758
297.339599609375 1625228190.040784
297.1070861816406 1625228190.047791
297.88897705078125 1625228190.0548
298.1220703125 1625228190.061787
298.1220703125 1625228190.068771
299.3730163574219 1625228190.075805
298.35552978515625 1625228190.082575
299.13861083984375 1625228190.089635
298.35552978515625 1625228190.096567
299.13861083984375 1625228190.103899
299.3730163574219 1625228190.110692
299.3730163574219 1625228190.117635
300.15673828125 1625228190.124694
299.3730163574219 1625228190.131644
302.19781494140625 1625228190.138713
300.15673828125 1625228190.145697
302.98272705078125 1625228190.152688
303.22076416015625 1625228190.159691
302.9111022949219 1625228190.166695
303.4591064453125 1625228190.173662
304.24530029296875 1625228190.180679
302.6729431152344 1625228190.187736
302.4351806640625 1625228190.194738
302.98272705078125 1625228190.201782
303.22076416015625 1625228190.20873
303.22076416015625 1625228190.215711
302.4351806640625 1625228190.222766
303.22076416015625 1625228190.229688
302.4351806640625 1625228190.236747
303.22076416015625 1625228190.243727
303.4591064453125 1625228190.250702
302.19781494140625 1625228190.257715
301.4128723144531 1625228190.264696
302.4351806640625 1625228190.271527
301.649658203125 1625228190.278557
301.17645263671875 1625228190.285621
302.4351806640625 1625228190.292547
299.3730163574219 1625228190.299548
298.35552978515625 1625228190.306578
297.339599609375 1625228190.313542
296.32525634765625 1625228190.320767
297.1070861816406 1625228190.327596
297.1070861816406 1625228190.334623
296.32525634765625 1625228190.341646
296.09375 1625228190.348624
296.09375 1625228190.355611
295.3125 1625228190.362627
295.08197021484375 1625228190.369744
295.86260986328125 1625228190.376607
296.32525634765625 1625228190.383673
297.1070861816406 1625228190.390687
295.3125 1625228190.397669
295.08197021484375 1625228190.404725
295.3125 1625228190.411719
296.09375 1625228190.418798
295.54339599609375 1625228190.425653
296.09375 1625228190.432776
296.32525634765625 1625228190.439703
297.1070861816406 1625228190.446715
297.339599609375 1625228190.453541
296.32525634765625 1625228190.46058
296.32525634765625 1625228190.467566
296.32525634765625 1625228190.474545
293.75 1625228190.481479
294.07177734375 1625228190.488531
294.07177734375 1625228190.495449
293.0631408691406 1625228190.502541
293.0631408691406 1625228190.509555
294.07177734375 1625228190.516494
295.6318359375 1625228190.523564
296.09375 1625228190.530504
296.09375 1625228190.53763
297.1070861816406 1625228190.544562
297.1070861816406 1625228190.551592
297.1070861816406 1625228190.558601
297.339599609375 1625228190.565537
296.32525634765625 1625228190.572576
297.339599609375 1625228190.57959
297.1070861816406 1625228190.586777
297.339599609375 1625228190.593587
297.88897705078125 1625228190.600586
295.3125 1625228190.607614
296.32525634765625 1625228190.614598
297.1070861816406 1625228190.621636
297.1070861816406 1625228190.628452
298.1220703125 1625228190.635584
297.57244873046875 1625228190.642502
299.13861083984375 1625228190.649457
299.3730163574219 1625228190.656505
298.35552978515625 1625228190.663471
298.35552978515625 1625228190.670563
298.1220703125 1625228190.677493
298.1220703125 1625228190.68447
299.3730163574219 1625228190.691535
299.13861083984375 1625228190.69847
299.92169189453125 1625228190.705571
300.15673828125 1625228190.712518
301.17645263671875 1625228190.719674
301.4128723144531 1625228190.726546
302.19781494140625 1625228190.733508
301.17645263671875 1625228190.740547
301.17645263671875 1625228190.747517
301.4128723144531 1625228190.754642
302.19781494140625 1625228190.7616
302.19781494140625 1625228190.768599
303.22076416015625 1625228190.775566
303.22076416015625 1625228190.782575
304.00628662109375 1625228190.789572
302.6729431152344 1625228190.796523
303.4591064453125 1625228190.8036
303.4591064453125 1625228190.810406
303.22076416015625 1625228190.817407
301.4128723144531 1625228190.82446
301.4128723144531 1625228190.831459
300.39215087890625 1625228190.838446
299.13861083984375 1625228190.845458
299.3730163574219 1625228190.852492
299.3730163574219 1625228190.859477
299.3730163574219 1625228190.866485
299.13861083984375 1625228190.873474
299.3730163574219 1625228190.880447
301.17645263671875 1625228190.887529
299.60784912109375 1625228190.894453
300.15673828125 1625228190.901436
299.60784912109375 1625228190.908455
298.35552978515625 1625228190.915435
298.1220703125 1625228190.922463
299.13861083984375 1625228190.929469
298.1220703125 1625228190.936693
296.32525634765625 1625228190.9435
297.1070861816406 1625228190.950484
296.09375 1625228190.957495
297.339599609375 1625228190.964472
297.339599609375 1625228190.971444
297.1070861816406 1625228190.978384
298.904541015625 1625228190.985401
299.13861083984375 1625228190.99242
299.92169189453125 1625228190.999323
299.13861083984375 1625228191.006406
299.3730163574219 1625228191.013313
298.1220703125 1625228191.020461
298.1220703125 1625228191.027443
296.55712890625 1625228191.034417
296.32525634765625 1625228191.04149
296.32525634765625 1625228191.048415
296.32525634765625 1625228191.055432
296.875 1625228191.062454
295.86260986328125 1625228191.069491
294.30133056640625 1625228191.076467
294.8517761230469 1625228191.083474
295.08197021484375 1625228191.090473
295.08197021484375 1625228191.097435
294.07177734375 1625228191.104516
294.53125 1625228191.111465
294.07177734375 1625228191.118628
293.0631408691406 1625228191.12549
293.2917175292969 1625228191.132476
293.0631408691406 1625228191.139514
293.8425598144531 1625228191.146507
293.0631408691406 1625228191.15346
292.8348693847656 1625228191.160346
292.2837219238281 1625228191.167359
292.05609130859375 1625228191.174379
290.27239990234375 1625228191.181371
290.27239990234375 1625228191.188427
291.2772521972656 1625228191.195371
292.05609130859375 1625228191.202431
292.05609130859375 1625228191.209409
291.05059814453125 1625228191.216348
292.05609130859375 1625228191.223423
292.05609130859375 1625228191.230339
292.8348693847656 1625228191.237421
293.2917175292969 1625228191.2445
293.8425598144531 1625228191.251494
294.07177734375 1625228191.258404
293.2917175292969 1625228191.265442
293.2917175292969 1625228191.27251
293.2917175292969 1625228191.279615
294.30133056640625 1625228191.286569
293.8425598144531 1625228191.293592
293.52069091796875 1625228191.300365
294.07177734375 1625228191.307391
293.2917175292969 1625228191.314496
293.2917175292969 1625228191.321409
293.52069091796875 1625228191.328394
293.2917175292969 1625228191.33542
397.84051513671875 1625228191.342513
321.1974182128906 1625228191.349614
239.2127227783203 1625228191.356649
209.64207458496094 1625228191.363596
209.91253662109375 1625228191.370623
201.59536743164062 1625228191.377767
197.6912078857422 1625228191.384893
208.15138244628906 1625228191.392523
241.45616149902344 1625228191.399518
260.5740051269531 1625228191.406462
301.16729736328125 1625228191.413418
326.9384460449219 1625228191.420405
258.2159729003906 1625228191.427444
182.2766571044922 1625228191.434257
162.447265625 1625228191.441282
152.12840270996094 1625228191.448228
143.8450927734375 1625228191.455328
136.58201599121094 1625228191.462295
130.79019165039062 1625228191.469321
127.38420104980469 1625228191.4763
124.40516662597656 1625228191.483292
119.67546081542969 1625228191.49029
114.32414245605469 1625228191.497267
109.17616271972656 1625228191.504351
105.40360260009766 1625228191.511341
105.19307708740234 1625228191.518334
105.33333587646484 1625228191.525359
103.79241180419922 1625228191.532349
103.05850982666016 1625228191.539384
103.19573974609375 1625228191.546324
100.1990737915039 1625228191.553519
99.46949768066406 1625228191.560323
98.01324462890625 1625228191.567358
95.96294403076172 1625228191.574386
93.0079116821289 1625228191.581267
93.66754150390625 1625228191.58848
91.507568359375 1625228191.595405
90.07231903076172 1625228191.602392
89.29743957519531 1625228191.609229
87.86885070800781 1625228191.616227
87.2131118774414 1625228191.623212
86.50064849853516 1625228191.630204
86.44400787353516 1625228191.637296
85.73297882080078 1625228191.64421
85.73297882080078 1625228191.651222
85.73297882080078 1625228191.658267
85.02288818359375 1625228191.665252
85.02288818359375 1625228191.672232
83.00653839111328 1625228191.679264
82.95232391357422 1625228191.686495
82.95232391357422 1625228191.693352
81.53946685791016 1625228191.700288
80.83441925048828 1625228191.707339
80.13029479980469 1625228191.714333
80.078125 1625228191.72134
78.07417297363281 1625228191.728248
77.32293701171875 1625228191.735398
76.62338256835938 1625228191.742426
75.92472076416016 1625228191.749258
75.87548065185547 1625228191.756355
75.22697448730469 1625228191.76343
74.53013610839844 1625228191.770274
74.53013610839844 1625228191.777151
73.83419799804688 1625228191.784232
73.13916015625 1625228191.791147
73.09185028076172 1625228191.798225
71.79818725585938 1625228191.805268
71.75177764892578 1625228191.812187
71.7054214477539 1625228191.819218
71.75177764892578 1625228191.826205
71.7054214477539 1625228191.833217
71.75177764892578 1625228191.840229
72.3514175415039 1625228191.847174
71.75177764892578 1625228191.854251
71.7054214477539 1625228191.861248
71.7054214477539 1625228191.868232
71.01355743408203 1625228191.875224
71.01355743408203 1625228191.882222
71.01355743408203 1625228191.889239
71.01355743408203 1625228191.896192
70.36797332763672 1625228191.903311
70.36797332763672 1625228191.910191
70.36797332763672 1625228191.917313
70.32257843017578 1625228191.924225
69.67742156982422 1625228191.931238
69.67742156982422 1625228191.9381
69.63249206542969 1625228191.945101
68.98774719238281 1625228191.952113
69.63249206542969 1625228191.959102
69.63249206542969 1625228191.966041
68.98774719238281 1625228191.973153
68.94329833984375 1625228191.980079
68.98774719238281 1625228191.987151
68.98774719238281 1625228191.994122
68.98774719238281 1625228192.001137
68.98774719238281 1625228192.008127
69.63249206542969 1625228192.015151
68.34300231933594 1625228192.022139
67.61107635498047 1625228192.029108
68.29896545410156 1625228192.03627
68.29896545410156 1625228192.043132
68.29896545410156 1625228192.050186
68.29896545410156 1625228192.05717
68.29896545410156 1625228192.064151
68.25498962402344 1625228192.07119
67.61107635498047 1625228192.078195
68.25498962402344 1625228192.085259
67.61107635498047 1625228192.092202
67.56756591796875 1625228192.099169
67.56756591796875 1625228192.10618
67.56756591796875 1625228192.113162
67.61107635498047 1625228192.120281
67.56756591796875 1625228192.127212
67.56756591796875 1625228192.134004
67.56756591796875 1625228192.14108
67.56756591796875 1625228192.148046
66.92406463623047 1625228192.155031
66.92406463623047 1625228192.161995
66.92406463623047 1625228192.169139
66.88102722167969 1625228192.176089
66.2379379272461 1625228192.183091
66.19537353515625 1625228192.190144
66.2379379272461 1625228192.197033
66.88102722167969 1625228192.204186
66.2379379272461 1625228192.211091
66.19537353515625 1625228192.218145
66.88102722167969 1625228192.225119
66.88102722167969 1625228192.232173
66.2379379272461 1625228192.239179
66.19537353515625 1625228192.246167
66.19537353515625 1625228192.253327
65.55269622802734 1625228192.260167
65.5105972290039 1625228192.267342
65.5105972290039 1625228192.27421
64.91002655029297 1625228192.28115
64.86833953857422 1625228192.288216
64.86833953857422 1625228192.295079
64.86833953857422 1625228192.302169
64.82670593261719 1625228192.309133
64.1436767578125 1625228192.316138
64.1436767578125 1625228192.323072
64.18485260009766 1625228192.330077
64.1436767578125 1625228192.337189
63.50224304199219 1625228192.34405
62.82051467895508 1625228192.351067
62.780269622802734 1625228192.358092
62.780269622802734 1625228192.365021
62.139652252197266 1625228192.372058
62.139652252197266 1625228192.379021
62.82051467895508 1625228192.386116
62.139652252197266 1625228192.393094
62.780269622802734 1625228192.400052
63.46154022216797 1625228192.407122
63.50224304199219 1625228192.414128
62.82051467895508 1625228192.421154
62.780269622802734 1625228192.428105
62.82051467895508 1625228192.435108
63.46154022216797 1625228192.442114
63.50224304199219 1625228192.449097
64.1436767578125 1625228192.456064
64.1436767578125 1625228192.462964
63.50224304199219 1625228192.470106
64.1436767578125 1625228192.476938
64.18485260009766 1625228192.483979
64.82670593261719 1625228192.490966
64.18485260009766 1625228192.497936
64.18485260009766 1625228192.504954
64.82670593261719 1625228192.51191
64.86833953857422 1625228192.519235
64.86833953857422 1625228192.526004
66.19537353515625 1625228192.533023
66.92406463623047 1625228192.540062
67.56756591796875 1625228192.547031
68.25498962402344 1625228192.554012
68.89891052246094 1625228192.560969
68.98774719238281 1625228192.568099
68.94329833984375 1625228192.575089
68.98774719238281 1625228192.58203
68.94329833984375 1625228192.589133
69.63249206542969 1625228192.596025
70.32257843017578 1625228192.603159
70.32257843017578 1625228192.610116
69.67742156982422 1625228192.61704
70.32257843017578 1625228192.624047
69.72239685058594 1625228192.631161
70.32257843017578 1625228192.637875
71.7054214477539 1625228192.64482
71.75177764892578 1625228192.651961
71.75177764892578 1625228192.658968
73.04460906982422 1625228192.665948
73.78640747070312 1625228192.672881
74.53013610839844 1625228192.679882
75.17822265625 1625228192.686963
73.83419799804688 1625228192.693937
72.44502258300781 1625228192.700943
68.34300231933594 1625228192.707966
68.25498962402344 1625228192.714934
68.94329833984375 1625228192.721949
69.63249206542969 1625228192.728907
71.01355743408203 1625228192.736087
71.65913391113281 1625228192.743011
72.398193359375 1625228192.749925
73.73867797851562 1625228192.756994
74.48186492919922 1625228192.764011
75.82630920410156 1625228192.77107
77.92207336425781 1625228192.778039
82.79009246826172 1625228192.784888
87.09889221191406 1625228192.791817
89.95404052734375 1625228192.798846
90.78947448730469 1625228192.805904
92.10526275634766 1625228192.812866
92.16590118408203 1625228192.819935
92.22661590576172 1625228192.82689
91.4473648071289 1625228192.833867
91.4473648071289 1625228192.840915
90.8492431640625 1625228192.847962
91.38724517822266 1625228192.854982
91.38724517822266 1625228192.861885
90.670166015625 1625228192.868991
89.41485595703125 1625228192.875957
89.89501190185547 1625228192.882908
90.07231903076172 1625228192.889926
89.35610961914062 1625228192.896924
88.64083862304688 1625228192.904107
87.15596008300781 1625228192.910978
87.15596008300781 1625228192.917961
85.73297882080078 1625228192.924934
84.42408752441406 1625228192.931867
84.36886596679688 1625228192.938902
82.8981704711914 1625228192.945771
80.18253326416016 1625228192.952891
80.7817611694336 1625228192.959844
78.72478485107422 1625228192.966805
77.97270965576172 1625228192.973856
77.92207336425781 1625228192.980799
77.32293701171875 1625228192.987857
77.2727279663086 1625228192.994804
75.92472076416016 1625228193.001918
75.87548065185547 1625228193.008894
76.52399444580078 1625228193.015821
76.67316436767578 1625228193.022872
76.57365417480469 1625228193.029842
75.92472076416016 1625228193.036925
75.87548065185547 1625228193.043928
75.82630920410156 1625228193.050941
76.57365417480469 1625228193.057932
78.62248229980469 1625228193.064886
77.32293701171875 1625228193.071959
75.9740219116211 1625228193.078683
75.22697448730469 1625228193.085745
72.3514175415039 1625228193.092759
71.79818725585938 1625228193.099763
67.6982650756836 1625228193.107026
66.2379379272461 1625228193.11404
65.5105972290039 1625228193.121117
64.86833953857422 1625228193.12805
65.5105972290039 1625228193.135607
65.55269622802734 1625228193.143183
66.19537353515625 1625228193.150143
66.92406463623047 1625228193.157222
68.25498962402344 1625228193.164018
68.29896545410156 1625228193.170944
68.94329833984375 1625228193.177909
66.9671630859375 1625228193.185045
66.2379379272461 1625228193.191928
65.55269622802734 1625228193.198914
65.55269622802734 1625228193.206001
65.46855163574219 1625228193.212979
65.5105972290039 1625228193.219922
65.5105972290039 1625228193.226934
65.5105972290039 1625228193.233778
65.5105972290039 1625228193.240753
65.5105972290039 1625228193.24786
64.86833953857422 1625228193.254801
65.5105972290039 1625228193.261865
65.5105972290039 1625228193.268879
64.86833953857422 1625228193.275897
64.82670593261719 1625228193.282778
65.5105972290039 1625228193.289888
64.86833953857422 1625228193.296896
65.46855163574219 1625228193.303854
64.82670593261719 1625228193.310946
64.82670593261719 1625228193.317903
64.82670593261719 1625228193.324918
64.18485260009766 1625228193.331909
64.18485260009766 1625228193.338906
64.18485260009766 1625228193.345873
64.18485260009766 1625228193.352943
64.1436767578125 1625228193.359968
64.82670593261719 1625228193.367158
64.18485260009766 1625228193.374221
64.18485260009766 1625228193.382198
63.46154022216797 1625228193.388991
63.50224304199219 1625228193.39607
63.50224304199219 1625228193.403005
64.1436767578125 1625228193.410026
64.1436767578125 1625228193.416938
63.50224304199219 1625228193.423784
64.1436767578125 1625228193.430785
64.1436767578125 1625228193.437797
64.1436767578125 1625228193.44486
64.1436767578125 1625228193.45178
64.78511810302734 1625228193.458796
64.1436767578125 1625228193.465843
63.50224304199219 1625228193.472855
64.1436767578125 1625228193.479874
64.18485260009766 1625228193.486771
63.46154022216797 1625228193.493897
63.46154022216797 1625228193.500794
64.1436767578125 1625228193.507922
62.780269622802734 1625228193.51483
62.780269622802734 1625228193.521846
63.46154022216797 1625228193.529127
63.50224304199219 1625228193.536092
64.1436767578125 1625228193.543145
64.18485260009766 1625228193.550296
64.82670593261719 1625228193.558007
64.86833953857422 1625228193.564875
64.82670593261719 1625228193.571749
64.18485260009766 1625228193.578811
64.82670593261719 1625228193.585696
63.50224304199219 1625228193.593031
62.82051467895508 1625228193.600018
62.82051467895508 1625228193.607102
62.780269622802734 1625228193.614127
62.780269622802734 1625228193.621077
62.09986877441406 1625228193.627991
62.09986877441406 1625228193.634859
62.09986877441406 1625228193.641847
61.420345306396484 1625228193.648867
62.09986877441406 1625228193.655833
62.06013870239258 1625228193.664179
62.139652252197266 1625228193.671992
62.139652252197266 1625228193.678986
62.139652252197266 1625228193.685831
62.139652252197266 1625228193.692797
62.139652252197266 1625228193.700017
62.09986877441406 1625228193.706967
62.09986877441406 1625228193.714038
61.45966720581055 1625228193.720982
61.45966720581055 1625228193.72801
61.45966720581055 1625228193.735299
61.45966720581055 1625228193.74183
61.45966720581055 1625228193.748807
61.420345306396484 1625228193.755798
60.78055191040039 1625228193.762835
60.7416877746582 1625228193.769881
60.7416877746582 1625228193.77686
60.7416877746582 1625228193.783775
60.78055191040039 1625228193.79081
60.7416877746582 1625228193.798043
60.78055191040039 1625228193.805117
61.420345306396484 1625228193.81207
61.420345306396484 1625228193.819208
61.420345306396484 1625228193.827009
61.45966720581055 1625228193.833984
62.09986877441406 1625228193.840791
62.780269622802734 1625228193.847936
62.780269622802734 1625228193.854979
62.780269622802734 1625228193.861972
62.780269622802734 1625228193.869022
62.780269622802734 1625228193.876027
62.780269622802734 1625228193.882906
62.82051467895508 1625228193.889863
62.82051467895508 1625228193.897085
63.42088317871094 1625228193.90407
63.46154022216797 1625228193.911031
64.10256958007812 1625228193.918134
64.82670593261719 1625228193.925096
66.19537353515625 1625228193.932919
66.88102722167969 1625228193.939903
66.92406463623047 1625228193.946858
67.56756591796875 1625228193.953906
68.25498962402344 1625228193.960891
68.94329833984375 1625228193.967971
70.32257843017578 1625228193.974958
71.7054214477539 1625228193.981907
73.09185028076172 1625228193.988953
75.82630920410156 1625228193.995923
77.87150573730469 1625228194.002874
80.72916412353516 1625228194.009976
84.96732330322266 1625228194.017002
90.55118560791016 1625228194.023944
96.43328857421875 1625228194.031023
97.94837951660156 1625228194.037996
101.4588851928711 1625228194.045226
106.4537582397461 1625228194.053379
112.14952850341797 1625228194.06084
116.34162902832031 1625228194.067958
119.11170959472656 1625228194.074926
123.81597137451172 1625228194.081913
129.75543212890625 1625228194.089024
132.51365661621094 1625228194.096234
142.26805114746094 1625228194.103958
153.57887268066406 1625228194.110965
166.90042114257812 1625228194.117987
184.0228271484375 1625228194.125005
203.89048767089844 1625228194.133008
224.4297332763672 1625228194.140946
260.9351501464844 1625228194.147877
310.9898681640625 1625228194.154965
373.27935791015625 1625228194.161776
423.64105224609375 1625228194.168876
451.86468505859375 1625228194.175661
458.7400207519531 1625228194.182543
542.4044799804688 1625228194.189513
559.8131103515625 1625228194.196491
438.3802795410156 1625228194.203685
427.1099853515625 1625228194.210545
427.5921325683594 1625228194.217536
433.3333435058594 1625228194.224577
415.0298767089844 1625228194.23157
425.27752685546875 1625228194.238534
414.2366943359375 1625228194.245491
421.86163330078125 1625228194.252596
408.3546447753906 1625228194.259574
413.8225402832031 1625228194.266532
398.9856262207031 1625228194.273505
398.48358154296875 1625228194.28061
402.5316467285156 1625228194.287589
405.9322204589844 1625228194.294598
400.8439025878906 1625228194.301634
416.94915771484375 1625228194.308433
415.0298767089844 1625228194.315349
389.6321105957031 1625228194.322443
378.3112487792969 1625228194.329461
385.0 1625228194.336479
378.5357666015625 1625228194.343482
387.6357727050781 1625228194.350403
396.97222900390625 1625228194.357471
383.4586486816406 1625228194.364429
387.6357727050781 1625228194.371458
387.5838928222656 1625228194.378457
374.0648193359375 1625228194.385477
379.45318603515625 1625228194.392482
365.5914001464844 1625228194.39968
364.0098571777344 1625228194.406436
366.47491455078125 1625228194.413456
365.65325927734375 1625228194.420471
374.17218017578125 1625228194.427472
376.4510803222656 1625228194.434465
373.9703674316406 1625228194.441504
382.81903076171875 1625228194.448467
382.62322998046875 1625228194.455564
386.9891357421875 1625228194.462537
396.1312255859375 1625228194.469544
395.1342468261719 1625228194.47654
380.5162353515625 1625228194.483342
385.1294860839844 1625228194.490315
369.0773010253906 1625228194.497338
362.8099365234375 1625228194.504406
361.1793518066406 1625228194.511412
363.4126281738281 1625228194.51851
361.3376770019531 1625228194.525436
359.2471618652344 1625228194.532423
370.64678955078125 1625228194.539473
358.7848815917969 1625228194.546398
361.84210205078125 1625228194.55345
361.1793518066406 1625228194.560343
363.4126281738281 1625228194.567435
356.56402587890625 1625228194.574486
363.56207275390625 1625228194.581434
355.4463806152344 1625228194.588452
359.4771423339844 1625228194.595458
357.43634033203125 1625228194.602461
358.6150207519531 1625228194.609414
352.9893493652344 1625228194.616387
360.0654602050781 1625228194.623472
363.71099853515625 1625228194.6306
361.84210205078125 1625228194.637341
361.7719421386719 1625228194.6443
364.46282958984375 1625228194.651395
360.8163146972656 1625228194.658333
362.6644592285156 1625228194.66536
362.8899841308594 1625228194.672384
360.7908020019531 1625228194.679385
361.9281005859375 1625228194.686463
364.3092346191406 1625228194.693368
362.6644592285156 1625228194.700416
359.2471618652344 1625228194.707397
369.4214782714844 1625228194.714376
362.59228515625 1625228194.721428
366.47491455078125 1625228194.728337
369.33221435546875 1625228194.735468
364.1618347167969 1625228194.742452
361.2479553222656 1625228194.74938
355.6827697753906 1625228194.756369
358.4905700683594 1625228194.763414
359.4771423339844 1625228194.7705
364.0098571777344 1625228194.777423
359.2471618652344 1625228194.784332
362.6644592285156 1625228194.791274
354.5751647949219 1625228194.798302
350.6916198730469 1625228194.805326
352.8932189941406 1625228194.812297
362.7370300292969 1625228194.81934
345.8401184082031 1625228194.82631
350.64935302734375 1625228194.833309
346.5909118652344 1625228194.840359
350.73406982421875 1625228194.847252
352.70050048828125 1625228194.854389
358.59820556640625 1625228194.861269
367.07818603515625 1625228194.868408
361.614501953125 1625228194.875372
365.06622314453125 1625228194.882415
351.54974365234375 1625228194.889438
354.52325439453125 1625228194.896474
355.9183654785156 1625228194.903438
356.50042724609375 1625228194.910441
362.0689392089844 1625228194.917449
359.4132080078125 1625228194.924382
356.4437255859375 1625228194.931451
354.5751647949219 1625228194.938408
365.8133850097656 1625228194.945415
357.1428527832031 1625228194.952515
355.1020202636719 1625228194.959379
365.5737609863281 1625228194.966282
358.6150207519531 1625228194.973334
351.63934326171875 1625228194.98029
345.5284423828125 1625228194.987304
358.1967468261719 1625228194.994632
362.6644592285156 1625228195.001599
353.808349609375 1625228195.008805
359.0797119140625 1625228195.016622
358.72235107421875 1625228195.023651
347.96746826171875 1625228195.030721
361.0431823730469 1625228195.037627
359.4771423339844 1625228195.044678
363.18817138671875 1625228195.051671
367.38055419921875 1625228195.058504
363.18817138671875 1625228195.065444
364.0856628417969 1625228195.072442
344.7432861328125 1625228195.079404
361.84210205078125 1625228195.086342
366.0933532714844 1625228195.093413
357.4918518066406 1625228195.100241
355.6280822753906 1625228195.107177
352.9893493652344 1625228195.114188
350.2455139160156 1625228195.121192
418.0743103027344 1625228195.12823
357.0830078125 1625228195.135367
290.4238586425781 1625228195.142521
271.40673828125 1625228195.149486
246.03773498535156 1625228195.156512
229.33731079101562 1625228195.163607
187.3654022216797 1625228195.170344
175.63739013671875 1625228195.177291
174.68174743652344 1625228195.184349
174.3444366455078 1625228195.191447
180.19943237304688 1625228195.198511
176.512451171875 1625228195.20556
182.20640563964844 1625228195.212703
187.72305297851562 1625228195.219692
186.96275329589844 1625228195.226702
191.9482421875 1625228195.233731
191.8396453857422 1625228195.241728
196.8162078857422 1625228195.249598
181.62393188476562 1625228195.2566
179.54220581054688 1625228195.263598
170.5426483154297 1625228195.270634
160.25193786621094 1625228195.277582
152.6132354736328 1625228195.284435
151.97779846191406 1625228195.291629
152.6717529296875 1625228195.2987
140.4844207763672 1625228195.30666
133.5616455078125 1625228195.313678
132.37310791015625 1625228195.320654
123.38983154296875 1625228195.327698
121.02772521972656 1625228195.335729
121.703857421875 1625228195.343567
117.4089126586914 1625228195.350589
115.07402038574219 1625228195.35746
108.3612060546875 1625228195.364544
106.28341674804688 1625228195.371536
103.93070983886719 1625228195.378595
98.87193298339844 1625228195.385512
96.56084442138672 1625228195.392567
94.38943481445312 1625228195.399539
93.60580444335938 1625228195.406556
92.94660186767578 1625228195.413433
94.38943481445312 1625228195.420334
95.64643859863281 1625228195.427339
96.43328857421875 1625228195.434237
97.88359832763672 1625228195.441332
96.624755859375 1625228195.448291
98.61019134521484 1625228195.45529
98.67549896240234 1625228195.462287
99.46949768066406 1625228195.469322
100.13262939453125 1625228195.476314
100.1990737915039 1625228195.483313
100.7957534790039 1625228195.490305
100.13262939453125 1625228195.497197
98.01324462890625 1625228195.504186
98.01324462890625 1625228195.511232
97.28656768798828 1625228195.51819
97.88359832763672 1625228195.52526
97.28656768798828 1625228195.532225
96.56084442138672 1625228195.539118
95.04950714111328 1625228195.546219
94.38943481445312 1625228195.553208
94.98680114746094 1625228195.560181
95.64643859863281 1625228195.567118
95.04950714111328 1625228195.574202
96.43328857421875 1625228195.581197
97.22222137451172 1625228195.588237
98.61019134521484 1625228195.595486
99.40357208251953 1625228195.602473
100.7957534790039 1625228195.609491
100.13262939453125 1625228195.616575
100.92961883544922 1625228195.623546
100.9966812133789 1625228195.63069
100.8626480102539 1625228195.638555
106.31228637695312 1625228195.645712
103.05850982666016 1625228195.653391
98.74089050292969 1625228195.660309
98.01324462890625 1625228195.667167
94.6393051147461 1625228195.674159
94.3271713256836 1625228195.681131
92.22661590576172 1625228195.688158
91.4473648071289 1625228195.69527
90.19091796875 1625228195.702146
90.670166015625 1625228195.70925
89.29743957519531 1625228195.716222
90.01313781738281 1625228195.723179
89.41485595703125 1625228195.730204
90.01313781738281 1625228195.737147
89.29743957519531 1625228195.74447
89.35610961914062 1625228195.751653
89.35610961914062 1625228195.758609
90.72978210449219 1625228195.76661
89.41485595703125 1625228195.774618
90.72978210449219 1625228195.782547
90.72978210449219 1625228195.789326
89.95404052734375 1625228195.796272
92.10526275634766 1625228195.803189
92.82422637939453 1625228195.810281
93.7293701171875 1625228195.817156
93.66754150390625 1625228195.824308
92.28740692138672 1625228195.8313
91.507568359375 1625228195.838298
91.507568359375 1625228195.84551
90.13158416748047 1625228195.852473
89.35610961914062 1625228195.859539
90.01313781738281 1625228195.867449
88.64083862304688 1625228195.874392
90.01313781738281 1625228195.881359
90.07231903076172 1625228195.888356
90.13158416748047 1625228195.895423
90.07231903076172 1625228195.902093
89.35610961914062 1625228195.909123
88.69908142089844 1625228195.916042
88.69908142089844 1625228195.923107
88.58267974853516 1625228195.930145
88.64083862304688 1625228195.937084
89.95404052734375 1625228195.944094
88.64083862304688 1625228195.951139
85.84534454345703 1625228195.95812
85.02288818359375 1625228195.965223
84.31372833251953 1625228195.972051
85.02288818359375 1625228195.97906
85.78913116455078 1625228195.986174
85.78913116455078 1625228195.993184
86.50064849853516 1625228196.000111
85.1342544555664 1625228196.007432
84.42408752441406 1625228196.014484
84.36886596679688 1625228196.022405
83.60548400878906 1625228196.029429
83.6601333618164 1625228196.036299
84.31372833251953 1625228196.043222
84.25865173339844 1625228196.050134
83.00653839111328 1625228196.057122
83.60548400878906 1625228196.064196
83.6601333618164 1625228196.071222
84.25865173339844 1625228196.078269
84.36886596679688 1625228196.085166
83.71484375 1625228196.092188
83.6601333618164 1625228196.099258
83.60548400878906 1625228196.10622
82.95232391357422 1625228196.113343
82.24542999267578 1625228196.120185
82.19178009033203 1625228196.127251
82.8440933227539 1625228196.13416
82.24542999267578 1625228196.141184
81.53946685791016 1625228196.148134
81.4863052368164 1625228196.155202
81.4863052368164 1625228196.162274
80.83441925048828 1625228196.169219
81.53946685791016 1625228196.176275
80.83441925048828 1625228196.183428
81.4863052368164 1625228196.191512
81.53946685791016 1625228196.199302
82.1382064819336 1625228196.206224
82.24542999267578 1625228196.213258
82.19178009033203 1625228196.220287
82.24542999267578 1625228196.227048
82.95232391357422 1625228196.234018
82.19178009033203 1625228196.241022
82.19178009033203 1625228196.24807
82.24542999267578 1625228196.254999
82.95232391357422 1625228196.262016
82.95232391357422 1625228196.269045
83.6601333618164 1625228196.276121
83.6601333618164 1625228196.283127
85.02288818359375 1625228196.290065
85.73297882080078 1625228196.297286
85.07853698730469 1625228196.304261
85.73297882080078 1625228196.31133
86.44400787353516 1625228196.318449
85.73297882080078 1625228196.326453
85.73297882080078 1625228196.334219
85.78913116455078 1625228196.341263
86.44400787353516 1625228196.348233
85.84534454345703 1625228196.355281
85.78913116455078 1625228196.362238
85.73297882080078 1625228196.369149
87.86885070800781 1625228196.376101
87.86885070800781 1625228196.383047
88.58267974853516 1625228196.390098
90.07231903076172 1625228196.397085
90.13158416748047 1625228196.404097
91.38724517822266 1625228196.411187
92.22661590576172 1625228196.418078
92.28740692138672 1625228196.425262
94.4517822265625 1625228196.432168
93.66754150390625 1625228196.439144
93.60580444335938 1625228196.446339
92.22661590576172 1625228196.45315
93.54414367675781 1625228196.460145
92.8853759765625 1625228196.467097
93.0079116821289 1625228196.47413
92.22661590576172 1625228196.481187
93.7293701171875 1625228196.48812
92.22661590576172 1625228196.495165
92.82422637939453 1625228196.501931
92.22661590576172 1625228196.508975
91.507568359375 1625228196.516017
92.10526275634766 1625228196.523072
90.72978210449219 1625228196.529882
90.13158416748047 1625228196.536874
89.29743957519531 1625228196.543892
89.35610961914062 1625228196.550802
87.27033996582031 1625228196.557846
85.78913116455078 1625228196.564874
85.73297882080078 1625228196.571946
86.44400787353516 1625228196.578856
86.50064849853516 1625228196.585934
86.44400787353516 1625228196.593207
85.07853698730469 1625228196.600277
85.07853698730469 1625228196.607277
87.27033996582031 1625228196.614296
88.52458953857422 1625228196.621187
87.15596008300781 1625228196.628308
86.44400787353516 1625228196.63522
86.44400787353516 1625228196.642364
85.78913116455078 1625228196.650174
85.73297882080078 1625228196.657127
85.73297882080078 1625228196.66424
85.02288818359375 1625228196.671147
84.96732330322266 1625228196.67795
84.36886596679688 1625228196.684875
84.36886596679688 1625228196.691888
83.60548400878906 1625228196.698934
83.6601333618164 1625228196.705951
83.60548400878906 1625228196.71314
82.24542999267578 1625228196.720152
81.53946685791016 1625228196.727139
81.4863052368164 1625228196.734212
80.83441925048828 1625228196.741159
81.53946685791016 1625228196.748265
80.83441925048828 1625228196.755014
80.7817611694336 1625228196.761992
80.13029479980469 1625228196.768971
79.37541198730469 1625228196.775907
78.72478485107422 1625228196.782974
78.72478485107422 1625228196.790011
78.72478485107422 1625228196.796991
78.67359924316406 1625228196.803981
78.72478485107422 1625228196.810946
77.97270965576172 1625228196.817939
78.67359924316406 1625228196.824977
77.97270965576172 1625228196.831851
77.2727279663086 1625228196.838849
76.62338256835938 1625228196.845885
76.62338256835938 1625228196.852854
76.57365417480469 1625228196.85991
75.87548065185547 1625228196.866808
76.57365417480469 1625228196.873877
76.62338256835938 1625228196.880925
77.32293701171875 1625228196.887901
77.97270965576172 1625228196.894954
77.97270965576172 1625228196.901911
78.67359924316406 1625228196.908932
78.72478485107422 1625228196.915914
78.72478485107422 1625228196.922897
78.67359924316406 1625228196.929978
77.37321472167969 1625228196.936869
77.97270965576172 1625228196.943999
78.02340698242188 1625228196.95104
77.92207336425781 1625228196.957978
77.97270965576172 1625228196.964902
77.32293701171875 1625228196.971745
77.2727279663086 1625228196.978788
77.32293701171875 1625228196.985789
76.62338256835938 1625228196.992777
75.87548065185547 1625228197.000047
75.92472076416016 1625228197.007101
75.22697448730469 1625228197.014099
75.87548065185547 1625228197.021085
75.87548065185547 1625228197.02812
75.87548065185547 1625228197.035034
75.87548065185547 1625228197.042183
75.22697448730469 1625228197.049912
75.17822265625 1625228197.056911
75.17822265625 1625228197.063858
75.22697448730469 1625228197.070822
75.87548065185547 1625228197.077746
75.87548065185547 1625228197.084788
75.92472076416016 1625228197.091751
76.57365417480469 1625228197.098843
77.2727279663086 1625228197.105765
78.67359924316406 1625228197.112679
80.72916412353516 1625228197.119659
84.25865173339844 1625228197.126637
89.18032836914062 1625228197.133666
94.26499938964844 1625228197.14063
101.19047546386719 1625228197.147904
110.88844299316406 1625228197.154983
119.19192504882812 1625228197.161895
135.74351501464844 1625228197.168922
157.8947296142578 1625228197.175758
172.87420654296875 1625228197.182815
186.16262817382812 1625228197.189671
221.32943725585938 1625228197.196759
267.37158203125 1625228197.203792
321.5686340332031 1625228197.210734
344.0256652832031 1625228197.218045
392.5311279296875 1625228197.225139
455.97210693359375 1625228197.232123
498.1916809082031 1625228197.239077
555.4519653320312 1625228197.246122
722.111572265625 1625228197.253129
735.1063842773438 1625228197.261037
643.42626953125 1625228197.267948
602.91259765625 1625228197.274815
595.4415893554688 1625228197.281733
584.7619018554688 1625228197.288707
561.4366455078125 1625228197.295699
595.3533935546875 1625228197.302623
615.6824951171875 1625228197.309962
609.4210205078125 1625228197.317158
605.0338745117188 1625228197.325147
580.0376586914062 1625228197.332024
620.48779296875 1625228197.339054
621.4634399414062 1625228197.34603
612.5244750976562 1625228197.352981
622.3092041015625 1625228197.359866
578.5985107421875 1625228197.366923
555.5556030273438 1625228197.373832
553.171630859375 1625228197.380832
542.5138549804688 1625228197.387898
539.2428588867188 1625228197.394882
597.8682250976562 1625228197.401705
596.1538696289062 1625228197.408654
595.7651977539062 1625228197.41568
587.896240234375 1625228197.422628
585.5769653320312 1625228197.429723
590.211181640625 1625228197.436674
554.7240600585938 1625228197.443751
557.0093383789062 1625228197.450726
571.6998901367188 1625228197.457621
546.218505859375 1625228197.46469
522.4154052734375 1625228197.471769
514.1552734375 1625228197.478786
543.0711669921875 1625228197.485733
540.8162841796875 1625228197.492716
537.1746826171875 1625228197.49971
536.3385620117188 1625228197.506715
554.8265991210938 1625228197.513716
569.1287841796875 1625228197.520753
542.9906005859375 1625228197.527803
542.4837036132812 1625228197.534693
522.7062377929688 1625228197.541725
524.7706298828125 1625228197.548717
544.52685546875 1625228197.555754
515.539306640625 1625228197.562553
526.9899291992188 1625228197.569579
517.8082275390625 1625228197.576673
511.81817626953125 1625228197.583587
496.3768005371094 1625228197.590694
508.64422607421875 1625228197.597664
511.3739929199219 1625228197.60473
486.6310119628906 1625228197.611762
483.7837829589844 1625228197.618617
502.7124938964844 1625228197.625622
519.3014526367188 1625228197.632621
505.4645080566406 1625228197.639793
498.1949462890625 1625228197.64688
496.38336181640625 1625228197.653951
484.3330383300781 1625228197.660936
486.9486999511719 1625228197.667889
473.3096008300781 1625228197.674901
475.3804931640625 1625228197.681945
467.08184814453125 1625228197.688941
476.99114990234375 1625228197.695775
466.43109130859375 1625228197.70265
487.5444641113281 1625228197.709691
490.090087890625 1625228197.71643
487.9786376953125 1625228197.723551
482.97491455078125 1625228197.730446
491.87725830078125 1625228197.737507
481.1827697753906 1625228197.744419
484.304931640625 1625228197.751468
483.9285583496094 1625228197.758492
482.4482421875 1625228197.765836
471.4794921875 1625228197.772872
475.68524169921875 1625228197.779927
477.29296875 1625228197.786873
483.4673767089844 1625228197.7939
467.14031982421875 1625228197.80091
458.95849609375 1625228197.807954
465.8990173339844 1625228197.814857
474.05450439453125 1625228197.821734
456.6929016113281 1625228197.829674
459.5070495605469 1625228197.836644
455.5848693847656 1625228197.843646
473.9169006347656 1625228197.850647
481.7127685546875 1625228197.857636
476.0213317871094 1625228197.864743
476.4444580078125 1625228197.871501
462.96295166015625 1625228197.87849
444.8305969238281 1625228197.885467
450.9632263183594 1625228197.892555
445.02166748046875 1625228197.899499
439.13043212890625 1625228197.906488
428.3262023925781 1625228197.913731
438.3680419921875 1625228197.920748
433.9948425292969 1625228197.927854
438.0952453613281 1625228197.934756
422.08905029296875 1625228197.941796
437.5538330078125 1625228197.948879
451.2195129394531 1625228197.955921
442.8076171875 1625228197.96287
445.41485595703125 1625228197.96978
442.3243713378906 1625228197.976628
445.02618408203125 1625228197.983703
464.3171691894531 1625228197.990668
450.08758544921875 1625228197.997544
443.3797912597656 1625228198.004532
455.4195556640625 1625228198.011442
463.0281677246094 1625228198.018514
457.59716796875 1625228198.025451
463.30682373046875 1625228198.032885
458.7719421386719 1625228198.040801
451.52838134765625 1625228198.047717
456.4643859863281 1625228198.054708
447.0691223144531 1625228198.061696
419.46600341796875 1625228198.068744
431.660888671875 1625228198.075574
424.8927001953125 1625228198.082551
430.05181884765625 1625228198.089617
435.9861755371094 1625228198.096667
435.1211242675781 1625228198.103572
447.34552001953125 1625228198.110661
442.5086975097656 1625228198.117632
430.5435791015625 1625228198.124692
429.31036376953125 1625228198.131652
428.0792541503906 1625228198.138618
425.8783264160156 1625228198.14565
429.6741027832031 1625228198.152706
437.77197265625 1625228198.159715
431.5245361328125 1625228198.166693
440.0 1625228198.173496
442.6086730957031 1625228198.180469
424.2685241699219 1625228198.187488
404.0574645996094 1625228198.194309
403.38983154296875 1625228198.201312
401.6949157714844 1625228198.208351
404.21942138671875 1625228198.215285
415.67291259765625 1625228198.222452
417.2355041503906 1625228198.22966
417.1673889160156 1625228198.236649
405.4053955078125 1625228198.243745
425.38592529296875 1625228198.250768
417.884765625 1625228198.257762
419.38250732421875 1625228198.265657
424.7635192871094 1625228198.272601
427.7108459472656 1625228198.279498
430.5435791015625 1625228198.286509
452.2348937988281 1625228198.293587
434.3695983886719 1625228198.30054
428.0792541503906 1625228198.307607
435.0086669921875 1625228198.314597
434.25604248046875 1625228198.321478
441.3553466796875 1625228198.328406
436.3636474609375 1625228198.335348
445.8987731933594 1625228198.342419
457.9684753417969 1625228198.34935
441.7178039550781 1625228198.356444
422.08905029296875 1625228198.363333
413.52740478515625 1625228198.37038
429.7945251464844 1625228198.377451
432.6424865722656 1625228198.384454
434.74505615234375 1625228198.39141
435.9861755371094 1625228198.398285
433.2755432128906 1625228198.405369
442.12359619140625 1625228198.412513
443.6681213378906 1625228198.419596
451.4435729980469 1625228198.42659
441.63763427734375 1625228198.433614
446.0869445800781 1625228198.440672
441.63763427734375 1625228198.447704
432.4090270996094 1625228198.454728
436.74176025390625 1625228198.461504
423.7726135253906 1625228198.468477
426.2435607910156 1625228198.475553
428.20068359375 1625228198.482524
433.3909912109375 1625228198.489489
433.7349548339844 1625228198.49653
431.7789306640625 1625228198.503512
428.81646728515625 1625228198.510567
424.2685241699219 1625228198.517553
431.6423034667969 1625228198.524543
420.0171203613281 1625228198.531508
433.6513671875 1625228198.538379
426.3565979003906 1625228198.545537
431.89654541015625 1625228198.552456
427.5862121582031 1625228198.559492
424.1645202636719 1625228198.56638
419.6044921875 1625228198.573436
411.7147521972656 1625228198.580484
422.3175964355469 1625228198.587523
411.0638122558594 1625228198.594397
430.17242431640625 1625228198.601348
435.1211242675781 1625228198.608327
422.5473327636719 1625228198.615253
428.69415283203125 1625228198.622329
418.0257568359375 1625228198.629511
407.0946044921875 1625228198.636601
412.9141845703125 1625228198.643608
407.50213623046875 1625228198.650577
417.0212707519531 1625228198.657588
418.5248718261719 1625228198.664424
408.5106201171875 1625228198.671345
415.31915283203125 1625228198.678428
423.0769348144531 1625228198.685384
429.31036376953125 1625228198.69245
420.9621887207031 1625228198.699407
416.9520568847656 1625228198.706421
421.2328796386719 1625228198.713436
425.7510681152344 1625228198.720449
419.02313232421875 1625228198.727509
405.26763916015625 1625228198.73454
410.56219482421875 1625228198.741502
423.7726135253906 1625228198.748477
412.96929931640625 1625228198.755534
407.6271057128906 1625228198.7625
415.31915283203125 1625228198.76952
400.5058898925781 1625228198.776483
396.81207275390625 1625228198.783494
405.77252197265625 1625228198.790465
401.18243408203125 1625228198.797358
404.58013916015625 1625228198.804334
415.67291259765625 1625228198.811436
425.98968505859375 1625228198.818425
425.98968505859375 1625228198.825444
429.305908203125 1625228198.832477
433.7662353515625 1625228198.83929
431.89654541015625 1625228198.846411
434.3695983886719 1625228198.853347
430.6632385253906 1625228198.860404
421.8212890625 1625228198.867421
424.0343322753906 1625228198.874326
427.9588317871094 1625228198.881326
422.3175964355469 1625228198.888285
412.2657470703125 1625228198.895315
404.2553405761719 1625228198.902243
400.8439025878906 1625228198.909228
396.46466064453125 1625228198.916274
404.3993225097656 1625228198.923414
410.2127685546875 1625228198.930381
402.36688232421875 1625228198.937296
405.0847473144531 1625228198.944383
403.5533142089844 1625228198.951292
398.1481628417969 1625228198.958171
395.270263671875 1625228198.965138
404.21942138671875 1625228198.972151
412.9141845703125 1625228198.979114
404.07470703125 1625228198.98618
403.5533142089844 1625228198.993149
409.01361083984375 1625228199.000517
408.12872314453125 1625228199.007504
411.4139709472656 1625228199.014491
401.18243408203125 1625228199.021634
406.6496276855469 1625228199.029343
412.2657470703125 1625228199.036205
421.5938415527344 1625228199.043282
413.61700439453125 1625228199.050219
396.098388671875 1625228199.057303
391.41412353515625 1625228199.064219
409.1680908203125 1625228199.07125
409.86395263671875 1625228199.078215
412.9141845703125 1625228199.085219
403.7319641113281 1625228199.092307
400.67340087890625 1625228199.099221
406.96685791015625 1625228199.10614
416.9520568847656 1625228199.113324
403.2257995605469 1625228199.120423
388.6097106933594 1625228199.127504
398.48358154296875 1625228199.134439
407.1246643066406 1625228199.141503
404.3993225097656 1625228199.148443
387.44769287109375 1625228199.155453
386.6108703613281 1625228199.16216
386.47747802734375 1625228199.169101
392.4369812011719 1625228199.176117
399.15966796875 1625228199.183233
401.6949157714844 1625228199.190125
403.04827880859375 1625228199.197027
393.4288024902344 1625228199.204143
393.96478271484375 1625228199.211083
