0.18 1637754060.553589
0.18 1637754060.558498
0.12 1637754060.562525
0.24 1637754060.566191
0.18 1637754060.569996
0.12 1637754060.573767
0.24 1637754060.577541
0.12 1637754060.581224
0.12 1637754060.584894
0.12 1637754060.588648
0.18 1637754060.592447
0.12 1637754060.596169
0.12 1637754060.600039
0.31 1637754060.603809
0.18 1637754060.607612
0.12 1637754060.611441
0.18 1637754060.615316
0.12 1637754060.61905
0.18 1637754060.622719
0.24 1637754060.626532
0.18 1637754060.630727
0.18 1637754060.634629
0.18 1637754060.638523
0.18 1637754060.642176
0.24 1637754060.64585
0.18 1637754060.649527
0.24 1637754060.653221
0.18 1637754060.657002
0.12 1637754060.660773
0.18 1637754060.664426
0.18 1637754060.668153
0.24 1637754060.671895
0.18 1637754060.67562
0.24 1637754060.679483
0.12 1637754060.683297
0.18 1637754060.687221
0.18 1637754060.691008
0.24 1637754060.694794
0.12 1637754060.698641
0.18 1637754060.702517
0.24 1637754060.706489
0.18 1637754060.710241
0.12 1637754060.714109
0.12 1637754060.718191
0.18 1637754060.722186
0.24 1637754060.726225
0.12 1637754060.730027
0.12 1637754060.733845
0.12 1637754060.737843
0.12 1637754060.741903
0.18 1637754060.745954
0.12 1637754060.749943
0.24 1637754060.75396
0.12 1637754060.757963
0.12 1637754060.761916
0.24 1637754060.765587
0.12 1637754060.769303
0.24 1637754060.773188
0.24 1637754060.777092
0.12 1637754060.781051
0.24 1637754060.784945
0.18 1637754060.788843
0.18 1637754060.792687
0.24 1637754060.796558
0.18 1637754060.800529
0.18 1637754060.804467
0.24 1637754060.808455
0.12 1637754060.812466
0.18 1637754060.816442
0.18 1637754060.820375
0.18 1637754060.824427
0.12 1637754060.828344
0.18 1637754060.832208
0.18 1637754060.836122
0.12 1637754060.839977
0.12 1637754060.843786
0.18 1637754060.847531
0.18 1637754060.851341
0.12 1637754060.855115
0.18 1637754060.859015
0.31 1637754060.862824
0.18 1637754060.866767
0.12 1637754060.870773
0.24 1637754060.874775
0.18 1637754060.878583
0.24 1637754060.882392
0.12 1637754060.886183
0.12 1637754060.890014
0.24 1637754060.893761
0.12 1637754060.897448
0.12 1637754060.901131
0.18 1637754060.904992
0.12 1637754060.908909
0.18 1637754060.912765
0.12 1637754060.916716
0.24 1637754060.920632
0.18 1637754060.924517
0.12 1637754060.928516
0.12 1637754060.932405
0.24 1637754060.93604
0.18 1637754060.93977
0.18 1637754060.943465
0.18 1637754060.947093
0.18 1637754060.950922
0.18 1637754060.954853
0.18 1637754060.958536
0.12 1637754060.962176
0.18 1637754060.96583
0.18 1637754060.969487
0.18 1637754060.973077
0.18 1637754060.976803
0.12 1637754060.980657
0.12 1637754060.984677
0.12 1637754060.988568
0.18 1637754060.99235
0.18 1637754060.996165
0.18 1637754060.99992
0.18 1637754061.003572
0.18 1637754061.007262
0.12 1637754061.011039
0.24 1637754061.014747
0.12 1637754061.018514
0.24 1637754061.022173
0.18 1637754061.025852
0.12 1637754061.029518
0.12 1637754061.033207
0.18 1637754061.036913
0.18 1637754061.040608
0.18 1637754061.044274
0.18 1637754061.047869
0.18 1637754061.051443
0.24 1637754061.055123
0.12 1637754061.05884
0.18 1637754061.062538
0.12 1637754061.066202
0.18 1637754061.07
0.12 1637754061.073797
0.18 1637754061.077531
0.18 1637754061.081346
0.24 1637754061.085247
0.18 1637754061.089062
0.18 1637754061.092804
0.18 1637754061.096584
0.12 1637754061.100362
0.12 1637754061.10397
0.18 1637754061.107665
0.12 1637754061.111474
0.12 1637754061.115244
0.12 1637754061.119079
0.24 1637754061.122969
0.24 1637754061.126791
0.18 1637754061.13051
0.18 1637754061.134656
0.18 1637754061.13856
0.12 1637754061.142368
0.12 1637754061.146268
0.18 1637754061.150046
0.24 1637754061.153842
0.24 1637754061.157708
0.12 1637754061.161469
0.24 1637754061.165256
0.24 1637754061.168966
0.24 1637754061.17284
0.18 1637754061.176704
0.18 1637754061.180531
0.18 1637754061.184589
0.18 1637754061.188513
0.18 1637754061.192588
0.12 1637754061.196536
0.18 1637754061.200578
0.18 1637754061.204346
0.12 1637754061.208263
0.18 1637754061.212137
0.12 1637754061.216026
0.24 1637754061.219882
0.18 1637754061.223852
0.18 1637754061.227611
0.18 1637754061.231634
0.18 1637754061.235716
0.24 1637754061.239619
0.18 1637754061.243487
0.18 1637754061.247248
0.18 1637754061.251075
0.12 1637754061.254961
0.12 1637754061.258741
0.18 1637754061.262515
0.24 1637754061.266336
0.24 1637754061.270271
0.18 1637754061.274168
0.18 1637754061.278077
0.18 1637754061.281944
0.18 1637754061.285836
0.24 1637754061.289768
0.12 1637754061.293661
0.18 1637754061.297591
0.18 1637754061.30155
0.24 1637754061.305519
0.24 1637754061.30946
0.24 1637754061.313202
0.18 1637754061.317179
0.18 1637754061.32119
0.24 1637754061.325081
0.18 1637754061.328909
0.12 1637754061.332848
0.24 1637754061.336612
0.18 1637754061.340535
0.18 1637754061.344447
0.24 1637754061.348222
0.24 1637754061.352173
0.18 1637754061.356049
0.18 1637754061.359936
0.18 1637754061.363879
0.12 1637754061.367746
0.18 1637754061.371629
0.24 1637754061.375604
0.24 1637754061.379626
0.24 1637754061.383459
0.18 1637754061.387321
0.18 1637754061.391191
0.12 1637754061.394872
0.12 1637754061.398481
0.18 1637754061.402158
0.12 1637754061.406051
0.18 1637754061.40976
0.18 1637754061.413562
0.24 1637754061.417476
0.18 1637754061.421177
0.31 1637754061.424984
0.24 1637754061.428842
0.12 1637754061.43274
0.18 1637754061.436512
0.18 1637754061.440156
0.18 1637754061.44401
0.18 1637754061.447715
0.12 1637754061.451464
0.24 1637754061.45523
0.24 1637754061.458864
0.24 1637754061.462598
0.12 1637754061.466321
0.18 1637754061.470124
0.18 1637754061.473873
0.18 1637754061.477508
0.12 1637754061.481172
0.24 1637754061.484866
0.18 1637754061.488425
0.18 1637754061.492066
0.18 1637754061.495761
0.24 1637754061.499401
0.18 1637754061.503022
0.18 1637754061.5067
0.24 1637754061.510407
0.18 1637754061.51431
0.24 1637754061.518217
0.18 1637754061.52202
0.18 1637754061.525728
0.18 1637754061.529579
0.18 1637754061.533427
0.12 1637754061.537285
0.18 1637754061.541117
0.18 1637754061.544807
0.18 1637754061.548653
0.12 1637754061.552568
0.18 1637754061.556496
0.12 1637754061.560545
0.18 1637754061.564539
0.18 1637754061.568521
0.12 1637754061.572617
0.24 1637754061.576412
0.18 1637754061.580317
0.18 1637754061.584179
0.24 1637754061.587897
0.18 1637754061.591585
0.18 1637754061.595538
0.18 1637754061.599364
0.18 1637754061.603255
0.12 1637754061.607149
0.12 1637754061.611045
0.18 1637754061.614852
0.18 1637754061.61867
0.18 1637754061.622658
0.18 1637754061.626724
0.18 1637754061.630783
0.12 1637754061.634738
0.12 1637754061.638762
0.18 1637754061.642756
0.18 1637754061.646704
0.24 1637754061.650592
0.18 1637754061.654426
0.18 1637754061.658314
0.18 1637754061.662185
0.12 1637754061.666087
0.18 1637754061.669936
0.24 1637754061.673799
0.18 1637754061.677664
0.18 1637754061.68147
0.18 1637754061.685219
0.24 1637754061.688927
0.12 1637754061.692499
0.18 1637754061.696216
0.12 1637754061.699964
0.18 1637754061.703531
0.12 1637754061.707098
0.12 1637754061.710777
0.24 1637754061.714449
0.18 1637754061.717935
0.18 1637754061.7216
0.18 1637754061.725269
0.24 1637754061.729052
0.12 1637754061.732767
0.18 1637754061.736484
0.12 1637754061.740243
0.24 1637754061.743916
0.18 1637754061.747676
0.24 1637754061.751487
0.24 1637754061.755173
0.24 1637754061.758994
0.18 1637754061.762763
0.18 1637754061.766724
0.24 1637754061.770892
0.18 1637754061.774597
0.24 1637754061.778411
0.18 1637754061.782297
0.12 1637754061.786266
0.12 1637754061.789973
0.18 1637754061.793871
0.18 1637754061.797643
0.18 1637754061.801486
0.18 1637754061.805785
0.18 1637754061.809604
0.12 1637754061.813361
0.24 1637754061.81728
0.24 1637754061.821031
0.24 1637754061.824818
0.18 1637754061.828816
0.18 1637754061.832595
0.18 1637754061.836566
0.18 1637754061.840541
0.18 1637754061.844564
0.12 1637754061.848822
0.12 1637754061.852829
0.18 1637754061.856656
0.12 1637754061.860511
0.31 1637754061.864605
0.18 1637754061.868494
0.24 1637754061.872303
0.24 1637754061.876149
0.18 1637754061.880101
0.18 1637754061.883893
0.18 1637754061.887659
0.24 1637754061.891575
0.18 1637754061.895383
0.18 1637754061.899273
0.18 1637754061.903198
0.24 1637754061.907009
0.18 1637754061.910843
0.18 1637754061.914649
0.24 1637754061.918612
0.24 1637754061.922547
0.31 1637754061.926462
0.18 1637754061.930261
0.12 1637754061.934334
0.24 1637754061.938045
0.24 1637754061.941843
0.18 1637754061.945717
0.18 1637754061.94949
0.18 1637754061.953497
0.24 1637754061.9573
0.06 1637754061.961241
0.12 1637754061.964974
0.24 1637754061.968714
0.18 1637754061.972471
0.18 1637754061.976249
0.24 1637754061.980027
0.18 1637754061.983837
0.18 1637754061.987684
0.18 1637754061.991481
0.12 1637754061.995344
0.18 1637754061.999482
0.12 1637754062.003218
0.12 1637754062.007003
0.24 1637754062.010903
0.18 1637754062.014814
0.12 1637754062.01862
0.18 1637754062.022476
0.24 1637754062.026288
0.12 1637754062.030177
0.12 1637754062.03413
0.18 1637754062.038005
0.24 1637754062.04177
0.18 1637754062.045662
0.18 1637754062.049493
0.31 1637754062.053487
0.24 1637754062.057394
0.18 1637754062.061397
0.12 1637754062.065517
0.18 1637754062.069491
0.18 1637754062.073806
0.18 1637754062.07768
0.18 1637754062.081682
0.18 1637754062.085564
0.18 1637754062.089503
0.18 1637754062.093226
0.24 1637754062.096886
0.24 1637754062.100513
0.18 1637754062.104455
0.24 1637754062.108147
0.18 1637754062.111849
0.24 1637754062.115793
0.18 1637754062.119471
0.24 1637754062.123332
0.24 1637754062.127176
0.24 1637754062.131234
0.18 1637754062.135038
0.24 1637754062.138796
0.18 1637754062.142458
0.12 1637754062.146083
0.18 1637754062.149827
0.18 1637754062.153638
0.31 1637754062.1573
0.24 1637754062.161019
0.24 1637754062.164708
0.31 1637754062.168488
0.18 1637754062.172292
0.18 1637754062.176174
0.18 1637754062.179945
0.18 1637754062.18374
0.24 1637754062.187485
0.18 1637754062.191227
0.18 1637754062.194994
0.24 1637754062.198802
0.24 1637754062.2028
0.18 1637754062.206702
0.18 1637754062.210496
0.18 1637754062.214299
0.18 1637754062.218192
0.24 1637754062.221984
0.24 1637754062.225826
0.18 1637754062.229568
0.18 1637754062.233297
0.12 1637754062.237108
0.24 1637754062.240776
0.24 1637754062.244692
0.24 1637754062.248574
0.18 1637754062.252368
0.24 1637754062.256071
0.24 1637754062.259958
0.24 1637754062.26378
0.18 1637754062.267503
0.18 1637754062.271914
0.18 1637754062.275886
0.12 1637754062.279673
0.18 1637754062.283532
0.18 1637754062.287234
0.18 1637754062.290931
0.18 1637754062.29462
0.24 1637754062.29863
0.24 1637754062.302832
0.24 1637754062.306648
0.24 1637754062.310462
0.18 1637754062.314347
0.18 1637754062.318244
0.18 1637754062.321987
0.24 1637754062.325642
0.18 1637754062.329358
0.24 1637754062.33315
0.18 1637754062.337042
0.24 1637754062.340816
0.18 1637754062.3446
0.18 1637754062.348476
0.24 1637754062.352334
0.12 1637754062.356071
0.18 1637754062.359852
0.18 1637754062.363653
0.18 1637754062.367505
0.24 1637754062.371481
0.24 1637754062.375338
0.24 1637754062.379042
0.24 1637754062.382758
0.24 1637754062.386458
0.18 1637754062.390278
0.12 1637754062.394229
0.12 1637754062.398
0.18 1637754062.401769
0.24 1637754062.405661
0.18 1637754062.409462
0.18 1637754062.413239
0.24 1637754062.417025
0.18 1637754062.421063
0.18 1637754062.424814
0.18 1637754062.428746
0.24 1637754062.432509
0.24 1637754062.436495
0.12 1637754062.440568
0.24 1637754062.444499
0.24 1637754062.448304
0.12 1637754062.452112
0.18 1637754062.455906
0.24 1637754062.4597
0.12 1637754062.463627
0.24 1637754062.467507
0.18 1637754062.471371
0.12 1637754062.475196
0.18 1637754062.478971
0.24 1637754062.483054
0.24 1637754062.48696
0.18 1637754062.491004
0.24 1637754062.494909
0.24 1637754062.498677
0.18 1637754062.502569
0.18 1637754062.506236
0.18 1637754062.510044
0.24 1637754062.51406
0.24 1637754062.518076
0.18 1637754062.521914
0.18 1637754062.52576
0.24 1637754062.529622
0.24 1637754062.53368
0.24 1637754062.537586
0.24 1637754062.541286
0.18 1637754062.54528
0.24 1637754062.549045
0.24 1637754062.552879
0.24 1637754062.556849
0.24 1637754062.560613
0.24 1637754062.564488
0.18 1637754062.568484
0.18 1637754062.572332
0.24 1637754062.576268
0.18 1637754062.580158
0.18 1637754062.583935
0.18 1637754062.587901
0.18 1637754062.591704
0.24 1637754062.595619
0.18 1637754062.599507
0.18 1637754062.603463
0.24 1637754062.607471
0.24 1637754062.611321
0.24 1637754062.616818
0.18 1637754062.620688
0.24 1637754062.624557
0.24 1637754062.628368
0.18 1637754062.632208
0.31 1637754062.636598
0.18 1637754062.640614
0.18 1637754062.644353
0.24 1637754062.648227
0.18 1637754062.652028
0.12 1637754062.655777
0.24 1637754062.659728
0.24 1637754062.663661
0.18 1637754062.667609
0.18 1637754062.671502
0.24 1637754062.675306
0.24 1637754062.679243
0.18 1637754062.683109
0.24 1637754062.686886
0.24 1637754062.690682
0.24 1637754062.6945
0.18 1637754062.698222
0.24 1637754062.702042
0.18 1637754062.705855
0.24 1637754062.70961
0.24 1637754062.713476
0.24 1637754062.717313
0.24 1637754062.721062
0.18 1637754062.724843
0.31 1637754062.728563
0.24 1637754062.732307
0.24 1637754062.736129
0.31 1637754062.739835
0.18 1637754062.743633
0.24 1637754062.747355
0.24 1637754062.751126
0.24 1637754062.754813
0.24 1637754062.758692
0.24 1637754062.762498
0.31 1637754062.766228
0.24 1637754062.769846
0.24 1637754062.773666
0.24 1637754062.777455
0.31 1637754062.78112
0.24 1637754062.784774
0.24 1637754062.788549
0.31 1637754062.792392
0.24 1637754062.796201
0.24 1637754062.799989
0.18 1637754062.803877
0.18 1637754062.807623
0.18 1637754062.811484
0.24 1637754062.815318
0.24 1637754062.819128
0.24 1637754062.822998
0.18 1637754062.826641
0.31 1637754062.830371
0.24 1637754062.834127
0.31 1637754062.838078
0.24 1637754062.841832
0.31 1637754062.845598
0.24 1637754062.849513
0.24 1637754062.853201
0.12 1637754062.857023
0.24 1637754062.860751
0.24 1637754062.864662
0.24 1637754062.868332
0.24 1637754062.872045
0.31 1637754062.87592
0.18 1637754062.879744
0.24 1637754062.883726
0.24 1637754062.887548
0.24 1637754062.891253
0.31 1637754062.895045
0.24 1637754062.898938
0.31 1637754062.90299
0.24 1637754062.906941
0.24 1637754062.910694
0.24 1637754062.914619
0.18 1637754062.918473
0.24 1637754062.922174
0.31 1637754062.92609
0.31 1637754062.930117
0.24 1637754062.933886
0.18 1637754062.937852
0.31 1637754062.941696
0.24 1637754062.945457
0.18 1637754062.94931
0.24 1637754062.953161
0.24 1637754062.957069
0.18 1637754062.961079
0.12 1637754062.964822
0.24 1637754062.968671
0.18 1637754062.97264
0.24 1637754062.976792
0.18 1637754062.980792
0.24 1637754062.984687
0.18 1637754062.98847
0.24 1637754062.992357
0.31 1637754062.996374
0.24 1637754063.000259
0.31 1637754063.004146
0.24 1637754063.007768
0.18 1637754063.011431
0.24 1637754063.015163
0.31 1637754063.018972
0.24 1637754063.022742
0.24 1637754063.026676
0.24 1637754063.030507
0.18 1637754063.034441
0.24 1637754063.038258
0.24 1637754063.042152
0.12 1637754063.046037
0.18 1637754063.049728
0.24 1637754063.053469
0.24 1637754063.057262
0.18 1637754063.060976
0.24 1637754063.064891
0.18 1637754063.068888
0.24 1637754063.072935
0.18 1637754063.076937
0.24 1637754063.080628
0.18 1637754063.084384
0.31 1637754063.088301
0.31 1637754063.092116
0.24 1637754063.095956
0.18 1637754063.099845
0.24 1637754063.103609
0.24 1637754063.1075
0.18 1637754063.11118
0.18 1637754063.1151
0.31 1637754063.118962
0.24 1637754063.122713
0.18 1637754063.12662
0.24 1637754063.130588
0.24 1637754063.13472
0.24 1637754063.138666
0.18 1637754063.142524
0.18 1637754063.146543
0.18 1637754063.150508
0.24 1637754063.154563
0.18 1637754063.158222
0.24 1637754063.162086
0.12 1637754063.166055
0.24 1637754063.169802
0.24 1637754063.173611
0.18 1637754063.177514
0.24 1637754063.181171
0.18 1637754063.184954
0.18 1637754063.18877
0.24 1637754063.19271
0.24 1637754063.196612
0.24 1637754063.200487
0.24 1637754063.204214
0.18 1637754063.207902
0.24 1637754063.211794
0.24 1637754063.216293
0.24 1637754063.220071
0.31 1637754063.223852
0.31 1637754063.227632
0.49 1637754063.231474
0.86 1637754063.235308
1.42 1637754063.239259
1.92 1637754063.243094
2.29 1637754063.247099
2.6 1637754063.251138
2.78 1637754063.255061
2.78 1637754063.259092
2.9699999999999998 1637754063.26316
3.1599999999999997 1637754063.267125
3.4 1637754063.271058
3.78 1637754063.274905
4.2700000000000005 1637754063.278709
4.71 1637754063.282557
5.140000000000001 1637754063.286466
5.140000000000001 1637754063.290488
5.260000000000001 1637754063.294519
5.640000000000001 1637754063.299017
5.95 1637754063.302982
6.5 1637754063.307119
7.0600000000000005 1637754063.311148
7.74 1637754063.315144
8.43 1637754063.319287
8.74 1637754063.323485
8.92 1637754063.327533
9.049999999999999 1637754063.331504
9.42 1637754063.335498
9.6 1637754063.33953
9.729999999999999 1637754063.343557
9.979999999999999 1637754063.347651
10.469999999999999 1637754063.351692
11.03 1637754063.355755
11.399999999999999 1637754063.359821
11.649999999999999 1637754063.363823
12.139999999999999 1637754063.367804
12.389999999999999 1637754063.371776
12.76 1637754063.375816
13.07 1637754063.379777
13.379999999999999 1637754063.383896
13.76 1637754063.387994
14.19 1637754063.391972
14.69 1637754063.396043
15.0 1637754063.400108
15.309999999999999 1637754063.404126
15.74 1637754063.408137
16.17 1637754063.412343
16.55 1637754063.416506
16.86 1637754063.420583
17.23 1637754063.425134
17.54 1637754063.429225
17.849999999999998 1637754063.433335
18.16 1637754063.437315
18.53 1637754063.441328
18.9 1637754063.445307
19.33 1637754063.44937
19.77 1637754063.453547
20.14 1637754063.457492
20.509999999999998 1637754063.461523
20.82 1637754063.465644
21.07 1637754063.469801
21.38 1637754063.473876
21.689999999999998 1637754063.477838
22.06 1637754063.481947
22.31 1637754063.48604
22.74 1637754063.490145
23.18 1637754063.494087
23.61 1637754063.498078
23.98 1637754063.502111
24.48 1637754063.506062
24.79 1637754063.510052
25.099999999999998 1637754063.514117
25.41 1637754063.518267
25.84 1637754063.522277
26.03 1637754063.526378
26.46 1637754063.530522
26.77 1637754063.534595
27.08 1637754063.538652
27.45 1637754063.542826
27.89 1637754063.547014
28.2 1637754063.551328
28.45 1637754063.555353
28.82 1637754063.559516
29.0 1637754063.563559
29.31 1637754063.567716
29.62 1637754063.571696
30.0 1637754063.57569
30.18 1637754063.579632
30.49 1637754063.583679
30.8 1637754063.587759
31.11 1637754063.591792
31.419999999999998 1637754063.596003
31.79 1637754063.600173
31.98 1637754063.604556
32.35 1637754063.60871
32.66 1637754063.612887
32.97 1637754063.617066
33.22 1637754063.621302
33.53 1637754063.625407
33.839999999999996 1637754063.62939
34.03 1637754063.633381
34.269999999999996 1637754063.637569
34.71 1637754063.64183
34.96 1637754063.645954
35.33 1637754063.650325
35.57 1637754063.654422
35.82 1637754063.658449
36.19 1637754063.662638
36.5 1637754063.666843
36.81 1637754063.670927
37.12 1637754063.675168
37.31 1637754063.679257
37.74 1637754063.683298
37.81 1637754063.687325
38.12 1637754063.691407
38.43 1637754063.695623
38.67 1637754063.699753
39.05 1637754063.703845
39.29 1637754063.707982
39.54 1637754063.712188
39.73 1637754063.716181
39.91 1637754063.72041
40.29 1637754063.724544
40.53 1637754063.728702
40.78 1637754063.732807
41.03 1637754063.736846
41.28 1637754063.740927
41.589999999999996 1637754063.745176
41.769999999999996 1637754063.749305
42.08 1637754063.753522
42.15 1637754063.757585
42.39 1637754063.761922
42.519999999999996 1637754063.76608
42.83 1637754063.770124
42.95 1637754063.774295
42.83 1637754063.778373
42.89 1637754063.782532
42.89 1637754063.786556
43.01 1637754063.790725
43.08 1637754063.794778
43.45 1637754063.798837
43.51 1637754063.802972
43.51 1637754063.806962
43.57 1637754063.811133
43.39 1637754063.815269
43.32 1637754063.819337
43.26 1637754063.824298
43.32 1637754063.828472
43.39 1637754063.832591
43.39 1637754063.836643
43.39 1637754063.840743
43.32 1637754063.844848
43.39 1637754063.848859
43.39 1637754063.853013
43.32 1637754063.857325
43.39 1637754063.861525
43.39 1637754063.865663
43.32 1637754063.869852
43.32 1637754063.873914
43.39 1637754063.878179
43.32 1637754063.882362
43.26 1637754063.886433
43.26 1637754063.890614
43.32 1637754063.894747
43.26 1637754063.899001
43.39 1637754063.903159
43.39 1637754063.907213
43.39 1637754063.911238
43.39 1637754063.915454
43.39 1637754063.919579
43.32 1637754063.923875
43.45 1637754063.928165
43.39 1637754063.932528
43.39 1637754063.936626
43.32 1637754063.940773
43.39 1637754063.944943
43.45 1637754063.949154
43.39 1637754063.953231
43.39 1637754063.957665
43.39 1637754063.961941
43.45 1637754063.966132
43.51 1637754063.970325
43.39 1637754063.974631
43.45 1637754063.978825
43.45 1637754063.982805
43.39 1637754063.98691
43.39 1637754063.990965
43.39 1637754063.995048
43.45 1637754063.999126
43.39 1637754064.003132
43.39 1637754064.007224
43.45 1637754064.011246
43.39 1637754064.015226
43.39 1637754064.019207
43.39 1637754064.023261
43.39 1637754064.027191
43.39 1637754064.031207
43.39 1637754064.035331
43.39 1637754064.039439
43.39 1637754064.043523
43.39 1637754064.047708
43.39 1637754064.051843
43.39 1637754064.055987
43.45 1637754064.06017
43.45 1637754064.064222
43.45 1637754064.068332
43.45 1637754064.072568
43.51 1637754064.07672
43.45 1637754064.080934
43.39 1637754064.085149
43.45 1637754064.0893
43.39 1637754064.093393
43.45 1637754064.097608
43.39 1637754064.101688
43.45 1637754064.105819
43.51 1637754064.109887
43.51 1637754064.113921
43.32 1637754064.117962
43.39 1637754064.121959
43.45 1637754064.126173
43.39 1637754064.130389
43.39 1637754064.134537
43.51 1637754064.138691
43.39 1637754064.143007
43.45 1637754064.1472
43.51 1637754064.151312
43.45 1637754064.155361
43.45 1637754064.159506
43.39 1637754064.163596
43.45 1637754064.167695
43.45 1637754064.171852
43.51 1637754064.175948
43.45 1637754064.180033
43.39 1637754064.184134
43.45 1637754064.188388
43.39 1637754064.192666
43.45 1637754064.197034
43.57 1637754064.201065
43.45 1637754064.205068
43.45 1637754064.209222
43.45 1637754064.213572
43.39 1637754064.217572
43.39 1637754064.221589
43.45 1637754064.225638
43.45 1637754064.229874
43.51 1637754064.234073
43.51 1637754064.238321
43.51 1637754064.242557
43.39 1637754064.246647
43.39 1637754064.250999
43.51 1637754064.255164
43.39 1637754064.25938
43.45 1637754064.263528
43.45 1637754064.267632
43.45 1637754064.271827
43.45 1637754064.276097
43.45 1637754064.28036
43.51 1637754064.284415
43.39 1637754064.288451
43.45 1637754064.292571
43.45 1637754064.296531
43.39 1637754064.300628
43.39 1637754064.30488
43.39 1637754064.308986
43.45 1637754064.313167
43.39 1637754064.317371
43.45 1637754064.321615
43.45 1637754064.325946
43.45 1637754064.330299
43.45 1637754064.334609
43.45 1637754064.338775
43.45 1637754064.342872
43.39 1637754064.346865
43.45 1637754064.351031
43.51 1637754064.355269
43.39 1637754064.35941
43.39 1637754064.363322
43.39 1637754064.367392
43.39 1637754064.371539
43.39 1637754064.375685
43.32 1637754064.379773
43.45 1637754064.383901
43.45 1637754064.388098
43.45 1637754064.392182
43.45 1637754064.396246
43.39 1637754064.400265
43.39 1637754064.404245
43.39 1637754064.408225
43.45 1637754064.412173
43.39 1637754064.416163
43.32 1637754064.420242
43.39 1637754064.424318
43.39 1637754064.428368
43.45 1637754064.432423
43.45 1637754064.436506
43.39 1637754064.440622
43.39 1637754064.444681
43.32 1637754064.448968
43.45 1637754064.453041
43.39 1637754064.457195
43.39 1637754064.461129
43.39 1637754064.465123
43.32 1637754064.469191
43.39 1637754064.473218
43.45 1637754064.477291
43.39 1637754064.481483
43.32 1637754064.48568
43.39 1637754064.48978
43.39 1637754064.494026
43.39 1637754064.498242
43.39 1637754064.502341
43.32 1637754064.506422
43.39 1637754064.510417
43.45 1637754064.514482
43.39 1637754064.518562
43.39 1637754064.522645
43.39 1637754064.526737
43.32 1637754064.530786
43.45 1637754064.534994
43.32 1637754064.539025
43.26 1637754064.54292
43.39 1637754064.54678
43.32 1637754064.550685
43.32 1637754064.554749
43.32 1637754064.55879
43.32 1637754064.562889
43.32 1637754064.566872
43.39 1637754064.570888
43.32 1637754064.575018
43.39 1637754064.579025
43.32 1637754064.582932
43.39 1637754064.586949
43.32 1637754064.590964
43.26 1637754064.595045
43.32 1637754064.599118
43.32 1637754064.603146
43.39 1637754064.607016
43.32 1637754064.610969
43.32 1637754064.6151
43.39 1637754064.618984
43.32 1637754064.62287
43.39 1637754064.626848
43.32 1637754064.630922
43.39 1637754064.63494
43.26 1637754064.638977
43.39 1637754064.643159
43.32 1637754064.647186
43.32 1637754064.651232
43.39 1637754064.655312
43.32 1637754064.659286
43.32 1637754064.663272
43.26 1637754064.66718
43.26 1637754064.67116
43.26 1637754064.675275
43.26 1637754064.679379
43.32 1637754064.683377
43.39 1637754064.687345
43.26 1637754064.691366
43.32 1637754064.695368
43.39 1637754064.699422
43.39 1637754064.703467
43.26 1637754064.70766
43.39 1637754064.711877
43.32 1637754064.715965
43.32 1637754064.720169
43.26 1637754064.724286
43.2 1637754064.728382
43.32 1637754064.732501
43.26 1637754064.736587
43.32 1637754064.740761
43.32 1637754064.745033
43.32 1637754064.749141
43.39 1637754064.753137
43.26 1637754064.757143
43.26 1637754064.761279
43.26 1637754064.765298
43.26 1637754064.76935
43.26 1637754064.773429
43.26 1637754064.777568
43.26 1637754064.781578
43.32 1637754064.785619
43.32 1637754064.789887
43.39 1637754064.794008
43.32 1637754064.79825
43.32 1637754064.802453
43.2 1637754064.806719
43.32 1637754064.810959
43.32 1637754064.815217
43.26 1637754064.819321
43.32 1637754064.823382
43.32 1637754064.827576
43.32 1637754064.831819
43.26 1637754064.836028
43.26 1637754064.840263
43.32 1637754064.844493
43.32 1637754064.848601
43.26 1637754064.852774
43.32 1637754064.856844
43.26 1637754064.861018
43.26 1637754064.864988
43.26 1637754064.868955
43.26 1637754064.872988
43.26 1637754064.87714
43.32 1637754064.881299
43.32 1637754064.885556
43.32 1637754064.88983
43.39 1637754064.894121
43.32 1637754064.898515
43.2 1637754064.902796
43.2 1637754064.907091
43.39 1637754064.911281
43.39 1637754064.915392
43.57 1637754064.91961
42.64 1637754064.923939
40.22 1637754064.928282
37.06 1637754064.932611
33.41 1637754064.936939
29.38 1637754064.941136
25.72 1637754064.9454
22.43 1637754064.949633
19.71 1637754064.953769
16.98 1637754064.957735
13.51 1637754064.961808
9.17 1637754064.966083
4.46 1637754064.970102
0.8 1637754064.974247
0.18 1637754064.978199
0.24 1637754064.982173
0.12 1637754064.986025
0.24 1637754064.98989
0.18 1637754064.993663
0.18 1637754064.997532
0.18 1637754065.001272
0.18 1637754065.005068
0.24 1637754065.00898
0.18 1637754065.01281
0.24 1637754065.016717
0.24 1637754065.020729
0.18 1637754065.024677
0.18 1637754065.028636
0.31 1637754065.032617
0.18 1637754065.036428
0.24 1637754065.040328
0.18 1637754065.044192
0.24 1637754065.047989
0.18 1637754065.051737
0.12 1637754065.055516
0.24 1637754065.059257
0.18 1637754065.062968
0.12 1637754065.066747
0.24 1637754065.070563
0.12 1637754065.074514
0.18 1637754065.078415
0.18 1637754065.082337
0.18 1637754065.08623
0.18 1637754065.090042
0.18 1637754065.093912
0.12 1637754065.097827
0.18 1637754065.10172
0.18 1637754065.105583
0.12 1637754065.109329
0.12 1637754065.113123
0.12 1637754065.116954
0.18 1637754065.120907
0.12 1637754065.124805
0.18 1637754065.128615
0.18 1637754065.132597
0.18 1637754065.136477
0.06 1637754065.140195
0.12 1637754065.143792
0.12 1637754065.147716
0.12 1637754065.151727
0.18 1637754065.155727
0.12 1637754065.159815
0.12 1637754065.163737
0.12 1637754065.167626
0.12 1637754065.171377
0.12 1637754065.175136
0.18 1637754065.178914
0.18 1637754065.182969
0.06 1637754065.186795
0.12 1637754065.190609
0.18 1637754065.194639
0.18 1637754065.198583
0.06 1637754065.202592
0.12 1637754065.206436
0.12 1637754065.210346
0.12 1637754065.214226
0.12 1637754065.218145
0.18 1637754065.222023
0.06 1637754065.225935
0.18 1637754065.229703
0.12 1637754065.233348
0.12 1637754065.237125
0.12 1637754065.240945
0.12 1637754065.244708
0.12 1637754065.248572
0.18 1637754065.252393
0.24 1637754065.256219
0.12 1637754065.259886
0.12 1637754065.263496
0.06 1637754065.267143
0.06 1637754065.270939
0.18 1637754065.274701
0.12 1637754065.278502
0.12 1637754065.282256
0.18 1637754065.286063
0.12 1637754065.28983
0.12 1637754065.293606
0.18 1637754065.297406
0.06 1637754065.301206
0.12 1637754065.305015
0.12 1637754065.30878
0.12 1637754065.312565
0.12 1637754065.316353
0.12 1637754065.320148
0.12 1637754065.323887
0.12 1637754065.327543
0.12 1637754065.331264
0.12 1637754065.33495
0.12 1637754065.338591
0.12 1637754065.342309
0.06 1637754065.346059
0.06 1637754065.34984
0.12 1637754065.353553
0.18 1637754065.357356
0.12 1637754065.361163
0.18 1637754065.364868
0.18 1637754065.368583
0.12 1637754065.372356
0.12 1637754065.376123
0.18 1637754065.379937
0.18 1637754065.383576
0.06 1637754065.387267
0.12 1637754065.391045
0.12 1637754065.394897
0.12 1637754065.398646
0.12 1637754065.402305
0.18 1637754065.40594
0.06 1637754065.409601
0.18 1637754065.413203
0.12 1637754065.416863
0.12 1637754065.420446
0.06 1637754065.424025
0.18 1637754065.437456
0.12 1637754065.441123
0.12 1637754065.447783
0.12 1637754065.451496
0.12 1637754065.455069
0.12 1637754065.462774
0.18 1637754065.466479
0.06 1637754065.470104
0.06 1637754065.473622
0.12 1637754065.477084
0.12 1637754065.480702
0.12 1637754065.484229
0.12 1637754065.487799
0.18 1637754065.49123
0.12 1637754065.494849
0.12 1637754065.498451
0.12 1637754065.50206
0.12 1637754065.505658
0.18 1637754065.509194
0.12 1637754065.512898
0.12 1637754065.516502
0.12 1637754065.520213
0.06 1637754065.523957
0.18 1637754065.527583
0.12 1637754065.531295
0.18 1637754065.535061
0.12 1637754065.538785
0.12 1637754065.542496
0.06 1637754065.546065
0.12 1637754065.549786
0.12 1637754065.553487
0.12 1637754065.557174
0.06 1637754065.561003
0.12 1637754065.564703
0.06 1637754065.568474
0.12 1637754065.572151
0.18 1637754065.575813
0.18 1637754065.579496
0.12 1637754065.583208
0.12 1637754065.586949
0.18 1637754065.590611
0.18 1637754065.594385
0.18 1637754065.598119
0.12 1637754065.601965
0.06 1637754065.605686
0.06 1637754065.609549
0.12 1637754065.613195
0.18 1637754065.616878
0.18 1637754065.620483
0.06 1637754065.624187
0.06 1637754065.627985
0.12 1637754065.631871
0.12 1637754065.635589
0.12 1637754065.639277
0.18 1637754065.642977
0.12 1637754065.646635
0.18 1637754065.650195
0.12 1637754065.653764
0.06 1637754065.657379
0.18 1637754065.661141
0.18 1637754065.664932
0.12 1637754065.668765
0.18 1637754065.672502
0.0 1637754065.676202
0.06 1637754065.6799
0.06 1637754065.683748
0.12 1637754065.687551
0.06 1637754065.691339
0.18 1637754065.695088
0.18 1637754065.699003
0.12 1637754065.702878
0.06 1637754065.706601
0.18 1637754065.710392
0.18 1637754065.714297
0.18 1637754065.718091
0.12 1637754065.721882
0.18 1637754065.725641
0.06 1637754065.72927
0.06 1637754065.732965
0.12 1637754065.736653
0.12 1637754065.740387
0.18 1637754065.744327
0.12 1637754065.748032
0.12 1637754065.751875
0.12 1637754065.755665
0.12 1637754065.759385
0.12 1637754065.763089
0.06 1637754065.766965
0.12 1637754065.770841
0.12 1637754065.774713
0.18 1637754065.778505
0.12 1637754065.782604
0.12 1637754065.786419
0.06 1637754065.790177
0.12 1637754065.793983
0.18 1637754065.797825
0.06 1637754065.801806
0.12 1637754065.805669
0.12 1637754065.809587
0.12 1637754065.813282
0.12 1637754065.817078
0.18 1637754065.821031
0.06 1637754065.824929
0.06 1637754065.828671
0.18 1637754065.832546
0.06 1637754065.836541
0.18 1637754065.840418
0.0 1637754065.844176
0.18 1637754065.847944
0.18 1637754065.851752
0.12 1637754065.855721
0.12 1637754065.859533
0.06 1637754065.863363
0.06 1637754065.867116
0.12 1637754065.870962
0.12 1637754065.874666
0.18 1637754065.878505
0.12 1637754065.882272
0.12 1637754065.886104
0.12 1637754065.889889
0.18 1637754065.893656
0.06 1637754065.897431
0.18 1637754065.90147
0.06 1637754065.90534
0.12 1637754065.909227
0.06 1637754065.913289
0.12 1637754065.917105
0.06 1637754065.92097
0.18 1637754065.924813
0.12 1637754065.928608
0.12 1637754065.932343
0.0 1637754065.936287
0.12 1637754065.940156
0.12 1637754065.943893
0.06 1637754065.947688
0.06 1637754065.951501
0.18 1637754065.955278
0.12 1637754065.959085
0.12 1637754065.962814
0.18 1637754065.966835
0.12 1637754065.970795
0.06 1637754065.974672
0.18 1637754065.978649
0.06 1637754065.982618
0.06 1637754065.986606
0.06 1637754065.990374
0.12 1637754065.994213
0.06 1637754065.998031
0.06 1637754066.001716
0.06 1637754066.005546
0.06 1637754066.009436
0.12 1637754066.013365
0.06 1637754066.017225
0.12 1637754066.021001
0.06 1637754066.024889
0.06 1637754066.028668
0.12 1637754066.032648
0.06 1637754066.036544
0.12 1637754066.040335
0.06 1637754066.044129
0.06 1637754066.048003
0.12 1637754066.051925
0.06 1637754066.055853
0.06 1637754066.059698
0.12 1637754066.063569
0.18 1637754066.067734
0.12 1637754066.07175
0.06 1637754066.075569
0.06 1637754066.079344
0.12 1637754066.083056
0.12 1637754066.086885
0.06 1637754066.090633
0.06 1637754066.094392
0.06 1637754066.098217
0.12 1637754066.102104
0.12 1637754066.105949
0.12 1637754066.10981
0.12 1637754066.113608
0.06 1637754066.117336
0.12 1637754066.121097
0.12 1637754066.12511
0.18 1637754066.12922
0.12 1637754066.133145
0.06 1637754066.136996
0.12 1637754066.140849
0.18 1637754066.144692
0.12 1637754066.148535
0.12 1637754066.152429
0.12 1637754066.156278
0.0 1637754066.160102
0.18 1637754066.163948
0.12 1637754066.167906
0.12 1637754066.17171
0.06 1637754066.175466
0.12 1637754066.179164
0.12 1637754066.182852
0.12 1637754066.18678
0.12 1637754066.190618
0.06 1637754066.194605
0.18 1637754066.198588
0.18 1637754066.202352
0.12 1637754066.206144
0.06 1637754066.210082
0.18 1637754066.214059
0.12 1637754066.217855
0.06 1637754066.221633
0.12 1637754066.225433
0.12 1637754066.229379
0.06 1637754066.233247
0.12 1637754066.237144
0.18 1637754066.241056
0.12 1637754066.245002
0.12 1637754066.248891
0.18 1637754066.252864
0.12 1637754066.256637
0.06 1637754066.26041
0.12 1637754066.264244
0.18 1637754066.268009
0.12 1637754066.271791
0.12 1637754066.275645
0.12 1637754066.27962
0.12 1637754066.283319
0.12 1637754066.28702
0.12 1637754066.290674
0.12 1637754066.294528
0.18 1637754066.29833
0.12 1637754066.302157
0.12 1637754066.305916
0.12 1637754066.309738
0.12 1637754066.313618
0.12 1637754066.317458
0.18 1637754066.321339
0.06 1637754066.32523
0.06 1637754066.329183
0.18 1637754066.333172
0.12 1637754066.337087
0.18 1637754066.341005
0.18 1637754066.344992
0.12 1637754066.348981
0.0 1637754066.352957
0.12 1637754066.356938
0.06 1637754066.360875
0.18 1637754066.364691
0.12 1637754066.368399
0.06 1637754066.372267
0.18 1637754066.376295
0.12 1637754066.380299
0.06 1637754066.384207
0.12 1637754066.388045
0.06 1637754066.391856
0.06 1637754066.39579
0.06 1637754066.399791
0.18 1637754066.403709
0.06 1637754066.40766
0.18 1637754066.411539
0.12 1637754066.415453
0.18 1637754066.419276
0.12 1637754066.423073
0.18 1637754066.426966
0.18 1637754066.430967
0.24 1637754066.434744
0.18 1637754066.438647
0.18 1637754066.442572
0.12 1637754066.446523
0.12 1637754066.450518
0.18 1637754066.454269
0.18 1637754066.457924
0.12 1637754066.461606
0.12 1637754066.465287
0.12 1637754066.469028
0.12 1637754066.472747
0.12 1637754066.47652
0.18 1637754066.480199
0.12 1637754066.483901
0.12 1637754066.487649
0.12 1637754066.491517
0.12 1637754066.495381
0.06 1637754066.499197
0.06 1637754066.503036
0.12 1637754066.506843
0.12 1637754066.510717
0.06 1637754066.51452
0.06 1637754066.51832
0.12 1637754066.522015
0.06 1637754066.52597
0.06 1637754066.529942
0.12 1637754066.533998
0.0 1637754066.537967
0.12 1637754066.541768
0.12 1637754066.545728
0.12 1637754066.549507
0.12 1637754066.553423
0.06 1637754066.557287
0.18 1637754066.561095
0.12 1637754066.564997
0.12 1637754066.568764
0.18 1637754066.572709
0.12 1637754066.576663
0.12 1637754066.580665
0.06 1637754066.584601
0.06 1637754066.588492
0.06 1637754066.59237
0.12 1637754066.596155
0.12 1637754066.600047
0.06 1637754066.603855
0.12 1637754066.607678
0.12 1637754066.611662
0.12 1637754066.615532
0.06 1637754066.619271
0.12 1637754066.623082
0.12 1637754066.626852
0.12 1637754066.630718
0.06 1637754066.634663
0.06 1637754066.638592
0.06 1637754066.642343
0.12 1637754066.646168
0.12 1637754066.64993
0.12 1637754066.653723
0.12 1637754066.657529
0.12 1637754066.661257
0.12 1637754066.66505
0.12 1637754066.668858
0.12 1637754066.672583
0.06 1637754066.67631
0.12 1637754066.67995
0.06 1637754066.683881
0.12 1637754066.687736
0.12 1637754066.691652
0.12 1637754066.695734
0.12 1637754066.699637
0.06 1637754066.70353
0.18 1637754066.707395
0.12 1637754066.711251
0.12 1637754066.715068
0.12 1637754066.718932
0.12 1637754066.722634
0.06 1637754066.726394
0.12 1637754066.730245
0.12 1637754066.734204
0.12 1637754066.738103
0.06 1637754066.742006
0.12 1637754066.746033
0.12 1637754066.749971
0.12 1637754066.75373
0.12 1637754066.757534
0.06 1637754066.761311
0.12 1637754066.765251
0.18 1637754066.769162
0.18 1637754066.772967
0.12 1637754066.776743
0.06 1637754066.780649
0.12 1637754066.784636
0.18 1637754066.788665
0.18 1637754066.792469
0.12 1637754066.796416
0.06 1637754066.800463
0.18 1637754066.804472
0.06 1637754066.808409
0.12 1637754066.812287
0.06 1637754066.816116
0.12 1637754066.819889
0.12 1637754066.823735
0.18 1637754066.827551
0.12 1637754066.831294
0.18 1637754066.83511
0.0 1637754066.838999
0.12 1637754066.842766
0.12 1637754066.846742
0.12 1637754066.850681
0.18 1637754066.85461
0.12 1637754066.858374
0.12 1637754066.86205
0.12 1637754066.865976
0.12 1637754066.869793
0.06 1637754066.873706
0.12 1637754066.877633
0.06 1637754066.881506
0.12 1637754066.885586
0.12 1637754066.889439
0.12 1637754066.893363
0.12 1637754066.897254
0.06 1637754066.901211
0.12 1637754066.905006
0.18 1637754066.908787
0.12 1637754066.9126
0.12 1637754066.916504
0.12 1637754066.920399
0.06 1637754066.924296
0.12 1637754066.92809
0.18 1637754066.931979
0.18 1637754066.935819
0.12 1637754066.939562
0.18 1637754066.943242
0.12 1637754066.947092
0.12 1637754066.950895
0.18 1637754066.954768
0.18 1637754066.958631
0.12 1637754066.962446
0.06 1637754066.966304
0.12 1637754066.970154
0.12 1637754066.974102
0.18 1637754066.978018
0.12 1637754066.982015
0.12 1637754066.985993
0.06 1637754066.990004
0.12 1637754066.993834
0.18 1637754066.997605
0.18 1637754067.001297
0.18 1637754067.005041
0.12 1637754067.008711
0.06 1637754067.01248
0.12 1637754067.016291
0.12 1637754067.020008
0.06 1637754067.023674
0.12 1637754067.027546
0.18 1637754067.031393
0.18 1637754067.035168
0.18 1637754067.038881
0.12 1637754067.042716
0.12 1637754067.046555
0.24 1637754067.050382
0.12 1637754067.054115
0.06 1637754067.05794
0.12 1637754067.061689
0.06 1637754067.065572
0.12 1637754067.069384
0.06 1637754067.073246
0.12 1637754067.077062
0.06 1637754067.080956
0.18 1637754067.08485
0.06 1637754067.088606
0.18 1637754067.092372
0.18 1637754067.09629
0.12 1637754067.100144
0.12 1637754067.104002
0.12 1637754067.10791
0.18 1637754067.111672
0.18 1637754067.115551
0.18 1637754067.119377
0.18 1637754067.12303
0.12 1637754067.126826
0.18 1637754067.130624
0.06 1637754067.134638
0.18 1637754067.138632
0.12 1637754067.142515
0.12 1637754067.146186
0.12 1637754067.149965
0.12 1637754067.153708
0.06 1637754067.157541
0.12 1637754067.161359
0.18 1637754067.165246
0.12 1637754067.169154
0.18 1637754067.172967
0.06 1637754067.176746
0.06 1637754067.180754
0.12 1637754067.184668
0.18 1637754067.188339
0.06 1637754067.192215
0.12 1637754067.196053
0.12 1637754067.199896
0.06 1637754067.203625
0.18 1637754067.207332
0.12 1637754067.211047
0.18 1637754067.214868
0.12 1637754067.218662
0.12 1637754067.222444
0.12 1637754067.226242
0.12 1637754067.229975
0.18 1637754067.233648
0.18 1637754067.237352
0.12 1637754067.241157
0.24 1637754067.245023
0.12 1637754067.24882
0.12 1637754067.252514
0.12 1637754067.256206
0.12 1637754067.259899
0.06 1637754067.263705
0.06 1637754067.267405
0.18 1637754067.271071
0.12 1637754067.275003
0.18 1637754067.278917
0.12 1637754067.282799
0.12 1637754067.286679
0.12 1637754067.290775
0.12 1637754067.294625
0.12 1637754067.298426
0.12 1637754067.302162
0.18 1637754067.306057
0.24 1637754067.309976
0.12 1637754067.313885
0.06 1637754067.317586
0.06 1637754067.321558
0.18 1637754067.325382
0.18 1637754067.329176
0.06 1637754067.333078
0.12 1637754067.336919
0.12 1637754067.340784
0.06 1637754067.344764
0.12 1637754067.348503
0.12 1637754067.35227
0.12 1637754067.355973
0.18 1637754067.359675
0.06 1637754067.363581
0.12 1637754067.367362
0.18 1637754067.371154
0.12 1637754067.375032
0.06 1637754067.379068
0.18 1637754067.382954
0.12 1637754067.386837
0.12 1637754067.390711
0.18 1637754067.394681
0.12 1637754067.398584
0.06 1637754067.402412
0.12 1637754067.406243
