8.520998001098633 1624363991.475421 0.926
8.520998001098633 1624363991.482365 0.926
8.520998001098633 1624363991.489311 0.926
8.520998001098633 1624363991.496347 0.926
8.520998001098633 1624363991.50335 0.926
8.520998001098633 1624363991.510394 0.926
8.520998001098633 1624363991.517446 0.926
8.520998001098633 1624363991.524543 0.926
8.520998001098633 1624363991.531487 0.926
8.520998001098633 1624363991.538484 0.926
8.520998001098633 1624363991.545447 0.926
8.520998001098633 1624363991.552443 0.926
8.520998001098633 1624363991.559465 0.926
8.520998001098633 1624363991.566515 0.926
8.520998001098633 1624363991.573547 0.926
8.520998001098633 1624363991.580498 0.926
8.520998001098633 1624363991.587496 0.926
8.520998001098633 1624363991.594544 0.926
8.520998001098633 1624363991.601343 0.926
8.520998001098633 1624363991.608432 0.926
8.520998001098633 1624363991.615408 0.926
8.520998001098633 1624363991.622429 0.926
8.520998001098633 1624363991.62937 0.926
8.520998001098633 1624363991.636353 0.926
8.520998001098633 1624363991.643315 0.926
8.520998001098633 1624363991.650296 0.926
8.520998001098633 1624363991.657356 0.926
8.520998001098633 1624363991.664416 0.926
8.520998001098633 1624363991.671439 0.926
8.520998001098633 1624363991.678448 0.926
8.520998001098633 1624363991.685392 0.926
8.520998001098633 1624363991.692402 0.926
8.520998001098633 1624363991.699401 0.926
8.520998001098633 1624363991.706431 0.926
8.520998001098633 1624363991.713462 0.926
8.520998001098633 1624363991.72046 0.926
8.520998001098633 1624363991.727483 0.926
8.520998001098633 1624363991.734496 0.926
8.520998001098633 1624363991.74132 0.926
8.520998001098633 1624363991.748328 0.926
8.520998001098633 1624363991.755318 0.926
8.520998001098633 1624363991.76233 0.926
8.520998001098633 1624363991.769334 0.926
8.520998001098633 1624363991.77637 0.926
8.520998001098633 1624363991.783376 0.926
8.520998001098633 1624363991.790326 0.926
8.520998001098633 1624363991.797439 0.926
8.520998001098633 1624363991.804372 0.926
8.520998001098633 1624363991.81142 0.926
8.520998001098633 1624363991.818419 0.926
8.520998001098633 1624363991.825386 0.926
8.520998001098633 1624363991.832381 0.926
7.912355422973633 1624363991.839382 0.926
8.520998001098633 1624363991.846403 0.926
8.520998001098633 1624363991.853402 0.926
8.520998001098633 1624363991.860451 0.926
8.520998001098633 1624363991.86745 0.926
8.520998001098633 1624363991.874401 0.926
8.520998001098633 1624363991.8814 0.926
8.520998001098633 1624363991.888387 0.926
8.520998001098633 1624363991.895194 0.926
8.520998001098633 1624363991.9022 0.926
8.520998001098633 1624363991.909226 0.926
8.520998001098633 1624363991.916204 0.926
8.520998001098633 1624363991.923182 0.926
8.520998001098633 1624363991.930226 0.926
8.520998001098633 1624363991.93722 0.926
8.520998001098633 1624363991.944234 0.926
8.520998001098633 1624363991.951279 0.926
8.520998001098633 1624363991.958295 0.926
8.520998001098633 1624363991.965304 0.926
8.520998001098633 1624363991.972415 0.926
8.520998001098633 1624363991.979442 0.926
8.520998001098633 1624363991.986343 0.926
8.520998001098633 1624363991.993353 0.926
8.520998001098633 1624363992.00033 0.926
8.520998001098633 1624363992.007392 0.926
8.520998001098633 1624363992.014328 0.926
8.520998001098633 1624363992.021195 0.926
8.520998001098633 1624363992.028116 0.926
8.520998001098633 1624363992.035201 0.926
8.520998001098633 1624363992.042195 0.926
8.520998001098633 1624363992.049213 0.926
8.520998001098633 1624363992.056237 0.926
8.520998001098633 1624363992.063283 0.926
8.520998001098633 1624363992.070311 0.926
8.520998001098633 1624363992.077335 0.926
8.520998001098633 1624363992.084303 0.926
8.520998001098633 1624363992.091228 0.926
8.520998001098633 1624363992.098195 0.926
8.520998001098633 1624363992.105221 0.926
8.520998001098633 1624363992.112304 0.926
8.520998001098633 1624363992.119344 0.926
8.520998001098633 1624363992.126413 0.926
8.520998001098633 1624363992.133317 0.926
8.520998001098633 1624363992.140359 0.926
8.520998001098633 1624363992.147395 0.926
8.520998001098633 1624363992.154182 0.926
8.520998001098633 1624363992.161183 0.926
8.520998001098633 1624363992.168191 0.926
8.520998001098633 1624363992.175207 0.926
8.520998001098633 1624363992.182189 0.926
8.520998001098633 1624363992.189181 0.926
8.520998001098633 1624363992.196146 0.926
8.520998001098633 1624363992.203155 0.926
8.520998001098633 1624363992.210228 0.926
8.520998001098633 1624363992.217177 0.926
8.520998001098633 1624363992.224189 0.926
8.520998001098633 1624363992.231246 0.926
8.520998001098633 1624363992.23822 0.926
8.520998001098633 1624363992.24519 0.926
8.520998001098633 1624363992.252195 0.926
8.520998001098633 1624363992.259164 0.926
8.520998001098633 1624363992.266256 0.926
8.520998001098633 1624363992.273296 0.926
8.520998001098633 1624363992.280049 0.926
8.520998001098633 1624363992.287114 0.926
8.520998001098633 1624363992.294189 0.926
8.520998001098633 1624363992.301138 0.926
8.520998001098633 1624363992.308159 0.926
8.520998001098633 1624363992.315168 0.926
8.520998001098633 1624363992.322215 0.926
8.520998001098633 1624363992.329226 0.926
8.520998001098633 1624363992.336215 0.926
8.520998001098633 1624363992.343232 0.926
8.520998001098633 1624363992.350222 0.926
8.520998001098633 1624363992.35723 0.926
8.520998001098633 1624363992.364222 0.926
8.520998001098633 1624363992.371205 0.926
8.520998001098633 1624363992.378258 0.926
8.520998001098633 1624363992.385203 0.926
8.520998001098633 1624363992.392218 0.926
8.520998001098633 1624363992.399194 0.926
8.520998001098633 1624363992.406153 0.926
8.520998001098633 1624363992.41321 0.926
8.520998001098633 1624363992.420144 0.926
8.520998001098633 1624363992.427217 0.926
8.520998001098633 1624363992.434161 0.926
8.520998001098633 1624363992.441038 0.926
8.520998001098633 1624363992.447989 0.926
8.520998001098633 1624363992.455116 0.926
8.520998001098633 1624363992.462052 0.926
8.520998001098633 1624363992.469142 0.926
8.520998001098633 1624363992.476149 0.926
8.520998001098633 1624363992.483165 0.926
8.520998001098633 1624363992.490223 0.926
8.520998001098633 1624363992.497193 0.926
8.520998001098633 1624363992.504192 0.926
8.520998001098633 1624363992.51115 0.926
8.520998001098633 1624363992.518206 0.926
8.520998001098633 1624363992.525168 0.926
7.912355422973633 1624363992.532188 0.926
8.520998001098633 1624363992.539193 0.926
8.520998001098633 1624363992.546155 0.926
8.520998001098633 1624363992.553144 0.926
8.520998001098633 1624363992.560207 0.926
8.520998001098633 1624363992.567178 0.926
8.520998001098633 1624363992.574197 0.926
8.520998001098633 1624363992.581081 0.926
8.520998001098633 1624363992.588092 0.926
8.520998001098633 1624363992.595076 0.926
8.520998001098633 1624363992.602056 0.926
8.520998001098633 1624363992.609066 0.926
8.520998001098633 1624363992.616086 0.926
8.520998001098633 1624363992.623018 0.926
8.520998001098633 1624363992.630129 0.926
8.520998001098633 1624363992.637105 0.926
8.520998001098633 1624363992.644135 0.926
8.520998001098633 1624363992.65113 0.926
8.520998001098633 1624363992.65811 0.926
8.520998001098633 1624363992.665083 0.926
8.520998001098633 1624363992.672033 0.926
8.520998001098633 1624363992.679075 0.926
8.520998001098633 1624363992.68615 0.926
8.520998001098633 1624363992.693128 0.926
8.520998001098633 1624363992.700137 0.926
8.520998001098633 1624363992.707169 0.926
8.520998001098633 1624363992.714122 0.926
8.520998001098633 1624363992.720951 0.926
8.520998001098633 1624363992.727977 0.926
8.520998001098633 1624363992.734909 0.926
8.520998001098633 1624363992.74193 0.926
8.520998001098633 1624363992.748974 0.926
8.520998001098633 1624363992.756042 0.926
8.520998001098633 1624363992.76308 0.926
8.520998001098633 1624363992.770074 0.926
8.520998001098633 1624363992.77704 0.926
8.520998001098633 1624363992.78408 0.926
8.520998001098633 1624363992.791115 0.926
8.520998001098633 1624363992.798105 0.926
8.520998001098633 1624363992.805069 0.926
8.520998001098633 1624363992.8121 0.926
8.520998001098633 1624363992.819081 0.926
8.520998001098633 1624363992.826177 0.926
8.520998001098633 1624363992.833103 0.926
8.520998001098633 1624363992.840082 0.926
8.520998001098633 1624363992.847135 0.926
8.520998001098633 1624363992.85395 0.926
8.520998001098633 1624363992.860977 0.926
8.520998001098633 1624363992.868009 0.926
8.520998001098633 1624363992.875066 0.926
8.520998001098633 1624363992.882024 0.926
8.520998001098633 1624363992.889043 0.926
8.520998001098633 1624363992.896092 0.926
8.520998001098633 1624363992.903034 0.926
8.520998001098633 1624363992.910048 0.926
8.520998001098633 1624363992.917023 0.926
8.520998001098633 1624363992.924079 0.926
8.520998001098633 1624363992.931043 0.926
8.520998001098633 1624363992.938048 0.926
8.520998001098633 1624363992.945043 0.926
8.520998001098633 1624363992.951997 0.926
8.520998001098633 1624363992.958938 0.926
8.520998001098633 1624363992.966012 0.926
8.520998001098633 1624363992.973088 0.926
8.520998001098633 1624363992.979986 0.926
8.520998001098633 1624363992.987085 0.926
8.520998001098633 1624363992.993913 0.926
8.520998001098633 1624363993.000832 0.926
8.520998001098633 1624363993.007838 0.926
8.520998001098633 1624363993.014962 0.926
8.520998001098633 1624363993.022055 0.926
8.520998001098633 1624363993.029022 0.926
8.520998001098633 1624363993.036041 0.926
8.520998001098633 1624363993.043056 0.926
8.520998001098633 1624363993.04998 0.926
8.520998001098633 1624363993.056998 0.926
8.520998001098633 1624363993.064049 0.926
8.520998001098633 1624363993.071056 0.926
8.520998001098633 1624363993.078012 0.926
8.520998001098633 1624363993.08502 0.926
8.520998001098633 1624363993.091922 0.926
7.912355422973633 1624363993.098966 0.926
8.520998001098633 1624363993.106035 0.926
8.520998001098633 1624363993.113025 0.926
8.520998001098633 1624363993.120059 0.926
8.520998001098633 1624363993.126973 0.926
8.520998001098633 1624363993.133954 0.926
8.520998001098633 1624363993.140856 0.926
8.520998001098633 1624363993.147807 0.926
8.520998001098633 1624363993.154846 0.926
8.520998001098633 1624363993.161802 0.926
8.520998001098633 1624363993.168965 0.926
8.520998001098633 1624363993.176025 0.926
8.520998001098633 1624363993.182929 0.926
8.520998001098633 1624363993.189914 0.926
8.520998001098633 1624363993.19696 0.926
8.520998001098633 1624363993.203917 0.926
8.520998001098633 1624363993.211008 0.926
8.520998001098633 1624363993.217952 0.926
8.520998001098633 1624363993.22505 0.926
8.520998001098633 1624363993.232026 0.926
8.520998001098633 1624363993.239025 0.926
8.520998001098633 1624363993.246007 0.926
8.520998001098633 1624363993.253059 0.926
7.912355422973633 1624363993.260084 0.926
8.520998001098633 1624363993.266957 0.926
8.520998001098633 1624363993.273926 0.926
8.520998001098633 1624363993.28095 0.926
8.520998001098633 1624363993.287993 0.926
8.520998001098633 1624363993.294757 0.926
8.520998001098633 1624363993.301826 0.926
8.520998001098633 1624363993.308896 0.926
8.520998001098633 1624363993.315849 0.926
8.520998001098633 1624363993.322798 0.926
7.912355422973633 1624363993.329806 0.926
8.520998001098633 1624363993.336858 0.926
8.520998001098633 1624363993.343872 0.926
8.520998001098633 1624363993.350909 0.926
8.520998001098633 1624363993.357951 0.926
8.520998001098633 1624363993.364998 0.926
8.520998001098633 1624363993.37189 0.926
8.520998001098633 1624363993.378911 0.926
8.520998001098633 1624363993.385898 0.926
8.520998001098633 1624363993.393035 0.926
8.520998001098633 1624363993.400002 0.926
8.520998001098633 1624363993.406965 0.926
8.520998001098633 1624363993.41397 0.926
8.520998001098633 1624363993.420676 0.926
8.520998001098633 1624363993.427814 0.926
8.520998001098633 1624363993.434768 0.926
8.520998001098633 1624363993.441801 0.926
8.520998001098633 1624363993.448854 0.926
8.520998001098633 1624363993.455835 0.926
8.520998001098633 1624363993.462832 0.926
8.520998001098633 1624363993.469804 0.926
8.520998001098633 1624363993.476811 0.926
8.520998001098633 1624363993.483878 0.926
8.520998001098633 1624363993.490852 0.926
8.520998001098633 1624363993.497893 0.926
8.520998001098633 1624363993.504919 0.926
8.520998001098633 1624363993.511932 0.926
8.520998001098633 1624363993.518905 0.926
8.520998001098633 1624363993.525927 0.926
8.520998001098633 1624363993.532916 0.926
8.520998001098633 1624363993.53976 0.926
8.520998001098633 1624363993.546799 0.926
8.520998001098633 1624363993.553799 0.926
8.520998001098633 1624363993.560807 0.926
8.520998001098633 1624363993.567815 0.926
8.520998001098633 1624363993.574828 0.926
8.520998001098633 1624363993.581828 0.926
8.520998001098633 1624363993.58876 0.926
7.912355422973633 1624363993.595779 0.926
8.520998001098633 1624363993.602756 0.926
8.520998001098633 1624363993.609808 0.926
8.520998001098633 1624363993.616764 0.926
8.520998001098633 1624363993.62382 0.926
7.912355422973633 1624363993.630886 0.926
8.520998001098633 1624363993.6379 0.926
8.520998001098633 1624363993.64487 0.926
8.520998001098633 1624363993.651938 0.926
8.520998001098633 1624363993.65885 0.926
8.520998001098633 1624363993.665899 0.926
8.520998001098633 1624363993.672895 0.926
8.520998001098633 1624363993.679772 0.926
8.520998001098633 1624363993.686781 0.926
8.520998001098633 1624363993.693762 0.926
8.520998001098633 1624363993.700797 0.926
8.520998001098633 1624363993.707768 0.926
8.520998001098633 1624363993.714787 0.926
7.912355422973633 1624363993.721836 0.926
8.520998001098633 1624363993.728801 0.926
8.520998001098633 1624363993.73582 0.926
8.520998001098633 1624363993.742783 0.926
8.520998001098633 1624363993.749811 0.926
7.912355422973633 1624363993.756848 0.926
8.520998001098633 1624363993.763811 0.926
8.520998001098633 1624363993.770831 0.926
8.520998001098633 1624363993.777796 0.926
8.520998001098633 1624363993.784879 0.926
7.912355422973633 1624363993.791811 0.926
8.520998001098633 1624363993.798846 0.926
8.520998001098633 1624363993.805718 0.926
8.520998001098633 1624363993.812738 0.926
8.520998001098633 1624363993.819708 0.926
7.912355422973633 1624363993.826719 0.926
8.520998001098633 1624363993.83376 0.926
8.520998001098633 1624363993.840736 0.926
8.520998001098633 1624363993.847753 0.926
8.520998001098633 1624363993.854801 0.926
7.912355422973633 1624363993.861782 0.926
8.520998001098633 1624363993.868769 0.926
8.520998001098633 1624363993.875836 0.926
7.912355422973633 1624363993.882801 0.926
8.520998001098633 1624363993.889775 0.926
8.520998001098633 1624363993.896751 0.926
8.520998001098633 1624363993.903791 0.926
8.520998001098633 1624363993.91077 0.926
8.520998001098633 1624363993.917837 0.926
8.520998001098633 1624363993.924818 0.926
8.520998001098633 1624363993.931813 0.926
8.520998001098633 1624363993.938787 0.926
8.520998001098633 1624363993.945787 0.926
8.520998001098633 1624363993.952777 0.926
8.520998001098633 1624363993.95962 0.926
8.520998001098633 1624363993.966645 0.926
8.520998001098633 1624363993.973667 0.926
8.520998001098633 1624363993.980711 0.926
8.520998001098633 1624363993.987649 0.926
8.520998001098633 1624363993.994628 0.926
8.520998001098633 1624363994.001735 0.926
8.520998001098633 1624363994.008696 0.926
8.520998001098633 1624363994.015657 0.926
8.520998001098633 1624363994.022583 0.926
8.520998001098633 1624363994.029579 0.926
8.520998001098633 1624363994.036665 0.926
8.520998001098633 1624363994.043652 0.926
8.520998001098633 1624363994.050674 0.926
7.912355422973633 1624363994.057764 0.926
8.520998001098633 1624363994.064733 0.926
8.520998001098633 1624363994.071763 0.926
8.520998001098633 1624363994.078764 0.926
8.520998001098633 1624363994.085655 0.926
8.520998001098633 1624363994.092613 0.926
8.520998001098633 1624363994.099575 0.926
8.520998001098633 1624363994.106614 0.926
8.520998001098633 1624363994.113613 0.926
8.520998001098633 1624363994.120701 0.926
8.520998001098633 1624363994.127692 0.926
8.520998001098633 1624363994.134711 0.926
8.520998001098633 1624363994.141654 0.926
7.912355422973633 1624363994.148655 0.926
8.520998001098633 1624363994.155662 0.926
8.520998001098633 1624363994.162738 0.926
8.520998001098633 1624363994.169756 0.926
8.520998001098633 1624363994.176662 0.926
8.520998001098633 1624363994.183707 0.926
8.520998001098633 1624363994.190739 0.926
8.520998001098633 1624363994.197729 0.926
8.520998001098633 1624363994.204747 0.926
8.520998001098633 1624363994.211776 0.926
8.520998001098633 1624363994.219617 0.926
8.520998001098633 1624363994.226598 0.926
7.912355422973633 1624363994.233635 0.926
8.520998001098633 1624363994.240623 0.926
8.520998001098633 1624363994.247629 0.926
8.520998001098633 1624363994.254644 0.926
8.520998001098633 1624363994.261655 0.926
8.520998001098633 1624363994.268664 0.926
8.520998001098633 1624363994.275638 0.926
8.520998001098633 1624363994.282665 0.926
8.520998001098633 1624363994.289718 0.926
8.520998001098633 1624363994.296705 0.926
8.520998001098633 1624363994.304568 0.926
8.520998001098633 1624363994.3115 0.926
8.520998001098633 1624363994.318469 0.926
7.912355422973633 1624363994.325516 0.926
8.520998001098633 1624363994.332469 0.926
8.520998001098633 1624363994.339543 0.926
8.520998001098633 1624363994.346516 0.926
8.520998001098633 1624363994.353557 0.926
8.520998001098633 1624363994.360526 0.926
8.520998001098633 1624363994.36753 0.926
8.520998001098633 1624363994.374594 0.926
8.520998001098633 1624363994.381622 0.926
8.520998001098633 1624363994.38869 0.926
7.912355422973633 1624363994.395602 0.926
8.520998001098633 1624363994.402695 0.926
8.520998001098633 1624363994.409481 0.926
8.520998001098633 1624363994.41647 0.926
8.520998001098633 1624363994.423442 0.926
7.912355422973633 1624363994.430467 0.926
8.520998001098633 1624363994.437522 0.926
8.520998001098633 1624363994.444486 0.926
8.520998001098633 1624363994.451496 0.926
8.520998001098633 1624363994.458469 0.926
7.912355422973633 1624363994.465467 0.926
8.520998001098633 1624363994.472458 0.926
8.520998001098633 1624363994.479449 0.926
8.520998001098633 1624363994.486463 0.926
8.520998001098633 1624363994.493539 0.926
8.520998001098633 1624363994.500545 0.926
8.520998001098633 1624363994.507534 0.926
8.520998001098633 1624363994.514586 0.926
8.520998001098633 1624363994.521607 0.926
8.520998001098633 1624363994.528596 0.926
8.520998001098633 1624363994.535642 0.926
8.520998001098633 1624363994.542595 0.926
8.520998001098633 1624363994.549582 0.926
8.520998001098633 1624363994.556639 0.926
8.520998001098633 1624363994.563505 0.926
8.520998001098633 1624363994.570566 0.926
8.520998001098633 1624363994.577512 0.926
8.520998001098633 1624363994.58451 0.926
8.520998001098633 1624363994.591496 0.926
8.520998001098633 1624363994.598532 0.926
8.520998001098633 1624363994.605533 0.926
8.520998001098633 1624363994.612488 0.926
8.520998001098633 1624363994.619498 0.926
7.912355422973633 1624363994.626525 0.926
8.520998001098633 1624363994.633495 0.926
8.520998001098633 1624363994.640465 0.926
8.520998001098633 1624363994.647529 0.926
8.520998001098633 1624363994.654522 0.926
7.912355422973633 1624363994.66148 0.926
8.520998001098633 1624363994.668462 0.926
8.520998001098633 1624363994.675496 0.926
8.520998001098633 1624363994.682456 0.926
8.520998001098633 1624363994.689502 0.926
7.912355422973633 1624363994.696504 0.926
8.520998001098633 1624363994.703592 0.926
8.520998001098633 1624363994.710565 0.926
8.520998001098633 1624363994.717584 0.926
8.520998001098633 1624363994.724444 0.926
8.520998001098633 1624363994.731446 0.926
8.520998001098633 1624363994.738463 0.926
8.520998001098633 1624363994.745404 0.926
7.912355422973633 1624363994.752449 0.926
8.520998001098633 1624363994.75952 0.926
8.520998001098633 1624363994.766485 0.926
8.520998001098633 1624363994.773521 0.926
8.520998001098633 1624363994.780492 0.926
8.520998001098633 1624363994.787508 0.926
8.520998001098633 1624363994.794491 0.926
8.520998001098633 1624363994.801497 0.926
8.520998001098633 1624363994.808447 0.926
8.520998001098633 1624363994.815445 0.926
7.912355422973633 1624363994.822461 0.926
8.520998001098633 1624363994.829472 0.926
8.520998001098633 1624363994.836462 0.926
8.520998001098633 1624363994.843473 0.926
8.520998001098633 1624363994.850298 0.926
7.912355422973633 1624363994.857325 0.926
8.520998001098633 1624363994.864394 0.926
8.520998001098633 1624363994.871387 0.926
8.520998001098633 1624363994.878397 0.926
8.520998001098633 1624363994.885445 0.926
8.520998001098633 1624363994.892429 0.926
8.520998001098633 1624363994.899458 0.926
8.520998001098633 1624363994.906477 0.926
8.520998001098633 1624363994.913487 0.926
8.520998001098633 1624363994.920446 0.926
7.912355422973633 1624363994.92748 0.926
8.520998001098633 1624363994.934497 0.926
8.520998001098633 1624363994.94147 0.926
8.520998001098633 1624363994.948488 0.926
8.520998001098633 1624363994.955516 0.926
7.912355422973633 1624363994.962491 0.926
8.520998001098633 1624363994.969554 0.926
8.520998001098633 1624363994.976539 0.926
8.520998001098633 1624363994.98338 0.926
8.520998001098633 1624363994.990368 0.926
7.912355422973633 1624363994.997351 0.926
8.520998001098633 1624363995.004393 0.926
8.520998001098633 1624363995.011332 0.926
8.520998001098633 1624363995.018413 0.926
8.520998001098633 1624363995.025298 0.926
7.912355422973633 1624363995.032332 0.926
8.520998001098633 1624363995.0393 0.926
8.520998001098633 1624363995.046289 0.926
8.520998001098633 1624363995.053375 0.926
8.520998001098633 1624363995.060324 0.926
8.520998001098633 1624363995.067432 0.926
8.520998001098633 1624363995.074457 0.926
8.520998001098633 1624363995.081411 0.926
8.520998001098633 1624363995.088481 0.926
8.520998001098633 1624363995.095521 0.926
8.520998001098633 1624363995.102458 0.926
8.520998001098633 1624363995.109236 0.926
8.520998001098633 1624363995.116274 0.926
8.520998001098633 1624363995.123351 0.926
8.520998001098633 1624363995.130293 0.926
7.912355422973633 1624363995.137323 0.926
8.520998001098633 1624363995.144359 0.926
8.520998001098633 1624363995.151375 0.926
8.520998001098633 1624363995.158299 0.926
8.520998001098633 1624363995.165305 0.926
8.520998001098633 1624363995.17232 0.926
8.520998001098633 1624363995.179332 0.926
8.520998001098633 1624363995.186399 0.926
8.520998001098633 1624363995.193418 0.926
8.520998001098633 1624363995.200448 0.926
8.520998001098633 1624363995.207412 0.926
8.520998001098633 1624363995.214507 0.926
8.520998001098633 1624363995.221415 0.926
7.912355422973633 1624363995.228444 0.926
8.520998001098633 1624363995.235415 0.926
8.520998001098633 1624363995.242409 0.926
8.520998001098633 1624363995.249255 0.926
8.520998001098633 1624363995.256257 0.926
8.520998001098633 1624363995.263248 0.926
8.520998001098633 1624363995.27019 0.926
8.520998001098633 1624363995.277144 0.926
8.520998001098633 1624363995.284209 0.926
8.520998001098633 1624363995.291195 0.926
8.520998001098633 1624363995.298163 0.926
8.520998001098633 1624363995.305243 0.926
8.520998001098633 1624363995.312229 0.926
7.912355422973633 1624363995.319297 0.926
8.520998001098633 1624363995.326265 0.926
7.912355422973633 1624363995.333298 0.926
8.520998001098633 1624363995.340313 0.926
8.520998001098633 1624363995.347324 0.926
7.912355422973633 1624363995.354393 0.926
8.520998001098633 1624363995.361405 0.926
8.520998001098633 1624363995.368392 0.926
8.520998001098633 1624363995.375397 0.926
8.520998001098633 1624363995.382395 0.926
8.520998001098633 1624363995.389313 0.926
8.520998001098633 1624363995.396177 0.926
8.520998001098633 1624363995.403226 0.926
8.520998001098633 1624363995.410198 0.926
8.520998001098633 1624363995.417277 0.926
8.520998001098633 1624363995.424243 0.926
8.520998001098633 1624363995.431332 0.926
8.520998001098633 1624363995.43824 0.926
8.520998001098633 1624363995.445228 0.926
8.520998001098633 1624363995.452253 0.926
8.520998001098633 1624363995.459213 0.926
8.520998001098633 1624363995.46629 0.926
8.520998001098633 1624363995.473324 0.926
8.520998001098633 1624363995.480316 0.926
8.520998001098633 1624363995.48732 0.926
7.912355422973633 1624363995.494324 0.926
8.520998001098633 1624363995.501357 0.926
8.520998001098633 1624363995.508373 0.926
8.520998001098633 1624363995.515365 0.926
8.520998001098633 1624363995.522369 0.926
8.520998001098633 1624363995.529319 0.926
8.520998001098633 1624363995.536349 0.926
8.520998001098633 1624363995.543124 0.926
8.520998001098633 1624363995.550152 0.926
8.520998001098633 1624363995.557217 0.926
8.520998001098633 1624363995.564222 0.926
8.520998001098633 1624363995.571217 0.926
8.520998001098633 1624363995.578206 0.926
8.520998001098633 1624363995.585179 0.926
8.520998001098633 1624363995.592114 0.926
8.520998001098633 1624363995.599149 0.926
8.520998001098633 1624363995.606276 0.926
8.520998001098633 1624363995.613234 0.926
7.912355422973633 1624363995.620197 0.926
8.520998001098633 1624363995.62725 0.926
8.520998001098633 1624363995.634283 0.926
7.912355422973633 1624363995.641334 0.926
8.520998001098633 1624363995.648267 0.926
8.520998001098633 1624363995.655267 0.926
8.520998001098633 1624363995.662294 0.926
8.520998001098633 1624363995.669127 0.926
8.520998001098633 1624363995.676195 0.926
8.520998001098633 1624363995.683113 0.926
8.520998001098633 1624363995.690157 0.926
8.520998001098633 1624363995.697221 0.926
8.520998001098633 1624363995.704096 0.926
8.520998001098633 1624363995.711103 0.926
8.520998001098633 1624363995.71812 0.926
8.520998001098633 1624363995.725235 0.926
8.520998001098633 1624363995.732178 0.926
8.520998001098633 1624363995.739236 0.926
7.912355422973633 1624363995.74623 0.926
8.520998001098633 1624363995.753154 0.926
8.520998001098633 1624363995.760303 0.926
8.520998001098633 1624363995.767216 0.926
8.520998001098633 1624363995.77426 0.926
7.912355422973633 1624363995.781196 0.926
8.520998001098633 1624363995.788271 0.926
8.520998001098633 1624363995.795261 0.926
8.520998001098633 1624363995.802234 0.926
8.520998001098633 1624363995.809138 0.926
8.520998001098633 1624363995.816085 0.926
8.520998001098633 1624363995.823043 0.926
8.520998001098633 1624363995.830127 0.926
7.912355422973633 1624363995.837077 0.926
8.520998001098633 1624363995.844092 0.926
8.520998001098633 1624363995.851113 0.926
8.520998001098633 1624363995.858117 0.926
8.520998001098633 1624363995.865227 0.926
7.912355422973633 1624363995.872091 0.926
8.520998001098633 1624363995.879107 0.926
8.520998001098633 1624363995.886041 0.926
8.520998001098633 1624363995.893057 0.926
8.520998001098633 1624363995.900106 0.926
7.912355422973633 1624363995.907184 0.926
8.520998001098633 1624363995.914189 0.926
8.520998001098633 1624363995.921173 0.926
8.520998001098633 1624363995.928111 0.926
8.520998001098633 1624363995.935143 0.926
8.520998001098633 1624363995.942191 0.926
8.520998001098633 1624363995.949159 0.926
8.520998001098633 1624363995.956194 0.926
8.520998001098633 1624363995.963169 0.926
8.520998001098633 1624363995.970207 0.926
7.912355422973633 1624363995.977035 0.926
8.520998001098633 1624363995.984084 0.926
8.520998001098633 1624363995.991071 0.926
7.912355422973633 1624363995.998077 0.926
8.520998001098633 1624363996.005102 0.926
7.912355422973633 1624363996.012079 0.926
8.520998001098633 1624363996.019119 0.926
8.520998001098633 1624363996.026068 0.926
7.912355422973633 1624363996.033126 0.926
8.520998001098633 1624363996.040036 0.926
8.520998001098633 1624363996.04704 0.926
8.520998001098633 1624363996.054049 0.926
8.520998001098633 1624363996.061096 0.926
7.912355422973633 1624363996.068046 0.926
8.520998001098633 1624363996.075171 0.926
8.520998001098633 1624363996.082166 0.926
8.520998001098633 1624363996.089145 0.926
8.520998001098633 1624363996.09606 0.926
7.912355422973633 1624363996.103068 0.926
8.520998001098633 1624363996.110083 0.926
8.520998001098633 1624363996.117095 0.926
8.520998001098633 1624363996.12415 0.926
8.520998001098633 1624363996.131144 0.926
8.520998001098633 1624363996.138109 0.926
8.520998001098633 1624363996.144987 0.926
8.520998001098633 1624363996.152063 0.926
8.520998001098633 1624363996.158986 0.926
8.520998001098633 1624363996.166047 0.926
8.520998001098633 1624363996.173038 0.926
8.520998001098633 1624363996.180087 0.926
8.520998001098633 1624363996.187035 0.926
7.912355422973633 1624363996.193977 0.926
8.520998001098633 1624363996.200917 0.926
8.520998001098633 1624363996.208052 0.926
8.520998001098633 1624363996.215117 0.926
8.520998001098633 1624363996.222054 0.926
8.520998001098633 1624363996.229059 0.926
8.520998001098633 1624363996.236059 0.926
8.520998001098633 1624363996.243053 0.926
8.520998001098633 1624363996.250082 0.926
8.520998001098633 1624363996.2571 0.926
7.912355422973633 1624363996.264107 0.926
8.520998001098633 1624363996.271047 0.926
8.520998001098633 1624363996.277997 0.926
8.520998001098633 1624363996.285074 0.926
8.520998001098633 1624363996.292071 0.926
8.520998001098633 1624363996.299178 0.926
8.520998001098633 1624363996.306136 0.926
8.520998001098633 1624363996.313135 0.926
8.520998001098633 1624363996.320044 0.926
8.520998001098633 1624363996.326955 0.926
7.912355422973633 1624363996.334004 0.926
8.520998001098633 1624363996.340973 0.926
8.520998001098633 1624363996.34792 0.926
8.520998001098633 1624363996.355015 0.926
8.520998001098633 1624363996.361934 0.926
7.912355422973633 1624363996.36901 0.926
8.520998001098633 1624363996.375971 0.926
8.520998001098633 1624363996.382911 0.926
7.912355422973633 1624363996.389888 0.926
8.520998001098633 1624363996.396989 0.926
8.520998001098633 1624363996.404043 0.926
8.520998001098633 1624363996.411021 0.926
8.520998001098633 1624363996.418068 0.926
7.912355422973633 1624363996.424988 0.926
8.520998001098633 1624363996.432016 0.926
8.520998001098633 1624363996.439033 0.926
8.520998001098633 1624363996.446023 0.926
8.520998001098633 1624363996.453064 0.926
7.912355422973633 1624363996.460008 0.926
8.520998001098633 1624363996.466981 0.926
8.520998001098633 1624363996.473936 0.926
8.520998001098633 1624363996.481001 0.926
8.520998001098633 1624363996.488007 0.926
8.520998001098633 1624363996.494848 0.926
8.520998001098633 1624363996.501858 0.926
8.520998001098633 1624363996.508792 0.926
8.520998001098633 1624363996.515795 0.926
8.520998001098633 1624363996.522792 0.926
8.520998001098633 1624363996.52986 0.926
8.520998001098633 1624363996.536812 0.926
8.520998001098633 1624363996.543862 0.926
8.520998001098633 1624363996.550972 0.926
8.520998001098633 1624363996.55792 0.926
8.520998001098633 1624363996.564993 0.926
8.520998001098633 1624363996.572002 0.926
8.520998001098633 1624363996.578979 0.926
7.912355422973633 1624363996.58598 0.926
8.520998001098633 1624363996.592985 0.926
8.520998001098633 1624363996.600027 0.926
8.520998001098633 1624363996.607011 0.926
8.520998001098633 1624363996.613934 0.926
8.520998001098633 1624363996.621005 0.926
8.520998001098633 1624363996.627998 0.926
8.520998001098633 1624363996.63493 0.926
7.912355422973633 1624363996.641939 0.926
8.520998001098633 1624363996.64891 0.926
7.912355422973633 1624363996.65589 0.926
8.520998001098633 1624363996.662934 0.926
8.520998001098633 1624363996.669882 0.926
8.520998001098633 1624363996.676853 0.926
8.520998001098633 1624363996.683787 0.926
8.520998001098633 1624363996.690966 0.926
8.520998001098633 1624363996.697914 0.926
8.520998001098633 1624363996.70488 0.926
7.912355422973633 1624363996.711877 0.926
8.520998001098633 1624363996.718829 0.926
8.520998001098633 1624363996.72583 0.926
8.520998001098633 1624363996.732819 0.926
8.520998001098633 1624363996.739907 0.926
8.520998001098633 1624363996.746809 0.926
8.520998001098633 1624363996.753873 0.926
8.520998001098633 1624363996.760798 0.926
8.520998001098633 1624363996.767879 0.926
8.520998001098633 1624363996.774836 0.926
8.520998001098633 1624363996.781837 0.926
8.520998001098633 1624363996.788893 0.926
8.520998001098633 1624363996.795884 0.926
8.520998001098633 1624363996.802919 0.926
8.520998001098633 1624363996.80996 0.926
7.912355422973633 1624363996.817015 0.926
8.520998001098633 1624363996.824017 0.926
8.520998001098633 1624363996.830936 0.926
7.912355422973633 1624363996.837949 0.926
8.520998001098633 1624363996.844941 0.926
7.912355422973633 1624363996.851975 0.926
8.520998001098633 1624363996.858787 0.926
8.520998001098633 1624363996.865769 0.926
8.520998001098633 1624363996.872807 0.926
8.520998001098633 1624363996.879864 0.926
8.520998001098633 1624363996.886817 0.926
8.520998001098633 1624363996.893848 0.926
8.520998001098633 1624363996.90083 0.926
8.520998001098633 1624363996.907808 0.926
8.520998001098633 1624363996.914945 0.926
8.520998001098633 1624363996.921818 0.926
8.520998001098633 1624363996.928839 0.926
8.520998001098633 1624363996.935796 0.926
7.912355422973633 1624363996.942851 0.926
8.520998001098633 1624363996.94979 0.926
8.520998001098633 1624363996.956851 0.926
8.520998001098633 1624363996.963789 0.926
8.520998001098633 1624363996.970785 0.926
7.912355422973633 1624363996.977798 0.926
8.520998001098633 1624363996.984803 0.926
8.520998001098633 1624363996.991872 0.926
8.520998001098633 1624363996.998827 0.926
8.520998001098633 1624363997.005878 0.926
8.520998001098633 1624363997.012941 0.926
8.520998001098633 1624363997.01987 0.926
8.520998001098633 1624363997.026756 0.926
8.520998001098633 1624363997.033765 0.926
8.520998001098633 1624363997.040765 0.926
7.912355422973633 1624363997.047716 0.926
8.520998001098633 1624363997.054767 0.926
8.520998001098633 1624363997.06173 0.926
8.520998001098633 1624363997.06873 0.926
8.520998001098633 1624363997.075761 0.926
7.912355422973633 1624363997.082694 0.926
8.520998001098633 1624363997.089763 0.926
8.520998001098633 1624363997.09682 0.926
8.520998001098633 1624363997.103739 0.926
8.520998001098633 1624363997.110694 0.926
8.520998001098633 1624363997.117782 0.926
8.520998001098633 1624363997.124761 0.926
8.520998001098633 1624363997.131801 0.926
8.520998001098633 1624363997.13871 0.926
8.520998001098633 1624363997.145841 0.926
8.520998001098633 1624363997.152856 0.926
8.520998001098633 1624363997.159812 0.926
8.520998001098633 1624363997.166819 0.926
7.912355422973633 1624363997.173834 0.926
8.520998001098633 1624363997.18086 0.926
8.520998001098633 1624363997.187831 0.926
8.520998001098633 1624363997.19468 0.926
8.520998001098633 1624363997.201672 0.926
8.520998001098633 1624363997.208695 0.926
8.520998001098633 1624363997.215684 0.926
8.520998001098633 1624363997.222735 0.926
8.520998001098633 1624363997.22969 0.926
8.520998001098633 1624363997.236701 0.926
7.912355422973633 1624363997.243696 0.926
8.520998001098633 1624363997.250779 0.926
8.520998001098633 1624363997.257756 0.926
7.912355422973633 1624363997.264737 0.926
8.520998001098633 1624363997.271653 0.926
8.520998001098633 1624363997.278659 0.926
8.520998001098633 1624363997.285731 0.926
8.520998001098633 1624363997.292776 0.926
8.520998001098633 1624363997.299764 0.926
8.520998001098633 1624363997.306801 0.926
7.912355422973633 1624363997.313647 0.926
8.520998001098633 1624363997.32071 0.926
8.520998001098633 1624363997.3277 0.926
8.520998001098633 1624363997.33481 0.926
8.520998001098633 1624363997.341758 0.926
8.520998001098633 1624363997.34872 0.926
8.520998001098633 1624363997.355851 0.926
8.520998001098633 1624363997.36279 0.926
7.912355422973633 1624363997.369657 0.926
8.520998001098633 1624363997.376616 0.926
8.520998001098633 1624363997.383692 0.926
8.520998001098633 1624363997.390618 0.926
8.520998001098633 1624363997.397684 0.926
7.912355422973633 1624363997.404732 0.926
8.520998001098633 1624363997.41168 0.926
8.520998001098633 1624363997.418723 0.926
8.520998001098633 1624363997.425714 0.926
8.520998001098633 1624363997.432683 0.926
8.520998001098633 1624363997.439687 0.926
8.520998001098633 1624363997.446652 0.926
8.520998001098633 1624363997.453665 0.926
8.520998001098633 1624363997.460738 0.926
8.520998001098633 1624363997.467748 0.926
7.912355422973633 1624363997.474684 0.926
8.520998001098633 1624363997.48176 0.926
8.520998001098633 1624363997.488715 0.926
8.520998001098633 1624363997.495738 0.926
8.520998001098633 1624363997.502748 0.926
8.520998001098633 1624363997.50981 0.926
8.520998001098633 1624363997.51672 0.926
8.520998001098633 1624363997.523646 0.926
8.520998001098633 1624363997.530735 0.926
8.520998001098633 1624363997.537644 0.926
8.520998001098633 1624363997.544549 0.926
8.520998001098633 1624363997.551661 0.926
8.520998001098633 1624363997.558605 0.926
8.520998001098633 1624363997.565567 0.926
8.520998001098633 1624363997.572621 0.926
8.520998001098633 1624363997.579561 0.926
8.520998001098633 1624363997.586627 0.926
8.520998001098633 1624363997.593632 0.926
8.520998001098633 1624363997.600633 0.926
8.520998001098633 1624363997.607641 0.926
8.520998001098633 1624363997.614703 0.926
8.520998001098633 1624363997.621713 0.926
8.520998001098633 1624363997.628718 0.926
7.912355422973633 1624363997.635693 0.926
8.520998001098633 1624363997.642661 0.926
8.520998001098633 1624363997.649666 0.926
8.520998001098633 1624363997.656604 0.926
8.520998001098633 1624363997.663604 0.926
7.912355422973633 1624363997.670687 0.926
8.520998001098633 1624363997.677637 0.926
8.520998001098633 1624363997.684439 0.926
8.520998001098633 1624363997.691549 0.926
8.520998001098633 1624363997.698529 0.926
7.912355422973633 1624363997.705469 0.926
8.520998001098633 1624363997.712436 0.926
8.520998001098633 1624363997.719597 0.926
7.912355422973633 1624363997.726563 0.926
8.520998001098633 1624363997.733561 0.926
8.520998001098633 1624363997.740603 0.926
8.520998001098633 1624363997.747562 0.926
8.520998001098633 1624363997.754606 0.926
8.520998001098633 1624363997.761596 0.926
8.520998001098633 1624363997.768608 0.926
8.520998001098633 1624363997.775619 0.926
8.520998001098633 1624363997.782624 0.926
8.520998001098633 1624363997.789541 0.926
8.520998001098633 1624363997.79656 0.926
8.520998001098633 1624363997.803658 0.926
8.520998001098633 1624363997.810616 0.926
8.520998001098633 1624363997.817567 0.926
8.520998001098633 1624363997.824635 0.926
7.912355422973633 1624363997.831562 0.926
8.520998001098633 1624363997.838548 0.926
8.520998001098633 1624363997.845583 0.926
8.520998001098633 1624363997.852699 0.926
8.520998001098633 1624363997.859518 0.926
7.912355422973633 1624363997.866474 0.926
8.520998001098633 1624363997.8735 0.926
8.520998001098633 1624363997.880513 0.926
8.520998001098633 1624363997.887515 0.926
8.520998001098633 1624363997.894499 0.926
8.520998001098633 1624363997.901504 0.926
8.520998001098633 1624363997.90848 0.926
8.520998001098633 1624363997.915534 0.926
8.520998001098633 1624363997.92262 0.926
8.520998001098633 1624363997.929536 0.926
7.912355422973633 1624363997.936614 0.926
8.520998001098633 1624363997.943524 0.926
8.520998001098633 1624363997.950564 0.926
8.520998001098633 1624363997.957538 0.926
8.520998001098633 1624363997.964505 0.926
8.520998001098633 1624363997.971573 0.926
8.520998001098633 1624363997.978585 0.926
8.520998001098633 1624363997.985597 0.926
8.520998001098633 1624363997.992607 0.926
8.520998001098633 1624363997.999589 0.926
8.520998001098633 1624363998.006665 0.926
8.520998001098633 1624363998.013593 0.926
8.520998001098633 1624363998.020569 0.926
7.912355422973633 1624363998.027521 0.926
8.520998001098633 1624363998.034515 0.926
8.520998001098633 1624363998.041557 0.926
8.520998001098633 1624363998.048388 0.926
8.520998001098633 1624363998.055411 0.926
7.912355422973633 1624363998.062476 0.926
8.520998001098633 1624363998.069473 0.926
7.912355422973633 1624363998.076469 0.926
8.520998001098633 1624363998.083482 0.926
8.520998001098633 1624363998.090517 0.926
8.520998001098633 1624363998.097488 0.926
8.520998001098633 1624363998.104469 0.926
8.520998001098633 1624363998.111388 0.926
8.520998001098633 1624363998.118529 0.926
8.520998001098633 1624363998.125531 0.926
7.912355422973633 1624363998.132419 0.926
8.520998001098633 1624363998.139505 0.926
8.520998001098633 1624363998.14649 0.926
8.520998001098633 1624363998.15343 0.926
8.520998001098633 1624363998.160438 0.926
7.912355422973633 1624363998.167405 0.926
8.520998001098633 1624363998.174439 0.926
8.520998001098633 1624363998.181487 0.926
8.520998001098633 1624363998.188519 0.926
8.520998001098633 1624363998.195427 0.926
7.912355422973633 1624363998.202526 0.926
8.520998001098633 1624363998.209612 0.926
8.520998001098633 1624363998.216487 0.926
8.520998001098633 1624363998.223523 0.926
8.520998001098633 1624363998.230477 0.926
7.912355422973633 1624363998.237537 0.926
8.520998001098633 1624363998.244342 0.926
8.520998001098633 1624363998.251385 0.926
7.912355422973633 1624363998.258411 0.926
8.520998001098633 1624363998.265404 0.926
8.520998001098633 1624363998.27232 0.926
8.520998001098633 1624363998.279299 0.926
8.520998001098633 1624363998.286281 0.926
8.520998001098633 1624363998.293393 0.926
8.520998001098633 1624363998.300442 0.926
8.520998001098633 1624363998.307391 0.926
8.520998001098633 1624363998.314364 0.926
8.520998001098633 1624363998.321402 0.926
8.520998001098633 1624363998.328326 0.926
8.520998001098633 1624363998.335336 0.926
8.520998001098633 1624363998.342386 0.926
8.520998001098633 1624363998.34948 0.926
8.520998001098633 1624363998.356496 0.926
7.912355422973633 1624363998.363474 0.926
8.520998001098633 1624363998.370422 0.926
7.912355422973633 1624363998.377449 0.926
8.520998001098633 1624363998.384464 0.926
8.520998001098633 1624363998.391472 0.926
7.912355422973633 1624363998.398449 0.926
8.520998001098633 1624363998.405411 0.926
8.520998001098633 1624363998.412436 0.926
8.520998001098633 1624363998.41973 0.926
8.520998001098633 1624363998.427296 0.926
7.912355422973633 1624363998.434285 0.926
8.520998001098633 1624363998.441322 0.926
8.520998001098633 1624363998.448269 0.926
8.520998001098633 1624363998.455238 0.926
8.520998001098633 1624363998.462377 0.926
7.912355422973633 1624363998.469406 0.926
8.520998001098633 1624363998.476364 0.926
8.520998001098633 1624363998.483391 0.926
8.520998001098633 1624363998.490375 0.926
8.520998001098633 1624363998.497403 0.926
8.520998001098633 1624363998.504357 0.926
8.520998001098633 1624363998.511453 0.926
8.520998001098633 1624363998.518396 0.926
7.912355422973633 1624363998.52546 0.926
8.520998001098633 1624363998.532404 0.926
7.912355422973633 1624363998.539343 0.926
8.520998001098633 1624363998.546353 0.926
8.520998001098633 1624363998.553364 0.926
7.912355422973633 1624363998.560316 0.926
8.520998001098633 1624363998.56732 0.926
8.520998001098633 1624363998.574327 0.926
8.520998001098633 1624363998.58136 0.926
8.520998001098633 1624363998.588361 0.926
7.912355422973633 1624363998.595185 0.926
8.520998001098633 1624363998.602243 0.926
8.520998001098633 1624363998.609235 0.926
8.520998001098633 1624363998.616182 0.926
8.520998001098633 1624363998.623193 0.926
7.912355422973633 1624363998.63022 0.926
8.520998001098633 1624363998.637231 0.926
8.520998001098633 1624363998.644202 0.926
8.520998001098633 1624363998.651276 0.926
8.520998001098633 1624363998.658293 0.926
7.912355422973633 1624363998.66527 0.926
8.520998001098633 1624363998.67228 0.926
8.520998001098633 1624363998.679362 0.926
8.520998001098633 1624363998.68639 0.926
8.520998001098633 1624363998.693427 0.926
7.912355422973633 1624363998.700367 0.926
8.520998001098633 1624363998.707402 0.926
8.520998001098633 1624363998.714381 0.926
8.520998001098633 1624363998.72145 0.926
8.520998001098633 1624363998.728433 0.926
7.912355422973633 1624363998.73536 0.926
8.520998001098633 1624363998.742302 0.926
8.520998001098633 1624363998.749187 0.926
8.520998001098633 1624363998.756242 0.926
8.520998001098633 1624363998.76334 0.926
8.520998001098633 1624363998.770163 0.926
8.520998001098633 1624363998.777211 0.926
8.520998001098633 1624363998.784227 0.926
7.912355422973633 1624363998.791204 0.926
8.520998001098633 1624363998.79827 0.926
8.520998001098633 1624363998.805306 0.926
8.520998001098633 1624363998.812245 0.926
8.520998001098633 1624363998.819327 0.926
8.520998001098633 1624363998.826321 0.926
8.520998001098633 1624363998.833281 0.926
8.520998001098633 1624363998.840315 0.926
8.520998001098633 1624363998.847225 0.926
8.520998001098633 1624363998.854315 0.926
8.520998001098633 1624363998.861302 0.926
8.520998001098633 1624363998.868356 0.926
8.520998001098633 1624363998.875329 0.926
8.520998001098633 1624363998.882385 0.926
8.520998001098633 1624363998.889445 0.926
8.520998001098633 1624363998.896392 0.926
8.520998001098633 1624363998.903168 0.926
8.520998001098633 1624363998.910215 0.926
7.912355422973633 1624363998.917196 0.926
8.520998001098633 1624363998.924232 0.926
8.520998001098633 1624363998.931252 0.926
8.520998001098633 1624363998.938264 0.926
8.520998001098633 1624363998.945239 0.926
8.520998001098633 1624363998.952242 0.926
8.520998001098633 1624363998.95929 0.926
8.520998001098633 1624363998.966246 0.926
8.520998001098633 1624363998.973209 0.926
8.520998001098633 1624363998.980277 0.926
8.520998001098633 1624363998.987274 0.926
8.520998001098633 1624363998.994211 0.926
7.912355422973633 1624363999.001283 0.926
8.520998001098633 1624363999.00828 0.926
8.520998001098633 1624363999.015252 0.926
7.912355422973633 1624363999.022318 0.926
8.520998001098633 1624363999.029214 0.926
8.520998001098633 1624363999.036205 0.926
8.520998001098633 1624363999.043226 0.926
8.520998001098633 1624363999.050238 0.926
8.520998001098633 1624363999.057062 0.926
8.520998001098633 1624363999.064111 0.926
8.520998001098633 1624363999.071152 0.926
8.520998001098633 1624363999.07819 0.926
8.520998001098633 1624363999.085175 0.926
7.912355422973633 1624363999.092071 0.926
8.520998001098633 1624363999.099118 0.926
8.520998001098633 1624363999.106121 0.926
8.520998001098633 1624363999.113194 0.926
8.520998001098633 1624363999.120181 0.926
7.912355422973633 1624363999.127154 0.926
8.520998001098633 1624363999.134239 0.926
8.520998001098633 1624363999.141199 0.926
8.520998001098633 1624363999.148226 0.926
8.520998001098633 1624363999.155275 0.926
8.520998001098633 1624363999.162227 0.926
8.520998001098633 1624363999.169267 0.926
8.520998001098633 1624363999.1762 0.926
8.520998001098633 1624363999.183228 0.926
8.520998001098633 1624363999.190257 0.926
7.912355422973633 1624363999.197213 0.926
8.520998001098633 1624363999.204195 0.926
8.520998001098633 1624363999.211236 0.926
8.520998001098633 1624363999.218292 0.926
8.520998001098633 1624363999.225254 0.926
7.912355422973633 1624363999.232108 0.926
8.520998001098633 1624363999.239126 0.926
8.520998001098633 1624363999.246128 0.926
7.912355422973633 1624363999.253118 0.926
8.520998001098633 1624363999.260037 0.926
7.912355422973633 1624363999.267141 0.926
8.520998001098633 1624363999.274078 0.926
8.520998001098633 1624363999.281098 0.926
8.520998001098633 1624363999.288039 0.926
8.520998001098633 1624363999.295047 0.926
8.520998001098633 1624363999.302044 0.926
8.520998001098633 1624363999.309091 0.926
8.520998001098633 1624363999.316092 0.926
7.912355422973633 1624363999.323096 0.926
8.520998001098633 1624363999.330113 0.926
7.912355422973633 1624363999.337117 0.926
8.520998001098633 1624363999.344103 0.926
8.520998001098633 1624363999.351174 0.926
7.912355422973633 1624363999.358172 0.926
8.520998001098633 1624363999.365183 0.926
8.520998001098633 1624363999.372146 0.926
8.520998001098633 1624363999.379006 0.926
8.520998001098633 1624363999.386087 0.926
7.912355422973633 1624363999.393045 0.926
8.520998001098633 1624363999.400093 0.926
8.520998001098633 1624363999.407066 0.926
8.520998001098633 1624363999.414038 0.926
8.520998001098633 1624363999.420982 0.926
7.912355422973633 1624363999.428057 0.926
8.520998001098633 1624363999.435076 0.926
8.520998001098633 1624363999.442068 0.926
7.912355422973633 1624363999.449089 0.926
8.520998001098633 1624363999.456097 0.926
7.912355422973633 1624363999.463082 0.926
8.520998001098633 1624363999.470131 0.926
8.520998001098633 1624363999.477122 0.926
8.520998001098633 1624363999.484175 0.926
8.520998001098633 1624363999.491172 0.926
8.520998001098633 1624363999.498184 0.926
8.520998001098633 1624363999.50516 0.926
8.520998001098633 1624363999.512147 0.926
8.520998001098633 1624363999.519046 0.926
8.520998001098633 1624363999.526036 0.926
8.520998001098633 1624363999.533046 0.926
8.520998001098633 1624363999.540053 0.926
8.520998001098633 1624363999.547043 0.926
7.912355422973633 1624363999.554046 0.926
8.520998001098633 1624363999.560951 0.926
8.520998001098633 1624363999.568022 0.926
8.520998001098633 1624363999.574972 0.926
8.520998001098633 1624363999.581954 0.926
8.520998001098633 1624363999.588983 0.926
8.520998001098633 1624363999.595997 0.926
8.520998001098633 1624363999.602956 0.926
8.520998001098633 1624363999.610026 0.926
8.520998001098633 1624363999.617092 0.926
7.912355422973633 1624363999.624103 0.926
8.520998001098633 1624363999.631116 0.926
8.520998001098633 1624363999.638071 0.926
7.912355422973633 1624363999.645107 0.926
8.520998001098633 1624363999.652068 0.926
7.912355422973633 1624363999.659022 0.926
8.520998001098633 1624363999.666042 0.926
8.520998001098633 1624363999.672973 0.926
8.520998001098633 1624363999.680013 0.926
8.520998001098633 1624363999.68701 0.926
8.520998001098633 1624363999.693971 0.926
8.520998001098633 1624363999.700949 0.926
8.520998001098633 1624363999.708006 0.926
7.912355422973633 1624363999.714994 0.926
8.520998001098633 1624363999.722006 0.926
8.520998001098633 1624363999.729028 0.926
8.520998001098633 1624363999.735996 0.926
8.520998001098633 1624363999.743035 0.926
8.520998001098633 1624363999.750051 0.926
8.520998001098633 1624363999.757093 0.926
8.520998001098633 1624363999.764017 0.926
8.520998001098633 1624363999.771057 0.926
8.520998001098633 1624363999.778067 0.926
7.912355422973633 1624363999.785041 0.926
8.520998001098633 1624363999.792106 0.926
8.520998001098633 1624363999.799068 0.926
7.912355422973633 1624363999.806077 0.926
8.520998001098633 1624363999.813052 0.926
7.912355422973633 1624363999.820098 0.926
8.520998001098633 1624363999.827099 0.926
8.520998001098633 1624363999.833984 0.926
7.912355422973633 1624363999.84097 0.926
8.520998001098633 1624363999.848005 0.926
8.520998001098633 1624363999.85496 0.926
8.520998001098633 1624363999.861956 0.926
8.520998001098633 1624363999.869019 0.926
8.520998001098633 1624363999.876052 0.926
8.520998001098633 1624363999.882965 0.926
8.520998001098633 1624363999.889986 0.926
7.912355422973633 1624363999.897016 0.926
8.520998001098633 1624363999.903995 0.926
7.912355422973633 1624363999.910995 0.926
8.520998001098633 1624363999.917979 0.926
8.520998001098633 1624363999.925012 0.926
7.912355422973633 1624363999.931943 0.926
8.520998001098633 1624363999.939026 0.926
7.912355422973633 1624363999.946043 0.926
8.520998001098633 1624363999.953037 0.926
8.520998001098633 1624363999.960092 0.926
7.912355422973633 1624363999.967025 0.926
8.520998001098633 1624363999.974041 0.926
8.520998001098633 1624363999.981027 0.926
8.520998001098633 1624363999.987815 0.926
8.520998001098633 1624363999.994835 0.926
8.520998001098633 1624364000.001935 0.926
8.520998001098633 1624364000.008879 0.926
7.912355422973633 1624364000.01585 0.926
8.520998001098633 1624364000.022958 0.926
8.520998001098633 1624364000.029894 0.926
7.912355422973633 1624364000.036864 0.926
8.520998001098633 1624364000.043875 0.926
8.520998001098633 1624364000.050935 0.926
8.520998001098633 1624364000.057925 0.926
8.520998001098633 1624364000.064906 0.926
8.520998001098633 1624364000.071994 0.926
8.520998001098633 1624364000.07899 0.926
8.520998001098633 1624364000.085956 0.926
7.912355422973633 1624364000.092912 0.926
8.520998001098633 1624364000.099889 0.926
7.912355422973633 1624364000.106898 0.926
8.520998001098633 1624364000.113903 0.926
8.520998001098633 1624364000.121029 0.926
8.520998001098633 1624364000.127973 0.926
8.520998001098633 1624364000.134935 0.926
8.520998001098633 1624364000.141999 0.926
8.520998001098633 1624364000.148898 0.926
8.520998001098633 1624364000.15579 0.926
8.520998001098633 1624364000.162749 0.926
8.520998001098633 1624364000.16979 0.926
8.520998001098633 1624364000.176788 0.926
8.520998001098633 1624364000.183815 0.926
8.520998001098633 1624364000.190921 0.926
7.912355422973633 1624364000.197905 0.926
8.520998001098633 1624364000.204892 0.926
7.912355422973633 1624364000.211908 0.926
8.520998001098633 1624364000.218879 0.926
8.520998001098633 1624364000.225871 0.926
7.912355422973633 1624364000.232906 0.926
8.520998001098633 1624364000.239833 0.926
8.520998001098633 1624364000.247001 0.926
8.520998001098633 1624364000.253888 0.926
8.520998001098633 1624364000.260865 0.926
7.912355422973633 1624364000.267908 0.926
8.520998001098633 1624364000.27486 0.926
8.520998001098633 1624364000.28186 0.926
8.520998001098633 1624364000.288914 0.926
8.520998001098633 1624364000.295844 0.926
7.912355422973633 1624364000.302686 0.926
8.520998001098633 1624364000.309624 0.926
8.520998001098633 1624364000.316719 0.926
7.912355422973633 1624364000.323722 0.926
8.520998001098633 1624364000.330752 0.926
7.912355422973633 1624364000.337732 0.926
8.520998001098633 1624364000.344753 0.926
8.520998001098633 1624364000.351703 0.926
8.520998001098633 1624364000.358747 0.926
8.520998001098633 1624364000.365803 0.926
8.520998001098633 1624364000.372829 0.926
8.520998001098633 1624364000.379775 0.926
8.520998001098633 1624364000.386819 0.926
7.912355422973633 1624364000.393795 0.926
8.520998001098633 1624364000.400872 0.926
7.912355422973633 1624364000.40786 0.926
8.520998001098633 1624364000.414878 0.926
8.520998001098633 1624364000.421851 0.926
7.912355422973633 1624364000.428902 0.926
8.520998001098633 1624364000.435864 0.926
8.520998001098633 1624364000.443713 0.926
8.520998001098633 1624364000.450776 0.926
8.520998001098633 1624364000.457801 0.926
7.912355422973633 1624364000.46478 0.926
8.520998001098633 1624364000.471824 0.926
8.520998001098633 1624364000.478781 0.926
8.520998001098633 1624364000.485778 0.926
8.520998001098633 1624364000.492681 0.926
8.520998001098633 1624364000.499753 0.926
8.520998001098633 1624364000.506707 0.926
8.520998001098633 1624364000.513805 0.926
8.520998001098633 1624364000.520815 0.926
8.520998001098633 1624364000.527766 0.926
7.912355422973633 1624364000.534761 0.926
8.520998001098633 1624364000.541719 0.926
8.520998001098633 1624364000.548727 0.926
7.912355422973633 1624364000.555718 0.926
8.520998001098633 1624364000.562734 0.926
7.912355422973633 1624364000.569776 0.926
8.520998001098633 1624364000.576718 0.926
8.520998001098633 1624364000.583737 0.926
8.520998001098633 1624364000.590743 0.926
8.520998001098633 1624364000.597755 0.926
7.912355422973633 1624364000.604543 0.926
8.520998001098633 1624364000.611584 0.926
8.520998001098633 1624364000.618586 0.926
7.912355422973633 1624364000.625628 0.926
8.520998001098633 1624364000.632696 0.926
7.912355422973633 1624364000.639693 0.926
8.520998001098633 1624364000.646628 0.926
8.520998001098633 1624364000.653615 0.926
7.912355422973633 1624364000.660595 0.926
8.520998001098633 1624364000.667666 0.926
7.912355422973633 1624364000.674726 0.926
8.520998001098633 1624364000.681688 0.926
8.520998001098633 1624364000.688696 0.926
7.912355422973633 1624364000.695764 0.926
8.520998001098633 1624364000.70277 0.926
8.520998001098633 1624364000.709707 0.926
8.520998001098633 1624364000.716752 0.926
8.520998001098633 1624364000.723807 0.926
8.520998001098633 1624364000.730812 0.926
8.520998001098633 1624364000.737782 0.926
8.520998001098633 1624364000.74478 0.926
7.912355422973633 1624364000.751813 0.926
8.520998001098633 1624364000.758791 0.926
7.912355422973633 1624364000.765676 0.926
8.520998001098633 1624364000.772677 0.926
8.520998001098633 1624364000.779672 0.926
7.912355422973633 1624364000.786678 0.926
8.520998001098633 1624364000.793648 0.926
7.912355422973633 1624364000.800641 0.926
8.520998001098633 1624364000.807662 0.926
8.520998001098633 1624364000.814677 0.926
7.912355422973633 1624364000.821615 0.926
8.520998001098633 1624364000.828615 0.926
7.912355422973633 1624364000.835673 0.926
8.520998001098633 1624364000.842743 0.926
8.520998001098633 1624364000.849696 0.926
7.912355422973633 1624364000.856697 0.926
8.520998001098633 1624364000.863705 0.926
7.912355422973633 1624364000.870715 0.926
8.520998001098633 1624364000.877767 0.926
8.520998001098633 1624364000.884714 0.926
7.912355422973633 1624364000.8917 0.926
8.520998001098633 1624364000.898762 0.926
8.520998001098633 1624364000.905741 0.926
7.912355422973633 1624364000.912511 0.926
8.520998001098633 1624364000.919554 0.926
8.520998001098633 1624364000.926613 0.926
8.520998001098633 1624364000.933692 0.926
8.520998001098633 1624364000.94058 0.926
8.520998001098633 1624364000.94754 0.926
8.520998001098633 1624364000.954564 0.926
7.912355422973633 1624364000.961629 0.926
8.520998001098633 1624364000.968684 0.926
8.520998001098633 1624364000.975697 0.926
8.520998001098633 1624364000.982668 0.926
8.520998001098633 1624364000.989685 0.926
7.912355422973633 1624364000.996675 0.926
8.520998001098633 1624364001.003762 0.926
8.520998001098633 1624364001.010726 0.926
7.912355422973633 1624364001.017707 0.926
8.520998001098633 1624364001.024705 0.926
7.912355422973633 1624364001.03163 0.926
8.520998001098633 1624364001.038621 0.926
8.520998001098633 1624364001.045497 0.926
7.912355422973633 1624364001.052583 0.926
8.520998001098633 1624364001.059643 0.926
8.520998001098633 1624364001.066655 0.926
8.520998001098633 1624364001.073555 0.926
8.520998001098633 1624364001.080538 0.926
7.912355422973633 1624364001.087552 0.926
8.520998001098633 1624364001.094586 0.926
8.520998001098633 1624364001.10161 0.926
8.520998001098633 1624364001.108582 0.926
8.520998001098633 1624364001.115633 0.926
7.912355422973633 1624364001.122673 0.926
8.520998001098633 1624364001.129611 0.926
8.520998001098633 1624364001.136624 0.926
8.520998001098633 1624364001.143627 0.926
8.520998001098633 1624364001.150668 0.926
8.520998001098633 1624364001.157601 0.926
8.520998001098633 1624364001.164667 0.926
8.520998001098633 1624364001.17146 0.926
8.520998001098633 1624364001.178507 0.926
8.520998001098633 1624364001.185554 0.926
7.912355422973633 1624364001.192515 0.926
8.520998001098633 1624364001.199563 0.926
8.520998001098633 1624364001.20653 0.926
7.912355422973633 1624364001.213504 0.926
8.520998001098633 1624364001.220617 0.926
8.520998001098633 1624364001.2275 0.926
8.520998001098633 1624364001.234563 0.926
8.520998001098633 1624364001.241604 0.926
7.912355422973633 1624364001.248606 0.926
8.520998001098633 1624364001.255609 0.926
8.520998001098633 1624364001.262566 0.926
8.520998001098633 1624364001.269533 0.926
8.520998001098633 1624364001.276573 0.926
7.912355422973633 1624364001.283582 0.926
8.520998001098633 1624364001.290638 0.926
7.912355422973633 1624364001.29768 0.926
8.520998001098633 1624364001.304732 0.926
8.520998001098633 1624364001.311413 0.926
7.912355422973633 1624364001.318403 0.926
8.520998001098633 1624364001.325465 0.926
8.520998001098633 1624364001.332469 0.926
8.520998001098633 1624364001.339523 0.926
8.520998001098633 1624364001.346521 0.926
7.912355422973633 1624364001.353557 0.926
8.520998001098633 1624364001.360603 0.926
7.912355422973633 1624364001.367545 0.926
8.520998001098633 1624364001.374573 0.926
8.520998001098633 1624364001.381533 0.926
8.520998001098633 1624364001.388592 0.926
8.520998001098633 1624364001.395565 0.926
8.520998001098633 1624364001.402598 0.926
8.520998001098633 1624364001.40959 0.926
8.520998001098633 1624364001.416606 0.926
8.520998001098633 1624364001.423574 0.926
8.520998001098633 1624364001.430509 0.926
8.520998001098633 1624364001.437574 0.926
7.912355422973633 1624364001.444543 0.926
8.520998001098633 1624364001.451424 0.926
8.520998001098633 1624364001.458467 0.926
8.520998001098633 1624364001.4655 0.926
8.520998001098633 1624364001.472409 0.926
7.912355422973633 1624364001.479403 0.926
8.520998001098633 1624364001.486515 0.926
8.520998001098633 1624364001.493509 0.926
8.520998001098633 1624364001.500464 0.926
8.520998001098633 1624364001.507444 0.926
7.912355422973633 1624364001.514464 0.926
8.520998001098633 1624364001.521484 0.926
7.912355422973633 1624364001.528443 0.926
8.520998001098633 1624364001.535486 0.926
8.520998001098633 1624364001.542488 0.926
7.912355422973633 1624364001.549504 0.926
8.520998001098633 1624364001.556522 0.926
8.520998001098633 1624364001.563445 0.926
7.912355422973633 1624364001.570504 0.926
8.520998001098633 1624364001.577507 0.926
8.520998001098633 1624364001.584604 0.926
8.520998001098633 1624364001.591396 0.926
8.520998001098633 1624364001.598422 0.926
7.912355422973633 1624364001.605502 0.926
8.520998001098633 1624364001.612398 0.926
7.912355422973633 1624364001.619418 0.926
8.520998001098633 1624364001.626414 0.926
8.520998001098633 1624364001.633458 0.926
7.912355422973633 1624364001.64047 0.926
8.520998001098633 1624364001.647452 0.926
8.520998001098633 1624364001.654456 0.926
8.520998001098633 1624364001.661459 0.926
8.520998001098633 1624364001.66851 0.926
7.912355422973633 1624364001.675493 0.926
8.520998001098633 1624364001.682536 0.926
7.912355422973633 1624364001.689469 0.926
8.520998001098633 1624364001.696638 0.926
8.520998001098633 1624364001.704365 0.926
7.912355422973633 1624364001.711412 0.926
8.520998001098633 1624364001.718392 0.926
8.520998001098633 1624364001.725353 0.926
8.520998001098633 1624364001.732358 0.926
8.520998001098633 1624364001.739446 0.926
7.912355422973633 1624364001.746397 0.926
8.520998001098633 1624364001.753344 0.926
8.520998001098633 1624364001.760382 0.926
8.520998001098633 1624364001.767322 0.926
8.520998001098633 1624364001.77441 0.926
7.912355422973633 1624364001.781353 0.926
8.520998001098633 1624364001.788436 0.926
8.520998001098633 1624364001.795383 0.926
8.520998001098633 1624364001.802379 0.926
8.520998001098633 1624364001.80934 0.926
8.520998001098633 1624364001.816356 0.926
8.520998001098633 1624364001.823393 0.926
8.520998001098633 1624364001.830393 0.926
8.520998001098633 1624364001.83743 0.926
8.520998001098633 1624364001.844401 0.926
7.912355422973633 1624364001.851435 0.926
8.520998001098633 1624364001.858267 0.926
8.520998001098633 1624364001.865256 0.926
7.912355422973633 1624364001.87225 0.926
8.520998001098633 1624364001.879252 0.926
7.912355422973633 1624364001.886342 0.926
8.520998001098633 1624364001.893316 0.926
8.520998001098633 1624364001.90034 0.926
7.912355422973633 1624364001.907338 0.926
8.520998001098633 1624364001.914371 0.926
7.912355422973633 1624364001.921348 0.926
8.520998001098633 1624364001.928386 0.926
8.520998001098633 1624364001.935362 0.926
7.912355422973633 1624364001.942387 0.926
8.520998001098633 1624364001.949331 0.926
7.912355422973633 1624364001.956408 0.926
8.520998001098633 1624364001.963362 0.926
8.520998001098633 1624364001.970396 0.926
7.912355422973633 1624364001.977368 0.926
8.520998001098633 1624364001.984305 0.926
8.520998001098633 1624364001.991329 0.926
8.520998001098633 1624364001.998333 0.926
8.520998001098633 1624364002.005407 0.926
7.912355422973633 1624364002.012409 0.926
8.520998001098633 1624364002.019426 0.926
8.520998001098633 1624364002.026414 0.926
7.912355422973633 1624364002.033267 0.926
8.520998001098633 1624364002.040254 0.926
8.520998001098633 1624364002.047292 0.926
8.520998001098633 1624364002.054289 0.926
8.520998001098633 1624364002.061257 0.926
8.520998001098633 1624364002.068303 0.926
8.520998001098633 1624364002.075324 0.926
7.912355422973633 1624364002.082239 0.926
8.520998001098633 1624364002.089186 0.926
8.520998001098633 1624364002.096214 0.926
7.912355422973633 1624364002.103268 0.926
8.520998001098633 1624364002.110305 0.926
7.912355422973633 1624364002.117302 0.926
8.520998001098633 1624364002.124309 0.926
8.520998001098633 1624364002.131331 0.926
8.520998001098633 1624364002.138323 0.926
8.520998001098633 1624364002.145298 0.926
8.520998001098633 1624364002.152338 0.926
8.520998001098633 1624364002.159315 0.926
8.520998001098633 1624364002.166368 0.926
7.912355422973633 1624364002.173379 0.926
8.520998001098633 1624364002.180363 0.926
8.520998001098633 1624364002.187379 0.926
7.912355422973633 1624364002.194402 0.926
8.520998001098633 1624364002.201363 0.926
7.912355422973633 1624364002.20836 0.926
8.520998001098633 1624364002.215357 0.926
8.520998001098633 1624364002.222383 0.926
7.912355422973633 1624364002.229187 0.926
8.520998001098633 1624364002.236172 0.926
7.912355422973633 1624364002.243113 0.926
8.520998001098633 1624364002.250201 0.926
8.520998001098633 1624364002.257192 0.926
7.912355422973633 1624364002.26412 0.926
8.520998001098633 1624364002.271193 0.926
7.912355422973633 1624364002.278192 0.926
8.520998001098633 1624364002.285168 0.926
8.520998001098633 1624364002.292172 0.926
7.912355422973633 1624364002.299198 0.926
8.520998001098633 1624364002.306322 0.926
7.912355422973633 1624364002.313213 0.926
8.520998001098633 1624364002.320299 0.926
8.520998001098633 1624364002.327271 0.926
7.912355422973633 1624364002.334284 0.926
8.520998001098633 1624364002.341273 0.926
7.912355422973633 1624364002.348316 0.926
8.520998001098633 1624364002.355266 0.926
8.520998001098633 1624364002.362281 0.926
7.912355422973633 1624364002.369334 0.926
8.520998001098633 1624364002.376319 0.926
8.520998001098633 1624364002.383272 0.926
7.912355422973633 1624364002.390321 0.926
8.520998001098633 1624364002.397268 0.926
7.912355422973633 1624364002.404336 0.926
8.520998001098633 1624364002.411167 0.926
8.520998001098633 1624364002.418116 0.926
7.912355422973633 1624364002.425157 0.926
8.520998001098633 1624364002.43211 0.926
7.912355422973633 1624364002.439138 0.926
8.520998001098633 1624364002.446127 0.926
8.520998001098633 1624364002.453071 0.926
7.912355422973633 1624364002.460087 0.926
8.520998001098633 1624364002.467179 0.926
8.520998001098633 1624364002.474188 0.926
8.520998001098633 1624364002.481143 0.926
8.520998001098633 1624364002.488067 0.926
8.520998001098633 1624364002.495115 0.926
8.520998001098633 1624364002.502108 0.926
8.520998001098633 1624364002.509151 0.926
8.520998001098633 1624364002.516144 0.926
8.520998001098633 1624364002.523048 0.926
7.912355422973633 1624364002.530164 0.926
8.520998001098633 1624364002.537181 0.926
8.520998001098633 1624364002.544158 0.926
8.520998001098633 1624364002.551237 0.926
8.520998001098633 1624364002.55825 0.926
7.912355422973633 1624364002.565283 0.926
8.520998001098633 1624364002.572284 0.926
8.520998001098633 1624364002.57926 0.926
7.912355422973633 1624364002.586285 0.926
8.520998001098633 1624364002.59311 0.926
7.912355422973633 1624364002.600135 0.926
8.520998001098633 1624364002.607117 0.926
8.520998001098633 1624364002.614091 0.926
7.912355422973633 1624364002.621087 0.926
8.520998001098633 1624364002.628071 0.926
7.912355422973633 1624364002.635048 0.926
8.520998001098633 1624364002.642038 0.926
8.520998001098633 1624364002.649014 0.926
7.912355422973633 1624364002.656028 0.926
8.520998001098633 1624364002.663015 0.926
8.520998001098633 1624364002.670068 0.926
8.520998001098633 1624364002.677029 0.926
8.520998001098633 1624364002.684098 0.926
7.912355422973633 1624364002.691055 0.926
8.520998001098633 1624364002.698041 0.926
7.912355422973633 1624364002.705198 0.926
7.912355422973633 1624364002.712139 0.926
8.520998001098633 1624364002.719055 0.926
7.912355422973633 1624364002.726183 0.926
8.520998001098633 1624364002.733143 0.926
8.520998001098633 1624364002.740207 0.926
8.520998001098633 1624364002.747169 0.926
8.520998001098633 1624364002.754165 0.926
7.912355422973633 1624364002.76115 0.926
8.520998001098633 1624364002.76824 0.926
8.520998001098633 1624364002.775202 0.926
7.912355422973633 1624364002.782088 0.926
8.520998001098633 1624364002.789058 0.926
7.912355422973633 1624364002.796159 0.926
8.520998001098633 1624364002.803038 0.926
8.520998001098633 1624364002.810046 0.926
7.912355422973633 1624364002.817029 0.926
8.520998001098633 1624364002.824106 0.926
7.912355422973633 1624364002.831075 0.926
8.520998001098633 1624364002.838132 0.926
8.520998001098633 1624364002.845028 0.926
7.912355422973633 1624364002.852031 0.926
8.520998001098633 1624364002.859079 0.926
8.520998001098633 1624364002.866057 0.926
7.912355422973633 1624364002.873111 0.926
8.520998001098633 1624364002.880155 0.926
7.912355422973633 1624364002.887021 0.926
8.520998001098633 1624364002.894133 0.926
8.520998001098633 1624364002.90107 0.926
7.912355422973633 1624364002.908107 0.926
8.520998001098633 1624364002.915087 0.926
7.912355422973633 1624364002.922155 0.926
8.520998001098633 1624364002.929083 0.926
8.520998001098633 1624364002.936216 0.926
7.912355422973633 1624364002.943174 0.926
8.520998001098633 1624364002.950114 0.926
8.520998001098633 1624364002.957082 0.926
8.520998001098633 1624364002.964087 0.926
8.520998001098633 1624364002.970939 0.926
7.912355422973633 1624364002.977975 0.926
8.520998001098633 1624364002.985029 0.926
8.520998001098633 1624364002.992019 0.926
7.912355422973633 1624364002.998992 0.926
8.520998001098633 1624364003.005954 0.926
7.912355422973633 1624364003.013012 0.926
8.520998001098633 1624364003.020012 0.926
8.520998001098633 1624364003.026984 0.926
7.912355422973633 1624364003.034098 0.926
8.520998001098633 1624364003.041008 0.926
8.520998001098633 1624364003.048097 0.926
8.520998001098633 1624364003.055018 0.926
8.520998001098633 1624364003.062032 0.926
7.912355422973633 1624364003.06905 0.926
8.520998001098633 1624364003.076099 0.926
8.520998001098633 1624364003.083052 0.926
7.912355422973633 1624364003.090104 0.926
8.520998001098633 1624364003.097079 0.926
7.912355422973633 1624364003.104061 0.926
8.520998001098633 1624364003.111093 0.926
8.520998001098633 1624364003.118121 0.926
8.520998001098633 1624364003.125124 0.926
8.520998001098633 1624364003.132078 0.926
7.912355422973633 1624364003.139066 0.926
8.520998001098633 1624364003.145943 0.926
8.520998001098633 1624364003.152871 0.926
7.912355422973633 1624364003.159898 0.926
8.520998001098633 1624364003.166968 0.926
8.520998001098633 1624364003.173872 0.926
8.520998001098633 1624364003.180928 0.926
8.520998001098633 1624364003.187919 0.926
7.912355422973633 1624364003.194831 0.926
8.520998001098633 1624364003.201856 0.926
7.912355422973633 1624364003.20894 0.926
8.520998001098633 1624364003.215974 0.926
8.520998001098633 1624364003.223035 0.926
7.912355422973633 1624364003.229992 0.926
8.520998001098633 1624364003.237022 0.926
7.912355422973633 1624364003.244009 0.926
8.520998001098633 1624364003.251005 0.926
8.520998001098633 1624364003.258017 0.926
7.912355422973633 1624364003.265031 0.926
8.520998001098633 1624364003.271907 0.926
8.520998001098633 1624364003.27895 0.926
7.912355422973633 1624364003.285976 0.926
8.520998001098633 1624364003.292968 0.926
7.912355422973633 1624364003.300002 0.926
8.520998001098633 1624364003.307018 0.926
8.520998001098633 1624364003.313965 0.926
7.912355422973633 1624364003.320811 0.926
8.520998001098633 1624364003.327842 0.926
7.912355422973633 1624364003.334915 0.926
8.520998001098633 1624364003.34188 0.926
8.520998001098633 1624364003.348926 0.926
7.912355422973633 1624364003.355987 0.926
8.520998001098633 1624364003.362958 0.926
8.520998001098633 1624364003.369899 0.926
8.520998001098633 1624364003.37695 0.926
8.520998001098633 1624364003.383904 0.926
8.520998001098633 1624364003.390884 0.926
8.520998001098633 1624364003.397919 0.926
8.520998001098633 1624364003.404905 0.926
8.520998001098633 1624364003.411986 0.926
8.520998001098633 1624364003.418991 0.926
7.912355422973633 1624364003.42597 0.926
8.520998001098633 1624364003.432969 0.926
7.912355422973633 1624364003.440086 0.926
8.520998001098633 1624364003.447009 0.926
8.520998001098633 1624364003.453984 0.926
7.912355422973633 1624364003.46099 0.926
8.520998001098633 1624364003.467991 0.926
8.520998001098633 1624364003.474961 0.926
8.520998001098633 1624364003.481785 0.926
8.520998001098633 1624364003.488848 0.926
7.912355422973633 1624364003.495912 0.926
8.520998001098633 1624364003.50288 0.926
8.520998001098633 1624364003.509893 0.926
7.912355422973633 1624364003.516873 0.926
8.520998001098633 1624364003.523886 0.926
7.912355422973633 1624364003.530832 0.926
8.520998001098633 1624364003.537836 0.926
8.520998001098633 1624364003.544856 0.926
7.912355422973633 1624364003.551895 0.926
8.520998001098633 1624364003.558784 0.926
7.912355422973633 1624364003.565819 0.926
8.520998001098633 1624364003.572927 0.926
8.520998001098633 1624364003.580001 0.926
8.520998001098633 1624364003.586953 0.926
8.520998001098633 1624364003.593956 0.926
7.912355422973633 1624364003.600896 0.926
8.520998001098633 1624364003.607922 0.926
8.520998001098633 1624364003.61497 0.926
7.912355422973633 1624364003.621887 0.926
8.520998001098633 1624364003.628883 0.926
7.912355422973633 1624364003.635956 0.926
8.520998001098633 1624364003.642884 0.926
8.520998001098633 1624364003.649744 0.926
7.912355422973633 1624364003.656755 0.926
8.520998001098633 1624364003.66377 0.926
8.520998001098633 1624364003.670709 0.926
8.520998001098633 1624364003.677748 0.926
8.520998001098633 1624364003.684837 0.926
7.912355422973633 1624364003.691721 0.926
8.520998001098633 1624364003.698799 0.926
8.520998001098633 1624364003.705814 0.926
8.520998001098633 1624364003.71278 0.926
8.520998001098633 1624364003.71983 0.926
8.520998001098633 1624364003.726796 0.926
8.520998001098633 1624364003.733837 0.926
7.912355422973633 1624364003.740874 0.926
8.520998001098633 1624364003.747781 0.926
8.520998001098633 1624364003.754857 0.926
7.912355422973633 1624364003.761829 0.926
8.520998001098633 1624364003.768804 0.926
8.520998001098633 1624364003.775848 0.926
8.520998001098633 1624364003.78285 0.926
8.520998001098633 1624364003.789877 0.926
7.912355422973633 1624364003.796857 0.926
8.520998001098633 1624364003.803865 0.926
8.520998001098633 1624364003.810921 0.926
7.912355422973633 1624364003.817717 0.926
8.520998001098633 1624364003.824752 0.926
7.912355422973633 1624364003.831737 0.926
8.520998001098633 1624364003.838739 0.926
8.520998001098633 1624364003.845827 0.926
7.912355422973633 1624364003.852825 0.926
8.520998001098633 1624364003.859713 0.926
7.912355422973633 1624364003.866725 0.926
8.520998001098633 1624364003.873803 0.926
8.520998001098633 1624364003.880756 0.926
7.912355422973633 1624364003.887751 0.926
8.520998001098633 1624364003.894834 0.926
7.912355422973633 1624364003.901848 0.926
8.520998001098633 1624364003.908803 0.926
8.520998001098633 1624364003.9158 0.926
7.912355422973633 1624364003.922809 0.926
8.520998001098633 1624364003.929801 0.926
8.520998001098633 1624364003.936852 0.926
8.520998001098633 1624364003.943854 0.926
8.520998001098633 1624364003.950843 0.926
7.912355422973633 1624364003.957846 0.926
8.520998001098633 1624364003.964862 0.926
8.520998001098633 1624364003.97159 0.926
8.520998001098633 1624364003.978603 0.926
8.520998001098633 1624364003.98562 0.926
8.520998001098633 1624364003.992613 0.926
8.520998001098633 1624364003.999653 0.926
8.520998001098633 1624364004.006621 0.926
7.912355422973633 1624364004.013595 0.926
8.520998001098633 1624364004.020654 0.926
7.912355422973633 1624364004.027601 0.926
8.520998001098633 1624364004.034654 0.926
8.520998001098633 1624364004.041686 0.926
7.912355422973633 1624364004.048677 0.926
8.520998001098633 1624364004.05574 0.926
7.912355422973633 1624364004.062771 0.926
8.520998001098633 1624364004.069699 0.926
8.520998001098633 1624364004.07671 0.926
7.912355422973633 1624364004.083706 0.926
8.520998001098633 1624364004.09076 0.926
8.520998001098633 1624364004.097788 0.926
8.520998001098633 1624364004.104772 0.926
8.520998001098633 1624364004.111823 0.926
7.912355422973633 1624364004.11887 0.926
8.520998001098633 1624364004.125823 0.926
8.520998001098633 1624364004.132624 0.926
8.520998001098633 1624364004.139583 0.926
8.520998001098633 1624364004.146682 0.926
8.520998001098633 1624364004.153584 0.926
8.520998001098633 1624364004.160636 0.926
7.912355422973633 1624364004.167664 0.926
8.520998001098633 1624364004.174708 0.926
8.520998001098633 1624364004.18167 0.926
7.912355422973633 1624364004.188698 0.926
8.520998001098633 1624364004.195676 0.926
8.520998001098633 1624364004.2026 0.926
7.912355422973633 1624364004.209636 0.926
8.520998001098633 1624364004.216652 0.926
7.912355422973633 1624364004.22362 0.926
8.520998001098633 1624364004.230651 0.926
8.520998001098633 1624364004.23766 0.926
7.912355422973633 1624364004.244686 0.926
8.520998001098633 1624364004.251684 0.926
7.912355422973633 1624364004.258649 0.926
8.520998001098633 1624364004.265678 0.926
8.520998001098633 1624364004.272635 0.926
7.912355422973633 1624364004.279634 0.926
8.520998001098633 1624364004.286665 0.926
7.912355422973633 1624364004.293726 0.926
8.520998001098633 1624364004.300728 0.926
8.520998001098633 1624364004.307536 0.926
7.912355422973633 1624364004.314529 0.926
8.520998001098633 1624364004.321594 0.926
7.912355422973633 1624364004.328512 0.926
8.520998001098633 1624364004.335499 0.926
8.520998001098633 1624364004.342579 0.926
7.912355422973633 1624364004.349536 0.926
8.520998001098633 1624364004.356553 0.926
8.520998001098633 1624364004.363611 0.926
8.520998001098633 1624364004.370535 0.926
8.520998001098633 1624364004.377592 0.926
7.912355422973633 1624364004.38466 0.926
8.520998001098633 1624364004.39162 0.926
8.520998001098633 1624364004.398668 0.926
7.912355422973633 1624364004.405707 0.926
8.520998001098633 1624364004.412667 0.926
7.912355422973633 1624364004.419681 0.926
8.520998001098633 1624364004.426676 0.926
8.520998001098633 1624364004.433671 0.926
7.912355422973633 1624364004.440663 0.926
8.520998001098633 1624364004.447677 0.926
7.912355422973633 1624364004.454625 0.926
8.520998001098633 1624364004.461673 0.926
8.520998001098633 1624364004.468641 0.926
8.520998001098633 1624364004.475621 0.926
8.520998001098633 1624364004.482515 0.926
7.912355422973633 1624364004.48948 0.926
8.520998001098633 1624364004.496507 0.926
8.520998001098633 1624364004.50348 0.926
8.520998001098633 1624364004.510586 0.926
8.520998001098633 1624364004.517612 0.926
7.912355422973633 1624364004.524591 0.926
8.520998001098633 1624364004.531592 0.926
8.520998001098633 1624364004.538656 0.926
7.912355422973633 1624364004.545577 0.926
8.520998001098633 1624364004.552617 0.926
7.912355422973633 1624364004.559614 0.926
8.520998001098633 1624364004.566613 0.926
8.520998001098633 1624364004.57359 0.926
7.912355422973633 1624364004.5806 0.926
8.520998001098633 1624364004.587654 0.926
8.520998001098633 1624364004.594635 0.926
7.912355422973633 1624364004.601606 0.926
8.520998001098633 1624364004.608548 0.926
7.912355422973633 1624364004.61555 0.926
8.520998001098633 1624364004.622612 0.926
8.520998001098633 1624364004.629648 0.926
7.912355422973633 1624364004.636531 0.926
8.520998001098633 1624364004.643347 0.926
8.520998001098633 1624364004.650502 0.926
8.520998001098633 1624364004.657409 0.926
8.520998001098633 1624364004.664435 0.926
7.912355422973633 1624364004.67141 0.926
8.520998001098633 1624364004.678451 0.926
7.912355422973633 1624364004.685366 0.926
8.520998001098633 1624364004.692385 0.926
8.520998001098633 1624364004.699414 0.926
7.912355422973633 1624364004.706416 0.926
8.520998001098633 1624364004.713513 0.926
8.520998001098633 1624364004.720587 0.926
8.520998001098633 1624364004.727459 0.926
8.520998001098633 1624364004.734584 0.926
7.912355422973633 1624364004.741498 0.926
8.520998001098633 1624364004.748433 0.926
7.912355422973633 1624364004.755454 0.926
8.520998001098633 1624364004.762474 0.926
8.520998001098633 1624364004.769618 0.926
8.520998001098633 1624364004.776594 0.926
8.520998001098633 1624364004.783619 0.926
8.520998001098633 1624364004.790607 0.926
7.912355422973633 1624364004.797581 0.926
8.520998001098633 1624364004.804565 0.926
7.912355422973633 1624364004.811599 0.926
8.520998001098633 1624364004.818616 0.926
8.520998001098633 1624364004.825587 0.926
8.520998001098633 1624364004.83244 0.926
8.520998001098633 1624364004.839416 0.926
7.912355422973633 1624364004.846418 0.926
8.520998001098633 1624364004.853501 0.926
8.520998001098633 1624364004.860412 0.926
8.520998001098633 1624364004.867471 0.926
8.520998001098633 1624364004.874481 0.926
8.520998001098633 1624364004.88144 0.926
8.520998001098633 1624364004.888449 0.926
8.520998001098633 1624364004.895464 0.926
7.912355422973633 1624364004.902395 0.926
8.520998001098633 1624364004.909408 0.926
8.520998001098633 1624364004.916454 0.926
8.520998001098633 1624364004.923482 0.926
8.520998001098633 1624364004.93042 0.926
7.912355422973633 1624364004.937555 0.926
8.520998001098633 1624364004.944436 0.926
7.912355422973633 1624364004.951413 0.926
8.520998001098633 1624364004.958408 0.926
8.520998001098633 1624364004.96545 0.926
7.912355422973633 1624364004.972393 0.926
8.520998001098633 1624364004.97946 0.926
7.912355422973633 1624364004.986467 0.926
8.520998001098633 1624364004.993438 0.926
8.520998001098633 1624364005.000446 0.926
8.520998001098633 1624364005.007436 0.926
8.520998001098633 1624364005.014506 0.926
8.520998001098633 1624364005.021474 0.926
7.912355422973633 1624364005.028522 0.926
8.520998001098633 1624364005.035547 0.926
7.912355422973633 1624364005.042396 0.926
8.520998001098633 1624364005.04941 0.926
8.520998001098633 1624364005.056419 0.926
7.912355422973633 1624364005.063347 0.926
8.520998001098633 1624364005.070376 0.926
7.912355422973633 1624364005.07738 0.926
8.520998001098633 1624364005.084384 0.926
8.520998001098633 1624364005.091327 0.926
7.912355422973633 1624364005.098383 0.926
8.520998001098633 1624364005.105334 0.926
7.912355422973633 1624364005.112309 0.926
8.520998001098633 1624364005.119315 0.926
8.520998001098633 1624364005.126306 0.926
7.912355422973633 1624364005.133342 0.926
8.520998001098633 1624364005.140328 0.926
7.912355422973633 1624364005.147327 0.926
8.520998001098633 1624364005.15444 0.926
8.520998001098633 1624364005.161364 0.926
7.912355422973633 1624364005.168354 0.926
8.520998001098633 1624364005.175341 0.926
8.520998001098633 1624364005.182336 0.926
7.912355422973633 1624364005.189339 0.926
8.520998001098633 1624364005.196376 0.926
8.520998001098633 1624364005.203377 0.926
8.520998001098633 1624364005.210364 0.926
8.520998001098633 1624364005.217207 0.926
7.912355422973633 1624364005.224211 0.926
8.520998001098633 1624364005.231216 0.926
7.912355422973633 1624364005.238188 0.926
8.520998001098633 1624364005.245211 0.926
8.520998001098633 1624364005.25219 0.926
8.520998001098633 1624364005.259205 0.926
8.520998001098633 1624364005.266251 0.926
7.912355422973633 1624364005.273242 0.926
8.520998001098633 1624364005.280285 0.926
8.520998001098633 1624364005.287348 0.926
8.520998001098633 1624364005.294287 0.926
8.520998001098633 1624364005.301233 0.926
7.912355422973633 1624364005.308242 0.926
8.520998001098633 1624364005.315296 0.926
8.520998001098633 1624364005.322318 0.926
7.912355422973633 1624364005.329304 0.926
8.520998001098633 1624364005.336264 0.926
7.912355422973633 1624364005.343424 0.926
8.520998001098633 1624364005.350417 0.926
8.520998001098633 1624364005.357428 0.926
7.912355422973633 1624364005.364391 0.926
8.520998001098633 1624364005.371426 0.926
8.520998001098633 1624364005.378448 0.926
8.520998001098633 1624364005.385459 0.926
8.520998001098633 1624364005.392217 0.926
7.912355422973633 1624364005.399262 0.926
8.520998001098633 1624364005.406257 0.926
8.520998001098633 1624364005.413233 0.926
7.912355422973633 1624364005.42027 0.926
8.520998001098633 1624364005.427332 0.926
7.912355422973633 1624364005.434281 0.926
8.520998001098633 1624364005.441279 0.926
8.520998001098633 1624364005.448254 0.926
7.912355422973633 1624364005.455269 0.926
8.520998001098633 1624364005.464683 0.926
7.912355422973633 1624364005.47242 0.926
8.520998001098633 1624364005.479382 0.926
7.912355422973633 1624364005.486226 0.926
8.520998001098633 1624364005.493274 0.926
8.520998001098633 1624364005.500237 0.926
7.912355422973633 1624364005.507234 0.926
8.520998001098633 1624364005.514239 0.926
7.912355422973633 1624364005.521299 0.926
8.520998001098633 1624364005.528283 0.926
8.520998001098633 1624364005.535232 0.926
7.912355422973633 1624364005.542212 0.926
8.520998001098633 1624364005.549303 0.926
8.520998001098633 1624364005.556286 0.926
7.912355422973633 1624364005.56331 0.926
8.520998001098633 1624364005.570332 0.926
7.912355422973633 1624364005.57732 0.926
8.520998001098633 1624364005.584317 0.926
8.520998001098633 1624364005.591321 0.926
7.912355422973633 1624364005.598329 0.926
8.520998001098633 1624364005.60532 0.926
7.912355422973633 1624364005.612381 0.926
8.520998001098633 1624364005.619376 0.926
8.520998001098633 1624364005.626291 0.926
7.912355422973633 1624364005.633303 0.926
8.520998001098633 1624364005.640092 0.926
7.912355422973633 1624364005.647127 0.926
8.520998001098633 1624364005.654222 0.926
8.520998001098633 1624364005.661193 0.926
7.912355422973633 1624364005.668077 0.926
8.520998001098633 1624364005.675139 0.926
7.912355422973633 1624364005.682235 0.926
8.520998001098633 1624364005.689229 0.926
8.520998001098633 1624364005.696266 0.926
7.912355422973633 1624364005.703367 0.926
8.520998001098633 1624364005.710323 0.926
8.520998001098633 1624364005.717294 0.926
8.520998001098633 1624364005.724285 0.926
8.520998001098633 1624364005.731279 0.926
7.912355422973633 1624364005.738275 0.926
8.520998001098633 1624364005.745282 0.926
7.912355422973633 1624364005.752279 0.926
7.912355422973633 1624364005.75934 0.926
8.520998001098633 1624364005.766343 0.926
7.912355422973633 1624364005.77331 0.926
8.520998001098633 1624364005.780211 0.926
8.520998001098633 1624364005.787152 0.926
7.912355422973633 1624364005.794173 0.926
8.520998001098633 1624364005.801218 0.926
7.912355422973633 1624364005.808217 0.926
8.520998001098633 1624364005.815207 0.926
8.520998001098633 1624364005.822081 0.926
7.912355422973633 1624364005.829092 0.926
8.520998001098633 1624364005.836091 0.926
7.912355422973633 1624364005.843107 0.926
8.520998001098633 1624364005.850189 0.926
8.520998001098633 1624364005.857227 0.926
7.912355422973633 1624364005.86419 0.926
8.520998001098633 1624364005.871224 0.926
8.520998001098633 1624364005.878221 0.926
8.520998001098633 1624364005.88518 0.926
8.520998001098633 1624364005.892193 0.926
7.912355422973633 1624364005.899249 0.926
8.520998001098633 1624364005.906301 0.926
8.520998001098633 1624364005.913271 0.926
8.520998001098633 1624364005.920191 0.926
8.520998001098633 1624364005.927208 0.926
7.912355422973633 1624364005.934254 0.926
8.520998001098633 1624364005.941074 0.926
8.520998001098633 1624364005.94808 0.926
7.912355422973633 1624364005.955135 0.926
8.520998001098633 1624364005.962116 0.926
7.912355422973633 1624364005.969088 0.926
8.520998001098633 1624364005.976114 0.926
8.520998001098633 1624364005.983107 0.926
7.912355422973633 1624364005.990174 0.926
8.520998001098633 1624364005.997134 0.926
7.912355422973633 1624364006.00413 0.926
8.520998001098633 1624364006.011177 0.926
8.520998001098633 1624364006.018146 0.926
8.520998001098633 1624364006.025139 0.926
8.520998001098633 1624364006.032101 0.926
7.912355422973633 1624364006.039157 0.926
8.520998001098633 1624364006.046196 0.926
8.520998001098633 1624364006.053196 0.926
7.912355422973633 1624364006.060176 0.926
8.520998001098633 1624364006.06723 0.926
8.520998001098633 1624364006.074152 0.926
8.520998001098633 1624364006.081226 0.926
8.520998001098633 1624364006.088168 0.926
7.912355422973633 1624364006.095171 0.926
8.520998001098633 1624364006.102237 0.926
8.520998001098633 1624364006.109171 0.926
7.912355422973633 1624364006.116196 0.926
8.520998001098633 1624364006.123194 0.926
7.912355422973633 1624364006.129999 0.926
8.520998001098633 1624364006.13701 0.926
8.520998001098633 1624364006.143964 0.926
7.912355422973633 1624364006.151053 0.926
8.520998001098633 1624364006.158095 0.926
7.912355422973633 1624364006.16513 0.926
8.520998001098633 1624364006.171983 0.926
8.520998001098633 1624364006.178982 0.926
8.520998001098633 1624364006.186092 0.926
8.520998001098633 1624364006.193027 0.926
7.912355422973633 1624364006.200042 0.926
8.520998001098633 1624364006.207081 0.926
8.520998001098633 1624364006.21408 0.926
7.912355422973633 1624364006.221175 0.926
8.520998001098633 1624364006.228042 0.926
7.912355422973633 1624364006.235062 0.926
8.520998001098633 1624364006.242083 0.926
8.520998001098633 1624364006.249087 0.926
7.912355422973633 1624364006.256081 0.926
8.520998001098633 1624364006.263089 0.926
7.912355422973633 1624364006.270114 0.926
8.520998001098633 1624364006.277076 0.926
8.520998001098633 1624364006.284059 0.926
8.520998001098633 1624364006.291045 0.926
8.520998001098633 1624364006.298164 0.926
7.912355422973633 1624364006.305194 0.926
7.912355422973633 1624364006.311984 0.926
8.520998001098633 1624364006.319002 0.926
7.912355422973633 1624364006.325995 0.926
8.520998001098633 1624364006.332926 0.926
8.520998001098633 1624364006.339962 0.926
8.520998001098633 1624364006.346964 0.926
8.520998001098633 1624364006.353932 0.926
7.912355422973633 1624364006.360978 0.926
8.520998001098633 1624364006.368007 0.926
8.520998001098633 1624364006.374977 0.926
7.912355422973633 1624364006.382003 0.926
8.520998001098633 1624364006.389035 0.926
7.912355422973633 1624364006.39606 0.926
8.520998001098633 1624364006.403088 0.926
8.520998001098633 1624364006.410086 0.926
7.912355422973633 1624364006.417101 0.926
8.520998001098633 1624364006.424081 0.926
7.912355422973633 1624364006.431011 0.926
8.520998001098633 1624364006.438043 0.926
8.520998001098633 1624364006.445042 0.926
8.520998001098633 1624364006.452055 0.926
8.520998001098633 1624364006.459084 0.926
8.520998001098633 1624364006.466122 0.926
8.520998001098633 1624364006.473096 0.926
