19.692306518554688 1624363766.262689 0.432
19.692306518554688 1624363766.269647 0.432
19.692306518554688 1624363766.276572 0.432
19.692306518554688 1624363766.283588 0.432
19.692306518554688 1624363766.290638 0.432
19.692306518554688 1624363766.297719 0.432
19.692306518554688 1624363766.304719 0.432
19.692306518554688 1624363766.311746 0.432
19.692306518554688 1624363766.318788 0.432
20.32019805908203 1624363766.325701 0.432
19.692306518554688 1624363766.33276 0.432
19.692306518554688 1624363766.339703 0.432
19.692306518554688 1624363766.346741 0.432
19.692306518554688 1624363766.353705 0.432
19.692306518554688 1624363766.360724 0.432
19.692306518554688 1624363766.367733 0.432
19.692306518554688 1624363766.374815 0.432
19.692306518554688 1624363766.381668 0.432
19.692306518554688 1624363766.388675 0.432
19.692306518554688 1624363766.395665 0.432
19.692306518554688 1624363766.40268 0.432
19.692306518554688 1624363766.409712 0.432
19.692306518554688 1624363766.41677 0.432
19.692306518554688 1624363766.423693 0.432
19.692306518554688 1624363766.430735 0.432
19.692306518554688 1624363766.437819 0.432
19.692306518554688 1624363766.444716 0.432
19.692306518554688 1624363766.451608 0.432
20.30769157409668 1624363766.458527 0.432
19.692306518554688 1624363766.465607 0.432
19.692306518554688 1624363766.472585 0.432
19.692306518554688 1624363766.479568 0.432
19.692306518554688 1624363766.486557 0.432
19.692306518554688 1624363766.493552 0.432
19.692306518554688 1624363766.500607 0.432
19.692306518554688 1624363766.507596 0.432
19.692306518554688 1624363766.514566 0.432
19.692306518554688 1624363766.521578 0.432
19.692306518554688 1624363766.528595 0.432
19.692306518554688 1624363766.535619 0.432
20.30769157409668 1624363766.54255 0.432
19.692306518554688 1624363766.549564 0.432
19.692306518554688 1624363766.556638 0.432
19.692306518554688 1624363766.563662 0.432
19.692306518554688 1624363766.570663 0.432
19.692306518554688 1624363766.577644 0.432
19.692306518554688 1624363766.584673 0.432
19.692306518554688 1624363766.591687 0.432
19.692306518554688 1624363766.598658 0.432
19.692306518554688 1624363766.605675 0.432
19.692306518554688 1624363766.612583 0.432
19.692306518554688 1624363766.61958 0.432
19.692306518554688 1624363766.626726 0.432
20.30769157409668 1624363766.633695 0.432
19.692306518554688 1624363766.640729 0.432
19.692306518554688 1624363766.647716 0.432
19.692306518554688 1624363766.654691 0.432
19.692306518554688 1624363766.661675 0.432
19.692306518554688 1624363766.668609 0.432
19.692306518554688 1624363766.675548 0.432
19.692306518554688 1624363766.68252 0.432
19.692306518554688 1624363766.689541 0.432
19.692306518554688 1624363766.696555 0.432
19.692306518554688 1624363766.70351 0.432
19.692306518554688 1624363766.710589 0.432
19.692306518554688 1624363766.717575 0.432
19.692306518554688 1624363766.724598 0.432
19.692306518554688 1624363766.731532 0.432
19.692306518554688 1624363766.738573 0.432
19.692306518554688 1624363766.745557 0.432
19.692306518554688 1624363766.752549 0.432
19.692306518554688 1624363766.759558 0.432
19.692306518554688 1624363766.766555 0.432
19.692306518554688 1624363766.773502 0.432
19.692306518554688 1624363766.780454 0.432
19.692306518554688 1624363766.787477 0.432
19.692306518554688 1624363766.794433 0.432
19.692306518554688 1624363766.801477 0.432
19.692306518554688 1624363766.808447 0.432
19.692306518554688 1624363766.815454 0.432
19.692306518554688 1624363766.822497 0.432
19.692306518554688 1624363766.829492 0.432
19.692306518554688 1624363766.836489 0.432
19.692306518554688 1624363766.84348 0.432
19.692306518554688 1624363766.850599 0.432
19.692306518554688 1624363766.857555 0.432
19.692306518554688 1624363766.864605 0.432
19.692306518554688 1624363766.871585 0.432
19.692306518554688 1624363766.878563 0.432
19.692306518554688 1624363766.885557 0.432
19.692306518554688 1624363766.892603 0.432
19.692306518554688 1624363766.899592 0.432
19.692306518554688 1624363766.906593 0.432
19.692306518554688 1624363766.913624 0.432
19.692306518554688 1624363766.920626 0.432
19.692306518554688 1624363766.927429 0.432
19.692306518554688 1624363766.93444 0.432
19.692306518554688 1624363766.941506 0.432
19.692306518554688 1624363766.948486 0.432
19.692306518554688 1624363766.955471 0.432
19.692306518554688 1624363766.962421 0.432
19.692306518554688 1624363766.969475 0.432
19.692306518554688 1624363766.976486 0.432
19.692306518554688 1624363766.983408 0.432
19.692306518554688 1624363766.990428 0.432
19.692306518554688 1624363766.997402 0.432
19.692306518554688 1624363767.004418 0.432
19.692306518554688 1624363767.01146 0.432
19.692306518554688 1624363767.018409 0.432
19.692306518554688 1624363767.025479 0.432
19.692306518554688 1624363767.032529 0.432
19.692306518554688 1624363767.039471 0.432
19.692306518554688 1624363767.046399 0.432
19.692306518554688 1624363767.053381 0.432
19.692306518554688 1624363767.060506 0.432
19.692306518554688 1624363767.067495 0.432
19.692306518554688 1624363767.074412 0.432
19.692306518554688 1624363767.081522 0.432
19.692306518554688 1624363767.088545 0.432
19.692306518554688 1624363767.095533 0.432
19.692306518554688 1624363767.102488 0.432
19.692306518554688 1624363767.109512 0.432
19.692306518554688 1624363767.116551 0.432
19.692306518554688 1624363767.12351 0.432
19.692306518554688 1624363767.13051 0.432
19.692306518554688 1624363767.137516 0.432
19.692306518554688 1624363767.144531 0.432
19.692306518554688 1624363767.151563 0.432
19.692306518554688 1624363767.158536 0.432
19.692306518554688 1624363767.165494 0.432
19.692306518554688 1624363767.17248 0.432
19.692306518554688 1624363767.179511 0.432
19.692306518554688 1624363767.186479 0.432
19.692306518554688 1624363767.193512 0.432
19.692306518554688 1624363767.200499 0.432
19.692306518554688 1624363767.207425 0.432
19.692306518554688 1624363767.2145 0.432
19.692306518554688 1624363767.221378 0.432
19.692306518554688 1624363767.228427 0.432
19.692306518554688 1624363767.235376 0.432
19.692306518554688 1624363767.242395 0.432
19.692306518554688 1624363767.249347 0.432
19.692306518554688 1624363767.256411 0.432
19.692306518554688 1624363767.263414 0.432
19.692306518554688 1624363767.270434 0.432
19.692306518554688 1624363767.277434 0.432
19.692306518554688 1624363767.284431 0.432
19.692306518554688 1624363767.291397 0.432
19.692306518554688 1624363767.29842 0.432
19.692306518554688 1624363767.305403 0.432
19.692306518554688 1624363767.312427 0.432
19.692306518554688 1624363767.319434 0.432
19.692306518554688 1624363767.326364 0.432
19.692306518554688 1624363767.333349 0.432
19.692306518554688 1624363767.340396 0.432
19.692306518554688 1624363767.347444 0.432
19.692306518554688 1624363767.354446 0.432
19.692306518554688 1624363767.361385 0.432
19.692306518554688 1624363767.368412 0.432
19.692306518554688 1624363767.375413 0.432
19.692306518554688 1624363767.382443 0.432
19.692306518554688 1624363767.389409 0.432
19.692306518554688 1624363767.396425 0.432
19.692306518554688 1624363767.403222 0.432
19.692306518554688 1624363767.410231 0.432
19.692306518554688 1624363767.417408 0.432
19.692306518554688 1624363767.424323 0.432
19.692306518554688 1624363767.43132 0.432
19.692306518554688 1624363767.438338 0.432
19.692306518554688 1624363767.445376 0.432
19.692306518554688 1624363767.452386 0.432
19.692306518554688 1624363767.459355 0.432
19.692306518554688 1624363767.466305 0.432
19.692306518554688 1624363767.473343 0.432
19.692306518554688 1624363767.480427 0.432
19.692306518554688 1624363767.487381 0.432
19.692306518554688 1624363767.494341 0.432
19.692306518554688 1624363767.501333 0.432
19.692306518554688 1624363767.508329 0.432
19.692306518554688 1624363767.51531 0.432
19.692306518554688 1624363767.522349 0.432
19.692306518554688 1624363767.52936 0.432
19.692306518554688 1624363767.536352 0.432
19.692306518554688 1624363767.543397 0.432
19.692306518554688 1624363767.550405 0.432
19.692306518554688 1624363767.557419 0.432
19.692306518554688 1624363767.564393 0.432
19.692306518554688 1624363767.571364 0.432
19.692306518554688 1624363767.578409 0.432
19.692306518554688 1624363767.585362 0.432
19.692306518554688 1624363767.592364 0.432
19.692306518554688 1624363767.599324 0.432
19.692306518554688 1624363767.606333 0.432
19.692306518554688 1624363767.61333 0.432
19.692306518554688 1624363767.620332 0.432
19.692306518554688 1624363767.627172 0.432
19.692306518554688 1624363767.634166 0.432
19.692306518554688 1624363767.641208 0.432
19.692306518554688 1624363767.648219 0.432
19.692306518554688 1624363767.655284 0.432
19.692306518554688 1624363767.662203 0.432
19.692306518554688 1624363767.669213 0.432
19.692306518554688 1624363767.676206 0.432
19.692306518554688 1624363767.683185 0.432
19.692306518554688 1624363767.690174 0.432
19.692306518554688 1624363767.697256 0.432
19.692306518554688 1624363767.704231 0.432
19.692306518554688 1624363767.711274 0.432
19.692306518554688 1624363767.718304 0.432
19.692306518554688 1624363767.725219 0.432
19.692306518554688 1624363767.732251 0.432
19.692306518554688 1624363767.73927 0.432
19.692306518554688 1624363767.746204 0.432
19.692306518554688 1624363767.753233 0.432
19.692306518554688 1624363767.760296 0.432
19.692306518554688 1624363767.767242 0.432
19.692306518554688 1624363767.774319 0.432
19.692306518554688 1624363767.781384 0.432
19.692306518554688 1624363767.788288 0.432
19.692306518554688 1624363767.795319 0.432
19.692306518554688 1624363767.802311 0.432
19.692306518554688 1624363767.809265 0.432
19.692306518554688 1624363767.816241 0.432
19.692306518554688 1624363767.823217 0.432
19.692306518554688 1624363767.830329 0.432
19.692306518554688 1624363767.837146 0.432
19.692306518554688 1624363767.844206 0.432
19.692306518554688 1624363767.851145 0.432
19.692306518554688 1624363767.858154 0.432
19.692306518554688 1624363767.865173 0.432
19.692306518554688 1624363767.872161 0.432
19.692306518554688 1624363767.879177 0.432
19.692306518554688 1624363767.88614 0.432
19.692306518554688 1624363767.893147 0.432
19.692306518554688 1624363767.900133 0.432
19.692306518554688 1624363767.907173 0.432
19.692306518554688 1624363767.914257 0.432
19.692306518554688 1624363767.921226 0.432
19.692306518554688 1624363767.928149 0.432
19.692306518554688 1624363767.935165 0.432
19.692306518554688 1624363767.94219 0.432
19.692306518554688 1624363767.949209 0.432
19.692306518554688 1624363767.956216 0.432
19.692306518554688 1624363767.963226 0.432
19.692306518554688 1624363767.970212 0.432
19.692306518554688 1624363767.977244 0.432
19.692306518554688 1624363767.984242 0.432
19.692306518554688 1624363767.991248 0.432
19.692306518554688 1624363767.998283 0.432
19.692306518554688 1624363768.005293 0.432
19.692306518554688 1624363768.012264 0.432
19.692306518554688 1624363768.019277 0.432
19.692306518554688 1624363768.026216 0.432
19.692306518554688 1624363768.033233 0.432
19.692306518554688 1624363768.040159 0.432
19.692306518554688 1624363768.047162 0.432
19.692306518554688 1624363768.054179 0.432
19.692306518554688 1624363768.061177 0.432
19.692306518554688 1624363768.068201 0.432
19.692306518554688 1624363768.07519 0.432
19.692306518554688 1624363768.082042 0.432
19.692306518554688 1624363768.08909 0.432
19.692306518554688 1624363768.096032 0.432
19.692306518554688 1624363768.103064 0.432
19.692306518554688 1624363768.110039 0.432
19.692306518554688 1624363768.117066 0.432
19.692306518554688 1624363768.124124 0.432
19.692306518554688 1624363768.131044 0.432
19.692306518554688 1624363768.1381 0.432
19.692306518554688 1624363768.1451 0.432
19.692306518554688 1624363768.152094 0.432
19.692306518554688 1624363768.15916 0.432
19.692306518554688 1624363768.166159 0.432
19.692306518554688 1624363768.173176 0.432
19.692306518554688 1624363768.180153 0.432
19.692306518554688 1624363768.187138 0.432
19.692306518554688 1624363768.194136 0.432
19.692306518554688 1624363768.20117 0.432
19.692306518554688 1624363768.208174 0.432
19.692306518554688 1624363768.215145 0.432
19.692306518554688 1624363768.222145 0.432
19.692306518554688 1624363768.229177 0.432
19.692306518554688 1624363768.236157 0.432
19.692306518554688 1624363768.243204 0.432
19.692306518554688 1624363768.250165 0.432
19.692306518554688 1624363768.25714 0.432
19.692306518554688 1624363768.264138 0.432
19.692306518554688 1624363768.271088 0.432
19.692306518554688 1624363768.278046 0.432
19.692306518554688 1624363768.285058 0.432
19.692306518554688 1624363768.292028 0.432
19.692306518554688 1624363768.299236 0.432
19.692306518554688 1624363768.30622 0.432
19.692306518554688 1624363768.313212 0.432
19.692306518554688 1624363768.320207 0.432
19.692306518554688 1624363768.327178 0.432
19.692306518554688 1624363768.334221 0.432
19.692306518554688 1624363768.341043 0.432
19.692306518554688 1624363768.348064 0.432
19.692306518554688 1624363768.355013 0.432
19.692306518554688 1624363768.362051 0.432
19.692306518554688 1624363768.369045 0.432
19.692306518554688 1624363768.376026 0.432
19.692306518554688 1624363768.383068 0.432
19.692306518554688 1624363768.389987 0.432
19.692306518554688 1624363768.396971 0.432
19.692306518554688 1624363768.403982 0.432
19.692306518554688 1624363768.411002 0.432
19.692306518554688 1624363768.417938 0.432
19.692306518554688 1624363768.424973 0.432
19.692306518554688 1624363768.432005 0.432
19.692306518554688 1624363768.439046 0.432
19.692306518554688 1624363768.446077 0.432
19.692306518554688 1624363768.452947 0.432
19.692306518554688 1624363768.460053 0.432
19.692306518554688 1624363768.46703 0.432
19.692306518554688 1624363768.474025 0.432
19.692306518554688 1624363768.481101 0.432
19.692306518554688 1624363768.488016 0.432
19.692306518554688 1624363768.495046 0.432
19.692306518554688 1624363768.50206 0.432
19.692306518554688 1624363768.509028 0.432
19.692306518554688 1624363768.515972 0.432
19.692306518554688 1624363768.522992 0.432
19.692306518554688 1624363768.529969 0.432
19.692306518554688 1624363768.537066 0.432
19.692306518554688 1624363768.544055 0.432
19.692306518554688 1624363768.551095 0.432
19.692306518554688 1624363768.557949 0.432
19.692306518554688 1624363768.565002 0.432
19.692306518554688 1624363768.571993 0.432
19.692306518554688 1624363768.579022 0.432
19.692306518554688 1624363768.586117 0.432
19.692306518554688 1624363768.593117 0.432
19.692306518554688 1624363768.600093 0.432
19.692306518554688 1624363768.607045 0.432
19.692306518554688 1624363768.614171 0.432
19.692306518554688 1624363768.621135 0.432
19.692306518554688 1624363768.628106 0.432
19.692306518554688 1624363768.635129 0.432
19.692306518554688 1624363768.641936 0.432
19.692306518554688 1624363768.648914 0.432
19.692306518554688 1624363768.655838 0.432
19.692306518554688 1624363768.66286 0.432
19.692306518554688 1624363768.669829 0.432
19.692306518554688 1624363768.676931 0.432
19.692306518554688 1624363768.683826 0.432
19.692306518554688 1624363768.690879 0.432
19.692306518554688 1624363768.697845 0.432
19.692306518554688 1624363768.7049 0.432
19.692306518554688 1624363768.711873 0.432
19.692306518554688 1624363768.718921 0.432
19.692306518554688 1624363768.725948 0.432
19.692306518554688 1624363768.73297 0.432
19.692306518554688 1624363768.739926 0.432
19.692306518554688 1624363768.747024 0.432
19.692306518554688 1624363768.753924 0.432
19.692306518554688 1624363768.760942 0.432
19.692306518554688 1624363768.767922 0.432
19.692306518554688 1624363768.77495 0.432
19.692306518554688 1624363768.781962 0.432
19.692306518554688 1624363768.788924 0.432
19.692306518554688 1624363768.796078 0.432
19.692306518554688 1624363768.803063 0.432
19.692306518554688 1624363768.810041 0.432
19.692306518554688 1624363768.817037 0.432
19.692306518554688 1624363768.824035 0.432
19.692306518554688 1624363768.831026 0.432
19.692306518554688 1624363768.838028 0.432
19.692306518554688 1624363768.844916 0.432
19.692306518554688 1624363768.851897 0.432
19.692306518554688 1624363768.858957 0.432
19.692306518554688 1624363768.865937 0.432
19.692306518554688 1624363768.872948 0.432
19.692306518554688 1624363768.880006 0.432
19.692306518554688 1624363768.886851 0.432
19.692306518554688 1624363768.893817 0.432
19.692306518554688 1624363768.900858 0.432
19.692306518554688 1624363768.907816 0.432
19.692306518554688 1624363768.914891 0.432
19.692306518554688 1624363768.921816 0.432
19.692306518554688 1624363768.928847 0.432
19.692306518554688 1624363768.93582 0.432
19.692306518554688 1624363768.942839 0.432
19.692306518554688 1624363768.949912 0.432
19.692306518554688 1624363768.956902 0.432
19.692306518554688 1624363768.963849 0.432
19.692306518554688 1624363768.970832 0.432
19.692306518554688 1624363768.977853 0.432
19.692306518554688 1624363768.984819 0.432
19.692306518554688 1624363768.991789 0.432
19.692306518554688 1624363768.998812 0.432
19.692306518554688 1624363769.005856 0.432
19.692306518554688 1624363769.01294 0.432
19.692306518554688 1624363769.019865 0.432
19.692306518554688 1624363769.026925 0.432
19.692306518554688 1624363769.033859 0.432
19.692306518554688 1624363769.040859 0.432
19.692306518554688 1624363769.047873 0.432
19.692306518554688 1624363769.054873 0.432
19.692306518554688 1624363769.06182 0.432
19.692306518554688 1624363769.06885 0.432
19.692306518554688 1624363769.075992 0.432
19.692306518554688 1624363769.082788 0.432
19.692306518554688 1624363769.089799 0.432
19.692306518554688 1624363769.096744 0.432
19.692306518554688 1624363769.103818 0.432
19.692306518554688 1624363769.11073 0.432
19.692306518554688 1624363769.117707 0.432
19.692306518554688 1624363769.124736 0.432
19.692306518554688 1624363769.131852 0.432
19.692306518554688 1624363769.13888 0.432
19.692306518554688 1624363769.145882 0.432
19.692306518554688 1624363769.152857 0.432
19.692306518554688 1624363769.159841 0.432
19.692306518554688 1624363769.166892 0.432
19.692306518554688 1624363769.173905 0.432
19.692306518554688 1624363769.180898 0.432
19.692306518554688 1624363769.187899 0.432
19.692306518554688 1624363769.194905 0.432
19.692306518554688 1624363769.201819 0.432
19.692306518554688 1624363769.208844 0.432
19.692306518554688 1624363769.215788 0.432
19.692306518554688 1624363769.222865 0.432
19.692306518554688 1624363769.229831 0.432
19.692306518554688 1624363769.236829 0.432
19.692306518554688 1624363769.24386 0.432
19.692306518554688 1624363769.250857 0.432
19.692306518554688 1624363769.257717 0.432
19.692306518554688 1624363769.264684 0.432
19.692306518554688 1624363769.27166 0.432
19.692306518554688 1624363769.278671 0.432
19.692306518554688 1624363769.285677 0.432
19.692306518554688 1624363769.292761 0.432
19.692306518554688 1624363769.299778 0.432
19.692306518554688 1624363769.306766 0.432
19.692306518554688 1624363769.313808 0.432
19.692306518554688 1624363769.32074 0.432
19.692306518554688 1624363769.3278 0.432
19.692306518554688 1624363769.334741 0.432
19.692306518554688 1624363769.341728 0.432
19.692306518554688 1624363769.348793 0.432
19.692306518554688 1624363769.355807 0.432
19.692306518554688 1624363769.362803 0.432
19.692306518554688 1624363769.369812 0.432
19.692306518554688 1624363769.376802 0.432
19.692306518554688 1624363769.383783 0.432
19.692306518554688 1624363769.390826 0.432
19.692306518554688 1624363769.397807 0.432
19.692306518554688 1624363769.404856 0.432
19.692306518554688 1624363769.411796 0.432
19.692306518554688 1624363769.418846 0.432
19.692306518554688 1624363769.42583 0.432
19.692306518554688 1624363769.43283 0.432
19.692306518554688 1624363769.43987 0.432
19.692306518554688 1624363769.446871 0.432
19.692306518554688 1624363769.453847 0.432
19.692306518554688 1624363769.460783 0.432
19.692306518554688 1624363769.467876 0.432
19.692306518554688 1624363769.474844 0.432
19.692306518554688 1624363769.481808 0.432
19.692306518554688 1624363769.488854 0.432
19.692306518554688 1624363769.495601 0.432
19.692306518554688 1624363769.502595 0.432
19.692306518554688 1624363769.509659 0.432
19.692306518554688 1624363769.516642 0.432
19.692306518554688 1624363769.52367 0.432
19.692306518554688 1624363769.530659 0.432
19.692306518554688 1624363769.537614 0.432
19.692306518554688 1624363769.544612 0.432
19.692306518554688 1624363769.551652 0.432
19.692306518554688 1624363769.558615 0.432
19.692306518554688 1624363769.56566 0.432
19.692306518554688 1624363769.572657 0.432
19.692306518554688 1624363769.579644 0.432
19.692306518554688 1624363769.586744 0.432
19.692306518554688 1624363769.593722 0.432
19.692306518554688 1624363769.600659 0.432
19.692306518554688 1624363769.607779 0.432
19.692306518554688 1624363769.61478 0.432
19.692306518554688 1624363769.621739 0.432
19.692306518554688 1624363769.62877 0.432
19.692306518554688 1624363769.635737 0.432
19.692306518554688 1624363769.642747 0.432
19.692306518554688 1624363769.64965 0.432
19.692306518554688 1624363769.656709 0.432
19.692306518554688 1624363769.663705 0.432
19.692306518554688 1624363769.670729 0.432
19.692306518554688 1624363769.677709 0.432
19.692306518554688 1624363769.684753 0.432
19.692306518554688 1624363769.691756 0.432
19.692306518554688 1624363769.698667 0.432
19.692306518554688 1624363769.705553 0.432
19.692306518554688 1624363769.712535 0.432
19.692306518554688 1624363769.71952 0.432
19.692306518554688 1624363769.726607 0.432
19.692306518554688 1624363769.733681 0.432
19.692306518554688 1624363769.740652 0.432
19.692306518554688 1624363769.747578 0.432
19.692306518554688 1624363769.754505 0.432
19.692306518554688 1624363769.761521 0.432
19.692306518554688 1624363769.768557 0.432
19.692306518554688 1624363769.775609 0.432
19.692306518554688 1624363769.78261 0.432
19.692306518554688 1624363769.789689 0.432
19.692306518554688 1624363769.79664 0.432
19.692306518554688 1624363769.803654 0.432
19.692306518554688 1624363769.810648 0.432
19.692306518554688 1624363769.817689 0.432
19.692306518554688 1624363769.824696 0.432
19.692306518554688 1624363769.831737 0.432
19.692306518554688 1624363769.838724 0.432
19.692306518554688 1624363769.845711 0.432
19.692306518554688 1624363769.852732 0.432
19.692306518554688 1624363769.859682 0.432
19.692306518554688 1624363769.866679 0.432
19.692306518554688 1624363769.873641 0.432
19.076923370361328 1624363769.880631 0.432
19.692306518554688 1624363769.887448 0.432
19.692306518554688 1624363769.894543 0.432
19.692306518554688 1624363769.901526 0.432
19.692306518554688 1624363769.908563 0.432
19.692306518554688 1624363769.915562 0.432
19.692306518554688 1624363769.922534 0.432
19.692306518554688 1624363769.92953 0.432
19.692306518554688 1624363769.93652 0.432
19.692306518554688 1624363769.943507 0.432
19.692306518554688 1624363769.950604 0.432
19.692306518554688 1624363769.957605 0.432
19.692306518554688 1624363769.964635 0.432
19.076923370361328 1624363769.971622 0.432
19.692306518554688 1624363769.978613 0.432
19.692306518554688 1624363769.985616 0.432
19.692306518554688 1624363769.992655 0.432
19.692306518554688 1624363769.999615 0.432
19.692306518554688 1624363770.006629 0.432
19.692306518554688 1624363770.013633 0.432
19.692306518554688 1624363770.020576 0.432
19.692306518554688 1624363770.027561 0.432
19.692306518554688 1624363770.034596 0.432
19.692306518554688 1624363770.041583 0.432
19.692306518554688 1624363770.048578 0.432
19.692306518554688 1624363770.055561 0.432
19.692306518554688 1624363770.062576 0.432
19.692306518554688 1624363770.069555 0.432
19.692306518554688 1624363770.076417 0.432
19.692306518554688 1624363770.08345 0.432
19.692306518554688 1624363770.090408 0.432
19.692306518554688 1624363770.097408 0.432
19.692306518554688 1624363770.104436 0.432
19.692306518554688 1624363770.111414 0.432
19.692306518554688 1624363770.118403 0.432
19.692306518554688 1624363770.125434 0.432
19.692306518554688 1624363770.132433 0.432
19.692306518554688 1624363770.139456 0.432
19.692306518554688 1624363770.146443 0.432
19.692306518554688 1624363770.153448 0.432
19.692306518554688 1624363770.160428 0.432
19.692306518554688 1624363770.167428 0.432
19.692306518554688 1624363770.174436 0.432
19.692306518554688 1624363770.18147 0.432
19.692306518554688 1624363770.188521 0.432
19.692306518554688 1624363770.19548 0.432
19.692306518554688 1624363770.202507 0.432
19.692306518554688 1624363770.209546 0.432
19.692306518554688 1624363770.21648 0.432
19.692306518554688 1624363770.223477 0.432
19.692306518554688 1624363770.230434 0.432
19.692306518554688 1624363770.237451 0.432
19.692306518554688 1624363770.244537 0.432
19.692306518554688 1624363770.251529 0.432
19.692306518554688 1624363770.258567 0.432
19.692306518554688 1624363770.265689 0.432
19.692306518554688 1624363770.272416 0.432
19.692306518554688 1624363770.279422 0.432
19.692306518554688 1624363770.286425 0.432
19.692306518554688 1624363770.293415 0.432
19.692306518554688 1624363770.300501 0.432
19.692306518554688 1624363770.307501 0.432
19.692306518554688 1624363770.314512 0.432
19.692306518554688 1624363770.321523 0.432
19.692306518554688 1624363770.328483 0.432
19.692306518554688 1624363770.335476 0.432
19.692306518554688 1624363770.342502 0.432
19.692306518554688 1624363770.349521 0.432
19.692306518554688 1624363770.356474 0.432
19.692306518554688 1624363770.363528 0.432
19.692306518554688 1624363770.370565 0.432
19.692306518554688 1624363770.377507 0.432
19.692306518554688 1624363770.384519 0.432
19.692306518554688 1624363770.391497 0.432
19.692306518554688 1624363770.398555 0.432
19.692306518554688 1624363770.405498 0.432
19.692306518554688 1624363770.412507 0.432
19.692306518554688 1624363770.419513 0.432
19.692306518554688 1624363770.426496 0.432
19.692306518554688 1624363770.433493 0.432
19.692306518554688 1624363770.440329 0.432
19.692306518554688 1624363770.447396 0.432
19.692306518554688 1624363770.454339 0.432
19.692306518554688 1624363770.461433 0.432
19.692306518554688 1624363770.468393 0.432
19.692306518554688 1624363770.475462 0.432
19.692306518554688 1624363770.482435 0.432
19.692306518554688 1624363770.489398 0.432
19.692306518554688 1624363770.496405 0.432
19.692306518554688 1624363770.503364 0.432
19.692306518554688 1624363770.510352 0.432
19.692306518554688 1624363770.517373 0.432
19.692306518554688 1624363770.52441 0.432
19.692306518554688 1624363770.531412 0.432
19.692306518554688 1624363770.538433 0.432
19.692306518554688 1624363770.545416 0.432
19.692306518554688 1624363770.552418 0.432
19.692306518554688 1624363770.559379 0.432
19.692306518554688 1624363770.566445 0.432
19.692306518554688 1624363770.573418 0.432
19.692306518554688 1624363770.580429 0.432
19.692306518554688 1624363770.587405 0.432
19.692306518554688 1624363770.594428 0.432
19.692306518554688 1624363770.601388 0.432
19.692306518554688 1624363770.608444 0.432
19.692306518554688 1624363770.615235 0.432
19.692306518554688 1624363770.622269 0.432
19.692306518554688 1624363770.629327 0.432
19.692306518554688 1624363770.636265 0.432
19.692306518554688 1624363770.643186 0.432
19.692306518554688 1624363770.650251 0.432
19.692306518554688 1624363770.657233 0.432
19.692306518554688 1624363770.664267 0.432
19.692306518554688 1624363770.671325 0.432
19.692306518554688 1624363770.678251 0.432
19.692306518554688 1624363770.685271 0.432
19.692306518554688 1624363770.69234 0.432
19.692306518554688 1624363770.699309 0.432
19.692306518554688 1624363770.706333 0.432
19.076923370361328 1624363770.71341 0.432
19.692306518554688 1624363770.720363 0.432
19.692306518554688 1624363770.727344 0.432
19.692306518554688 1624363770.734412 0.432
19.692306518554688 1624363770.741407 0.432
19.692306518554688 1624363770.748402 0.432
19.692306518554688 1624363770.755395 0.432
19.692306518554688 1624363770.76241 0.432
19.692306518554688 1624363770.769463 0.432
19.692306518554688 1624363770.776378 0.432
19.692306518554688 1624363770.783408 0.432
19.692306518554688 1624363770.790431 0.432
19.692306518554688 1624363770.797299 0.432
19.692306518554688 1624363770.804342 0.432
19.692306518554688 1624363770.811139 0.432
19.692306518554688 1624363770.818222 0.432
19.692306518554688 1624363770.825233 0.432
19.692306518554688 1624363770.832237 0.432
19.076923370361328 1624363770.83923 0.432
19.692306518554688 1624363770.846302 0.432
19.692306518554688 1624363770.853199 0.432
19.692306518554688 1624363770.86022 0.432
19.692306518554688 1624363770.867226 0.432
19.692306518554688 1624363770.874206 0.432
19.692306518554688 1624363770.881215 0.432
19.692306518554688 1624363770.888418 0.432
19.692306518554688 1624363770.895194 0.432
19.692306518554688 1624363770.902186 0.432
19.692306518554688 1624363770.909258 0.432
19.692306518554688 1624363770.916234 0.432
19.692306518554688 1624363770.923261 0.432
19.076923370361328 1624363770.930213 0.432
19.692306518554688 1624363770.937226 0.432
19.692306518554688 1624363770.94427 0.432
19.692306518554688 1624363770.951235 0.432
19.692306518554688 1624363770.958229 0.432
19.692306518554688 1624363770.965239 0.432
19.692306518554688 1624363770.972266 0.432
19.692306518554688 1624363770.979243 0.432
19.692306518554688 1624363770.986251 0.432
19.692306518554688 1624363770.99328 0.432
19.692306518554688 1624363771.000252 0.432
19.692306518554688 1624363771.007236 0.432
19.692306518554688 1624363771.014255 0.432
19.692306518554688 1624363771.021128 0.432
19.692306518554688 1624363771.028108 0.432
19.692306518554688 1624363771.035119 0.432
19.692306518554688 1624363771.042083 0.432
19.692306518554688 1624363771.049106 0.432
19.076923370361328 1624363771.056191 0.432
19.692306518554688 1624363771.063197 0.432
19.692306518554688 1624363771.070263 0.432
19.692306518554688 1624363771.077257 0.432
19.692306518554688 1624363771.084214 0.432
19.692306518554688 1624363771.09124 0.432
19.692306518554688 1624363771.098301 0.432
19.692306518554688 1624363771.105253 0.432
19.692306518554688 1624363771.112265 0.432
19.692306518554688 1624363771.119273 0.432
19.692306518554688 1624363771.1263 0.432
19.692306518554688 1624363771.133301 0.432
19.692306518554688 1624363771.140316 0.432
19.692306518554688 1624363771.147319 0.432
19.692306518554688 1624363771.154248 0.432
19.692306518554688 1624363771.161273 0.432
19.692306518554688 1624363771.168255 0.432
19.692306518554688 1624363771.175309 0.432
19.692306518554688 1624363771.182244 0.432
19.692306518554688 1624363771.1892 0.432
19.692306518554688 1624363771.196238 0.432
19.692306518554688 1624363771.203231 0.432
19.692306518554688 1624363771.210225 0.432
19.692306518554688 1624363771.217111 0.432
19.692306518554688 1624363771.224103 0.432
19.692306518554688 1624363771.231122 0.432
19.692306518554688 1624363771.23811 0.432
19.692306518554688 1624363771.245137 0.432
19.692306518554688 1624363771.252098 0.432
19.692306518554688 1624363771.259125 0.432
19.692306518554688 1624363771.266154 0.432
19.692306518554688 1624363771.273181 0.432
19.692306518554688 1624363771.280184 0.432
19.692306518554688 1624363771.287127 0.432
19.692306518554688 1624363771.29418 0.432
19.692306518554688 1624363771.301187 0.432
19.692306518554688 1624363771.308185 0.432
19.692306518554688 1624363771.315199 0.432
19.692306518554688 1624363771.322179 0.432
19.692306518554688 1624363771.329175 0.432
19.692306518554688 1624363771.336168 0.432
19.692306518554688 1624363771.343216 0.432
19.692306518554688 1624363771.350211 0.432
19.692306518554688 1624363771.357207 0.432
19.692306518554688 1624363771.364179 0.432
19.692306518554688 1624363771.371208 0.432
19.692306518554688 1624363771.378264 0.432
19.692306518554688 1624363771.385227 0.432
19.692306518554688 1624363771.392245 0.432
19.692306518554688 1624363771.399208 0.432
19.692306518554688 1624363771.406258 0.432
19.692306518554688 1624363771.413237 0.432
19.692306518554688 1624363771.420224 0.432
19.692306518554688 1624363771.427258 0.432
19.692306518554688 1624363771.434225 0.432
19.692306518554688 1624363771.441136 0.432
19.692306518554688 1624363771.448019 0.432
19.692306518554688 1624363771.455112 0.432
19.692306518554688 1624363771.462056 0.432
19.692306518554688 1624363771.469079 0.432
19.692306518554688 1624363771.476027 0.432
19.692306518554688 1624363771.483072 0.432
19.692306518554688 1624363771.490043 0.432
19.692306518554688 1624363771.497134 0.432
19.692306518554688 1624363771.504141 0.432
19.692306518554688 1624363771.511123 0.432
19.692306518554688 1624363771.518097 0.432
19.692306518554688 1624363771.525113 0.432
19.692306518554688 1624363771.532071 0.432
19.692306518554688 1624363771.539194 0.432
19.692306518554688 1624363771.546188 0.432
19.692306518554688 1624363771.553179 0.432
19.076923370361328 1624363771.560134 0.432
19.692306518554688 1624363771.56716 0.432
19.692306518554688 1624363771.574178 0.432
19.692306518554688 1624363771.581184 0.432
19.692306518554688 1624363771.588136 0.432
19.692306518554688 1624363771.595104 0.432
19.692306518554688 1624363771.602079 0.432
19.692306518554688 1624363771.60908 0.432
19.692306518554688 1624363771.61599 0.432
19.692306518554688 1624363771.62307 0.432
19.692306518554688 1624363771.630032 0.432
19.692306518554688 1624363771.63702 0.432
19.692306518554688 1624363771.644097 0.432
19.076923370361328 1624363771.651149 0.432
19.692306518554688 1624363771.658155 0.432
19.692306518554688 1624363771.665192 0.432
19.692306518554688 1624363771.672149 0.432
19.692306518554688 1624363771.679143 0.432
19.076923370361328 1624363771.686021 0.432
19.692306518554688 1624363771.693034 0.432
19.692306518554688 1624363771.700052 0.432
19.692306518554688 1624363771.707019 0.432
19.692306518554688 1624363771.714034 0.432
19.076923370361328 1624363771.720974 0.432
19.692306518554688 1624363771.728042 0.432
19.692306518554688 1624363771.734987 0.432
19.692306518554688 1624363771.742022 0.432
19.692306518554688 1624363771.749059 0.432
19.692306518554688 1624363771.756085 0.432
19.692306518554688 1624363771.763016 0.432
19.692306518554688 1624363771.769914 0.432
19.692306518554688 1624363771.777059 0.432
19.692306518554688 1624363771.783993 0.432
19.692306518554688 1624363771.791078 0.432
19.692306518554688 1624363771.79804 0.432
19.692306518554688 1624363771.805081 0.432
19.692306518554688 1624363771.81201 0.432
19.692306518554688 1624363771.819032 0.432
19.692306518554688 1624363771.826025 0.432
19.692306518554688 1624363771.833054 0.432
19.692306518554688 1624363771.840036 0.432
19.692306518554688 1624363771.847057 0.432
19.692306518554688 1624363771.854047 0.432
19.692306518554688 1624363771.861026 0.432
19.692306518554688 1624363771.868069 0.432
19.692306518554688 1624363771.875102 0.432
19.692306518554688 1624363771.881913 0.432
19.692306518554688 1624363771.888943 0.432
19.692306518554688 1624363771.896019 0.432
19.692306518554688 1624363771.902991 0.432
19.692306518554688 1624363771.909985 0.432
19.692306518554688 1624363771.917007 0.432
19.692306518554688 1624363771.923987 0.432
19.692306518554688 1624363771.930998 0.432
19.076923370361328 1624363771.937951 0.432
19.692306518554688 1624363771.945017 0.432
19.692306518554688 1624363771.952034 0.432
19.692306518554688 1624363771.959002 0.432
19.692306518554688 1624363771.966093 0.432
19.076923370361328 1624363771.973034 0.432
19.692306518554688 1624363771.979938 0.432
19.692306518554688 1624363771.986958 0.432
19.692306518554688 1624363771.993999 0.432
19.692306518554688 1624363772.000932 0.432
19.692306518554688 1624363772.007972 0.432
19.692306518554688 1624363772.01503 0.432
19.692306518554688 1624363772.021964 0.432
19.692306518554688 1624363772.029004 0.432
19.692306518554688 1624363772.035998 0.432
19.692306518554688 1624363772.043044 0.432
19.076923370361328 1624363772.050036 0.432
19.692306518554688 1624363772.056986 0.432
19.076923370361328 1624363772.06409 0.432
19.692306518554688 1624363772.071148 0.432
19.692306518554688 1624363772.078157 0.432
19.692306518554688 1624363772.084847 0.432
19.692306518554688 1624363772.091872 0.432
19.692306518554688 1624363772.098852 0.432
19.692306518554688 1624363772.105904 0.432
19.692306518554688 1624363772.112903 0.432
19.076923370361328 1624363772.119886 0.432
19.692306518554688 1624363772.126955 0.432
19.692306518554688 1624363772.13395 0.432
19.692306518554688 1624363772.140933 0.432
19.692306518554688 1624363772.14793 0.432
19.076923370361328 1624363772.154897 0.432
19.692306518554688 1624363772.161928 0.432
19.692306518554688 1624363772.168919 0.432
19.692306518554688 1624363772.175914 0.432
19.692306518554688 1624363772.182926 0.432
19.692306518554688 1624363772.189885 0.432
19.692306518554688 1624363772.196929 0.432
19.692306518554688 1624363772.203931 0.432
19.076923370361328 1624363772.210922 0.432
19.692306518554688 1624363772.21788 0.432
19.692306518554688 1624363772.224915 0.432
19.692306518554688 1624363772.231888 0.432
19.692306518554688 1624363772.238893 0.432
19.076923370361328 1624363772.245846 0.432
19.692306518554688 1624363772.252916 0.432
19.692306518554688 1624363772.259994 0.432
19.692306518554688 1624363772.26707 0.432
19.692306518554688 1624363772.273947 0.432
19.692306518554688 1624363772.280983 0.432
19.692306518554688 1624363772.287981 0.432
19.692306518554688 1624363772.29486 0.432
19.692306518554688 1624363772.301863 0.432
19.692306518554688 1624363772.308821 0.432
19.692306518554688 1624363772.315769 0.432
19.692306518554688 1624363772.322819 0.432
19.692306518554688 1624363772.32982 0.432
19.076923370361328 1624363772.336877 0.432
19.692306518554688 1624363772.343815 0.432
19.692306518554688 1624363772.350798 0.432
19.692306518554688 1624363772.357844 0.432
19.692306518554688 1624363772.364906 0.432
19.692306518554688 1624363772.371856 0.432
19.692306518554688 1624363772.378875 0.432
19.692306518554688 1624363772.385836 0.432
19.692306518554688 1624363772.392825 0.432
19.692306518554688 1624363772.399872 0.432
19.692306518554688 1624363772.406802 0.432
19.692306518554688 1624363772.413888 0.432
19.692306518554688 1624363772.420837 0.432
19.076923370361328 1624363772.427865 0.432
19.692306518554688 1624363772.434816 0.432
19.692306518554688 1624363772.44186 0.432
19.692306518554688 1624363772.448816 0.432
19.692306518554688 1624363772.455849 0.432
19.076923370361328 1624363772.462919 0.432
19.692306518554688 1624363772.469865 0.432
19.692306518554688 1624363772.476885 0.432
19.692306518554688 1624363772.483905 0.432
19.692306518554688 1624363772.490873 0.432
19.692306518554688 1624363772.497871 0.432
19.692306518554688 1624363772.504865 0.432
19.692306518554688 1624363772.511826 0.432
19.692306518554688 1624363772.518915 0.432
19.692306518554688 1624363772.52597 0.432
19.692306518554688 1624363772.532946 0.432
19.692306518554688 1624363772.53968 0.432
19.692306518554688 1624363772.546807 0.432
19.076923370361328 1624363772.553772 0.432
19.692306518554688 1624363772.560727 0.432
19.692306518554688 1624363772.567703 0.432
19.692306518554688 1624363772.574711 0.432
19.692306518554688 1624363772.581721 0.432
19.076923370361328 1624363772.588736 0.432
19.692306518554688 1624363772.595789 0.432
19.692306518554688 1624363772.602773 0.432
19.692306518554688 1624363772.609703 0.432
19.692306518554688 1624363772.616717 0.432
19.692306518554688 1624363772.623742 0.432
19.692306518554688 1624363772.63077 0.432
19.692306518554688 1624363772.637719 0.432
19.692306518554688 1624363772.644736 0.432
19.692306518554688 1624363772.651785 0.432
19.692306518554688 1624363772.658811 0.432
19.692306518554688 1624363772.665786 0.432
19.692306518554688 1624363772.672717 0.432
19.076923370361328 1624363772.679697 0.432
19.692306518554688 1624363772.686787 0.432
19.692306518554688 1624363772.693774 0.432
19.692306518554688 1624363772.700775 0.432
19.692306518554688 1624363772.707735 0.432
19.692306518554688 1624363772.714819 0.432
19.692306518554688 1624363772.721747 0.432
19.692306518554688 1624363772.728802 0.432
19.076923370361328 1624363772.735784 0.432
19.692306518554688 1624363772.742902 0.432
19.692306518554688 1624363772.749714 0.432
19.692306518554688 1624363772.756703 0.432
19.692306518554688 1624363772.763685 0.432
19.076923370361328 1624363772.770683 0.432
19.692306518554688 1624363772.777742 0.432
19.692306518554688 1624363772.784737 0.432
19.692306518554688 1624363772.79176 0.432
19.692306518554688 1624363772.798744 0.432
19.076923370361328 1624363772.805766 0.432
19.692306518554688 1624363772.812749 0.432
19.692306518554688 1624363772.81975 0.432
19.692306518554688 1624363772.82671 0.432
19.692306518554688 1624363772.833738 0.432
19.692306518554688 1624363772.84076 0.432
19.692306518554688 1624363772.847707 0.432
19.692306518554688 1624363772.85474 0.432
19.076923370361328 1624363772.861877 0.432
19.692306518554688 1624363772.868801 0.432
19.692306518554688 1624363772.875718 0.432
19.692306518554688 1624363772.882716 0.432
19.692306518554688 1624363772.889795 0.432
19.076923370361328 1624363772.89682 0.432
19.692306518554688 1624363772.903777 0.432
19.692306518554688 1624363772.910733 0.432
19.692306518554688 1624363772.917815 0.432
19.692306518554688 1624363772.9246 0.432
19.076923370361328 1624363772.931634 0.432
19.692306518554688 1624363772.938663 0.432
19.692306518554688 1624363772.945632 0.432
19.692306518554688 1624363772.952663 0.432
19.692306518554688 1624363772.959566 0.432
19.076923370361328 1624363772.966544 0.432
19.692306518554688 1624363772.973567 0.432
19.692306518554688 1624363772.980572 0.432
19.692306518554688 1624363772.987546 0.432
19.692306518554688 1624363772.994586 0.432
19.076923370361328 1624363773.001698 0.432
19.692306518554688 1624363773.008655 0.432
19.692306518554688 1624363773.015591 0.432
19.692306518554688 1624363773.022618 0.432
19.692306518554688 1624363773.029596 0.432
19.692306518554688 1624363773.036616 0.432
19.692306518554688 1624363773.043611 0.432
19.692306518554688 1624363773.050664 0.432
19.076923370361328 1624363773.057725 0.432
19.692306518554688 1624363773.064665 0.432
19.692306518554688 1624363773.071622 0.432
19.692306518554688 1624363773.078728 0.432
19.692306518554688 1624363773.08564 0.432
19.692306518554688 1624363773.092696 0.432
19.692306518554688 1624363773.099731 0.432
19.692306518554688 1624363773.106549 0.432
19.076923370361328 1624363773.113606 0.432
19.692306518554688 1624363773.120604 0.432
19.692306518554688 1624363773.127599 0.432
19.692306518554688 1624363773.134638 0.432
19.692306518554688 1624363773.141619 0.432
19.076923370361328 1624363773.148582 0.432
19.692306518554688 1624363773.155653 0.432
19.692306518554688 1624363773.162651 0.432
19.692306518554688 1624363773.169644 0.432
19.692306518554688 1624363773.176633 0.432
19.076923370361328 1624363773.183689 0.432
19.692306518554688 1624363773.190609 0.432
19.692306518554688 1624363773.197619 0.432
19.692306518554688 1624363773.204571 0.432
19.692306518554688 1624363773.211684 0.432
19.076923370361328 1624363773.218588 0.432
19.692306518554688 1624363773.225686 0.432
19.692306518554688 1624363773.23266 0.432
19.076923370361328 1624363773.239671 0.432
19.692306518554688 1624363773.246619 0.432
19.692306518554688 1624363773.253684 0.432
19.692306518554688 1624363773.260602 0.432
19.692306518554688 1624363773.267672 0.432
19.076923370361328 1624363773.274708 0.432
19.692306518554688 1624363773.281497 0.432
19.692306518554688 1624363773.288495 0.432
19.692306518554688 1624363773.295488 0.432
19.692306518554688 1624363773.302584 0.432
19.076923370361328 1624363773.309551 0.432
19.692306518554688 1624363773.316504 0.432
19.692306518554688 1624363773.323569 0.432
19.692306518554688 1624363773.33066 0.432
19.692306518554688 1624363773.337581 0.432
19.692306518554688 1624363773.34462 0.432
19.692306518554688 1624363773.351575 0.432
19.692306518554688 1624363773.358581 0.432
19.076923370361328 1624363773.365652 0.432
19.692306518554688 1624363773.372664 0.432
19.692306518554688 1624363773.379585 0.432
19.692306518554688 1624363773.386662 0.432
19.692306518554688 1624363773.393519 0.432
19.076923370361328 1624363773.400575 0.432
19.692306518554688 1624363773.407563 0.432
19.692306518554688 1624363773.414614 0.432
19.692306518554688 1624363773.421588 0.432
19.692306518554688 1624363773.428618 0.432
19.076923370361328 1624363773.435624 0.432
19.692306518554688 1624363773.442529 0.432
19.692306518554688 1624363773.449378 0.432
19.076923370361328 1624363773.456446 0.432
19.692306518554688 1624363773.463474 0.432
19.076923370361328 1624363773.470435 0.432
19.692306518554688 1624363773.477445 0.432
19.692306518554688 1624363773.484554 0.432
19.076923370361328 1624363773.491556 0.432
19.692306518554688 1624363773.498547 0.432
19.076923370361328 1624363773.505521 0.432
19.692306518554688 1624363773.512491 0.432
19.692306518554688 1624363773.519524 0.432
19.076923370361328 1624363773.526547 0.432
19.692306518554688 1624363773.533589 0.432
19.692306518554688 1624363773.540504 0.432
19.692306518554688 1624363773.547574 0.432
19.692306518554688 1624363773.554543 0.432
19.076923370361328 1624363773.561504 0.432
19.692306518554688 1624363773.568575 0.432
19.692306518554688 1624363773.575536 0.432
19.692306518554688 1624363773.582523 0.432
19.692306518554688 1624363773.589527 0.432
19.076923370361328 1624363773.596599 0.432
19.692306518554688 1624363773.603572 0.432
19.692306518554688 1624363773.610623 0.432
19.076923370361328 1624363773.617611 0.432
19.692306518554688 1624363773.624583 0.432
19.692306518554688 1624363773.631448 0.432
19.692306518554688 1624363773.638401 0.432
19.692306518554688 1624363773.64545 0.432
19.076923370361328 1624363773.652488 0.432
19.692306518554688 1624363773.659446 0.432
19.692306518554688 1624363773.666389 0.432
19.692306518554688 1624363773.67345 0.432
19.692306518554688 1624363773.68039 0.432
19.076923370361328 1624363773.687401 0.432
19.692306518554688 1624363773.694388 0.432
19.692306518554688 1624363773.701423 0.432
19.692306518554688 1624363773.708424 0.432
19.692306518554688 1624363773.715486 0.432
19.076923370361328 1624363773.722452 0.432
19.692306518554688 1624363773.729423 0.432
19.692306518554688 1624363773.736387 0.432
19.692306518554688 1624363773.743402 0.432
19.692306518554688 1624363773.750409 0.432
19.692306518554688 1624363773.757413 0.432
19.692306518554688 1624363773.76454 0.432
19.692306518554688 1624363773.77151 0.432
19.692306518554688 1624363773.778514 0.432
19.692306518554688 1624363773.785407 0.432
19.692306518554688 1624363773.792461 0.432
19.692306518554688 1624363773.799512 0.432
19.692306518554688 1624363773.806532 0.432
19.076923370361328 1624363773.813562 0.432
19.692306518554688 1624363773.820527 0.432
19.692306518554688 1624363773.827509 0.432
19.076923370361328 1624363773.834478 0.432
19.692306518554688 1624363773.84138 0.432
19.076923370361328 1624363773.848344 0.432
19.692306518554688 1624363773.855327 0.432
19.692306518554688 1624363773.862383 0.432
19.076923370361328 1624363773.869438 0.432
19.692306518554688 1624363773.876499 0.432
19.076923370361328 1624363773.883425 0.432
19.692306518554688 1624363773.890436 0.432
19.692306518554688 1624363773.897409 0.432
19.076923370361328 1624363773.904408 0.432
19.692306518554688 1624363773.911405 0.432
19.076923370361328 1624363773.918373 0.432
19.692306518554688 1624363773.925367 0.432
19.692306518554688 1624363773.932448 0.432
19.076923370361328 1624363773.939373 0.432
19.692306518554688 1624363773.946448 0.432
19.076923370361328 1624363773.953378 0.432
19.692306518554688 1624363773.960396 0.432
19.692306518554688 1624363773.967399 0.432
19.076923370361328 1624363773.974344 0.432
19.692306518554688 1624363773.981363 0.432
19.076923370361328 1624363773.988347 0.432
19.692306518554688 1624363773.99536 0.432
19.692306518554688 1624363774.002369 0.432
19.076923370361328 1624363774.0094 0.432
19.692306518554688 1624363774.016442 0.432
19.692306518554688 1624363774.023486 0.432
19.076923370361328 1624363774.030509 0.432
19.692306518554688 1624363774.037465 0.432
19.076923370361328 1624363774.044433 0.432
19.692306518554688 1624363774.051207 0.432
19.692306518554688 1624363774.058193 0.432
19.076923370361328 1624363774.065234 0.432
19.692306518554688 1624363774.07224 0.432
19.692306518554688 1624363774.079302 0.432
19.692306518554688 1624363774.086188 0.432
19.692306518554688 1624363774.093288 0.432
19.076923370361328 1624363774.100189 0.432
19.692306518554688 1624363774.107207 0.432
19.692306518554688 1624363774.114334 0.432
19.076923370361328 1624363774.121284 0.432
19.692306518554688 1624363774.128256 0.432
19.076923370361328 1624363774.135358 0.432
19.692306518554688 1624363774.142331 0.432
19.692306518554688 1624363774.149265 0.432
19.076923370361328 1624363774.1563 0.432
19.692306518554688 1624363774.163309 0.432
19.076923370361328 1624363774.17037 0.432
19.692306518554688 1624363774.17742 0.432
19.692306518554688 1624363774.184346 0.432
19.076923370361328 1624363774.191404 0.432
19.692306518554688 1624363774.198386 0.432
19.076923370361328 1624363774.205411 0.432
19.692306518554688 1624363774.212411 0.432
19.692306518554688 1624363774.219365 0.432
19.076923370361328 1624363774.226395 0.432
19.692306518554688 1624363774.233409 0.432
19.692306518554688 1624363774.240347 0.432
19.692306518554688 1624363774.247406 0.432
19.692306518554688 1624363774.254249 0.432
19.076923370361328 1624363774.261225 0.432
19.692306518554688 1624363774.268184 0.432
19.692306518554688 1624363774.275204 0.432
19.692306518554688 1624363774.282202 0.432
19.692306518554688 1624363774.28921 0.432
19.076923370361328 1624363774.296284 0.432
19.692306518554688 1624363774.303223 0.432
19.692306518554688 1624363774.310196 0.432
19.692306518554688 1624363774.317173 0.432
19.692306518554688 1624363774.324245 0.432
19.076923370361328 1624363774.331296 0.432
19.692306518554688 1624363774.33826 0.432
19.692306518554688 1624363774.345163 0.432
19.076923370361328 1624363774.352245 0.432
19.692306518554688 1624363774.35932 0.432
19.076923370361328 1624363774.366232 0.432
19.692306518554688 1624363774.373288 0.432
19.692306518554688 1624363774.380332 0.432
19.692306518554688 1624363774.387358 0.432
19.692306518554688 1624363774.394291 0.432
19.692306518554688 1624363774.401276 0.432
19.692306518554688 1624363774.408284 0.432
19.692306518554688 1624363774.415307 0.432
19.076923370361328 1624363774.422299 0.432
19.692306518554688 1624363774.429345 0.432
19.692306518554688 1624363774.436321 0.432
19.692306518554688 1624363774.44328 0.432
19.692306518554688 1624363774.45032 0.432
19.076923370361328 1624363774.457292 0.432
19.692306518554688 1624363774.464124 0.432
19.692306518554688 1624363774.471117 0.432
19.076923370361328 1624363774.478137 0.432
19.692306518554688 1624363774.485116 0.432
19.076923370361328 1624363774.49218 0.432
19.692306518554688 1624363774.499208 0.432
19.692306518554688 1624363774.506227 0.432
19.076923370361328 1624363774.513159 0.432
19.692306518554688 1624363774.520146 0.432
19.076923370361328 1624363774.527204 0.432
19.692306518554688 1624363774.534152 0.432
19.692306518554688 1624363774.541171 0.432
19.692306518554688 1624363774.548219 0.432
19.692306518554688 1624363774.555198 0.432
19.076923370361328 1624363774.562282 0.432
19.692306518554688 1624363774.569268 0.432
19.692306518554688 1624363774.576257 0.432
19.076923370361328 1624363774.583225 0.432
19.692306518554688 1624363774.590261 0.432
19.076923370361328 1624363774.597254 0.432
19.692306518554688 1624363774.604304 0.432
19.692306518554688 1624363774.611295 0.432
19.076923370361328 1624363774.618293 0.432
19.692306518554688 1624363774.625324 0.432
19.692306518554688 1624363774.632314 0.432
19.076923370361328 1624363774.639128 0.432
19.692306518554688 1624363774.646131 0.432
19.076923370361328 1624363774.65316 0.432
19.692306518554688 1624363774.660121 0.432
19.692306518554688 1624363774.667203 0.432
19.076923370361328 1624363774.674126 0.432
19.692306518554688 1624363774.681076 0.432
19.076923370361328 1624363774.68808 0.432
19.692306518554688 1624363774.695165 0.432
19.692306518554688 1624363774.702062 0.432
19.076923370361328 1624363774.709158 0.432
19.692306518554688 1624363774.716114 0.432
19.692306518554688 1624363774.723189 0.432
19.692306518554688 1624363774.730147 0.432
19.692306518554688 1624363774.737087 0.432
19.076923370361328 1624363774.744101 0.432
19.692306518554688 1624363774.751124 0.432
19.692306518554688 1624363774.758149 0.432
19.692306518554688 1624363774.765151 0.432
19.692306518554688 1624363774.772096 0.432
19.076923370361328 1624363774.77919 0.432
19.692306518554688 1624363774.786235 0.432
19.692306518554688 1624363774.793229 0.432
19.076923370361328 1624363774.800093 0.432
19.692306518554688 1624363774.807039 0.432
19.076923370361328 1624363774.814081 0.432
19.692306518554688 1624363774.821062 0.432
19.692306518554688 1624363774.82806 0.432
19.076923370361328 1624363774.835165 0.432
19.692306518554688 1624363774.842082 0.432
19.076923370361328 1624363774.849111 0.432
19.692306518554688 1624363774.856079 0.432
19.692306518554688 1624363774.863149 0.432
19.076923370361328 1624363774.87017 0.432
19.692306518554688 1624363774.87707 0.432
19.692306518554688 1624363774.884096 0.432
19.692306518554688 1624363774.891088 0.432
19.692306518554688 1624363774.898156 0.432
19.076923370361328 1624363774.905124 0.432
19.692306518554688 1624363774.912106 0.432
19.692306518554688 1624363774.919236 0.432
19.076923370361328 1624363774.926104 0.432
19.692306518554688 1624363774.933065 0.432
19.076923370361328 1624363774.940123 0.432
19.692306518554688 1624363774.947171 0.432
19.692306518554688 1624363774.954123 0.432
19.076923370361328 1624363774.961267 0.432
19.692306518554688 1624363774.968216 0.432
19.076923370361328 1624363774.975158 0.432
19.692306518554688 1624363774.982137 0.432
19.692306518554688 1624363774.989195 0.432
19.692306518554688 1624363774.996113 0.432
19.692306518554688 1624363775.003076 0.432
19.076923370361328 1624363775.01001 0.432
19.692306518554688 1624363775.016997 0.432
19.692306518554688 1624363775.023986 0.432
19.076923370361328 1624363775.030974 0.432
19.692306518554688 1624363775.037974 0.432
19.692306518554688 1624363775.045004 0.432
19.692306518554688 1624363775.052072 0.432
19.692306518554688 1624363775.059061 0.432
19.076923370361328 1624363775.065952 0.432
19.692306518554688 1624363775.072937 0.432
19.692306518554688 1624363775.080005 0.432
19.692306518554688 1624363775.087005 0.432
19.692306518554688 1624363775.094055 0.432
19.076923370361328 1624363775.101038 0.432
19.692306518554688 1624363775.108081 0.432
19.692306518554688 1624363775.115139 0.432
19.076923370361328 1624363775.122068 0.432
19.692306518554688 1624363775.129061 0.432
19.076923370361328 1624363775.136064 0.432
19.692306518554688 1624363775.143061 0.432
19.692306518554688 1624363775.15004 0.432
19.076923370361328 1624363775.157142 0.432
19.692306518554688 1624363775.164154 0.432
19.076923370361328 1624363775.171133 0.432
19.692306518554688 1624363775.178128 0.432
19.692306518554688 1624363775.185148 0.432
19.076923370361328 1624363775.192024 0.432
19.692306518554688 1624363775.19892 0.432
19.692306518554688 1624363775.205876 0.432
19.076923370361328 1624363775.212902 0.432
19.692306518554688 1624363775.21997 0.432
19.076923370361328 1624363775.226989 0.432
19.692306518554688 1624363775.234055 0.432
19.692306518554688 1624363775.240953 0.432
19.076923370361328 1624363775.248001 0.432
19.692306518554688 1624363775.254992 0.432
19.076923370361328 1624363775.261989 0.432
19.692306518554688 1624363775.268997 0.432
19.692306518554688 1624363775.276044 0.432
19.076923370361328 1624363775.28297 0.432
19.692306518554688 1624363775.290036 0.432
19.076923370361328 1624363775.297088 0.432
19.692306518554688 1624363775.304052 0.432
19.692306518554688 1624363775.311153 0.432
19.076923370361328 1624363775.318148 0.432
19.692306518554688 1624363775.325082 0.432
19.076923370361328 1624363775.332066 0.432
19.076923370361328 1624363775.339098 0.432
19.692306518554688 1624363775.346037 0.432
19.076923370361328 1624363775.353034 0.432
19.692306518554688 1624363775.359887 0.432
19.692306518554688 1624363775.366918 0.432
19.076923370361328 1624363775.373927 0.432
19.692306518554688 1624363775.380982 0.432
19.076923370361328 1624363775.387883 0.432
19.692306518554688 1624363775.394934 0.432
19.692306518554688 1624363775.401935 0.432
19.076923370361328 1624363775.408917 0.432
19.692306518554688 1624363775.415928 0.432
19.692306518554688 1624363775.422892 0.432
19.692306518554688 1624363775.429936 0.432
19.692306518554688 1624363775.436945 0.432
19.076923370361328 1624363775.443922 0.432
19.692306518554688 1624363775.450905 0.432
19.692306518554688 1624363775.457967 0.432
19.692306518554688 1624363775.464962 0.432
19.692306518554688 1624363775.471975 0.432
19.076923370361328 1624363775.478912 0.432
19.692306518554688 1624363775.485906 0.432
19.692306518554688 1624363775.493004 0.432
19.076923370361328 1624363775.500018 0.432
19.692306518554688 1624363775.507047 0.432
19.076923370361328 1624363775.514035 0.432
19.692306518554688 1624363775.521024 0.432
19.692306518554688 1624363775.528077 0.432
19.076923370361328 1624363775.535072 0.432
19.692306518554688 1624363775.542093 0.432
19.692306518554688 1624363775.548813 0.432
19.692306518554688 1624363775.555788 0.432
19.692306518554688 1624363775.562836 0.432
19.076923370361328 1624363775.569856 0.432
19.692306518554688 1624363775.576893 0.432
19.692306518554688 1624363775.583851 0.432
19.076923370361328 1624363775.590883 0.432
19.692306518554688 1624363775.597853 0.432
19.076923370361328 1624363775.604869 0.432
19.692306518554688 1624363775.611805 0.432
19.692306518554688 1624363775.618863 0.432
19.076923370361328 1624363775.625856 0.432
19.692306518554688 1624363775.632845 0.432
19.076923370361328 1624363775.639901 0.432
19.692306518554688 1624363775.646958 0.432
19.692306518554688 1624363775.654017 0.432
19.076923370361328 1624363775.66094 0.432
19.692306518554688 1624363775.667884 0.432
19.692306518554688 1624363775.674885 0.432
19.076923370361328 1624363775.681895 0.432
19.692306518554688 1624363775.688873 0.432
19.076923370361328 1624363775.695943 0.432
19.692306518554688 1624363775.702917 0.432
19.692306518554688 1624363775.710003 0.432
19.076923370361328 1624363775.716918 0.432
19.692306518554688 1624363775.723817 0.432
19.076923370361328 1624363775.730779 0.432
19.692306518554688 1624363775.737784 0.432
19.692306518554688 1624363775.744721 0.432
19.076923370361328 1624363775.751805 0.432
19.692306518554688 1624363775.75884 0.432
19.692306518554688 1624363775.76583 0.432
19.692306518554688 1624363775.772825 0.432
19.692306518554688 1624363775.77991 0.432
19.076923370361328 1624363775.786852 0.432
19.692306518554688 1624363775.793851 0.432
19.692306518554688 1624363775.800821 0.432
19.692306518554688 1624363775.807832 0.432
19.692306518554688 1624363775.814882 0.432
19.692306518554688 1624363775.821843 0.432
19.692306518554688 1624363775.82886 0.432
19.692306518554688 1624363775.835866 0.432
19.076923370361328 1624363775.842854 0.432
19.692306518554688 1624363775.849838 0.432
19.076923370361328 1624363775.856911 0.432
19.692306518554688 1624363775.86386 0.432
19.692306518554688 1624363775.870821 0.432
19.076923370361328 1624363775.877763 0.432
19.692306518554688 1624363775.884801 0.432
19.692306518554688 1624363775.891795 0.432
19.692306518554688 1624363775.898826 0.432
19.692306518554688 1624363775.905726 0.432
19.076923370361328 1624363775.912721 0.432
19.692306518554688 1624363775.919738 0.432
19.692306518554688 1624363775.926756 0.432
19.076923370361328 1624363775.933767 0.432
19.692306518554688 1624363775.94075 0.432
19.076923370361328 1624363775.947715 0.432
19.692306518554688 1624363775.954766 0.432
19.692306518554688 1624363775.961756 0.432
19.076923370361328 1624363775.968783 0.432
19.692306518554688 1624363775.97581 0.432
19.692306518554688 1624363775.98275 0.432
19.692306518554688 1624363775.989753 0.432
19.692306518554688 1624363775.996826 0.432
19.076923370361328 1624363776.003739 0.432
19.692306518554688 1624363776.010756 0.432
19.692306518554688 1624363776.017811 0.432
19.076923370361328 1624363776.024706 0.432
19.692306518554688 1624363776.031695 0.432
19.076923370361328 1624363776.038755 0.432
19.692306518554688 1624363776.046789 0.432
19.692306518554688 1624363776.053771 0.432
19.076923370361328 1624363776.060837 0.432
19.692306518554688 1624363776.06779 0.432
19.076923370361328 1624363776.074599 0.432
19.692306518554688 1624363776.081563 0.432
19.692306518554688 1624363776.08865 0.432
19.692306518554688 1624363776.095642 0.432
19.692306518554688 1624363776.102676 0.432
19.076923370361328 1624363776.109674 0.432
19.692306518554688 1624363776.116717 0.432
19.692306518554688 1624363776.123717 0.432
19.076923370361328 1624363776.130716 0.432
19.692306518554688 1624363776.137711 0.432
19.076923370361328 1624363776.144758 0.432
19.692306518554688 1624363776.151762 0.432
19.692306518554688 1624363776.158747 0.432
19.076923370361328 1624363776.165689 0.432
19.692306518554688 1624363776.17271 0.432
19.076923370361328 1624363776.179751 0.432
19.076923370361328 1624363776.18674 0.432
19.692306518554688 1624363776.193718 0.432
19.076923370361328 1624363776.200826 0.432
19.692306518554688 1624363776.207823 0.432
19.692306518554688 1624363776.214731 0.432
19.692306518554688 1624363776.221764 0.432
19.692306518554688 1624363776.228767 0.432
19.076923370361328 1624363776.235754 0.432
19.692306518554688 1624363776.242826 0.432
19.692306518554688 1624363776.249777 0.432
19.076923370361328 1624363776.256793 0.432
19.692306518554688 1624363776.263734 0.432
19.076923370361328 1624363776.270772 0.432
19.692306518554688 1624363776.277759 0.432
19.692306518554688 1624363776.284598 0.432
19.076923370361328 1624363776.291552 0.432
19.692306518554688 1624363776.298641 0.432
19.692306518554688 1624363776.305601 0.432
19.076923370361328 1624363776.312671 0.432
19.692306518554688 1624363776.319737 0.432
19.076923370361328 1624363776.326699 0.432
19.692306518554688 1624363776.333754 0.432
19.692306518554688 1624363776.340664 0.432
19.076923370361328 1624363776.34769 0.432
19.692306518554688 1624363776.354645 0.432
19.076923370361328 1624363776.361679 0.432
19.692306518554688 1624363776.368648 0.432
19.692306518554688 1624363776.375665 0.432
19.076923370361328 1624363776.382691 0.432
19.692306518554688 1624363776.389648 0.432
19.076923370361328 1624363776.396754 0.432
19.692306518554688 1624363776.403666 0.432
19.692306518554688 1624363776.410656 0.432
19.076923370361328 1624363776.417674 0.432
19.692306518554688 1624363776.42462 0.432
19.692306518554688 1624363776.431634 0.432
19.076923370361328 1624363776.438637 0.432
19.692306518554688 1624363776.445587 0.432
19.076923370361328 1624363776.45262 0.432
19.692306518554688 1624363776.459674 0.432
19.692306518554688 1624363776.466739 0.432
19.076923370361328 1624363776.473561 0.432
19.692306518554688 1624363776.480545 0.432
19.076923370361328 1624363776.487512 0.432
19.692306518554688 1624363776.494517 0.432
19.692306518554688 1624363776.501504 0.432
19.076923370361328 1624363776.508599 0.432
19.692306518554688 1624363776.515694 0.432
19.076923370361328 1624363776.522638 0.432
19.076923370361328 1624363776.529595 0.432
19.692306518554688 1624363776.536601 0.432
19.076923370361328 1624363776.543572 0.432
19.692306518554688 1624363776.550651 0.432
19.076923370361328 1624363776.557603 0.432
19.692306518554688 1624363776.564596 0.432
19.692306518554688 1624363776.571619 0.432
19.076923370361328 1624363776.578616 0.432
19.692306518554688 1624363776.58563 0.432
19.692306518554688 1624363776.592685 0.432
19.076923370361328 1624363776.599675 0.432
19.692306518554688 1624363776.606682 0.432
19.076923370361328 1624363776.613646 0.432
19.692306518554688 1624363776.620649 0.432
19.692306518554688 1624363776.627628 0.432
19.076923370361328 1624363776.634672 0.432
19.692306518554688 1624363776.641644 0.432
19.692306518554688 1624363776.648624 0.432
19.692306518554688 1624363776.655543 0.432
19.692306518554688 1624363776.662671 0.432
19.076923370361328 1624363776.669689 0.432
19.692306518554688 1624363776.676677 0.432
19.692306518554688 1624363776.683651 0.432
19.692306518554688 1624363776.69047 0.432
19.692306518554688 1624363776.697553 0.432
19.076923370361328 1624363776.70452 0.432
19.692306518554688 1624363776.711511 0.432
19.692306518554688 1624363776.718504 0.432
19.076923370361328 1624363776.725434 0.432
19.692306518554688 1624363776.732519 0.432
19.076923370361328 1624363776.739501 0.432
19.692306518554688 1624363776.746532 0.432
19.692306518554688 1624363776.753477 0.432
19.076923370361328 1624363776.760581 0.432
19.692306518554688 1624363776.767528 0.432
19.076923370361328 1624363776.774533 0.432
19.076923370361328 1624363776.781507 0.432
19.692306518554688 1624363776.788548 0.432
19.076923370361328 1624363776.795554 0.432
19.692306518554688 1624363776.802599 0.432
19.076923370361328 1624363776.809495 0.432
19.076923370361328 1624363776.81657 0.432
19.692306518554688 1624363776.823592 0.432
19.076923370361328 1624363776.830593 0.432
19.692306518554688 1624363776.837589 0.432
19.692306518554688 1624363776.844571 0.432
19.076923370361328 1624363776.851576 0.432
19.692306518554688 1624363776.858562 0.432
19.076923370361328 1624363776.865572 0.432
19.692306518554688 1624363776.87261 0.432
19.692306518554688 1624363776.879514 0.432
19.076923370361328 1624363776.886531 0.432
19.692306518554688 1624363776.893515 0.432
19.076923370361328 1624363776.900504 0.432
19.692306518554688 1624363776.907524 0.432
19.692306518554688 1624363776.914549 0.432
19.076923370361328 1624363776.921621 0.432
19.692306518554688 1624363776.928544 0.432
19.692306518554688 1624363776.93535 0.432
19.692306518554688 1624363776.94237 0.432
19.692306518554688 1624363776.949389 0.432
19.076923370361328 1624363776.956473 0.432
19.692306518554688 1624363776.963472 0.432
19.692306518554688 1624363776.970476 0.432
19.076923370361328 1624363776.977492 0.432
19.692306518554688 1624363776.984429 0.432
19.076923370361328 1624363776.991484 0.432
19.692306518554688 1624363776.99849 0.432
19.692306518554688 1624363777.005493 0.432
19.076923370361328 1624363777.012517 0.432
19.692306518554688 1624363777.01951 0.432
19.076923370361328 1624363777.026614 0.432
19.692306518554688 1624363777.033497 0.432
19.692306518554688 1624363777.040507 0.432
19.076923370361328 1624363777.047478 0.432
19.692306518554688 1624363777.054431 0.432
19.692306518554688 1624363777.061432 0.432
19.076923370361328 1624363777.068416 0.432
19.692306518554688 1624363777.07544 0.432
19.076923370361328 1624363777.082501 0.432
19.692306518554688 1624363777.089465 0.432
19.692306518554688 1624363777.096544 0.432
19.076923370361328 1624363777.103589 0.432
19.692306518554688 1624363777.110434 0.432
19.076923370361328 1624363777.117478 0.432
19.692306518554688 1624363777.1244 0.432
19.692306518554688 1624363777.131324 0.432
19.076923370361328 1624363777.138382 0.432
19.692306518554688 1624363777.145503 0.432
19.692306518554688 1624363777.152426 0.432
19.692306518554688 1624363777.159428 0.432
19.692306518554688 1624363777.166474 0.432
19.076923370361328 1624363777.173386 0.432
19.692306518554688 1624363777.180396 0.432
19.076923370361328 1624363777.187394 0.432
19.692306518554688 1624363777.194432 0.432
19.692306518554688 1624363777.201439 0.432
19.076923370361328 1624363777.2084 0.432
19.692306518554688 1624363777.215407 0.432
19.692306518554688 1624363777.222355 0.432
19.076923370361328 1624363777.229387 0.432
19.692306518554688 1624363777.236378 0.432
19.076923370361328 1624363777.243364 0.432
19.692306518554688 1624363777.250359 0.432
19.692306518554688 1624363777.257325 0.432
19.076923370361328 1624363777.264425 0.432
19.692306518554688 1624363777.271441 0.432
19.076923370361328 1624363777.278423 0.432
19.692306518554688 1624363777.285447 0.432
19.692306518554688 1624363777.29241 0.432
19.076923370361328 1624363777.299446 0.432
19.692306518554688 1624363777.306432 0.432
19.692306518554688 1624363777.313467 0.432
19.076923370361328 1624363777.320481 0.432
19.692306518554688 1624363777.327495 0.432
19.076923370361328 1624363777.334283 0.432
19.692306518554688 1624363777.341278 0.432
19.692306518554688 1624363777.348343 0.432
19.076923370361328 1624363777.355287 0.432
19.692306518554688 1624363777.362306 0.432
19.076923370361328 1624363777.3694 0.432
19.692306518554688 1624363777.376358 0.432
19.692306518554688 1624363777.383359 0.432
19.076923370361328 1624363777.390344 0.432
19.692306518554688 1624363777.397327 0.432
19.076923370361328 1624363777.404335 0.432
19.692306518554688 1624363777.411364 0.432
19.692306518554688 1624363777.418371 0.432
19.076923370361328 1624363777.425383 0.432
19.692306518554688 1624363777.432415 0.432
19.692306518554688 1624363777.439344 0.432
19.076923370361328 1624363777.446292 0.432
19.692306518554688 1624363777.453324 0.432
19.076923370361328 1624363777.46032 0.432
19.692306518554688 1624363777.467387 0.432
19.692306518554688 1624363777.474415 0.432
19.076923370361328 1624363777.481407 0.432
19.692306518554688 1624363777.488385 0.432
19.076923370361328 1624363777.4954 0.432
19.692306518554688 1624363777.502326 0.432
19.692306518554688 1624363777.509398 0.432
19.076923370361328 1624363777.51638 0.432
19.692306518554688 1624363777.523396 0.432
19.692306518554688 1624363777.530285 0.432
19.692306518554688 1624363777.537292 0.432
19.692306518554688 1624363777.544236 0.432
19.076923370361328 1624363777.551284 0.432
19.692306518554688 1624363777.558248 0.432
19.692306518554688 1624363777.565214 0.432
19.076923370361328 1624363777.57223 0.432
19.692306518554688 1624363777.57923 0.432
19.076923370361328 1624363777.586252 0.432
19.692306518554688 1624363777.59333 0.432
19.692306518554688 1624363777.600267 0.432
19.076923370361328 1624363777.607329 0.432
19.692306518554688 1624363777.614382 0.432
19.076923370361328 1624363777.621275 0.432
19.076923370361328 1624363777.628293 0.432
19.692306518554688 1624363777.635211 0.432
19.076923370361328 1624363777.642236 0.432
19.692306518554688 1624363777.649273 0.432
19.692306518554688 1624363777.656255 0.432
19.076923370361328 1624363777.663304 0.432
19.692306518554688 1624363777.670255 0.432
19.076923370361328 1624363777.677331 0.432
19.692306518554688 1624363777.684257 0.432
19.692306518554688 1624363777.691225 0.432
19.076923370361328 1624363777.698348 0.432
19.692306518554688 1624363777.70533 0.432
19.076923370361328 1624363777.712348 0.432
19.076923370361328 1624363777.719302 0.432
19.692306518554688 1624363777.72631 0.432
19.076923370361328 1624363777.733331 0.432
19.692306518554688 1624363777.740144 0.432
19.692306518554688 1624363777.747151 0.432
19.076923370361328 1624363777.754173 0.432
19.692306518554688 1624363777.761238 0.432
19.076923370361328 1624363777.768191 0.432
19.692306518554688 1624363777.775151 0.432
19.692306518554688 1624363777.782158 0.432
19.076923370361328 1624363777.789161 0.432
19.692306518554688 1624363777.796178 0.432
19.076923370361328 1624363777.803228 0.432
19.692306518554688 1624363777.810157 0.432
19.692306518554688 1624363777.817186 0.432
19.076923370361328 1624363777.824198 0.432
19.692306518554688 1624363777.831142 0.432
19.692306518554688 1624363777.838198 0.432
19.076923370361328 1624363777.845217 0.432
19.692306518554688 1624363777.85225 0.432
19.076923370361328 1624363777.859232 0.432
19.692306518554688 1624363777.866267 0.432
19.692306518554688 1624363777.873258 0.432
19.076923370361328 1624363777.880234 0.432
19.692306518554688 1624363777.887212 0.432
19.076923370361328 1624363777.894191 0.432
19.692306518554688 1624363777.901221 0.432
19.692306518554688 1624363777.908288 0.432
19.076923370361328 1624363777.915306 0.432
19.692306518554688 1624363777.92226 0.432
19.076923370361328 1624363777.92933 0.432
19.076923370361328 1624363777.936227 0.432
19.692306518554688 1624363777.943247 0.432
19.076923370361328 1624363777.950076 0.432
19.692306518554688 1624363777.957057 0.432
19.076923370361328 1624363777.964067 0.432
19.076923370361328 1624363777.971065 0.432
19.692306518554688 1624363777.978133 0.432
19.076923370361328 1624363777.985074 0.432
19.692306518554688 1624363777.992167 0.432
19.692306518554688 1624363777.999185 0.432
19.076923370361328 1624363778.006181 0.432
19.692306518554688 1624363778.013167 0.432
19.076923370361328 1624363778.020196 0.432
19.692306518554688 1624363778.027214 0.432
19.692306518554688 1624363778.034164 0.432
19.076923370361328 1624363778.04117 0.432
19.692306518554688 1624363778.048207 0.432
19.076923370361328 1624363778.055224 0.432
19.076923370361328 1624363778.062154 0.432
19.692306518554688 1624363778.069118 0.432
19.076923370361328 1624363778.076106 0.432
19.692306518554688 1624363778.083197 0.432
19.692306518554688 1624363778.090267 0.432
19.076923370361328 1624363778.09724 0.432
19.692306518554688 1624363778.104207 0.432
19.076923370361328 1624363778.11122 0.432
19.692306518554688 1624363778.118233 0.432
19.692306518554688 1624363778.125255 0.432
19.076923370361328 1624363778.132248 0.432
19.692306518554688 1624363778.139095 0.432
19.076923370361328 1624363778.145996 0.432
19.692306518554688 1624363778.152979 0.432
19.692306518554688 1624363778.160004 0.432
19.076923370361328 1624363778.167028 0.432
19.692306518554688 1624363778.17414 0.432
19.076923370361328 1624363778.181086 0.432
19.692306518554688 1624363778.188139 0.432
19.692306518554688 1624363778.195124 0.432
19.076923370361328 1624363778.202149 0.432
19.692306518554688 1624363778.209053 0.432
19.076923370361328 1624363778.216065 0.432
19.076923370361328 1624363778.223095 0.432
19.692306518554688 1624363778.230096 0.432
19.076923370361328 1624363778.23716 0.432
19.692306518554688 1624363778.244114 0.432
19.692306518554688 1624363778.251185 0.432
19.076923370361328 1624363778.258266 0.432
19.692306518554688 1624363778.265195 0.432
19.076923370361328 1624363778.272109 0.432
19.692306518554688 1624363778.279118 0.432
19.692306518554688 1624363778.286126 0.432
19.076923370361328 1624363778.2931 0.432
19.692306518554688 1624363778.300136 0.432
19.076923370361328 1624363778.307206 0.432
19.692306518554688 1624363778.313997 0.432
19.692306518554688 1624363778.321025 0.432
19.076923370361328 1624363778.328034 0.432
19.692306518554688 1624363778.335089 0.432
19.076923370361328 1624363778.341974 0.432
19.076923370361328 1624363778.34901 0.432
19.692306518554688 1624363778.356013 0.432
19.076923370361328 1624363778.362975 0.432
19.692306518554688 1624363778.370011 0.432
19.692306518554688 1624363778.377139 0.432
19.076923370361328 1624363778.384071 0.432
19.692306518554688 1624363778.391062 0.432
19.076923370361328 1624363778.398096 0.432
19.692306518554688 1624363778.405109 0.432
19.692306518554688 1624363778.412025 0.432
19.076923370361328 1624363778.419026 0.432
19.692306518554688 1624363778.426032 0.432
19.076923370361328 1624363778.433086 0.432
19.692306518554688 1624363778.440093 0.432
19.692306518554688 1624363778.447086 0.432
19.076923370361328 1624363778.454194 0.432
19.692306518554688 1624363778.461121 0.432
19.076923370361328 1624363778.468148 0.432
19.076923370361328 1624363778.475104 0.432
19.076923370361328 1624363778.482098 0.432
19.076923370361328 1624363778.489096 0.432
19.692306518554688 1624363778.496037 0.432
19.692306518554688 1624363778.502983 0.432
19.692306518554688 1624363778.510016 0.432
19.692306518554688 1624363778.516977 0.432
19.076923370361328 1624363778.524041 0.432
19.692306518554688 1624363778.531005 0.432
19.692306518554688 1624363778.538042 0.432
19.692306518554688 1624363778.545095 0.432
19.692306518554688 1624363778.552038 0.432
19.076923370361328 1624363778.55906 0.432
19.692306518554688 1624363778.566091 0.432
19.692306518554688 1624363778.573058 0.432
19.076923370361328 1624363778.580021 0.432
19.692306518554688 1624363778.586999 0.432
19.076923370361328 1624363778.593986 0.432
19.076923370361328 1624363778.600984 0.432
19.692306518554688 1624363778.608038 0.432
19.076923370361328 1624363778.61503 0.432
19.692306518554688 1624363778.622073 0.432
19.692306518554688 1624363778.629137 0.432
19.076923370361328 1624363778.636135 0.432
19.692306518554688 1624363778.643028 0.432
19.692306518554688 1624363778.650012 0.432
19.692306518554688 1624363778.657024 0.432
19.692306518554688 1624363778.663804 0.432
19.076923370361328 1624363778.670874 0.432
19.692306518554688 1624363778.67786 0.432
19.076923370361328 1624363778.684869 0.432
19.076923370361328 1624363778.691839 0.432
19.692306518554688 1624363778.698883 0.432
19.076923370361328 1624363778.705901 0.432
19.692306518554688 1624363778.712845 0.432
19.692306518554688 1624363778.719821 0.432
19.692306518554688 1624363778.726821 0.432
19.692306518554688 1624363778.733869 0.432
19.076923370361328 1624363778.740981 0.432
19.692306518554688 1624363778.7479 0.432
19.692306518554688 1624363778.754984 0.432
19.076923370361328 1624363778.762022 0.432
19.692306518554688 1624363778.769025 0.432
19.692306518554688 1624363778.776023 0.432
19.076923370361328 1624363778.783026 0.432
19.692306518554688 1624363778.790003 0.432
19.076923370361328 1624363778.797071 0.432
19.692306518554688 1624363778.804078 0.432
19.692306518554688 1624363778.811059 0.432
19.076923370361328 1624363778.818024 0.432
19.692306518554688 1624363778.824989 0.432
19.076923370361328 1624363778.832096 0.432
19.692306518554688 1624363778.839062 0.432
19.692306518554688 1624363778.846066 0.432
19.076923370361328 1624363778.853038 0.432
19.692306518554688 1624363778.859852 0.432
19.076923370361328 1624363778.866822 0.432
19.692306518554688 1624363778.873829 0.432
19.692306518554688 1624363778.880747 0.432
19.076923370361328 1624363778.887737 0.432
19.692306518554688 1624363778.894857 0.432
19.692306518554688 1624363778.901835 0.432
19.076923370361328 1624363778.908799 0.432
19.692306518554688 1624363778.915832 0.432
19.076923370361328 1624363778.922862 0.432
19.692306518554688 1624363778.929753 0.432
19.692306518554688 1624363778.936799 0.432
19.076923370361328 1624363778.943861 0.432
19.692306518554688 1624363778.950866 0.432
19.076923370361328 1624363778.957975 0.432
19.076923370361328 1624363778.964956 0.432
19.692306518554688 1624363778.971936 0.432
19.076923370361328 1624363778.978911 0.432
19.692306518554688 1624363778.985888 0.432
19.692306518554688 1624363778.992942 0.432
19.692306518554688 1624363778.999971 0.432
19.692306518554688 1624363779.006918 0.432
19.076923370361328 1624363779.014055 0.432
19.692306518554688 1624363779.020978 0.432
19.692306518554688 1624363779.028069 0.432
19.076923370361328 1624363779.034828 0.432
19.692306518554688 1624363779.041814 0.432
19.076923370361328 1624363779.048805 0.432
19.692306518554688 1624363779.055785 0.432
19.692306518554688 1624363779.062786 0.432
19.076923370361328 1624363779.069755 0.432
19.692306518554688 1624363779.076724 0.432
19.076923370361328 1624363779.083717 0.432
19.692306518554688 1624363779.090723 0.432
19.692306518554688 1624363779.097711 0.432
19.076923370361328 1624363779.10474 0.432
19.692306518554688 1624363779.111742 0.432
19.692306518554688 1624363779.118781 0.432
19.076923370361328 1624363779.125769 0.432
19.692306518554688 1624363779.132771 0.432
19.076923370361328 1624363779.139781 0.432
19.692306518554688 1624363779.146781 0.432
19.692306518554688 1624363779.153847 0.432
19.076923370361328 1624363779.160815 0.432
19.076923370361328 1624363779.167881 0.432
19.692306518554688 1624363779.174835 0.432
19.692306518554688 1624363779.18188 0.432
19.692306518554688 1624363779.188944 0.432
19.076923370361328 1624363779.195868 0.432
19.692306518554688 1624363779.202952 0.432
19.692306518554688 1624363779.209962 0.432
19.076923370361328 1624363779.216772 0.432
19.692306518554688 1624363779.223799 0.432
19.076923370361328 1624363779.230781 0.432
19.692306518554688 1624363779.237777 0.432
19.076923370361328 1624363779.2448 0.432
19.076923370361328 1624363779.251772 0.432
19.692306518554688 1624363779.258811 0.432
19.076923370361328 1624363779.265738 0.432
19.692306518554688 1624363779.27275 0.432
19.692306518554688 1624363779.279782 0.432
19.076923370361328 1624363779.286786 0.432
19.692306518554688 1624363779.293777 0.432
19.692306518554688 1624363779.300779 0.432
19.076923370361328 1624363779.307739 0.432
19.692306518554688 1624363779.3148 0.432
19.076923370361328 1624363779.321746 0.432
19.692306518554688 1624363779.328825 0.432
19.692306518554688 1624363779.335831 0.432
19.076923370361328 1624363779.34288 0.432
19.692306518554688 1624363779.34989 0.432
19.076923370361328 1624363779.356874 0.432
19.692306518554688 1624363779.363807 0.432
19.692306518554688 1624363779.370856 0.432
19.076923370361328 1624363779.377652 0.432
19.692306518554688 1624363779.384708 0.432
19.076923370361328 1624363779.391673 0.432
19.076923370361328 1624363779.398701 0.432
19.692306518554688 1624363779.405673 0.432
19.076923370361328 1624363779.412728 0.432
19.692306518554688 1624363779.419748 0.432
19.076923370361328 1624363779.426754 0.432
19.692306518554688 1624363779.433736 0.432
19.692306518554688 1624363779.440723 0.432
19.076923370361328 1624363779.447739 0.432
19.692306518554688 1624363779.454747 0.432
19.692306518554688 1624363779.461753 0.432
19.076923370361328 1624363779.468746 0.432
19.692306518554688 1624363779.475751 0.432
19.076923370361328 1624363779.482746 0.432
19.692306518554688 1624363779.489754 0.432
19.692306518554688 1624363779.49671 0.432
19.076923370361328 1624363779.503704 0.432
19.692306518554688 1624363779.51074 0.432
19.076923370361328 1624363779.517737 0.432
19.076923370361328 1624363779.524737 0.432
19.692306518554688 1624363779.531716 0.432
19.076923370361328 1624363779.538752 0.432
19.692306518554688 1624363779.545762 0.432
19.076923370361328 1624363779.552549 0.432
19.076923370361328 1624363779.559591 0.432
19.692306518554688 1624363779.5666 0.432
19.076923370361328 1624363779.573643 0.432
19.692306518554688 1624363779.580619 0.432
19.692306518554688 1624363779.587615 0.432
19.076923370361328 1624363779.594669 0.432
19.692306518554688 1624363779.601688 0.432
19.076923370361328 1624363779.608694 0.432
19.692306518554688 1624363779.61569 0.432
19.692306518554688 1624363779.622679 0.432
19.076923370361328 1624363779.62961 0.432
19.692306518554688 1624363779.636638 0.432
19.692306518554688 1624363779.64367 0.432
19.076923370361328 1624363779.650698 0.432
19.692306518554688 1624363779.657677 0.432
19.076923370361328 1624363779.664719 0.432
19.692306518554688 1624363779.671758 0.432
19.076923370361328 1624363779.678739 0.432
19.076923370361328 1624363779.685675 0.432
19.692306518554688 1624363779.692685 0.432
19.076923370361328 1624363779.699711 0.432
19.692306518554688 1624363779.706777 0.432
19.692306518554688 1624363779.713714 0.432
19.692306518554688 1624363779.720683 0.432
19.692306518554688 1624363779.727764 0.432
19.076923370361328 1624363779.734681 0.432
19.692306518554688 1624363779.741727 0.432
19.692306518554688 1624363779.748604 0.432
19.076923370361328 1624363779.755571 0.432
19.692306518554688 1624363779.762551 0.432
19.692306518554688 1624363779.769581 0.432
19.692306518554688 1624363779.776596 0.432
19.692306518554688 1624363779.783657 0.432
19.076923370361328 1624363779.790556 0.432
19.692306518554688 1624363779.797555 0.432
19.692306518554688 1624363779.804581 0.432
19.076923370361328 1624363779.811597 0.432
19.692306518554688 1624363779.818542 0.432
19.076923370361328 1624363779.82562 0.432
19.692306518554688 1624363779.83259 0.432
19.692306518554688 1624363779.839567 0.432
19.076923370361328 1624363779.846582 0.432
19.692306518554688 1624363779.853609 0.432
19.692306518554688 1624363779.860717 0.432
19.692306518554688 1624363779.867672 0.432
19.692306518554688 1624363779.874646 0.432
19.076923370361328 1624363779.881641 0.432
19.692306518554688 1624363779.88864 0.432
19.692306518554688 1624363779.895675 0.432
19.692306518554688 1624363779.902678 0.432
19.692306518554688 1624363779.909679 0.432
19.076923370361328 1624363779.916672 0.432
19.692306518554688 1624363779.923643 0.432
19.692306518554688 1624363779.930673 0.432
19.076923370361328 1624363779.937471 0.432
19.692306518554688 1624363779.944501 0.432
19.692306518554688 1624363779.95155 0.432
19.692306518554688 1624363779.958469 0.432
19.692306518554688 1624363779.965479 0.432
19.076923370361328 1624363779.97245 0.432
19.692306518554688 1624363779.9795 0.432
19.692306518554688 1624363779.986502 0.432
19.076923370361328 1624363779.993556 0.432
19.692306518554688 1624363780.000533 0.432
19.076923370361328 1624363780.007579 0.432
19.692306518554688 1624363780.014522 0.432
19.076923370361328 1624363780.021559 0.432
19.076923370361328 1624363780.028576 0.432
19.692306518554688 1624363780.03556 0.432
19.076923370361328 1624363780.042554 0.432
19.692306518554688 1624363780.049582 0.432
19.692306518554688 1624363780.056578 0.432
19.076923370361328 1624363780.063524 0.432
19.692306518554688 1624363780.070513 0.432
19.076923370361328 1624363780.077579 0.432
19.692306518554688 1624363780.084521 0.432
19.692306518554688 1624363780.091539 0.432
19.076923370361328 1624363780.098584 0.432
19.692306518554688 1624363780.105518 0.432
19.692306518554688 1624363780.112519 0.432
19.692306518554688 1624363780.119536 0.432
19.692306518554688 1624363780.126569 0.432
19.076923370361328 1624363780.133648 0.432
19.692306518554688 1624363780.140653 0.432
19.692306518554688 1624363780.147674 0.432
19.692306518554688 1624363780.154615 0.432
19.692306518554688 1624363780.161467 0.432
19.076923370361328 1624363780.168462 0.432
19.692306518554688 1624363780.175399 0.432
19.692306518554688 1624363780.182482 0.432
19.076923370361328 1624363780.189519 0.432
19.692306518554688 1624363780.196518 0.432
19.076923370361328 1624363780.203521 0.432
19.692306518554688 1624363780.210537 0.432
19.692306518554688 1624363780.217527 0.432
19.076923370361328 1624363780.224505 0.432
19.692306518554688 1624363780.231482 0.432
19.692306518554688 1624363780.238479 0.432
19.076923370361328 1624363780.2455 0.432
19.692306518554688 1624363780.252489 0.432
19.076923370361328 1624363780.259528 0.432
19.692306518554688 1624363780.266496 0.432
19.692306518554688 1624363780.273533 0.432
19.076923370361328 1624363780.280541 0.432
19.692306518554688 1624363780.287501 0.432
19.076923370361328 1624363780.294556 0.432
19.692306518554688 1624363780.301539 0.432
19.692306518554688 1624363780.308595 0.432
19.076923370361328 1624363780.315497 0.432
19.692306518554688 1624363780.322493 0.432
19.076923370361328 1624363780.329501 0.432
19.692306518554688 1624363780.336457 0.432
19.692306518554688 1624363780.343455 0.432
19.076923370361328 1624363780.350424 0.432
19.692306518554688 1624363780.357448 0.432
19.692306518554688 1624363780.364525 0.432
19.076923370361328 1624363780.371567 0.432
19.692306518554688 1624363780.378601 0.432
19.076923370361328 1624363780.385584 0.432
19.692306518554688 1624363780.392438 0.432
19.692306518554688 1624363780.399421 0.432
19.076923370361328 1624363780.406424 0.432
19.692306518554688 1624363780.413413 0.432
19.076923370361328 1624363780.420363 0.432
19.692306518554688 1624363780.427425 0.432
19.692306518554688 1624363780.434374 0.432
19.076923370361328 1624363780.441318 0.432
19.692306518554688 1624363780.448309 0.432
19.076923370361328 1624363780.455436 0.432
19.692306518554688 1624363780.462384 0.432
19.692306518554688 1624363780.469394 0.432
19.076923370361328 1624363780.476319 0.432
19.692306518554688 1624363780.483359 0.432
19.692306518554688 1624363780.490305 0.432
19.692306518554688 1624363780.497337 0.432
19.692306518554688 1624363780.504351 0.432
19.076923370361328 1624363780.511396 0.432
19.692306518554688 1624363780.518377 0.432
19.692306518554688 1624363780.525427 0.432
19.076923370361328 1624363780.532367 0.432
19.692306518554688 1624363780.539401 0.432
19.076923370361328 1624363780.546449 0.432
19.692306518554688 1624363780.553417 0.432
19.692306518554688 1624363780.560491 0.432
19.076923370361328 1624363780.56748 0.432
19.692306518554688 1624363780.574452 0.432
19.076923370361328 1624363780.581431 0.432
19.692306518554688 1624363780.588454 0.432
19.692306518554688 1624363780.595524 0.432
19.076923370361328 1624363780.602506 0.432
19.692306518554688 1624363780.609477 0.432
19.692306518554688 1624363780.616463 0.432
19.076923370361328 1624363780.623511 0.432
19.692306518554688 1624363780.630484 0.432
19.076923370361328 1624363780.637312 0.432
19.692306518554688 1624363780.64429 0.432
19.692306518554688 1624363780.65141 0.432
19.076923370361328 1624363780.658322 0.432
19.692306518554688 1624363780.665346 0.432
19.076923370361328 1624363780.672332 0.432
19.692306518554688 1624363780.679356 0.432
19.692306518554688 1624363780.686314 0.432
19.076923370361328 1624363780.693327 0.432
19.692306518554688 1624363780.700324 0.432
19.076923370361328 1624363780.707384 0.432
19.076923370361328 1624363780.714369 0.432
19.692306518554688 1624363780.721384 0.432
19.076923370361328 1624363780.728432 0.432
19.692306518554688 1624363780.735394 0.432
19.076923370361328 1624363780.742414 0.432
19.076923370361328 1624363780.749395 0.432
19.692306518554688 1624363780.756394 0.432
19.076923370361328 1624363780.763349 0.432
19.692306518554688 1624363780.770363 0.432
19.692306518554688 1624363780.777436 0.432
19.076923370361328 1624363780.784357 0.432
19.692306518554688 1624363780.791336 0.432
19.076923370361328 1624363780.798371 0.432
19.692306518554688 1624363780.805383 0.432
19.692306518554688 1624363780.812423 0.432
19.076923370361328 1624363780.819414 0.432
19.692306518554688 1624363780.826449 0.432
19.076923370361328 1624363780.83344 0.432
19.076923370361328 1624363780.84024 0.432
19.692306518554688 1624363780.84718 0.432
19.076923370361328 1624363780.8542 0.432
19.692306518554688 1624363780.861248 0.432
19.692306518554688 1624363780.868233 0.432
19.076923370361328 1624363780.875224 0.432
19.692306518554688 1624363780.882305 0.432
19.076923370361328 1624363780.889252 0.432
19.692306518554688 1624363780.896239 0.432
19.692306518554688 1624363780.903224 0.432
19.692306518554688 1624363780.910213 0.432
19.692306518554688 1624363780.917314 0.432
19.076923370361328 1624363780.924246 0.432
19.692306518554688 1624363780.931286 0.432
19.692306518554688 1624363780.938307 0.432
19.076923370361328 1624363780.945388 0.432
19.692306518554688 1624363780.952328 0.432
19.076923370361328 1624363780.959282 0.432
19.076923370361328 1624363780.966313 0.432
19.692306518554688 1624363780.973311 0.432
19.076923370361328 1624363780.980348 0.432
19.692306518554688 1624363780.987346 0.432
19.076923370361328 1624363780.994345 0.432
19.076923370361328 1624363781.001379 0.432
19.692306518554688 1624363781.008343 0.432
19.076923370361328 1624363781.015384 0.432
19.692306518554688 1624363781.022332 0.432
19.692306518554688 1624363781.029354 0.432
19.076923370361328 1624363781.036405 0.432
19.692306518554688 1624363781.043197 0.432
19.076923370361328 1624363781.050192 0.432
19.692306518554688 1624363781.057092 0.432
19.692306518554688 1624363781.064114 0.432
19.076923370361328 1624363781.071239 0.432
19.692306518554688 1624363781.078214 0.432
19.076923370361328 1624363781.085188 0.432
19.076923370361328 1624363781.092143 0.432
19.692306518554688 1624363781.09923 0.432
19.076923370361328 1624363781.106224 0.432
19.692306518554688 1624363781.113268 0.432
19.692306518554688 1624363781.120229 0.432
19.076923370361328 1624363781.127236 0.432
19.692306518554688 1624363781.13429 0.432
19.076923370361328 1624363781.141315 0.432
19.692306518554688 1624363781.148475 0.432
19.692306518554688 1624363781.156313 0.432
19.076923370361328 1624363781.163252 0.432
19.692306518554688 1624363781.170333 0.432
19.076923370361328 1624363781.177282 0.432
19.692306518554688 1624363781.1843 0.432
19.692306518554688 1624363781.191133 0.432
19.076923370361328 1624363781.198152 0.432
19.692306518554688 1624363781.205163 0.432
19.076923370361328 1624363781.212153 0.432
19.692306518554688 1624363781.219165 0.432
19.692306518554688 1624363781.226206 0.432
19.076923370361328 1624363781.233241 0.432
19.692306518554688 1624363781.240162 0.432
19.692306518554688 1624363781.247164 0.432
19.076923370361328 1624363781.254184 0.432
19.692306518554688 1624363781.261229 0.432
