24.737167358398438 1624363725.35111 0.37
24.737167358398438 1624363725.358086 0.37
24.737167358398438 1624363725.365131 0.37
24.737167358398438 1624363725.372095 0.37
24.737167358398438 1624363725.379135 0.37
24.737167358398438 1624363725.386144 0.37
24.737167358398438 1624363725.393134 0.37
24.737167358398438 1624363725.400147 0.37
24.737167358398438 1624363725.407157 0.37
24.737167358398438 1624363725.414169 0.37
24.737167358398438 1624363725.421171 0.37
24.737167358398438 1624363725.428114 0.37
24.118738174438477 1624363725.434961 0.37
24.737167358398438 1624363725.442004 0.37
24.737167358398438 1624363725.44901 0.37
24.118738174438477 1624363725.455991 0.37
24.737167358398438 1624363725.463064 0.37
24.118738174438477 1624363725.470015 0.37
24.737167358398438 1624363725.476914 0.37
24.737167358398438 1624363725.48393 0.37
24.737167358398438 1624363725.49093 0.37
24.737167358398438 1624363725.497944 0.37
24.737167358398438 1624363725.504961 0.37
24.737167358398438 1624363725.512011 0.37
24.737167358398438 1624363725.518996 0.37
24.118738174438477 1624363725.526005 0.37
24.737167358398438 1624363725.533092 0.37
24.737167358398438 1624363725.540021 0.37
24.118738174438477 1624363725.547056 0.37
24.737167358398438 1624363725.554023 0.37
24.737167358398438 1624363725.561104 0.37
24.737167358398438 1624363725.568068 0.37
24.737167358398438 1624363725.575078 0.37
24.118738174438477 1624363725.582086 0.37
24.737167358398438 1624363725.589111 0.37
24.737167358398438 1624363725.596159 0.37
24.737167358398438 1624363725.603117 0.37
24.737167358398438 1624363725.609908 0.37
24.118738174438477 1624363725.616953 0.37
24.737167358398438 1624363725.623932 0.37
24.737167358398438 1624363725.630966 0.37
24.118738174438477 1624363725.638019 0.37
24.737167358398438 1624363725.644927 0.37
24.118738174438477 1624363725.651942 0.37
24.737167358398438 1624363725.658903 0.37
24.737167358398438 1624363725.66595 0.37
24.118738174438477 1624363725.672953 0.37
24.737167358398438 1624363725.679932 0.37
24.118738174438477 1624363725.686868 0.37
24.737167358398438 1624363725.6939 0.37
24.737167358398438 1624363725.700915 0.37
24.118738174438477 1624363725.70798 0.37
24.737167358398438 1624363725.714897 0.37
24.118738174438477 1624363725.721966 0.37
24.118738174438477 1624363725.729005 0.37
24.737167358398438 1624363725.736016 0.37
24.118738174438477 1624363725.742889 0.37
24.737167358398438 1624363725.749906 0.37
24.737167358398438 1624363725.756959 0.37
24.118738174438477 1624363725.763942 0.37
24.737167358398438 1624363725.770946 0.37
24.737167358398438 1624363725.777918 0.37
24.737167358398438 1624363725.785033 0.37
24.737167358398438 1624363725.791918 0.37
24.118738174438477 1624363725.798952 0.37
24.737167358398438 1624363725.805939 0.37
24.737167358398438 1624363725.81297 0.37
24.118738174438477 1624363725.81979 0.37
24.737167358398438 1624363725.826847 0.37
24.118738174438477 1624363725.833864 0.37
24.737167358398438 1624363725.840815 0.37
24.737167358398438 1624363725.84782 0.37
24.118738174438477 1624363725.854813 0.37
24.737167358398438 1624363725.861834 0.37
24.118738174438477 1624363725.86885 0.37
24.737167358398438 1624363725.875885 0.37
24.737167358398438 1624363725.882903 0.37
24.118738174438477 1624363725.889924 0.37
24.737167358398438 1624363725.89687 0.37
24.737167358398438 1624363725.903906 0.37
24.118738174438477 1624363725.910936 0.37
24.737167358398438 1624363725.917931 0.37
24.118738174438477 1624363725.924939 0.37
24.737167358398438 1624363725.93188 0.37
24.737167358398438 1624363725.938864 0.37
24.118738174438477 1624363725.945947 0.37
24.737167358398438 1624363725.952856 0.37
24.118738174438477 1624363725.959845 0.37
24.737167358398438 1624363725.966825 0.37
24.737167358398438 1624363725.973972 0.37
24.118738174438477 1624363725.980965 0.37
24.737167358398438 1624363725.988012 0.37
24.118738174438477 1624363725.994915 0.37
24.737167358398438 1624363726.001914 0.37
24.737167358398438 1624363726.008896 0.37
24.118738174438477 1624363726.015845 0.37
24.737167358398438 1624363726.022851 0.37
24.737167358398438 1624363726.029832 0.37
24.118738174438477 1624363726.036802 0.37
24.737167358398438 1624363726.043755 0.37
24.118738174438477 1624363726.05085 0.37
24.737167358398438 1624363726.057722 0.37
24.737167358398438 1624363726.064732 0.37
24.118738174438477 1624363726.071747 0.37
24.737167358398438 1624363726.07875 0.37
24.118738174438477 1624363726.085719 0.37
24.737167358398438 1624363726.092779 0.37
24.737167358398438 1624363726.099776 0.37
24.118738174438477 1624363726.106755 0.37
24.737167358398438 1624363726.113747 0.37
24.737167358398438 1624363726.120771 0.37
24.737167358398438 1624363726.12782 0.37
24.737167358398438 1624363726.134771 0.37
24.737167358398438 1624363726.141877 0.37
24.737167358398438 1624363726.148893 0.37
24.737167358398438 1624363726.155864 0.37
24.118738174438477 1624363726.162858 0.37
24.737167358398438 1624363726.169853 0.37
24.737167358398438 1624363726.176853 0.37
24.737167358398438 1624363726.183871 0.37
24.737167358398438 1624363726.190831 0.37
24.118738174438477 1624363726.197881 0.37
24.737167358398438 1624363726.204828 0.37
24.737167358398438 1624363726.211767 0.37
24.737167358398438 1624363726.218781 0.37
24.737167358398438 1624363726.225804 0.37
24.118738174438477 1624363726.23275 0.37
24.737167358398438 1624363726.239851 0.37
24.737167358398438 1624363726.246854 0.37
24.118738174438477 1624363726.253834 0.37
24.737167358398438 1624363726.26073 0.37
24.737167358398438 1624363726.26772 0.37
24.118738174438477 1624363726.274723 0.37
24.737167358398438 1624363726.281728 0.37
24.118738174438477 1624363726.288731 0.37
24.737167358398438 1624363726.295751 0.37
24.737167358398438 1624363726.302743 0.37
24.118738174438477 1624363726.309682 0.37
24.737167358398438 1624363726.316699 0.37
24.118738174438477 1624363726.323716 0.37
24.737167358398438 1624363726.330741 0.37
24.737167358398438 1624363726.337696 0.37
24.737167358398438 1624363726.344759 0.37
24.737167358398438 1624363726.351775 0.37
24.737167358398438 1624363726.358805 0.37
24.737167358398438 1624363726.365803 0.37
24.737167358398438 1624363726.372765 0.37
24.118738174438477 1624363726.379828 0.37
24.737167358398438 1624363726.38678 0.37
24.118738174438477 1624363726.393813 0.37
24.118738174438477 1624363726.400733 0.37
24.737167358398438 1624363726.40772 0.37
24.118738174438477 1624363726.414763 0.37
24.737167358398438 1624363726.421737 0.37
24.737167358398438 1624363726.428826 0.37
24.118738174438477 1624363726.435753 0.37
24.737167358398438 1624363726.442818 0.37
24.118738174438477 1624363726.449892 0.37
24.737167358398438 1624363726.456805 0.37
24.737167358398438 1624363726.463755 0.37
24.118738174438477 1624363726.470778 0.37
24.737167358398438 1624363726.47776 0.37
24.118738174438477 1624363726.484642 0.37
24.118738174438477 1624363726.491685 0.37
24.737167358398438 1624363726.49869 0.37
24.118738174438477 1624363726.505688 0.37
24.737167358398438 1624363726.512649 0.37
24.737167358398438 1624363726.519668 0.37
24.118738174438477 1624363726.526665 0.37
24.737167358398438 1624363726.533663 0.37
24.737167358398438 1624363726.540723 0.37
24.737167358398438 1624363726.547638 0.37
24.737167358398438 1624363726.554642 0.37
24.118738174438477 1624363726.56166 0.37
24.737167358398438 1624363726.56868 0.37
24.737167358398438 1624363726.575702 0.37
24.118738174438477 1624363726.582777 0.37
24.737167358398438 1624363726.589763 0.37
24.118738174438477 1624363726.596681 0.37
24.737167358398438 1624363726.603737 0.37
24.737167358398438 1624363726.61071 0.37
24.118738174438477 1624363726.617687 0.37
24.737167358398438 1624363726.624722 0.37
24.118738174438477 1624363726.631656 0.37
24.737167358398438 1624363726.638707 0.37
24.737167358398438 1624363726.645693 0.37
24.118738174438477 1624363726.652737 0.37
24.737167358398438 1624363726.659746 0.37
24.118738174438477 1624363726.666785 0.37
24.737167358398438 1624363726.673724 0.37
24.118738174438477 1624363726.680715 0.37
24.118738174438477 1624363726.687746 0.37
24.118738174438477 1624363726.694532 0.37
24.118738174438477 1624363726.701472 0.37
24.118738174438477 1624363726.708605 0.37
24.737167358398438 1624363726.715517 0.37
24.118738174438477 1624363726.722604 0.37
24.118738174438477 1624363726.729631 0.37
24.118738174438477 1624363726.736706 0.37
24.118738174438477 1624363726.74358 0.37
24.737167358398438 1624363726.750563 0.37
24.118738174438477 1624363726.757565 0.37
24.737167358398438 1624363726.764555 0.37
24.737167358398438 1624363726.771568 0.37
24.118738174438477 1624363726.778659 0.37
24.118738174438477 1624363726.785694 0.37
24.118738174438477 1624363726.792657 0.37
24.118738174438477 1624363726.799708 0.37
24.118738174438477 1624363726.806676 0.37
24.118738174438477 1624363726.813757 0.37
24.737167358398438 1624363726.820642 0.37
24.737167358398438 1624363726.827608 0.37
24.118738174438477 1624363726.834562 0.37
24.737167358398438 1624363726.841589 0.37
24.118738174438477 1624363726.848598 0.37
24.737167358398438 1624363726.855567 0.37
24.118738174438477 1624363726.86265 0.37
24.118738174438477 1624363726.869652 0.37
24.118738174438477 1624363726.876624 0.37
24.118738174438477 1624363726.883596 0.37
24.118738174438477 1624363726.890468 0.37
24.118738174438477 1624363726.897494 0.37
24.118738174438477 1624363726.904539 0.37
24.118738174438477 1624363726.911482 0.37
24.737167358398438 1624363726.918635 0.37
24.118738174438477 1624363726.925568 0.37
24.737167358398438 1624363726.932595 0.37
24.118738174438477 1624363726.939547 0.37
24.118738174438477 1624363726.946625 0.37
24.118738174438477 1624363726.953563 0.37
24.118738174438477 1624363726.960605 0.37
24.737167358398438 1624363726.967591 0.37
24.118738174438477 1624363726.974601 0.37
24.118738174438477 1624363726.981582 0.37
24.737167358398438 1624363726.988579 0.37
24.118738174438477 1624363726.995574 0.37
24.118738174438477 1624363727.002548 0.37
24.118738174438477 1624363727.009501 0.37
24.118738174438477 1624363727.016531 0.37
24.118738174438477 1624363727.023578 0.37
24.118738174438477 1624363727.030564 0.37
24.118738174438477 1624363727.037597 0.37
24.118738174438477 1624363727.044688 0.37
24.118738174438477 1624363727.051634 0.37
24.118738174438477 1624363727.058627 0.37
24.118738174438477 1624363727.065656 0.37
24.118738174438477 1624363727.072715 0.37
24.118738174438477 1624363727.079731 0.37
24.118738174438477 1624363727.086612 0.37
24.737167358398438 1624363727.093656 0.37
24.737167358398438 1624363727.100674 0.37
24.118738174438477 1624363727.107504 0.37
24.737167358398438 1624363727.114492 0.37
24.118738174438477 1624363727.121484 0.37
24.737167358398438 1624363727.128478 0.37
24.118738174438477 1624363727.13543 0.37
24.118738174438477 1624363727.142428 0.37
24.737167358398438 1624363727.149468 0.37
24.118738174438477 1624363727.15649 0.37
24.118738174438477 1624363727.163423 0.37
24.737167358398438 1624363727.170395 0.37
24.118738174438477 1624363727.177423 0.37
24.737167358398438 1624363727.18447 0.37
24.737167358398438 1624363727.191498 0.37
24.118738174438477 1624363727.198427 0.37
24.737167358398438 1624363727.205538 0.37
24.118738174438477 1624363727.212397 0.37
24.118738174438477 1624363727.219486 0.37
24.118738174438477 1624363727.226422 0.37
24.118738174438477 1624363727.233443 0.37
24.118738174438477 1624363727.240484 0.37
24.118738174438477 1624363727.247523 0.37
24.118738174438477 1624363727.254405 0.37
24.737167358398438 1624363727.261526 0.37
24.118738174438477 1624363727.268527 0.37
24.118738174438477 1624363727.275478 0.37
24.118738174438477 1624363727.28247 0.37
24.118738174438477 1624363727.289606 0.37
24.118738174438477 1624363727.296557 0.37
24.118738174438477 1624363727.30353 0.37
24.737167358398438 1624363727.310588 0.37
24.737167358398438 1624363727.317584 0.37
24.118738174438477 1624363727.324572 0.37
24.721879959106445 1624363727.331581 0.37
24.118738174438477 1624363727.338397 0.37
24.118738174438477 1624363727.345418 0.37
24.737167358398438 1624363727.352376 0.37
24.118738174438477 1624363727.359436 0.37
24.118738174438477 1624363727.366392 0.37
24.118738174438477 1624363727.373352 0.37
24.118738174438477 1624363727.380389 0.37
24.118738174438477 1624363727.387395 0.37
24.118738174438477 1624363727.394431 0.37
24.118738174438477 1624363727.401399 0.37
24.737167358398438 1624363727.408428 0.37
24.103832244873047 1624363727.415488 0.37
24.118738174438477 1624363727.422415 0.37
24.118738174438477 1624363727.429438 0.37
24.118738174438477 1624363727.436427 0.37
24.103832244873047 1624363727.443405 0.37
24.118738174438477 1624363727.450478 0.37
24.118738174438477 1624363727.45742 0.37
24.103832244873047 1624363727.464541 0.37
24.118738174438477 1624363727.47146 0.37
24.118738174438477 1624363727.478519 0.37
24.118738174438477 1624363727.485557 0.37
24.103832244873047 1624363727.492511 0.37
24.118738174438477 1624363727.499477 0.37
24.118738174438477 1624363727.506436 0.37
24.118738174438477 1624363727.51347 0.37
24.118738174438477 1624363727.520486 0.37
24.118738174438477 1624363727.527503 0.37
24.737167358398438 1624363727.534339 0.37
24.118738174438477 1624363727.541359 0.37
24.737167358398438 1624363727.548387 0.37
24.103832244873047 1624363727.555378 0.37
24.118738174438477 1624363727.562404 0.37
24.737167358398438 1624363727.569363 0.37
24.118738174438477 1624363727.576394 0.37
24.118738174438477 1624363727.583333 0.37
24.118738174438477 1624363727.590389 0.37
24.103832244873047 1624363727.597336 0.37
24.737167358398438 1624363727.604374 0.37
24.118738174438477 1624363727.611401 0.37
24.118738174438477 1624363727.618401 0.37
24.118738174438477 1624363727.625457 0.37
24.118738174438477 1624363727.632448 0.37
24.118738174438477 1624363727.639385 0.37
24.118738174438477 1624363727.646364 0.37
24.103832244873047 1624363727.653427 0.37
24.737167358398438 1624363727.660433 0.37
24.103832244873047 1624363727.667372 0.37
24.721879959106445 1624363727.674394 0.37
24.118738174438477 1624363727.681378 0.37
24.103832244873047 1624363727.688454 0.37
24.118738174438477 1624363727.695454 0.37
24.118738174438477 1624363727.702486 0.37
24.103832244873047 1624363727.709499 0.37
24.118738174438477 1624363727.716472 0.37
24.118738174438477 1624363727.723501 0.37
24.103832244873047 1624363727.730282 0.37
24.118738174438477 1624363727.737341 0.37
24.118738174438477 1624363727.744292 0.37
24.118738174438477 1624363727.751334 0.37
24.118738174438477 1624363727.75833 0.37
24.737167358398438 1624363727.765324 0.37
24.118738174438477 1624363727.77235 0.37
24.118738174438477 1624363727.779354 0.37
24.103832244873047 1624363727.786302 0.37
24.118738174438477 1624363727.793371 0.37
24.118738174438477 1624363727.800346 0.37
24.103832244873047 1624363727.807359 0.37
24.103832244873047 1624363727.814308 0.37
24.118738174438477 1624363727.821412 0.37
24.118738174438477 1624363727.828369 0.37
24.103832244873047 1624363727.835387 0.37
24.103832244873047 1624363727.842374 0.37
24.103832244873047 1624363727.849329 0.37
24.118738174438477 1624363727.856323 0.37
24.103832244873047 1624363727.86337 0.37
24.118738174438477 1624363727.870331 0.37
24.118738174438477 1624363727.877467 0.37
24.118738174438477 1624363727.884451 0.37
24.103832244873047 1624363727.891433 0.37
24.118738174438477 1624363727.898262 0.37
24.118738174438477 1624363727.90519 0.37
24.118738174438477 1624363727.912329 0.37
24.118738174438477 1624363727.919219 0.37
24.118738174438477 1624363727.926256 0.37
24.118738174438477 1624363727.933286 0.37
24.103832244873047 1624363727.940259 0.37
24.118738174438477 1624363727.947257 0.37
24.103832244873047 1624363727.954279 0.37
24.118738174438477 1624363727.961249 0.37
24.118738174438477 1624363727.968268 0.37
24.103832244873047 1624363727.975281 0.37
24.721879959106445 1624363727.982287 0.37
24.737167358398438 1624363727.989297 0.37
24.103832244873047 1624363727.996329 0.37
24.721879959106445 1624363728.00333 0.37
24.118738174438477 1624363728.010339 0.37
24.118738174438477 1624363728.017364 0.37
24.118738174438477 1624363728.024352 0.37
24.103832244873047 1624363728.03127 0.37
24.103832244873047 1624363728.038296 0.37
24.118738174438477 1624363728.045264 0.37
24.103832244873047 1624363728.052258 0.37
24.118738174438477 1624363728.059293 0.37
24.118738174438477 1624363728.06638 0.37
24.118738174438477 1624363728.073204 0.37
24.118738174438477 1624363728.080109 0.37
24.103832244873047 1624363728.087184 0.37
24.721879959106445 1624363728.094221 0.37
24.118738174438477 1624363728.101164 0.37
24.118738174438477 1624363728.108172 0.37
24.118738174438477 1624363728.115213 0.37
24.103832244873047 1624363728.122227 0.37
24.103832244873047 1624363728.129243 0.37
24.103832244873047 1624363728.136217 0.37
24.103832244873047 1624363728.143238 0.37
24.118738174438477 1624363728.150211 0.37
24.103832244873047 1624363728.157254 0.37
24.103832244873047 1624363728.164255 0.37
24.103832244873047 1624363728.17126 0.37
24.103832244873047 1624363728.178233 0.37
24.118738174438477 1624363728.185268 0.37
24.103832244873047 1624363728.192264 0.37
24.103832244873047 1624363728.199296 0.37
24.118738174438477 1624363728.206288 0.37
24.103832244873047 1624363728.213305 0.37
24.103832244873047 1624363728.220278 0.37
24.103832244873047 1624363728.227274 0.37
24.103832244873047 1624363728.234289 0.37
24.103832244873047 1624363728.241168 0.37
24.118738174438477 1624363728.248174 0.37
24.721879959106445 1624363728.255126 0.37
24.103832244873047 1624363728.262109 0.37
24.103832244873047 1624363728.269168 0.37
24.103832244873047 1624363728.276179 0.37
24.103832244873047 1624363728.283175 0.37
24.103832244873047 1624363728.290177 0.37
24.103832244873047 1624363728.297192 0.37
24.103832244873047 1624363728.304161 0.37
24.118738174438477 1624363728.311194 0.37
24.103832244873047 1624363728.31818 0.37
24.103832244873047 1624363728.32523 0.37
24.118738174438477 1624363728.332168 0.37
24.103832244873047 1624363728.339254 0.37
24.103832244873047 1624363728.346187 0.37
24.103832244873047 1624363728.353223 0.37
24.103832244873047 1624363728.360263 0.37
24.118738174438477 1624363728.367246 0.37
24.103832244873047 1624363728.374279 0.37
24.103832244873047 1624363728.381273 0.37
24.721879959106445 1624363728.388254 0.37
24.103832244873047 1624363728.395283 0.37
24.103832244873047 1624363728.402253 0.37
24.103832244873047 1624363728.409067 0.37
24.103832244873047 1624363728.416117 0.37
24.103832244873047 1624363728.423063 0.37
24.103832244873047 1624363728.430107 0.37
24.103832244873047 1624363728.437059 0.37
24.103832244873047 1624363728.444092 0.37
24.103832244873047 1624363728.451073 0.37
24.103832244873047 1624363728.45807 0.37
24.103832244873047 1624363728.465047 0.37
24.103832244873047 1624363728.472138 0.37
24.103832244873047 1624363728.479113 0.37
24.103832244873047 1624363728.486119 0.37
24.103832244873047 1624363728.493141 0.37
24.103832244873047 1624363728.500146 0.37
24.103832244873047 1624363728.507113 0.37
24.103832244873047 1624363728.514179 0.37
24.103832244873047 1624363728.521113 0.37
24.103832244873047 1624363728.528133 0.37
24.103832244873047 1624363728.535116 0.37
24.103832244873047 1624363728.542057 0.37
24.103832244873047 1624363728.549181 0.37
24.103832244873047 1624363728.556168 0.37
24.103832244873047 1624363728.563221 0.37
24.103832244873047 1624363728.570221 0.37
24.103832244873047 1624363728.577201 0.37
24.103832244873047 1624363728.584148 0.37
24.103832244873047 1624363728.591129 0.37
24.103832244873047 1624363728.598196 0.37
24.103832244873047 1624363728.604936 0.37
24.103832244873047 1624363728.611982 0.37
24.103832244873047 1624363728.618975 0.37
24.103832244873047 1624363728.625967 0.37
24.103832244873047 1624363728.633042 0.37
24.103832244873047 1624363728.640037 0.37
24.103832244873047 1624363728.646998 0.37
24.103832244873047 1624363728.653985 0.37
24.103832244873047 1624363728.660983 0.37
24.103832244873047 1624363728.667912 0.37
24.103832244873047 1624363728.674957 0.37
24.103832244873047 1624363728.681948 0.37
24.103832244873047 1624363728.689031 0.37
24.103832244873047 1624363728.695991 0.37
24.103832244873047 1624363728.70305 0.37
24.103832244873047 1624363728.71004 0.37
24.103832244873047 1624363728.717117 0.37
24.103832244873047 1624363728.72409 0.37
24.103832244873047 1624363728.731129 0.37
24.103832244873047 1624363728.73809 0.37
24.103832244873047 1624363728.745051 0.37
24.103832244873047 1624363728.752159 0.37
24.103832244873047 1624363728.759168 0.37
24.103832244873047 1624363728.766076 0.37
24.103832244873047 1624363728.77314 0.37
24.103832244873047 1624363728.780047 0.37
24.103832244873047 1624363728.787102 0.37
24.103832244873047 1624363728.793902 0.37
24.103832244873047 1624363728.800881 0.37
24.103832244873047 1624363728.807908 0.37
24.103832244873047 1624363728.815035 0.37
24.103832244873047 1624363728.822056 0.37
24.103832244873047 1624363728.82904 0.37
24.103832244873047 1624363728.836023 0.37
24.103832244873047 1624363728.843036 0.37
24.103832244873047 1624363728.850026 0.37
24.103832244873047 1624363728.857029 0.37
24.103832244873047 1624363728.864047 0.37
24.103832244873047 1624363728.871083 0.37
24.103832244873047 1624363728.878007 0.37
24.103832244873047 1624363728.885054 0.37
24.103832244873047 1624363728.892079 0.37
24.103832244873047 1624363728.898977 0.37
24.103832244873047 1624363728.905968 0.37
24.103832244873047 1624363728.913044 0.37
24.103832244873047 1624363728.919992 0.37
24.103832244873047 1624363728.926969 0.37
24.103832244873047 1624363728.934027 0.37
24.103832244873047 1624363728.940998 0.37
24.103832244873047 1624363728.947983 0.37
24.103832244873047 1624363728.955013 0.37
24.103832244873047 1624363728.962007 0.37
24.103832244873047 1624363728.968764 0.37
24.103832244873047 1624363728.975795 0.37
24.103832244873047 1624363728.982846 0.37
24.103832244873047 1624363728.989864 0.37
24.103832244873047 1624363728.996826 0.37
24.103832244873047 1624363729.003801 0.37
24.103832244873047 1624363729.010833 0.37
24.103832244873047 1624363729.017892 0.37
24.103832244873047 1624363729.024894 0.37
24.103832244873047 1624363729.031941 0.37
24.103832244873047 1624363729.038973 0.37
24.103832244873047 1624363729.045943 0.37
24.103832244873047 1624363729.052958 0.37
24.103832244873047 1624363729.060011 0.37
24.103832244873047 1624363729.066964 0.37
24.103832244873047 1624363729.07399 0.37
24.103832244873047 1624363729.080957 0.37
24.103832244873047 1624363729.088074 0.37
24.103832244873047 1624363729.094987 0.37
24.103832244873047 1624363729.10191 0.37
24.103832244873047 1624363729.109063 0.37
24.103832244873047 1624363729.115922 0.37
24.103832244873047 1624363729.122927 0.37
24.103832244873047 1624363729.129925 0.37
24.103832244873047 1624363729.136884 0.37
24.103832244873047 1624363729.14394 0.37
24.103832244873047 1624363729.150961 0.37
24.103832244873047 1624363729.157849 0.37
24.103832244873047 1624363729.164849 0.37
24.103832244873047 1624363729.171844 0.37
24.103832244873047 1624363729.178839 0.37
24.103832244873047 1624363729.185878 0.37
24.103832244873047 1624363729.192863 0.37
24.103832244873047 1624363729.199883 0.37
24.103832244873047 1624363729.206871 0.37
24.103832244873047 1624363729.213817 0.37
24.103832244873047 1624363729.220831 0.37
24.103832244873047 1624363729.227759 0.37
24.103832244873047 1624363729.234761 0.37
24.103832244873047 1624363729.24191 0.37
24.103832244873047 1624363729.248818 0.37
24.103832244873047 1624363729.255804 0.37
24.103832244873047 1624363729.262951 0.37
24.103832244873047 1624363729.269973 0.37
24.103832244873047 1624363729.276904 0.37
24.103832244873047 1624363729.283867 0.37
24.103832244873047 1624363729.29093 0.37
24.103832244873047 1624363729.297952 0.37
24.103832244873047 1624363729.304951 0.37
24.103832244873047 1624363729.311912 0.37
24.103832244873047 1624363729.318847 0.37
24.103832244873047 1624363729.325934 0.37
24.103832244873047 1624363729.332923 0.37
24.103832244873047 1624363729.339984 0.37
24.103832244873047 1624363729.346921 0.37
24.103832244873047 1624363729.353909 0.37
24.103832244873047 1624363729.36094 0.37
24.103832244873047 1624363729.368028 0.37
24.103832244873047 1624363729.374755 0.37
24.103832244873047 1624363729.381813 0.37
24.103832244873047 1624363729.388753 0.37
24.103832244873047 1624363729.395795 0.37
24.103832244873047 1624363729.402839 0.37
24.103832244873047 1624363729.409831 0.37
24.103832244873047 1624363729.416848 0.37
24.103832244873047 1624363729.423782 0.37
24.103832244873047 1624363729.430851 0.37
24.103832244873047 1624363729.437824 0.37
24.103832244873047 1624363729.444843 0.37
24.103832244873047 1624363729.4518 0.37
24.103832244873047 1624363729.458875 0.37
24.103832244873047 1624363729.465864 0.37
24.103832244873047 1624363729.472845 0.37
24.103832244873047 1624363729.479851 0.37
24.103832244873047 1624363729.486892 0.37
24.103832244873047 1624363729.493893 0.37
24.103832244873047 1624363729.500911 0.37
24.103832244873047 1624363729.507876 0.37
24.103832244873047 1624363729.514857 0.37
24.103832244873047 1624363729.521862 0.37
24.103832244873047 1624363729.528781 0.37
24.103832244873047 1624363729.535779 0.37
24.103832244873047 1624363729.542794 0.37
24.103832244873047 1624363729.549794 0.37
24.103832244873047 1624363729.556831 0.37
24.103832244873047 1624363729.563691 0.37
24.103832244873047 1624363729.570706 0.37
24.103832244873047 1624363729.577702 0.37
24.103832244873047 1624363729.584655 0.37
24.103832244873047 1624363729.59167 0.37
24.103832244873047 1624363729.598668 0.37
24.103832244873047 1624363729.605678 0.37
24.103832244873047 1624363729.612747 0.37
24.103832244873047 1624363729.619787 0.37
24.103832244873047 1624363729.626786 0.37
24.103832244873047 1624363729.633785 0.37
24.103832244873047 1624363729.640764 0.37
24.103832244873047 1624363729.647802 0.37
24.103832244873047 1624363729.654749 0.37
24.103832244873047 1624363729.661762 0.37
24.103832244873047 1624363729.668783 0.37
24.103832244873047 1624363729.675827 0.37
24.103832244873047 1624363729.682742 0.37
24.103832244873047 1624363729.689823 0.37
24.103832244873047 1624363729.696807 0.37
24.103832244873047 1624363729.703829 0.37
24.103832244873047 1624363729.710882 0.37
24.103832244873047 1624363729.717883 0.37
24.103832244873047 1624363729.724868 0.37
24.103832244873047 1624363729.731859 0.37
24.103832244873047 1624363729.738815 0.37
24.103832244873047 1624363729.745827 0.37
23.48578453063965 1624363729.75286 0.37
24.103832244873047 1624363729.759603 0.37
24.103832244873047 1624363729.76659 0.37
24.103832244873047 1624363729.773577 0.37
24.103832244873047 1624363729.78059 0.37
23.48578453063965 1624363729.787586 0.37
24.103832244873047 1624363729.794627 0.37
24.103832244873047 1624363729.801582 0.37
24.103832244873047 1624363729.808571 0.37
24.103832244873047 1624363729.815656 0.37
24.103832244873047 1624363729.82264 0.37
24.103832244873047 1624363729.829665 0.37
24.103832244873047 1624363729.836728 0.37
24.103832244873047 1624363729.843702 0.37
24.103832244873047 1624363729.850705 0.37
24.103832244873047 1624363729.85777 0.37
24.103832244873047 1624363729.864706 0.37
24.103832244873047 1624363729.871721 0.37
24.103832244873047 1624363729.878721 0.37
24.103832244873047 1624363729.885681 0.37
24.103832244873047 1624363729.892731 0.37
24.103832244873047 1624363729.899726 0.37
24.103832244873047 1624363729.906804 0.37
24.103832244873047 1624363729.913762 0.37
24.103832244873047 1624363729.920772 0.37
24.103832244873047 1624363729.927798 0.37
24.103832244873047 1624363729.934822 0.37
24.103832244873047 1624363729.94176 0.37
24.103832244873047 1624363729.948753 0.37
24.103832244873047 1624363729.955792 0.37
24.103832244873047 1624363729.962562 0.37
24.103832244873047 1624363729.969547 0.37
24.103832244873047 1624363729.976548 0.37
24.103832244873047 1624363729.983526 0.37
24.103832244873047 1624363729.990543 0.37
24.103832244873047 1624363729.997634 0.37
24.103832244873047 1624363730.004598 0.37
24.103832244873047 1624363730.011615 0.37
24.103832244873047 1624363730.01856 0.37
24.103832244873047 1624363730.025511 0.37
24.103832244873047 1624363730.032625 0.37
24.103832244873047 1624363730.039579 0.37
24.103832244873047 1624363730.046664 0.37
24.103832244873047 1624363730.053751 0.37
24.103832244873047 1624363730.060771 0.37
24.103832244873047 1624363730.067682 0.37
24.103832244873047 1624363730.074661 0.37
24.103832244873047 1624363730.081663 0.37
24.103832244873047 1624363730.088715 0.37
24.103832244873047 1624363730.095719 0.37
24.103832244873047 1624363730.102703 0.37
24.103832244873047 1624363730.10968 0.37
24.103832244873047 1624363730.116738 0.37
24.103832244873047 1624363730.123757 0.37
24.103832244873047 1624363730.130739 0.37
24.103832244873047 1624363730.137731 0.37
24.103832244873047 1624363730.144559 0.37
23.48578453063965 1624363730.151576 0.37
24.103832244873047 1624363730.158603 0.37
24.103832244873047 1624363730.165521 0.37
24.103832244873047 1624363730.172486 0.37
24.103832244873047 1624363730.179456 0.37
24.103832244873047 1624363730.186583 0.37
24.103832244873047 1624363730.19352 0.37
24.103832244873047 1624363730.200455 0.37
24.103832244873047 1624363730.20753 0.37
24.103832244873047 1624363730.214634 0.37
24.103832244873047 1624363730.221643 0.37
24.103832244873047 1624363730.228533 0.37
24.103832244873047 1624363730.235626 0.37
24.103832244873047 1624363730.242593 0.37
24.103832244873047 1624363730.249667 0.37
24.103832244873047 1624363730.256711 0.37
24.103832244873047 1624363730.263581 0.37
24.103832244873047 1624363730.270626 0.37
24.103832244873047 1624363730.277678 0.37
24.103832244873047 1624363730.284632 0.37
24.103832244873047 1624363730.291562 0.37
24.103832244873047 1624363730.298719 0.37
24.103832244873047 1624363730.30557 0.37
24.103832244873047 1624363730.312623 0.37
24.103832244873047 1624363730.319559 0.37
24.103832244873047 1624363730.326607 0.37
23.48578453063965 1624363730.333668 0.37
24.103832244873047 1624363730.340621 0.37
24.103832244873047 1624363730.34767 0.37
23.48578453063965 1624363730.354614 0.37
24.103832244873047 1624363730.361616 0.37
24.103832244873047 1624363730.368591 0.37
24.103832244873047 1624363730.375654 0.37
24.103832244873047 1624363730.382683 0.37
24.103832244873047 1624363730.389641 0.37
24.103832244873047 1624363730.396593 0.37
24.103832244873047 1624363730.403584 0.37
24.103832244873047 1624363730.410632 0.37
24.103832244873047 1624363730.417574 0.37
24.103832244873047 1624363730.424578 0.37
24.103832244873047 1624363730.431599 0.37
24.103832244873047 1624363730.438468 0.37
24.103832244873047 1624363730.445403 0.37
24.103832244873047 1624363730.452379 0.37
23.48578453063965 1624363730.459378 0.37
24.103832244873047 1624363730.466473 0.37
24.103832244873047 1624363730.473492 0.37
24.103832244873047 1624363730.480548 0.37
24.103832244873047 1624363730.487516 0.37
23.48578453063965 1624363730.494491 0.37
24.103832244873047 1624363730.501492 0.37
24.103832244873047 1624363730.508496 0.37
24.103832244873047 1624363730.515455 0.37
24.103832244873047 1624363730.522548 0.37
24.103832244873047 1624363730.529544 0.37
24.103832244873047 1624363730.536511 0.37
24.103832244873047 1624363730.543526 0.37
23.48578453063965 1624363730.550528 0.37
24.103832244873047 1624363730.557569 0.37
24.103832244873047 1624363730.564483 0.37
24.103832244873047 1624363730.571517 0.37
24.103832244873047 1624363730.578548 0.37
23.48578453063965 1624363730.585542 0.37
24.103832244873047 1624363730.592482 0.37
24.103832244873047 1624363730.599447 0.37
23.48578453063965 1624363730.606495 0.37
24.103832244873047 1624363730.613417 0.37
24.103832244873047 1624363730.62046 0.37
24.103832244873047 1624363730.627465 0.37
24.103832244873047 1624363730.634476 0.37
23.48578453063965 1624363730.641484 0.37
24.103832244873047 1624363730.64856 0.37
24.103832244873047 1624363730.655501 0.37
24.103832244873047 1624363730.662488 0.37
24.103832244873047 1624363730.669471 0.37
23.48578453063965 1624363730.676461 0.37
24.103832244873047 1624363730.683531 0.37
24.103832244873047 1624363730.690487 0.37
23.48578453063965 1624363730.69759 0.37
24.103832244873047 1624363730.704581 0.37
23.48578453063965 1624363730.711493 0.37
24.103832244873047 1624363730.718482 0.37
24.103832244873047 1624363730.725532 0.37
23.48578453063965 1624363730.732595 0.37
24.103832244873047 1624363730.739343 0.37
24.103832244873047 1624363730.746368 0.37
24.103832244873047 1624363730.753401 0.37
24.103832244873047 1624363730.760393 0.37
23.48578453063965 1624363730.767409 0.37
24.103832244873047 1624363730.774328 0.37
24.103832244873047 1624363730.781346 0.37
24.103832244873047 1624363730.788355 0.37
24.103832244873047 1624363730.795424 0.37
24.103832244873047 1624363730.802413 0.37
24.103832244873047 1624363730.809419 0.37
24.103832244873047 1624363730.816406 0.37
24.103832244873047 1624363730.823427 0.37
24.103832244873047 1624363730.830397 0.37
24.103832244873047 1624363730.837433 0.37
24.103832244873047 1624363730.844458 0.37
24.103832244873047 1624363730.851422 0.37
23.48578453063965 1624363730.858398 0.37
24.103832244873047 1624363730.86545 0.37
24.103832244873047 1624363730.872375 0.37
24.103832244873047 1624363730.879309 0.37
24.103832244873047 1624363730.886374 0.37
23.48578453063965 1624363730.893392 0.37
24.103832244873047 1624363730.900428 0.37
24.103832244873047 1624363730.907457 0.37
24.103832244873047 1624363730.914444 0.37
24.103832244873047 1624363730.921439 0.37
23.48578453063965 1624363730.928483 0.37
24.103832244873047 1624363730.935474 0.37
24.103832244873047 1624363730.94247 0.37
23.48578453063965 1624363730.949439 0.37
24.103832244873047 1624363730.956382 0.37
24.103832244873047 1624363730.963363 0.37
24.103832244873047 1624363730.970348 0.37
24.103832244873047 1624363730.977393 0.37
23.48578453063965 1624363730.984222 0.37
24.103832244873047 1624363730.991225 0.37
24.103832244873047 1624363730.998212 0.37
24.103832244873047 1624363731.005272 0.37
24.103832244873047 1624363731.01226 0.37
23.48578453063965 1624363731.019231 0.37
24.103832244873047 1624363731.026295 0.37
24.103832244873047 1624363731.033301 0.37
24.103832244873047 1624363731.040299 0.37
24.103832244873047 1624363731.047362 0.37
23.48578453063965 1624363731.054325 0.37
24.103832244873047 1624363731.061342 0.37
24.103832244873047 1624363731.068317 0.37
23.48578453063965 1624363731.075312 0.37
24.103832244873047 1624363731.0823 0.37
23.48578453063965 1624363731.089292 0.37
24.103832244873047 1624363731.096366 0.37
24.103832244873047 1624363731.103297 0.37
23.48578453063965 1624363731.110329 0.37
24.103832244873047 1624363731.117391 0.37
24.103832244873047 1624363731.124367 0.37
23.48578453063965 1624363731.131373 0.37
24.103832244873047 1624363731.138396 0.37
23.48578453063965 1624363731.145336 0.37
24.103832244873047 1624363731.152328 0.37
24.103832244873047 1624363731.159289 0.37
23.48578453063965 1624363731.166286 0.37
24.103832244873047 1624363731.173311 0.37
24.103832244873047 1624363731.180308 0.37
24.103832244873047 1624363731.187318 0.37
24.103832244873047 1624363731.194371 0.37
23.48578453063965 1624363731.201358 0.37
24.103832244873047 1624363731.208374 0.37
24.103832244873047 1624363731.215415 0.37
24.103832244873047 1624363731.222382 0.37
24.103832244873047 1624363731.229373 0.37
23.48578453063965 1624363731.236374 0.37
24.103832244873047 1624363731.243385 0.37
24.103832244873047 1624363731.25039 0.37
24.103832244873047 1624363731.257325 0.37
24.103832244873047 1624363731.264403 0.37
23.48578453063965 1624363731.271289 0.37
24.103832244873047 1624363731.278177 0.37
24.103832244873047 1624363731.285396 0.37
24.103832244873047 1624363731.292097 0.37
24.103832244873047 1624363731.299242 0.37
24.103832244873047 1624363731.306222 0.37
24.103832244873047 1624363731.313238 0.37
24.103832244873047 1624363731.32022 0.37
23.48578453063965 1624363731.327276 0.37
24.103832244873047 1624363731.334222 0.37
24.103832244873047 1624363731.341205 0.37
23.48578453063965 1624363731.348264 0.37
24.103832244873047 1624363731.355243 0.37
23.48578453063965 1624363731.362244 0.37
24.103832244873047 1624363731.369287 0.37
24.103832244873047 1624363731.376238 0.37
24.103832244873047 1624363731.38317 0.37
24.103832244873047 1624363731.39016 0.37
23.48578453063965 1624363731.397285 0.37
24.103832244873047 1624363731.404257 0.37
24.103832244873047 1624363731.411326 0.37
23.48578453063965 1624363731.418253 0.37
24.103832244873047 1624363731.425274 0.37
24.103832244873047 1624363731.432245 0.37
24.103832244873047 1624363731.43922 0.37
24.103832244873047 1624363731.446315 0.37
23.48578453063965 1624363731.453234 0.37
24.103832244873047 1624363731.460309 0.37
24.103832244873047 1624363731.467295 0.37
23.48578453063965 1624363731.474343 0.37
24.103832244873047 1624363731.481194 0.37
23.48578453063965 1624363731.488249 0.37
24.103832244873047 1624363731.495204 0.37
24.103832244873047 1624363731.502244 0.37
23.48578453063965 1624363731.509301 0.37
24.103832244873047 1624363731.516326 0.37
23.48578453063965 1624363731.523303 0.37
24.103832244873047 1624363731.530331 0.37
24.103832244873047 1624363731.537237 0.37
23.48578453063965 1624363731.544104 0.37
24.103832244873047 1624363731.551152 0.37
24.103832244873047 1624363731.558106 0.37
24.103832244873047 1624363731.565139 0.37
24.103832244873047 1624363731.57219 0.37
23.48578453063965 1624363731.579185 0.37
24.103832244873047 1624363731.586181 0.37
24.103832244873047 1624363731.593155 0.37
23.48578453063965 1624363731.600159 0.37
24.103832244873047 1624363731.607225 0.37
23.48578453063965 1624363731.614236 0.37
24.103832244873047 1624363731.621131 0.37
24.103832244873047 1624363731.628158 0.37
23.48578453063965 1624363731.635185 0.37
24.103832244873047 1624363731.642141 0.37
23.48578453063965 1624363731.649185 0.37
24.103832244873047 1624363731.656209 0.37
24.103832244873047 1624363731.663103 0.37
23.48578453063965 1624363731.670121 0.37
24.103832244873047 1624363731.677265 0.37
23.48578453063965 1624363731.684202 0.37
23.48578453063965 1624363731.691229 0.37
24.103832244873047 1624363731.698229 0.37
23.48578453063965 1624363731.705211 0.37
24.103832244873047 1624363731.712232 0.37
24.103832244873047 1624363731.719189 0.37
24.103832244873047 1624363731.72622 0.37
24.103832244873047 1624363731.733038 0.37
23.48578453063965 1624363731.74003 0.37
24.103832244873047 1624363731.747044 0.37
24.103832244873047 1624363731.754014 0.37
23.48578453063965 1624363731.761012 0.37
24.103832244873047 1624363731.76803 0.37
24.103832244873047 1624363731.775017 0.37
24.103832244873047 1624363731.782043 0.37
24.103832244873047 1624363731.789032 0.37
23.48578453063965 1624363731.795985 0.37
24.103832244873047 1624363731.803026 0.37
24.103832244873047 1624363731.810027 0.37
24.103832244873047 1624363731.817097 0.37
24.103832244873047 1624363731.824129 0.37
24.103832244873047 1624363731.831058 0.37
24.103832244873047 1624363731.83808 0.37
24.103832244873047 1624363731.84508 0.37
23.48578453063965 1624363731.852041 0.37
24.103832244873047 1624363731.859148 0.37
23.48578453063965 1624363731.866139 0.37
24.103832244873047 1624363731.873137 0.37
24.103832244873047 1624363731.880177 0.37
23.48578453063965 1624363731.887148 0.37
24.103832244873047 1624363731.894187 0.37
24.103832244873047 1624363731.901189 0.37
23.48578453063965 1624363731.908173 0.37
24.103832244873047 1624363731.915168 0.37
23.48578453063965 1624363731.922225 0.37
24.103832244873047 1624363731.929071 0.37
24.103832244873047 1624363731.936035 0.37
23.48578453063965 1624363731.943031 0.37
24.103832244873047 1624363731.949979 0.37
24.103832244873047 1624363731.957092 0.37
24.103832244873047 1624363731.964076 0.37
24.103832244873047 1624363731.971035 0.37
23.48578453063965 1624363731.978084 0.37
24.103832244873047 1624363731.985048 0.37
24.103832244873047 1624363731.992061 0.37
24.103832244873047 1624363731.998944 0.37
24.103832244873047 1624363732.005956 0.37
23.48578453063965 1624363732.012979 0.37
24.103832244873047 1624363732.019942 0.37
24.103832244873047 1624363732.026953 0.37
24.103832244873047 1624363732.033955 0.37
24.103832244873047 1624363732.041041 0.37
23.48578453063965 1624363732.048053 0.37
24.103832244873047 1624363732.055007 0.37
24.103832244873047 1624363732.061999 0.37
24.103832244873047 1624363732.069004 0.37
24.103832244873047 1624363732.075966 0.37
23.48578453063965 1624363732.082931 0.37
24.103832244873047 1624363732.089991 0.37
24.103832244873047 1624363732.097013 0.37
23.48578453063965 1624363732.104072 0.37
24.103832244873047 1624363732.111067 0.37
24.103832244873047 1624363732.118115 0.37
23.48578453063965 1624363732.125079 0.37
24.103832244873047 1624363732.132142 0.37
23.48578453063965 1624363732.139127 0.37
24.103832244873047 1624363732.146381 0.37
24.103832244873047 1624363732.153985 0.37
23.48578453063965 1624363732.160952 0.37
24.103832244873047 1624363732.167919 0.37
23.48578453063965 1624363732.174937 0.37
24.103832244873047 1624363732.181979 0.37
24.103832244873047 1624363732.188915 0.37
23.48578453063965 1624363732.19592 0.37
24.103832244873047 1624363732.202939 0.37
23.48578453063965 1624363732.209927 0.37
24.103832244873047 1624363732.216944 0.37
24.103832244873047 1624363732.223891 0.37
23.48578453063965 1624363732.230907 0.37
24.103832244873047 1624363732.237917 0.37
24.103832244873047 1624363732.245002 0.37
23.48578453063965 1624363732.252015 0.37
24.103832244873047 1624363732.258888 0.37
23.48578453063965 1624363732.265937 0.37
24.103832244873047 1624363732.272934 0.37
24.103832244873047 1624363732.279912 0.37
23.48578453063965 1624363732.286946 0.37
24.103832244873047 1624363732.294055 0.37
23.48578453063965 1624363732.300996 0.37
24.103832244873047 1624363732.307925 0.37
24.103832244873047 1624363732.315081 0.37
23.48578453063965 1624363732.322043 0.37
24.103832244873047 1624363732.329024 0.37
23.48578453063965 1624363732.336069 0.37
23.48578453063965 1624363732.343163 0.37
24.103832244873047 1624363732.350011 0.37
23.48578453063965 1624363732.357028 0.37
24.103832244873047 1624363732.364023 0.37
24.103832244873047 1624363732.37099 0.37
23.48578453063965 1624363732.378088 0.37
24.103832244873047 1624363732.384978 0.37
23.48578453063965 1624363732.392057 0.37
24.103832244873047 1624363732.398859 0.37
24.103832244873047 1624363732.405895 0.37
23.48578453063965 1624363732.412875 0.37
24.103832244873047 1624363732.419847 0.37
23.48578453063965 1624363732.426838 0.37
24.103832244873047 1624363732.43393 0.37
24.103832244873047 1624363732.440824 0.37
23.48578453063965 1624363732.447821 0.37
24.103832244873047 1624363732.454788 0.37
24.103832244873047 1624363732.461906 0.37
23.48578453063965 1624363732.46891 0.37
24.103832244873047 1624363732.475885 0.37
23.48578453063965 1624363732.482913 0.37
24.103832244873047 1624363732.489806 0.37
24.103832244873047 1624363732.496833 0.37
23.48578453063965 1624363732.50385 0.37
24.103832244873047 1624363732.510898 0.37
23.48578453063965 1624363732.517921 0.37
24.103832244873047 1624363732.524911 0.37
24.103832244873047 1624363732.531913 0.37
23.48578453063965 1624363732.538866 0.37
24.103832244873047 1624363732.545941 0.37
24.103832244873047 1624363732.552922 0.37
23.48578453063965 1624363732.559902 0.37
24.103832244873047 1624363732.566911 0.37
23.48578453063965 1624363732.573899 0.37
24.103832244873047 1624363732.580884 0.37
24.103832244873047 1624363732.587909 0.37
23.48578453063965 1624363732.594966 0.37
24.103832244873047 1624363732.601928 0.37
23.48578453063965 1624363732.608999 0.37
24.103832244873047 1624363732.615987 0.37
24.103832244873047 1624363732.622893 0.37
23.48578453063965 1624363732.629885 0.37
24.103832244873047 1624363732.636897 0.37
23.48578453063965 1624363732.643754 0.37
24.103832244873047 1624363732.650719 0.37
24.103832244873047 1624363732.657796 0.37
23.48578453063965 1624363732.664805 0.37
24.103832244873047 1624363732.671804 0.37
24.103832244873047 1624363732.678751 0.37
23.48578453063965 1624363732.685723 0.37
24.103832244873047 1624363732.692717 0.37
23.48578453063965 1624363732.699733 0.37
24.103832244873047 1624363732.706804 0.37
24.103832244873047 1624363732.713772 0.37
23.48578453063965 1624363732.720825 0.37
24.103832244873047 1624363732.727787 0.37
23.48578453063965 1624363732.734823 0.37
24.103832244873047 1624363732.741866 0.37
24.103832244873047 1624363732.748825 0.37
23.48578453063965 1624363732.755857 0.37
24.103832244873047 1624363732.762881 0.37
23.48578453063965 1624363732.769824 0.37
23.48578453063965 1624363732.776869 0.37
24.103832244873047 1624363732.783776 0.37
23.48578453063965 1624363732.79083 0.37
24.103832244873047 1624363732.79782 0.37
24.103832244873047 1624363732.804794 0.37
23.48578453063965 1624363732.811856 0.37
23.48578453063965 1624363732.81884 0.37
23.48578453063965 1624363732.825855 0.37
24.103832244873047 1624363732.832898 0.37
24.103832244873047 1624363732.839861 0.37
23.48578453063965 1624363732.846856 0.37
24.103832244873047 1624363732.853906 0.37
23.48578453063965 1624363732.860888 0.37
23.48578453063965 1624363732.86789 0.37
24.103832244873047 1624363732.874854 0.37
23.48578453063965 1624363732.881916 0.37
24.103832244873047 1624363732.888773 0.37
24.103832244873047 1624363732.895796 0.37
23.48578453063965 1624363732.902719 0.37
24.103832244873047 1624363732.909738 0.37
23.48578453063965 1624363732.916648 0.37
24.103832244873047 1624363732.923668 0.37
24.103832244873047 1624363732.930703 0.37
23.48578453063965 1624363732.937701 0.37
23.48578453063965 1624363732.944668 0.37
23.48578453063965 1624363732.951725 0.37
24.103832244873047 1624363732.958714 0.37
24.103832244873047 1624363732.96572 0.37
23.48578453063965 1624363732.972744 0.37
24.103832244873047 1624363732.979688 0.37
23.48578453063965 1624363732.98677 0.37
24.103832244873047 1624363732.993737 0.37
24.103832244873047 1624363733.000723 0.37
23.48578453063965 1624363733.00767 0.37
24.103832244873047 1624363733.014694 0.37
23.48578453063965 1624363733.021743 0.37
23.48578453063965 1624363733.028761 0.37
24.103832244873047 1624363733.035745 0.37
23.48578453063965 1624363733.042746 0.37
24.103832244873047 1624363733.049657 0.37
24.103832244873047 1624363733.056662 0.37
23.48578453063965 1624363733.063746 0.37
24.103832244873047 1624363733.070785 0.37
24.103832244873047 1624363733.077784 0.37
24.103832244873047 1624363733.084783 0.37
24.103832244873047 1624363733.091778 0.37
23.48578453063965 1624363733.098756 0.37
24.103832244873047 1624363733.10577 0.37
24.103832244873047 1624363733.112822 0.37
23.48578453063965 1624363733.119774 0.37
24.103832244873047 1624363733.126747 0.37
23.48578453063965 1624363733.133737 0.37
24.103832244873047 1624363733.140755 0.37
24.103832244873047 1624363733.147627 0.37
23.48578453063965 1624363733.154571 0.37
24.103832244873047 1624363733.161634 0.37
23.48578453063965 1624363733.168566 0.37
23.48578453063965 1624363733.175561 0.37
24.103832244873047 1624363733.182552 0.37
23.48578453063965 1624363733.189569 0.37
24.103832244873047 1624363733.196702 0.37
24.103832244873047 1624363733.203682 0.37
23.48578453063965 1624363733.210698 0.37
24.103832244873047 1624363733.217684 0.37
23.48578453063965 1624363733.224645 0.37
24.103832244873047 1624363733.231733 0.37
24.103832244873047 1624363733.238647 0.37
23.48578453063965 1624363733.245688 0.37
24.103832244873047 1624363733.252701 0.37
24.103832244873047 1624363733.259706 0.37
24.103832244873047 1624363733.266752 0.37
24.103832244873047 1624363733.273684 0.37
23.48578453063965 1624363733.280764 0.37
24.103832244873047 1624363733.287735 0.37
24.103832244873047 1624363733.294713 0.37
23.48578453063965 1624363733.301733 0.37
24.103832244873047 1624363733.308697 0.37
23.48578453063965 1624363733.315689 0.37
24.103832244873047 1624363733.322652 0.37
24.103832244873047 1624363733.329659 0.37
23.48578453063965 1624363733.336686 0.37
24.103832244873047 1624363733.343677 0.37
23.48578453063965 1624363733.350738 0.37
23.48578453063965 1624363733.357675 0.37
24.103832244873047 1624363733.36481 0.37
23.48578453063965 1624363733.37174 0.37
24.103832244873047 1624363733.378765 0.37
23.48578453063965 1624363733.385734 0.37
23.48578453063965 1624363733.392592 0.37
24.103832244873047 1624363733.399582 0.37
23.48578453063965 1624363733.406628 0.37
24.103832244873047 1624363733.413518 0.37
24.103832244873047 1624363733.420504 0.37
23.48578453063965 1624363733.427536 0.37
23.48578453063965 1624363733.434506 0.37
23.48578453063965 1624363733.441536 0.37
24.103832244873047 1624363733.448609 0.37
24.103832244873047 1624363733.455613 0.37
23.48578453063965 1624363733.462609 0.37
24.103832244873047 1624363733.469596 0.37
24.103832244873047 1624363733.476626 0.37
23.48578453063965 1624363733.48361 0.37
24.103832244873047 1624363733.490602 0.37
23.48578453063965 1624363733.497624 0.37
24.103832244873047 1624363733.504649 0.37
24.103832244873047 1624363733.511647 0.37
23.48578453063965 1624363733.518646 0.37
24.103832244873047 1624363733.52559 0.37
23.48578453063965 1624363733.532592 0.37
23.48578453063965 1624363733.539648 0.37
24.103832244873047 1624363733.546636 0.37
23.48578453063965 1624363733.553677 0.37
24.103832244873047 1624363733.560642 0.37
24.103832244873047 1624363733.567697 0.37
23.48578453063965 1624363733.574678 0.37
24.103832244873047 1624363733.581635 0.37
23.48578453063965 1624363733.588691 0.37
24.103832244873047 1624363733.595609 0.37
24.103832244873047 1624363733.602389 0.37
23.48578453063965 1624363733.609512 0.37
23.48578453063965 1624363733.616441 0.37
23.48578453063965 1624363733.62344 0.37
23.48578453063965 1624363733.630541 0.37
23.48578453063965 1624363733.637456 0.37
23.48578453063965 1624363733.6445 0.37
24.103832244873047 1624363733.651496 0.37
23.48578453063965 1624363733.658501 0.37
23.48578453063965 1624363733.665557 0.37
24.103832244873047 1624363733.67259 0.37
23.48578453063965 1624363733.679585 0.37
23.48578453063965 1624363733.686569 0.37
23.48578453063965 1624363733.693531 0.37
23.48578453063965 1624363733.70057 0.37
24.103832244873047 1624363733.707613 0.37
23.48578453063965 1624363733.714563 0.37
24.103832244873047 1624363733.721552 0.37
24.103832244873047 1624363733.728582 0.37
23.48578453063965 1624363733.735566 0.37
23.48578453063965 1624363733.742556 0.37
24.103832244873047 1624363733.749556 0.37
23.48578453063965 1624363733.75661 0.37
23.48578453063965 1624363733.763543 0.37
23.48578453063965 1624363733.770496 0.37
24.103832244873047 1624363733.777542 0.37
24.103832244873047 1624363733.78453 0.37
23.48578453063965 1624363733.791568 0.37
23.48578453063965 1624363733.798533 0.37
23.48578453063965 1624363733.805558 0.37
24.103832244873047 1624363733.812418 0.37
24.103832244873047 1624363733.819466 0.37
23.48578453063965 1624363733.826412 0.37
24.103832244873047 1624363733.83343 0.37
23.48578453063965 1624363733.840469 0.37
23.48578453063965 1624363733.847453 0.37
23.48578453063965 1624363733.854519 0.37
23.48578453063965 1624363733.861478 0.37
24.103832244873047 1624363733.868487 0.37
24.103832244873047 1624363733.875468 0.37
23.48578453063965 1624363733.882433 0.37
24.103832244873047 1624363733.889523 0.37
23.48578453063965 1624363733.896473 0.37
24.103832244873047 1624363733.903469 0.37
23.48578453063965 1624363733.910526 0.37
23.48578453063965 1624363733.917507 0.37
24.103832244873047 1624363733.924574 0.37
24.103832244873047 1624363733.931475 0.37
23.48578453063965 1624363733.938612 0.37
24.103832244873047 1624363733.945569 0.37
23.48578453063965 1624363733.952629 0.37
23.48578453063965 1624363733.95962 0.37
24.103832244873047 1624363733.966542 0.37
23.48578453063965 1624363733.973583 0.37
23.48578453063965 1624363733.980579 0.37
23.48578453063965 1624363733.987585 0.37
24.103832244873047 1624363733.994413 0.37
23.48578453063965 1624363734.001337 0.37
23.48578453063965 1624363734.008351 0.37
24.103832244873047 1624363734.015359 0.37
23.48578453063965 1624363734.022346 0.37
23.48578453063965 1624363734.02934 0.37
23.48578453063965 1624363734.036361 0.37
23.48578453063965 1624363734.04335 0.37
24.103832244873047 1624363734.050312 0.37
23.48578453063965 1624363734.057328 0.37
23.48578453063965 1624363734.064415 0.37
24.103832244873047 1624363734.071412 0.37
23.48578453063965 1624363734.078355 0.37
24.103832244873047 1624363734.085339 0.37
24.103832244873047 1624363734.092357 0.37
23.48578453063965 1624363734.099441 0.37
24.103832244873047 1624363734.106354 0.37
23.48578453063965 1624363734.113466 0.37
23.48578453063965 1624363734.120433 0.37
24.103832244873047 1624363734.1275 0.37
23.48578453063965 1624363734.134505 0.37
24.103832244873047 1624363734.1415 0.37
24.103832244873047 1624363734.148491 0.37
23.48578453063965 1624363734.155471 0.37
24.103832244873047 1624363734.162491 0.37
23.48578453063965 1624363734.169497 0.37
24.103832244873047 1624363734.176535 0.37
23.48578453063965 1624363734.18334 0.37
23.48578453063965 1624363734.190332 0.37
24.103832244873047 1624363734.197335 0.37
23.48578453063965 1624363734.204352 0.37
24.103832244873047 1624363734.211403 0.37
24.103832244873047 1624363734.218389 0.37
23.48578453063965 1624363734.225368 0.37
24.103832244873047 1624363734.232357 0.37
23.48578453063965 1624363734.239346 0.37
23.48578453063965 1624363734.246331 0.37
23.48578453063965 1624363734.253421 0.37
23.48578453063965 1624363734.260297 0.37
23.48578453063965 1624363734.267328 0.37
23.48578453063965 1624363734.27431 0.37
23.48578453063965 1624363734.281401 0.37
24.103832244873047 1624363734.28845 0.37
23.48578453063965 1624363734.295404 0.37
24.103832244873047 1624363734.302418 0.37
24.103832244873047 1624363734.309429 0.37
23.48578453063965 1624363734.316457 0.37
24.103832244873047 1624363734.323443 0.37
23.48578453063965 1624363734.330444 0.37
23.48578453063965 1624363734.337386 0.37
23.48578453063965 1624363734.344382 0.37
23.48578453063965 1624363734.351343 0.37
24.103832244873047 1624363734.358453 0.37
23.48578453063965 1624363734.365339 0.37
23.48578453063965 1624363734.372176 0.37
24.103832244873047 1624363734.379328 0.37
23.48578453063965 1624363734.386283 0.37
24.103832244873047 1624363734.39328 0.37
24.103832244873047 1624363734.40025 0.37
23.48578453063965 1624363734.407238 0.37
23.48578453063965 1624363734.414308 0.37
23.48578453063965 1624363734.421315 0.37
23.48578453063965 1624363734.428336 0.37
24.103832244873047 1624363734.435347 0.37
23.48578453063965 1624363734.442328 0.37
23.48578453063965 1624363734.449328 0.37
23.48578453063965 1624363734.456295 0.37
23.48578453063965 1624363734.463335 0.37
23.48578453063965 1624363734.470315 0.37
23.48578453063965 1624363734.477327 0.37
24.103832244873047 1624363734.484313 0.37
24.103832244873047 1624363734.491305 0.37
23.48578453063965 1624363734.498345 0.37
24.103832244873047 1624363734.505349 0.37
23.48578453063965 1624363734.513393 0.37
23.48578453063965 1624363734.520383 0.37
24.103832244873047 1624363734.527391 0.37
23.48578453063965 1624363734.53441 0.37
23.48578453063965 1624363734.541385 0.37
23.48578453063965 1624363734.548257 0.37
23.48578453063965 1624363734.555263 0.37
23.48578453063965 1624363734.562235 0.37
23.48578453063965 1624363734.569239 0.37
23.48578453063965 1624363734.576229 0.37
23.48578453063965 1624363734.583209 0.37
23.48578453063965 1624363734.590269 0.37
24.103832244873047 1624363734.597266 0.37
23.48578453063965 1624363734.604308 0.37
23.48578453063965 1624363734.611315 0.37
24.103832244873047 1624363734.618295 0.37
23.48578453063965 1624363734.625271 0.37
23.48578453063965 1624363734.63225 0.37
23.48578453063965 1624363734.639356 0.37
23.48578453063965 1624363734.646253 0.37
24.103832244873047 1624363734.653303 0.37
23.48578453063965 1624363734.66028 0.37
24.103832244873047 1624363734.667207 0.37
24.103832244873047 1624363734.674201 0.37
23.48578453063965 1624363734.68125 0.37
24.103832244873047 1624363734.688281 0.37
23.48578453063965 1624363734.695321 0.37
24.103832244873047 1624363734.702324 0.37
24.103832244873047 1624363734.709328 0.37
23.48578453063965 1624363734.716299 0.37
24.103832244873047 1624363734.723098 0.37
23.48578453063965 1624363734.730119 0.37
23.48578453063965 1624363734.737125 0.37
24.103832244873047 1624363734.744171 0.37
23.48578453063965 1624363734.751191 0.37
24.103832244873047 1624363734.758237 0.37
23.48578453063965 1624363734.765279 0.37
23.48578453063965 1624363734.772159 0.37
24.103832244873047 1624363734.779175 0.37
23.48578453063965 1624363734.786251 0.37
24.103832244873047 1624363734.793268 0.37
23.48578453063965 1624363734.800208 0.37
23.48578453063965 1624363734.80724 0.37
23.48578453063965 1624363734.814222 0.37
23.48578453063965 1624363734.821258 0.37
23.48578453063965 1624363734.828175 0.37
23.48578453063965 1624363734.835207 0.37
23.48578453063965 1624363734.842223 0.37
24.103832244873047 1624363734.849195 0.37
24.103832244873047 1624363734.856249 0.37
23.48578453063965 1624363734.863245 0.37
24.103832244873047 1624363734.87024 0.37
23.48578453063965 1624363734.877267 0.37
23.48578453063965 1624363734.884212 0.37
24.103832244873047 1624363734.891059 0.37
23.48578453063965 1624363734.898144 0.37
24.103832244873047 1624363734.905082 0.37
23.48578453063965 1624363734.912047 0.37
23.48578453063965 1624363734.919039 0.37
23.48578453063965 1624363734.926129 0.37
23.48578453063965 1624363734.933076 0.37
24.103832244873047 1624363734.940057 0.37
23.48578453063965 1624363734.947156 0.37
23.48578453063965 1624363734.954171 0.37
24.103832244873047 1624363734.961164 0.37
23.48578453063965 1624363734.968169 0.37
23.48578453063965 1624363734.975212 0.37
23.48578453063965 1624363734.98222 0.37
23.48578453063965 1624363734.98915 0.37
24.103832244873047 1624363734.996178 0.37
23.48578453063965 1624363735.003154 0.37
23.48578453063965 1624363735.010129 0.37
24.103832244873047 1624363735.017143 0.37
23.48578453063965 1624363735.024202 0.37
24.103832244873047 1624363735.031151 0.37
23.48578453063965 1624363735.038228 0.37
23.48578453063965 1624363735.0452 0.37
24.103832244873047 1624363735.052191 0.37
23.48578453063965 1624363735.058946 0.37
24.103832244873047 1624363735.066009 0.37
23.48578453063965 1624363735.073032 0.37
23.48578453063965 1624363735.079954 0.37
24.103832244873047 1624363735.08701 0.37
23.48578453063965 1624363735.094019 0.37
24.103832244873047 1624363735.101049 0.37
23.48578453063965 1624363735.108238 0.37
23.48578453063965 1624363735.115058 0.37
23.48578453063965 1624363735.122121 0.37
23.48578453063965 1624363735.129067 0.37
23.48578453063965 1624363735.136079 0.37
23.48578453063965 1624363735.143067 0.37
23.48578453063965 1624363735.150125 0.37
24.103832244873047 1624363735.157081 0.37
24.103832244873047 1624363735.164183 0.37
23.48578453063965 1624363735.171124 0.37
24.103832244873047 1624363735.17813 0.37
23.48578453063965 1624363735.185167 0.37
24.103832244873047 1624363735.192133 0.37
24.103832244873047 1624363735.19918 0.37
23.48578453063965 1624363735.206176 0.37
24.103832244873047 1624363735.213163 0.37
23.48578453063965 1624363735.220117 0.37
23.48578453063965 1624363735.227075 0.37
24.103832244873047 1624363735.234135 0.37
23.48578453063965 1624363735.241111 0.37
24.103832244873047 1624363735.248134 0.37
23.48578453063965 1624363735.255177 0.37
23.48578453063965 1624363735.261934 0.37
23.48578453063965 1624363735.268973 0.37
23.48578453063965 1624363735.276065 0.37
24.103832244873047 1624363735.283011 0.37
23.48578453063965 1624363735.289953 0.37
23.48578453063965 1624363735.296969 0.37
23.48578453063965 1624363735.304057 0.37
23.48578453063965 1624363735.310986 0.37
23.48578453063965 1624363735.317989 0.37
24.103832244873047 1624363735.325001 0.37
23.48578453063965 1624363735.332003 0.37
23.48578453063965 1624363735.338957 0.37
23.48578453063965 1624363735.345969 0.37
23.48578453063965 1624363735.352989 0.37
24.103832244873047 1624363735.359999 0.37
23.48578453063965 1624363735.367055 0.37
24.103832244873047 1624363735.374073 0.37
23.48578453063965 1624363735.381099 0.37
23.48578453063965 1624363735.388093 0.37
24.103832244873047 1624363735.395116 0.37
23.47127914428711 1624363735.40211 0.37
24.103832244873047 1624363735.409101 0.37
24.103832244873047 1624363735.416105 0.37
23.48578453063965 1624363735.423069 0.37
24.103832244873047 1624363735.43012 0.37
23.48578453063965 1624363735.437143 0.37
23.48578453063965 1624363735.44409 0.37
24.103832244873047 1624363735.451079 0.37
23.48578453063965 1624363735.457898 0.37
24.103832244873047 1624363735.464978 0.37
23.48578453063965 1624363735.471869 0.37
23.48578453063965 1624363735.478935 0.37
23.48578453063965 1624363735.485912 0.37
23.48578453063965 1624363735.492939 0.37
24.103832244873047 1624363735.499892 0.37
24.103832244873047 1624363735.506902 0.37
23.48578453063965 1624363735.513978 0.37
23.48578453063965 1624363735.520932 0.37
23.48578453063965 1624363735.528015 0.37
23.47127914428711 1624363735.535 0.37
24.103832244873047 1624363735.541984 0.37
23.48578453063965 1624363735.549023 0.37
23.48578453063965 1624363735.556042 0.37
23.48578453063965 1624363735.56302 0.37
23.48578453063965 1624363735.569991 0.37
23.48578453063965 1624363735.576983 0.37
23.48578453063965 1624363735.584042 0.37
24.103832244873047 1624363735.591052 0.37
23.48578453063965 1624363735.597993 0.37
23.48578453063965 1624363735.604992 0.37
24.088943481445312 1624363735.611944 0.37
23.48578453063965 1624363735.618998 0.37
24.103832244873047 1624363735.626024 0.37
24.103832244873047 1624363735.632842 0.37
23.48578453063965 1624363735.63984 0.37
23.48578453063965 1624363735.646841 0.37
23.48578453063965 1624363735.653869 0.37
23.48578453063965 1624363735.660881 0.37
23.48578453063965 1624363735.667876 0.37
23.48578453063965 1624363735.674835 0.37
23.48578453063965 1624363735.681786 0.37
23.48578453063965 1624363735.68892 0.37
23.48578453063965 1624363735.695913 0.37
23.48578453063965 1624363735.702912 0.37
23.48578453063965 1624363735.709931 0.37
24.103832244873047 1624363735.716934 0.37
23.48578453063965 1624363735.723868 0.37
23.48578453063965 1624363735.730986 0.37
23.48578453063965 1624363735.737922 0.37
23.48578453063965 1624363735.744954 0.37
23.48578453063965 1624363735.752032 0.37
23.47127914428711 1624363735.758991 0.37
23.48578453063965 1624363735.766047 0.37
24.103832244873047 1624363735.773014 0.37
23.48578453063965 1624363735.780018 0.37
23.48578453063965 1624363735.786996 0.37
23.47127914428711 1624363735.794027 0.37
23.48578453063965 1624363735.800946 0.37
23.48578453063965 1624363735.807934 0.37
23.48578453063965 1624363735.814952 0.37
23.48578453063965 1624363735.821794 0.37
23.48578453063965 1624363735.828872 0.37
23.48578453063965 1624363735.835851 0.37
24.103832244873047 1624363735.842816 0.37
24.103832244873047 1624363735.849812 0.37
23.48578453063965 1624363735.856824 0.37
23.48578453063965 1624363735.863813 0.37
23.48578453063965 1624363735.87083 0.37
23.48578453063965 1624363735.877828 0.37
23.48578453063965 1624363735.884907 0.37
23.48578453063965 1624363735.89189 0.37
23.48578453063965 1624363735.898838 0.37
23.48578453063965 1624363735.905913 0.37
23.48578453063965 1624363735.912885 0.37
23.47127914428711 1624363735.919883 0.37
23.48578453063965 1624363735.926855 0.37
24.103832244873047 1624363735.933881 0.37
24.103832244873047 1624363735.940863 0.37
23.48578453063965 1624363735.947901 0.37
24.103832244873047 1624363735.954792 0.37
23.48578453063965 1624363735.961884 0.37
23.47127914428711 1624363735.968977 0.37
24.103832244873047 1624363735.975917 0.37
23.48578453063965 1624363735.98288 0.37
23.48578453063965 1624363735.989775 0.37
23.48578453063965 1624363735.996788 0.37
23.47127914428711 1624363736.003845 0.37
23.48578453063965 1624363736.010863 0.37
23.48578453063965 1624363736.017757 0.37
23.48578453063965 1624363736.024738 0.37
23.48578453063965 1624363736.031733 0.37
23.47127914428711 1624363736.038733 0.37
24.103832244873047 1624363736.045814 0.37
23.48578453063965 1624363736.052765 0.37
24.103832244873047 1624363736.05976 0.37
24.103832244873047 1624363736.066772 0.37
23.48578453063965 1624363736.073785 0.37
23.48578453063965 1624363736.080702 0.37
23.47127914428711 1624363736.087701 0.37
23.47127914428711 1624363736.094722 0.37
23.48578453063965 1624363736.101782 0.37
23.48578453063965 1624363736.108873 0.37
23.47127914428711 1624363736.115775 0.37
23.48578453063965 1624363736.122908 0.37
23.48578453063965 1624363736.12994 0.37
24.103832244873047 1624363736.136838 0.37
23.48578453063965 1624363736.14385 0.37
24.103832244873047 1624363736.150842 0.37
23.48578453063965 1624363736.157868 0.37
23.48578453063965 1624363736.164829 0.37
24.103832244873047 1624363736.171911 0.37
23.47127914428711 1624363736.178854 0.37
24.103832244873047 1624363736.185886 0.37
24.103832244873047 1624363736.192709 0.37
23.48578453063965 1624363736.199782 0.37
23.48578453063965 1624363736.206745 0.37
23.48578453063965 1624363736.21374 0.37
23.48578453063965 1624363736.220741 0.37
23.48578453063965 1624363736.227744 0.37
23.47127914428711 1624363736.234712 0.37
23.48578453063965 1624363736.241697 0.37
24.103832244873047 1624363736.248708 0.37
23.48578453063965 1624363736.255662 0.37
23.48578453063965 1624363736.262693 0.37
23.48578453063965 1624363736.269745 0.37
24.103832244873047 1624363736.276829 0.37
24.103832244873047 1624363736.283758 0.37
23.48578453063965 1624363736.29078 0.37
23.48578453063965 1624363736.297741 0.37
23.48578453063965 1624363736.304719 0.37
23.47127914428711 1624363736.311712 0.37
23.48578453063965 1624363736.318713 0.37
23.48578453063965 1624363736.325758 0.37
23.48578453063965 1624363736.332815 0.37
23.48578453063965 1624363736.339803 0.37
23.47127914428711 1624363736.346875 0.37
23.47127914428711 1624363736.353792 0.37
23.48578453063965 1624363736.360823 0.37
23.48578453063965 1624363736.367846 0.37
23.48578453063965 1624363736.374821 0.37
23.48578453063965 1624363736.381844 0.37
24.103832244873047 1624363736.388823 0.37
23.47127914428711 1624363736.395828 0.37
23.48578453063965 1624363736.40268 0.37
23.47127914428711 1624363736.409594 0.37
23.48578453063965 1624363736.416581 0.37
23.48578453063965 1624363736.423649 0.37
23.48578453063965 1624363736.430687 0.37
23.48578453063965 1624363736.437672 0.37
24.103832244873047 1624363736.444677 0.37
23.48578453063965 1624363736.451659 0.37
23.48578453063965 1624363736.458621 0.37
23.48578453063965 1624363736.465631 0.37
23.48578453063965 1624363736.472612 0.37
24.103832244873047 1624363736.479669 0.37
23.48578453063965 1624363736.486696 0.37
24.103832244873047 1624363736.493671 0.37
23.48578453063965 1624363736.500612 0.37
23.48578453063965 1624363736.507718 0.37
24.103832244873047 1624363736.514647 0.37
23.48578453063965 1624363736.521624 0.37
24.103832244873047 1624363736.528767 0.37
23.48578453063965 1624363736.535765 0.37
23.48578453063965 1624363736.542762 0.37
24.103832244873047 1624363736.54973 0.37
23.48578453063965 1624363736.556741 0.37
23.48578453063965 1624363736.563752 0.37
23.48578453063965 1624363736.570735 0.37
23.48578453063965 1624363736.577688 0.37
24.103832244873047 1624363736.584756 0.37
23.48578453063965 1624363736.591712 0.37
23.48578453063965 1624363736.598741 0.37
23.48578453063965 1624363736.605767 0.37
23.48578453063965 1624363736.612804 0.37
23.48578453063965 1624363736.619809 0.37
23.48578453063965 1624363736.626615 0.37
23.48578453063965 1624363736.633608 0.37
23.47127914428711 1624363736.640587 0.37
23.48578453063965 1624363736.647605 0.37
23.48578453063965 1624363736.654605 0.37
24.088943481445312 1624363736.661548 0.37
23.48578453063965 1624363736.668664 0.37
23.48578453063965 1624363736.675648 0.37
23.47127914428711 1624363736.682597 0.37
23.48578453063965 1624363736.689619 0.37
24.103832244873047 1624363736.696655 0.37
23.48578453063965 1624363736.703652 0.37
23.48578453063965 1624363736.710579 0.37
24.103832244873047 1624363736.717595 0.37
23.48578453063965 1624363736.724689 0.37
24.088943481445312 1624363736.731648 0.37
23.48578453063965 1624363736.738662 0.37
23.48578453063965 1624363736.745715 0.37
23.48578453063965 1624363736.752719 0.37
23.48578453063965 1624363736.759728 0.37
23.48578453063965 1624363736.766666 0.37
23.48578453063965 1624363736.773703 0.37
23.48578453063965 1624363736.780676 0.37
23.48578453063965 1624363736.787733 0.37
23.48578453063965 1624363736.794673 0.37
24.103832244873047 1624363736.801707 0.37
23.48578453063965 1624363736.808696 0.37
23.48578453063965 1624363736.815706 0.37
23.48578453063965 1624363736.822687 0.37
23.48578453063965 1624363736.82952 0.37
23.47127914428711 1624363736.836549 0.37
23.48578453063965 1624363736.843583 0.37
23.48578453063965 1624363736.850525 0.37
23.47127914428711 1624363736.85753 0.37
23.47127914428711 1624363736.864575 0.37
24.103832244873047 1624363736.871551 0.37
23.48578453063965 1624363736.87859 0.37
23.48578453063965 1624363736.885554 0.37
24.103832244873047 1624363736.892552 0.37
23.48578453063965 1624363736.899588 0.37
23.48578453063965 1624363736.906566 0.37
23.48578453063965 1624363736.913528 0.37
23.48578453063965 1624363736.920507 0.37
24.103832244873047 1624363736.927633 0.37
23.48578453063965 1624363736.93456 0.37
23.48578453063965 1624363736.941636 0.37
23.48578453063965 1624363736.948584 0.37
23.48578453063965 1624363736.955595 0.37
24.103832244873047 1624363736.96258 0.37
24.103832244873047 1624363736.969581 0.37
23.48578453063965 1624363736.976534 0.37
24.103832244873047 1624363736.983582 0.37
23.48578453063965 1624363736.990583 0.37
23.48578453063965 1624363736.99757 0.37
23.48578453063965 1624363737.004587 0.37
23.48578453063965 1624363737.011618 0.37
23.48578453063965 1624363737.018664 0.37
23.48578453063965 1624363737.025531 0.37
23.48578453063965 1624363737.032599 0.37
23.48578453063965 1624363737.039736 0.37
23.48578453063965 1624363737.046593 0.37
24.088943481445312 1624363737.053638 0.37
23.47127914428711 1624363737.060496 0.37
23.48578453063965 1624363737.067428 0.37
23.48578453063965 1624363737.07448 0.37
23.48578453063965 1624363737.081448 0.37
23.48578453063965 1624363737.08862 0.37
23.47127914428711 1624363737.095432 0.37
23.48578453063965 1624363737.102561 0.37
23.48578453063965 1624363737.109474 0.37
23.48578453063965 1624363737.116535 0.37
23.48578453063965 1624363737.123467 0.37
24.103832244873047 1624363737.130454 0.37
23.48578453063965 1624363737.137484 0.37
24.103832244873047 1624363737.144583 0.37
23.48578453063965 1624363737.15156 0.37
23.48578453063965 1624363737.158549 0.37
24.103832244873047 1624363737.165549 0.37
23.48578453063965 1624363737.172521 0.37
24.103832244873047 1624363737.179542 0.37
24.103832244873047 1624363737.186564 0.37
23.48578453063965 1624363737.193559 0.37
23.48578453063965 1624363737.200591 0.37
23.48578453063965 1624363737.20754 0.37
23.48578453063965 1624363737.214557 0.37
23.47127914428711 1624363737.221504 0.37
23.48578453063965 1624363737.228559 0.37
23.48578453063965 1624363737.235545 0.37
23.47127914428711 1624363737.242545 0.37
23.48578453063965 1624363737.24956 0.37
23.48578453063965 1624363737.256577 0.37
23.48578453063965 1624363737.263565 0.37
23.48578453063965 1624363737.270595 0.37
23.48578453063965 1624363737.277594 0.37
23.48578453063965 1624363737.284581 0.37
23.48578453063965 1624363737.291532 0.37
23.48578453063965 1624363737.298533 0.37
23.48578453063965 1624363737.305542 0.37
23.47127914428711 1624363737.312579 0.37
23.48578453063965 1624363737.319557 0.37
23.48578453063965 1624363737.326557 0.37
23.48578453063965 1624363737.333532 0.37
23.48578453063965 1624363737.340377 0.37
23.47127914428711 1624363737.347368 0.37
23.48578453063965 1624363737.354389 0.37
24.103832244873047 1624363737.361396 0.37
23.48578453063965 1624363737.368443 0.37
23.48578453063965 1624363737.375353 0.37
23.48578453063965 1624363737.382357 0.37
23.48578453063965 1624363737.389386 0.37
23.48578453063965 1624363737.396412 0.37
24.103832244873047 1624363737.403384 0.37
23.48578453063965 1624363737.410424 0.37
23.48578453063965 1624363737.417385 0.37
23.48578453063965 1624363737.424433 0.37
23.48578453063965 1624363737.431379 0.37
23.47127914428711 1624363737.438475 0.37
23.47127914428711 1624363737.445473 0.37
23.47127914428711 1624363737.452393 0.37
23.48578453063965 1624363737.45951 0.37
23.48578453063965 1624363737.466483 0.37
24.103832244873047 1624363737.47347 0.37
23.48578453063965 1624363737.480469 0.37
23.48578453063965 1624363737.487467 0.37
24.103832244873047 1624363737.494412 0.37
23.48578453063965 1624363737.501453 0.37
24.103832244873047 1624363737.508487 0.37
23.48578453063965 1624363737.51545 0.37
23.48578453063965 1624363737.522435 0.37
24.103832244873047 1624363737.529527 0.37
23.48578453063965 1624363737.536604 0.37
23.48578453063965 1624363737.543568 0.37
23.47127914428711 1624363737.550317 0.37
23.48578453063965 1624363737.557271 0.37
23.48578453063965 1624363737.56429 0.37
23.47127914428711 1624363737.571334 0.37
23.48578453063965 1624363737.578326 0.37
24.088943481445312 1624363737.58531 0.37
23.48578453063965 1624363737.592406 0.37
24.103832244873047 1624363737.599298 0.37
23.47127914428711 1624363737.606333 0.37
23.48578453063965 1624363737.613336 0.37
23.48578453063965 1624363737.620367 0.37
23.48578453063965 1624363737.627362 0.37
23.48578453063965 1624363737.634374 0.37
24.103832244873047 1624363737.64136 0.37
23.48578453063965 1624363737.648379 0.37
23.48578453063965 1624363737.655381 0.37
23.48578453063965 1624363737.662366 0.37
23.48578453063965 1624363737.669338 0.37
23.47127914428711 1624363737.676409 0.37
23.48578453063965 1624363737.683393 0.37
23.48578453063965 1624363737.690449 0.37
23.48578453063965 1624363737.697435 0.37
23.47127914428711 1624363737.70439 0.37
23.48578453063965 1624363737.711355 0.37
23.48578453063965 1624363737.718357 0.37
23.48578453063965 1624363737.725271 0.37
23.48578453063965 1624363737.732181 0.37
23.48578453063965 1624363737.739274 0.37
23.48578453063965 1624363737.746272 0.37
23.48578453063965 1624363737.753249 0.37
23.48578453063965 1624363737.760317 0.37
24.103832244873047 1624363737.7673 0.37
23.48578453063965 1624363737.774199 0.37
23.48578453063965 1624363737.781245 0.37
23.48578453063965 1624363737.788284 0.37
23.48578453063965 1624363737.795267 0.37
23.48578453063965 1624363737.802243 0.37
23.48578453063965 1624363737.809354 0.37
23.48578453063965 1624363737.816374 0.37
23.48578453063965 1624363737.823325 0.37
23.48578453063965 1624363737.830347 0.37
23.48578453063965 1624363737.837348 0.37
23.48578453063965 1624363737.844318 0.37
23.48578453063965 1624363737.851306 0.37
24.103832244873047 1624363737.858324 0.37
23.48578453063965 1624363737.865295 0.37
23.48578453063965 1624363737.872313 0.37
24.103832244873047 1624363737.879328 0.37
23.48578453063965 1624363737.886236 0.37
23.48578453063965 1624363737.893286 0.37
23.48578453063965 1624363737.90027 0.37
23.48578453063965 1624363737.907313 0.37
23.48578453063965 1624363737.9142 0.37
23.48578453063965 1624363737.921202 0.37
23.48578453063965 1624363737.928291 0.37
24.103832244873047 1624363737.935221 0.37
23.48578453063965 1624363737.942237 0.37
23.48578453063965 1624363737.949264 0.37
23.48578453063965 1624363737.956297 0.37
23.48578453063965 1624363737.963369 0.37
23.48578453063965 1624363737.97032 0.37
23.47127914428711 1624363737.977398 0.37
23.48578453063965 1624363737.984368 0.37
23.48578453063965 1624363737.991156 0.37
23.47127914428711 1624363737.998153 0.37
24.088943481445312 1624363738.005109 0.37
23.48578453063965 1624363738.012105 0.37
23.47127914428711 1624363738.019137 0.37
23.48578453063965 1624363738.026195 0.37
23.48578453063965 1624363738.033146 0.37
23.47127914428711 1624363738.040088 0.37
23.47127914428711 1624363738.047101 0.37
23.48578453063965 1624363738.054132 0.37
24.103832244873047 1624363738.061112 0.37
23.48578453063965 1624363738.068109 0.37
23.48578453063965 1624363738.075163 0.37
23.48578453063965 1624363738.082151 0.37
23.48578453063965 1624363738.089153 0.37
23.48578453063965 1624363738.096222 0.37
23.48578453063965 1624363738.103176 0.37
23.48578453063965 1624363738.110197 0.37
23.47127914428711 1624363738.117173 0.37
23.48578453063965 1624363738.124219 0.37
23.48578453063965 1624363738.131159 0.37
23.48578453063965 1624363738.138112 0.37
23.48578453063965 1624363738.145122 0.37
23.48578453063965 1624363738.152125 0.37
23.48578453063965 1624363738.159274 0.37
24.103832244873047 1624363738.166267 0.37
23.48578453063965 1624363738.173317 0.37
23.48578453063965 1624363738.180256 0.37
23.48578453063965 1624363738.187292 0.37
23.48578453063965 1624363738.194225 0.37
23.48578453063965 1624363738.201247 0.37
23.48578453063965 1624363738.208199 0.37
23.48578453063965 1624363738.215252 0.37
23.48578453063965 1624363738.222069 0.37
23.47127914428711 1624363738.229134 0.37
23.48578453063965 1624363738.236121 0.37
23.47127914428711 1624363738.243124 0.37
23.47127914428711 1624363738.250016 0.37
23.48578453063965 1624363738.257024 0.37
23.48578453063965 1624363738.264141 0.37
23.47127914428711 1624363738.271135 0.37
23.48578453063965 1624363738.27806 0.37
23.48578453063965 1624363738.285166 0.37
24.103832244873047 1624363738.292171 0.37
23.48578453063965 1624363738.299152 0.37
23.48578453063965 1624363738.306136 0.37
23.48578453063965 1624363738.31318 0.37
23.48578453063965 1624363738.320199 0.37
23.48578453063965 1624363738.327245 0.37
23.48578453063965 1624363738.334224 0.37
23.48578453063965 1624363738.341241 0.37
23.48578453063965 1624363738.348198 0.37
23.48578453063965 1624363738.355172 0.37
23.47127914428711 1624363738.362152 0.37
24.103832244873047 1624363738.369116 0.37
23.48578453063965 1624363738.376184 0.37
23.47127914428711 1624363738.383109 0.37
23.47127914428711 1624363738.390181 0.37
23.47127914428711 1624363738.397188 0.37
23.48578453063965 1624363738.404198 0.37
23.47127914428711 1624363738.411061 0.37
23.48578453063965 1624363738.418075 0.37
23.48578453063965 1624363738.425046 0.37
23.48578453063965 1624363738.43204 0.37
24.088943481445312 1624363738.439099 0.37
23.47127914428711 1624363738.44611 0.37
23.48578453063965 1624363738.452994 0.37
23.48578453063965 1624363738.460027 0.37
23.48578453063965 1624363738.467049 0.37
23.47127914428711 1624363738.474112 0.37
23.48578453063965 1624363738.481056 0.37
23.47127914428711 1624363738.487985 0.37
24.103832244873047 1624363738.494977 0.37
23.48578453063965 1624363738.501988 0.37
23.48578453063965 1624363738.508994 0.37
23.48578453063965 1624363738.516078 0.37
23.48578453063965 1624363738.523093 0.37
23.47127914428711 1624363738.53012 0.37
23.48578453063965 1624363738.537145 0.37
23.47127914428711 1624363738.544163 0.37
23.47127914428711 1624363738.551149 0.37
23.48578453063965 1624363738.558152 0.37
23.48578453063965 1624363738.565126 0.37
23.48578453063965 1624363738.572208 0.37
23.47127914428711 1624363738.579133 0.37
23.47127914428711 1624363738.586144 0.37
23.47127914428711 1624363738.59313 0.37
23.48578453063965 1624363738.600123 0.37
23.47127914428711 1624363738.607053 0.37
23.48578453063965 1624363738.613947 0.37
23.48578453063965 1624363738.62098 0.37
23.47127914428711 1624363738.627972 0.37
23.48578453063965 1624363738.635004 0.37
23.48578453063965 1624363738.642048 0.37
23.47127914428711 1624363738.649001 0.37
23.48578453063965 1624363738.656023 0.37
23.47127914428711 1624363738.66305 0.37
23.47127914428711 1624363738.669942 0.37
23.48578453063965 1624363738.676946 0.37
23.48578453063965 1624363738.68396 0.37
23.48578453063965 1624363738.69097 0.37
23.47127914428711 1624363738.697993 0.37
23.47127914428711 1624363738.705023 0.37
23.47127914428711 1624363738.711967 0.37
23.47127914428711 1624363738.719037 0.37
23.47127914428711 1624363738.726042 0.37
23.47127914428711 1624363738.733039 0.37
23.47127914428711 1624363738.74007 0.37
23.47127914428711 1624363738.747051 0.37
23.47127914428711 1624363738.754093 0.37
23.47127914428711 1624363738.76109 0.37
23.47127914428711 1624363738.768096 0.37
23.47127914428711 1624363738.775111 0.37
23.47127914428711 1624363738.782111 0.37
23.48578453063965 1624363738.789094 0.37
23.48578453063965 1624363738.79599 0.37
23.48578453063965 1624363738.80298 0.37
23.47127914428711 1624363738.809971 0.37
23.47127914428711 1624363738.816958 0.37
23.47127914428711 1624363738.82389 0.37
23.47127914428711 1624363738.830898 0.37
23.48578453063965 1624363738.837893 0.37
23.47127914428711 1624363738.844995 0.37
23.47127914428711 1624363738.851987 0.37
23.47127914428711 1624363738.858949 0.37
23.48578453063965 1624363738.86597 0.37
23.47127914428711 1624363738.872938 0.37
23.48578453063965 1624363738.879939 0.37
23.47127914428711 1624363738.887003 0.37
23.48578453063965 1624363738.893967 0.37
23.47127914428711 1624363738.901032 0.37
23.48578453063965 1624363738.907938 0.37
23.48578453063965 1624363738.91502 0.37
23.48578453063965 1624363738.922009 0.37
23.48578453063965 1624363738.92898 0.37
23.47127914428711 1624363738.936041 0.37
23.48578453063965 1624363738.943 0.37
23.47127914428711 1624363738.950053 0.37
23.48578453063965 1624363738.957041 0.37
23.47127914428711 1624363738.964085 0.37
23.47127914428711 1624363738.971121 0.37
23.47127914428711 1624363738.978084 0.37
23.47127914428711 1624363738.984832 0.37
23.48578453063965 1624363738.991824 0.37
23.47127914428711 1624363738.998791 0.37
23.48578453063965 1624363739.005749 0.37
23.48578453063965 1624363739.012799 0.37
23.48578453063965 1624363739.019839 0.37
23.47127914428711 1624363739.026919 0.37
23.48578453063965 1624363739.033807 0.37
23.47127914428711 1624363739.040835 0.37
23.47127914428711 1624363739.047794 0.37
23.47127914428711 1624363739.054796 0.37
23.48578453063965 1624363739.061837 0.37
23.47127914428711 1624363739.068853 0.37
24.103832244873047 1624363739.07586 0.37
23.47127914428711 1624363739.082858 0.37
23.47127914428711 1624363739.089884 0.37
23.47127914428711 1624363739.09684 0.37
23.47127914428711 1624363739.10384 0.37
23.47127914428711 1624363739.110952 0.37
23.48578453063965 1624363739.117902 0.37
23.48578453063965 1624363739.12502 0.37
23.47127914428711 1624363739.131995 0.37
23.47127914428711 1624363739.138937 0.37
23.48578453063965 1624363739.146003 0.37
23.48578453063965 1624363739.153013 0.37
23.48578453063965 1624363739.159918 0.37
23.47127914428711 1624363739.166965 0.37
23.48578453063965 1624363739.174002 0.37
23.47127914428711 1624363739.181006 0.37
23.47127914428711 1624363739.188029 0.37
23.47127914428711 1624363739.194858 0.37
23.48578453063965 1624363739.201832 0.37
23.48578453063965 1624363739.208827 0.37
23.47127914428711 1624363739.215822 0.37
24.088943481445312 1624363739.222826 0.37
23.47127914428711 1624363739.229835 0.37
23.47127914428711 1624363739.236848 0.37
23.48578453063965 1624363739.243847 0.37
23.48578453063965 1624363739.250814 0.37
23.47127914428711 1624363739.257824 0.37
23.48578453063965 1624363739.264845 0.37
23.48578453063965 1624363739.27181 0.37
23.47127914428711 1624363739.278893 0.37
23.48578453063965 1624363739.285876 0.37
23.47127914428711 1624363739.292805 0.37
23.48578453063965 1624363739.299827 0.37
23.48578453063965 1624363739.306871 0.37
24.088943481445312 1624363739.313872 0.37
23.48578453063965 1624363739.320892 0.37
23.48578453063965 1624363739.327831 0.37
23.47127914428711 1624363739.334814 0.37
23.48578453063965 1624363739.341836 0.37
23.47127914428711 1624363739.348806 0.37
23.47127914428711 1624363739.355801 0.37
23.47127914428711 1624363739.362882 0.37
23.48578453063965 1624363739.369914 0.37
23.47127914428711 1624363739.376864 0.37
24.103832244873047 1624363739.383886 0.37
23.48578453063965 1624363739.390931 0.37
23.47127914428711 1624363739.397886 0.37
23.48578453063965 1624363739.404872 0.37
23.48578453063965 1624363739.411855 0.37
24.103832244873047 1624363739.418892 0.37
23.47127914428711 1624363739.425706 0.37
23.47127914428711 1624363739.432701 0.37
23.48578453063965 1624363739.43972 0.37
23.47127914428711 1624363739.446768 0.37
23.47127914428711 1624363739.453776 0.37
23.48578453063965 1624363739.460732 0.37
23.47127914428711 1624363739.467746 0.37
24.103832244873047 1624363739.474739 0.37
23.47127914428711 1624363739.481706 0.37
23.47127914428711 1624363739.488715 0.37
23.48578453063965 1624363739.495762 0.37
23.47127914428711 1624363739.502728 0.37
24.103832244873047 1624363739.509862 0.37
23.48578453063965 1624363739.516738 0.37
23.47127914428711 1624363739.523809 0.37
24.103832244873047 1624363739.530812 0.37
23.47127914428711 1624363739.53777 0.37
23.47127914428711 1624363739.544802 0.37
23.47127914428711 1624363739.551753 0.37
23.47127914428711 1624363739.558715 0.37
23.47127914428711 1624363739.565767 0.37
23.48578453063965 1624363739.572781 0.37
23.47127914428711 1624363739.579792 0.37
23.48578453063965 1624363739.586812 0.37
23.47127914428711 1624363739.593781 0.37
23.47127914428711 1624363739.600789 0.37
23.47127914428711 1624363739.607736 0.37
23.47127914428711 1624363739.614756 0.37
23.48578453063965 1624363739.621664 0.37
23.47127914428711 1624363739.628685 0.37
23.47127914428711 1624363739.635703 0.37
23.48578453063965 1624363739.642715 0.37
23.48578453063965 1624363739.649713 0.37
23.47127914428711 1624363739.656669 0.37
23.47127914428711 1624363739.663675 0.37
24.088943481445312 1624363739.670795 0.37
23.47127914428711 1624363739.677646 0.37
23.47127914428711 1624363739.68464 0.37
23.47127914428711 1624363739.691747 0.37
23.47127914428711 1624363739.698654 0.37
23.48578453063965 1624363739.70568 0.37
23.47127914428711 1624363739.71265 0.37
23.47127914428711 1624363739.719757 0.37
23.47127914428711 1624363739.726728 0.37
23.47127914428711 1624363739.733657 0.37
23.47127914428711 1624363739.740734 0.37
23.47127914428711 1624363739.747723 0.37
23.48578453063965 1624363739.754762 0.37
23.47127914428711 1624363739.761798 0.37
23.48578453063965 1624363739.768811 0.37
23.48578453063965 1624363739.775787 0.37
23.47127914428711 1624363739.782787 0.37
23.47127914428711 1624363739.789762 0.37
23.48578453063965 1624363739.7968 0.37
23.47127914428711 1624363739.80375 0.37
23.47127914428711 1624363739.810796 0.37
23.47127914428711 1624363739.817723 0.37
23.48578453063965 1624363739.824795 0.37
23.47127914428711 1624363739.831765 0.37
23.48578453063965 1624363739.838702 0.37
23.48578453063965 1624363739.845599 0.37
23.47127914428711 1624363739.852534 0.37
23.48578453063965 1624363739.85964 0.37
23.47127914428711 1624363739.86658 0.37
23.47127914428711 1624363739.873654 0.37
23.48578453063965 1624363739.880622 0.37
23.47127914428711 1624363739.887656 0.37
24.088943481445312 1624363739.89468 0.37
23.47127914428711 1624363739.901657 0.37
23.48578453063965 1624363739.908726 0.37
23.47127914428711 1624363739.915664 0.37
23.47127914428711 1624363739.922682 0.37
23.48578453063965 1624363739.929717 0.37
23.47127914428711 1624363739.93673 0.37
23.47127914428711 1624363739.943726 0.37
23.47127914428711 1624363739.950675 0.37
23.48578453063965 1624363739.957708 0.37
23.48578453063965 1624363739.964653 0.37
23.47127914428711 1624363739.971679 0.37
23.47127914428711 1624363739.978659 0.37
23.47127914428711 1624363739.985741 0.37
23.47127914428711 1624363739.992673 0.37
23.47127914428711 1624363739.9997 0.37
23.47127914428711 1624363740.006635 0.37
23.47127914428711 1624363740.013673 0.37
23.47127914428711 1624363740.020496 0.37
23.47127914428711 1624363740.027484 0.37
23.47127914428711 1624363740.034502 0.37
23.48578453063965 1624363740.041594 0.37
23.47127914428711 1624363740.048491 0.37
23.47127914428711 1624363740.055548 0.37
23.47127914428711 1624363740.062534 0.37
23.47127914428711 1624363740.06955 0.37
23.47127914428711 1624363740.076604 0.37
23.47127914428711 1624363740.083614 0.37
23.47127914428711 1624363740.090619 0.37
23.47127914428711 1624363740.097621 0.37
23.47127914428711 1624363740.104615 0.37
23.47127914428711 1624363740.111581 0.37
23.47127914428711 1624363740.118607 0.37
23.47127914428711 1624363740.125676 0.37
23.47127914428711 1624363740.132623 0.37
23.48578453063965 1624363740.139567 0.37
24.088943481445312 1624363740.146589 0.37
23.47127914428711 1624363740.153589 0.37
23.47127914428711 1624363740.160639 0.37
23.47127914428711 1624363740.167604 0.37
23.48578453063965 1624363740.174602 0.37
23.47127914428711 1624363740.181588 0.37
23.47127914428711 1624363740.188598 0.37
23.47127914428711 1624363740.195621 0.37
24.088943481445312 1624363740.202588 0.37
23.47127914428711 1624363740.209662 0.37
23.47127914428711 1624363740.216447 0.37
23.48578453063965 1624363740.223524 0.37
23.47127914428711 1624363740.230457 0.37
23.47127914428711 1624363740.237477 0.37
23.48578453063965 1624363740.244468 0.37
23.47127914428711 1624363740.25148 0.37
23.47127914428711 1624363740.258492 0.37
23.48578453063965 1624363740.265506 0.37
23.48578453063965 1624363740.272587 0.37
23.48578453063965 1624363740.279544 0.37
23.47127914428711 1624363740.286547 0.37
23.47127914428711 1624363740.29355 0.37
23.47127914428711 1624363740.300456 0.37
23.47127914428711 1624363740.307447 0.37
23.47127914428711 1624363740.314573 0.37
23.47127914428711 1624363740.32159 0.37
23.48578453063965 1624363740.32858 0.37
23.47127914428711 1624363740.335605 0.37
23.47127914428711 1624363740.342597 0.37
23.48578453063965 1624363740.349574 0.37
