1100.2537841796875 1624363334.598325 0
1101.5228271484375 1624363334.605247 0
1096.2025146484375 1624363334.612245 0
1101.3941650390625 1624363334.619397 0
1105.4637451171875 1624363334.627219 0
1105.5980224609375 1624363334.634184 0
1106.734375 1624363334.641216 0
1106.8701171875 1624363334.648284 0
1106.734375 1624363334.655276 0
1108.1424560546875 1624363334.662346 0
1105.4637451171875 1624363334.669211 0
1105.4637451171875 1624363334.676185 0
1106.8701171875 1624363334.683231 0
1105.4637451171875 1624363334.690338 0
1104.193115234375 1624363334.697247 0
1102.7918701171875 1624363334.704383 0
1104.0609130859375 1624363334.711356 0
1104.0609130859375 1624363334.718294 0
1106.8701171875 1624363334.725296 0
1105.4637451171875 1624363334.732313 0
1100.126708984375 1624363334.739369 0
1105.4637451171875 1624363334.746361 0
1104.193115234375 1624363334.753433 0
1104.193115234375 1624363334.760191 0
1106.8701171875 1624363334.767262 0
1106.8701171875 1624363334.774259 0
1108.1424560546875 1624363334.781243 0
1105.4637451171875 1624363334.788232 0
1104.193115234375 1624363334.795203 0
1104.193115234375 1624363334.802189 0
1105.4637451171875 1624363334.809262 0
1102.7918701171875 1624363334.816148 0
1101.5228271484375 1624363334.823188 0
1098.8592529296875 1624363334.830165 0
1100.126708984375 1624363334.837169 0
1101.5228271484375 1624363334.844251 0
1100.126708984375 1624363334.85128 0
1101.5228271484375 1624363334.858136 0
1101.3941650390625 1624363334.865165 0
1104.193115234375 1624363334.872142 0
1098.8592529296875 1624363334.879195 0
1098.8592529296875 1624363334.886257 0
1094.936767578125 1624363334.893266 0
1094.816650390625 1624363334.900261 0
1098.8592529296875 1624363334.907283 0
1096.0809326171875 1624363334.914271 0
1096.2025146484375 1624363334.921313 0
1093.434326171875 1624363334.928276 0
1093.434326171875 1624363334.935334 0
1094.816650390625 1624363334.942311 0
1090.9091796875 1624363334.949306 0
1087.0113525390625 1624363334.956104 0
1085.642333984375 1624363334.96316 0
1088.1612548828125 1624363334.97014 0
1086.9017333984375 1624363334.977179 0
1086.9017333984375 1624363334.984116 0
1086.9017333984375 1624363334.991183 0
1088.2723388671875 1624363334.998196 0
1088.1612548828125 1624363335.005163 0
1086.9017333984375 1624363335.012171 0
1085.642333984375 1624363335.019116 0
1085.642333984375 1624363335.026187 0
1080.4019775390625 1624363335.033158 0
1079.04638671875 1624363335.040182 0
1084.2767333984375 1624363335.047231 0
1085.642333984375 1624363335.054163 0
1080.5030517578125 1624363335.061221 0
1079.04638671875 1624363335.068168 0
1080.4019775390625 1624363335.075177 0
1075.1878662109375 1624363335.082211 0
1079.04638671875 1624363335.089304 0
1075.1878662109375 1624363335.096258 0
1077.791748046875 1624363335.103282 0
1076.4410400390625 1624363335.11028 0
1075.1878662109375 1624363335.117226 0
1078.9473876953125 1624363335.124249 0
1077.791748046875 1624363335.131097 0
1072.5906982421875 1624363335.138143 0
1068.6641845703125 1624363335.145069 0
1072.5906982421875 1624363335.152059 0
1069.91259765625 1624363335.159064 0
1067.415771484375 1624363335.166248 0
1063.5118408203125 1624363335.173113 0
1068.6641845703125 1624363335.180076 0
1064.837890625 1624363335.187055 0
1066.084716796875 1624363335.194094 0
1066.084716796875 1624363335.201297 0
1066.084716796875 1624363335.208056 0
1066.084716796875 1624363335.215022 0
1062.2664794921875 1624363335.222037 0
1059.701416015625 1624363335.229084 0
1060.9453125 1624363335.236015 0
1063.5118408203125 1624363335.243043 0
1060.9453125 1624363335.250068 0
1062.1890869140625 1624363335.257059 0
1060.9453125 1624363335.264073 0
1063.5118408203125 1624363335.271073 0
1060.9453125 1624363335.278138 0
1060.9453125 1624363335.285124 0
1059.701416015625 1624363335.292126 0
1058.3851318359375 1624363335.298937 0
1059.6273193359375 1624363335.305898 0
1051.980224609375 1624363335.312942 0
1053.2838134765625 1624363335.320032 0
1049.5050048828125 1624363335.327027 0
1048.2076416015625 1624363335.334026 0
1049.4437255859375 1624363335.341054 0
1048.2076416015625 1624363335.34806 0
1048.2076416015625 1624363335.355003 0
1049.4437255859375 1624363335.361986 0
1052.044677734375 1624363335.36909 0
1052.044677734375 1624363335.376019 0
1053.2838134765625 1624363335.383 0
1052.109130859375 1624363335.390077 0
1054.590576171875 1624363335.397116 0
1050.74267578125 1624363335.404089 0
1049.5050048828125 1624363335.410996 0
1050.74267578125 1624363335.418022 0
1054.590576171875 1624363335.425058 0
1052.044677734375 1624363335.432049 0
1054.590576171875 1624363335.439125 0
1053.2838134765625 1624363335.446131 0
1055.831298828125 1624363335.453182 0
1055.831298828125 1624363335.460192 0
1053.2838134765625 1624363335.46713 0
1053.2838134765625 1624363335.473944 0
1052.044677734375 1624363335.48096 0
1050.74267578125 1624363335.487984 0
1052.044677734375 1624363335.494989 0
1050.74267578125 1624363335.502028 0
1048.2076416015625 1624363335.509026 0
1046.91357421875 1624363335.516052 0
1049.5050048828125 1624363335.523015 0
1049.5050048828125 1624363335.529985 0
1044.4444580078125 1624363335.536997 0
1044.4444580078125 1624363335.544019 0
1045.678955078125 1624363335.55093 0
1044.4444580078125 1624363335.557911 0
1044.4444580078125 1624363335.56495 0
1040.640380859375 1624363335.571917 0
1039.408935546875 1624363335.57893 0
1041.923583984375 1624363335.585938 0
1044.4444580078125 1624363335.592942 0
1044.4444580078125 1624363335.599969 0
1045.678955078125 1624363335.607027 0
1044.4444580078125 1624363335.614068 0
1045.678955078125 1624363335.621089 0
1048.2076416015625 1624363335.62807 0
1048.2076416015625 1624363335.635068 0
1046.9715576171875 1624363335.642066 0
1046.9715576171875 1624363335.648917 0
1043.2099609375 1624363335.655943 0
1044.4444580078125 1624363335.662931 0
1044.4444580078125 1624363335.669903 0
1043.1566162109375 1624363335.676904 0
1046.91357421875 1624363335.683879 0
1048.2076416015625 1624363335.690936 0
1044.4444580078125 1624363335.697884 0
1048.2076416015625 1624363335.704951 0
1050.805419921875 1624363335.712006 0
1053.2838134765625 1624363335.718914 0
1054.590576171875 1624363335.725931 0
1054.590576171875 1624363335.732951 0
1050.74267578125 1624363335.739977 0
1050.74267578125 1624363335.746981 0
1050.74267578125 1624363335.753927 0
1050.74267578125 1624363335.760965 0
1052.044677734375 1624363335.768014 0
1053.2838134765625 1624363335.775045 0
1055.831298828125 1624363335.782012 0
1054.590576171875 1624363335.78899 0
1053.2838134765625 1624363335.795911 0
1057.0718994140625 1624363335.802961 0
1060.9453125 1624363335.809949 0
1058.3851318359375 1624363335.816852 0
1059.701416015625 1624363335.823794 0
1057.142822265625 1624363335.830903 0
1058.3851318359375 1624363335.837935 0
1058.3851318359375 1624363335.844932 0
1058.3851318359375 1624363335.851921 0
1060.9453125 1624363335.85892 0
1063.5118408203125 1624363335.865955 0
1066.084716796875 1624363335.872949 0
1066.084716796875 1624363335.879966 0
1067.3316650390625 1624363335.886878 0
1070.0 1624363335.893885 0
1068.6641845703125 1624363335.900906 0
1068.6641845703125 1624363335.907974 0
1068.6641845703125 1624363335.914887 0
1069.91259765625 1624363335.921888 0
1068.6641845703125 1624363335.928886 0
1071.25 1624363335.935841 0
1075.1878662109375 1624363335.942875 0
1071.339111328125 1624363335.94994 0
1072.5906982421875 1624363335.956964 0
1072.5906982421875 1624363335.963984 0
1071.25 1624363335.970937 0
1076.4410400390625 1624363335.978028 0
1073.934814453125 1624363335.984933 0
1067.415771484375 1624363335.991796 0
1071.25 1624363335.99885 0
1073.84228515625 1624363336.005842 0
1077.791748046875 1624363336.012863 0
1072.5906982421875 1624363336.019812 0
1069.91259765625 1624363336.026822 0
1075.0938720703125 1624363336.033854 0
1072.5906982421875 1624363336.040773 0
1079.04638671875 1624363336.047755 0
1077.889404296875 1624363336.054836 0
1077.791748046875 1624363336.061802 0
1079.04638671875 1624363336.068932 0
1079.04638671875 1624363336.075746 0
1081.658203125 1624363336.082925 0
1080.4019775390625 1624363336.089895 0
1081.658203125 1624363336.096883 0
1081.658203125 1624363336.103924 0
1083.0189208984375 1624363336.110892 0
1079.1456298828125 1624363336.117935 0
1076.4410400390625 1624363336.12483 0
1079.04638671875 1624363336.131839 0
1080.4019775390625 1624363336.138903 0
1077.791748046875 1624363336.145999 0
1075.1878662109375 1624363336.152955 0
1072.5906982421875 1624363336.159967 0
1072.5906982421875 1624363336.166715 0
1072.5906982421875 1624363336.17367 0
1070.0 1624363336.180732 0
1069.91259765625 1624363336.187703 0
1071.25 1624363336.194747 0
1071.25 1624363336.201816 0
1071.25 1624363336.208734 0
1073.84228515625 1624363336.215755 0
1075.1878662109375 1624363336.222681 0
1076.4410400390625 1624363336.229729 0
1071.25 1624363336.236714 0
1072.5 1624363336.243739 0
1068.6641845703125 1624363336.250778 0
1070.0 1624363336.257726 0
1071.25 1624363336.26476 0
1071.25 1624363336.271796 0
1070.0 1624363336.278743 0
1073.84228515625 1624363336.285792 0
1075.0938720703125 1624363336.292759 0
1075.1878662109375 1624363336.299756 0
1072.5906982421875 1624363336.306798 0
1073.84228515625 1624363336.313786 0
1075.1878662109375 1624363336.320822 0
1073.84228515625 1624363336.32781 0
1076.4410400390625 1624363336.334811 0
1076.4410400390625 1624363336.341849 0
1075.1878662109375 1624363336.348802 0
1075.1878662109375 1624363336.35582 0
1073.84228515625 1624363336.362917 0
1075.0938720703125 1624363336.369732 0
1075.1878662109375 1624363336.376721 0
1077.791748046875 1624363336.383762 0
1077.6942138671875 1624363336.390688 0
1073.84228515625 1624363336.397611 0
1072.5906982421875 1624363336.404612 0
1076.5369873046875 1624363336.411632 0
1076.4410400390625 1624363336.41872 0
1077.6942138671875 1624363336.425567 0
1080.4019775390625 1624363336.432707 0
1079.04638671875 1624363336.439708 0
1075.1878662109375 1624363336.446616 0
1075.0938720703125 1624363336.453591 0
1080.4019775390625 1624363336.46066 0
1079.04638671875 1624363336.46775 0
1079.04638671875 1624363336.474729 0
1079.04638671875 1624363336.481761 0
1076.4410400390625 1624363336.488775 0
1079.04638671875 1624363336.495768 0
1081.658203125 1624363336.502752 0
1081.658203125 1624363336.509798 0
1079.04638671875 1624363336.516856 0
1077.791748046875 1624363336.523748 0
1079.04638671875 1624363336.530771 0
1080.4019775390625 1624363336.537733 0
1084.2767333984375 1624363336.544716 0
1084.2767333984375 1624363336.551529 0
1084.2767333984375 1624363336.558508 0
1087.0113525390625 1624363336.5655 0
1088.2723388671875 1624363336.572532 0
1083.0189208984375 1624363336.579516 0
1080.4019775390625 1624363336.586569 0
1084.2767333984375 1624363336.5935 0
1085.642333984375 1624363336.600557 0
1088.2723388671875 1624363336.607614 0
1083.0189208984375 1624363336.614582 0
1086.9017333984375 1624363336.621682 0
1083.0189208984375 1624363336.628637 0
1084.2767333984375 1624363336.635643 0
1081.658203125 1624363336.642576 0
1081.658203125 1624363336.649563 0
1083.0189208984375 1624363336.6566 0
1081.658203125 1624363336.663558 0
1082.91455078125 1624363336.670574 0
1086.9017333984375 1624363336.677626 0
1084.3829345703125 1624363336.684728 0
1082.91455078125 1624363336.691701 0
1086.9017333984375 1624363336.698686 0
1085.642333984375 1624363336.705713 0
1085.642333984375 1624363336.712708 0
1083.0189208984375 1624363336.719609 0
1085.642333984375 1624363336.726536 0
1088.1612548828125 1624363336.733477 0
1090.79443359375 1624363336.74053 0
1092.171630859375 1624363336.747506 0
1092.171630859375 1624363336.75456 0
1092.2882080078125 1624363336.76148 0
1094.816650390625 1624363336.768543 0
1096.2025146484375 1624363336.77558 0
1094.816650390625 1624363336.782543 0
1096.2025146484375 1624363336.789568 0
1094.816650390625 1624363336.796594 0
1097.4683837890625 1624363336.803666 0
1096.2025146484375 1624363336.810644 0
1093.434326171875 1624363336.817591 0
1093.434326171875 1624363336.824606 0
1096.2025146484375 1624363336.831606 0
1094.816650390625 1624363336.838561 0
1096.0809326171875 1624363336.845611 0
1093.552490234375 1624363336.85271 0
1093.434326171875 1624363336.85967 0
1097.4683837890625 1624363336.866707 0
1096.2025146484375 1624363336.873686 0
1098.734130859375 1624363336.88074 0
1096.2025146484375 1624363336.887522 0
1097.4683837890625 1624363336.894481 0
1098.8592529296875 1624363336.901459 0
1098.8592529296875 1624363336.908492 0
1097.4683837890625 1624363336.915504 0
1097.5919189453125 1624363336.922556 0
1100.126708984375 1624363336.929558 0
1101.5228271484375 1624363336.936559 0
1100.126708984375 1624363336.943547 0
1104.193115234375 1624363336.950579 0
1100.126708984375 1624363336.957557 0
1101.3941650390625 1624363336.964589 0
1101.5228271484375 1624363336.971539 0
1100.126708984375 1624363336.978565 0
1101.3941650390625 1624363336.985635 0
1098.8592529296875 1624363336.992545 0
1098.734130859375 1624363336.999595 0
1101.3941650390625 1624363337.006666 0
1104.193115234375 1624363337.013588 0
1102.7918701171875 1624363337.020667 0
1105.4637451171875 1624363337.027612 0
1104.0609130859375 1624363337.034395 0
1104.193115234375 1624363337.041399 0
1106.8701171875 1624363337.048418 0
1109.55419921875 1624363337.055413 0
1109.55419921875 1624363337.062467 0
1105.4637451171875 1624363337.069528 0
1106.734375 1624363337.07645 0
1105.5980224609375 1624363337.083425 0
1105.4637451171875 1624363337.090461 0
1109.414794921875 1624363337.097467 0
1109.55419921875 1624363337.104495 0
1110.8280029296875 1624363337.111527 0
1106.8701171875 1624363337.118555 0
1105.4637451171875 1624363337.125518 0
1105.4637451171875 1624363337.132525 0
1105.4637451171875 1624363337.139488 0
1106.734375 1624363337.146485 0
1106.734375 1624363337.153538 0
1106.8701171875 1624363337.160536 0
1106.8701171875 1624363337.167568 0
1104.193115234375 1624363337.174503 0
1104.193115234375 1624363337.181534 0
1105.4637451171875 1624363337.188561 0
1106.8701171875 1624363337.19554 0
1105.5980224609375 1624363337.202416 0
1104.193115234375 1624363337.209355 0
1105.4637451171875 1624363337.216417 0
1106.734375 1624363337.223514 0
1108.1424560546875 1624363337.230486 0
1106.8701171875 1624363337.237423 0
1104.193115234375 1624363337.244431 0
1104.193115234375 1624363337.251427 0
1106.734375 1624363337.258427 0
1104.193115234375 1624363337.265442 0
1104.193115234375 1624363337.272429 0
1105.4637451171875 1624363337.279402 0
1104.193115234375 1624363337.286501 0
1104.193115234375 1624363337.293436 0
1105.4637451171875 1624363337.300351 0
1104.193115234375 1624363337.307403 0
1108.2802734375 1624363337.314445 0
1105.4637451171875 1624363337.321442 0
1104.193115234375 1624363337.328483 0
1108.1424560546875 1624363337.335453 0
1108.0050048828125 1624363337.342526 0
1108.1424560546875 1624363337.349447 0
1108.1424560546875 1624363337.356372 0
1109.414794921875 1624363337.363252 0
1109.55419921875 1624363337.370351 0
1108.1424560546875 1624363337.377331 0
1116.2196044921875 1624363337.384384 0
1117.6470947265625 1624363337.391347 0
1116.2196044921875 1624363337.398348 0
1113.5203857421875 1624363337.405493 0
1117.496826171875 1624363337.412419 0
1117.6470947265625 1624363337.419428 0
1113.5203857421875 1624363337.426362 0
1114.7958984375 1624363337.433347 0
1114.7958984375 1624363337.440442 0
1118.92578125 1624363337.4474 0
1117.6470947265625 1624363337.454484 0
1117.6470947265625 1624363337.461369 0
1120.3585205078125 1624363337.468504 0
1123.076904296875 1624363337.475395 0
1118.92578125 1624363337.482405 0
1120.20458984375 1624363337.489488 0
1117.6470947265625 1624363337.496439 0
1114.9425048828125 1624363337.503548 0
1116.2196044921875 1624363337.510472 0
1120.3585205078125 1624363337.517493 0
1125.6409912109375 1624363337.524297 0
1122.9193115234375 1624363337.531293 0
1125.80224609375 1624363337.53827 0
1128.36962890625 1624363337.545263 0
1129.820068359375 1624363337.552233 0
1128.53466796875 1624363337.559245 0
1125.6409912109375 1624363337.566352 0
1127.0860595703125 1624363337.573243 0
1129.820068359375 1624363337.580324 0
1131.2740478515625 1624363337.587323 0
1129.820068359375 1624363337.594281 0
1134.0205078125 1624363337.601285 0
1129.820068359375 1624363337.608287 0
1129.987060546875 1624363337.615345 0
1127.0860595703125 1624363337.622389 0
1131.2740478515625 1624363337.629313 0
1135.48388671875 1624363337.636349 0
1131.2740478515625 1624363337.643323 0
1131.2740478515625 1624363337.650399 0
1131.10546875 1624363337.657376 0
1129.987060546875 1624363337.664332 0
1131.2740478515625 1624363337.67128 0
1131.2740478515625 1624363337.678318 0
1128.36962890625 1624363337.685305 0
1128.53466796875 1624363337.692283 0
1127.0860595703125 1624363337.699291 0
1120.3585205078125 1624363337.706361 0
1120.20458984375 1624363337.713386 0
1124.3590087890625 1624363337.720225 0
1127.0860595703125 1624363337.72723 0
1128.53466796875 1624363337.734265 0
1128.53466796875 1624363337.74125 0
1127.0860595703125 1624363337.748193 0
1128.53466796875 1624363337.755202 0
1125.6409912109375 1624363337.762161 0
1127.2493896484375 1624363337.769258 0
1127.0860595703125 1624363337.776189 0
1128.36962890625 1624363337.783246 0
1125.80224609375 1624363337.79026 0
1129.987060546875 1624363337.797237 0
1131.2740478515625 1624363337.804247 0
1129.820068359375 1624363337.811212 0
1132.56103515625 1624363337.818223 0
1134.0205078125 1624363337.825286 0
1135.3092041015625 1624363337.832286 0
1135.3092041015625 1624363337.839375 0
1135.48388671875 1624363337.846289 0
1135.3092041015625 1624363337.85334 0
1134.0205078125 1624363337.860406 0
1133.84814453125 1624363337.867328 0
1136.774169921875 1624363337.874322 0
1132.56103515625 1624363337.881368 0
1132.56103515625 1624363337.888319 0
1124.5186767578125 1624363337.895192 0
1125.6409912109375 1624363337.902179 0
1125.80224609375 1624363337.909216 0
1123.076904296875 1624363337.916226 0
1128.36962890625 1624363337.923224 0
1128.53466796875 1624363337.93021 0
1128.53466796875 1624363337.937225 0
1127.0860595703125 1624363337.944282 0
1128.36962890625 1624363337.951212 0
1127.2493896484375 1624363337.958277 0
1124.3590087890625 1624363337.965248 0
1124.5186767578125 1624363337.972261 0
1127.0860595703125 1624363337.979145 0
1128.53466796875 1624363337.986143 0
1125.80224609375 1624363337.993177 0
1124.3590087890625 1624363338.000259 0
1122.9193115234375 1624363338.00723 0
1124.3590087890625 1624363338.014191 0
1129.820068359375 1624363338.021141 0
1131.2740478515625 1624363338.028189 0
1128.53466796875 1624363338.035228 0
1129.820068359375 1624363338.042219 0
1128.36962890625 1624363338.049342 0
1129.820068359375 1624363338.056326 0
1128.53466796875 1624363338.0633 0
1128.36962890625 1624363338.070311 0
1132.56103515625 1624363338.07729 0
1132.56103515625 1624363338.084288 0
1128.36962890625 1624363338.091102 0
1128.36962890625 1624363338.098116 0
1128.53466796875 1624363338.105124 0
1128.53466796875 1624363338.112191 0
1128.53466796875 1624363338.119165 0
1127.2493896484375 1624363338.12609 0
1124.3590087890625 1624363338.13311 0
1125.6409912109375 1624363338.140175 0
1127.0860595703125 1624363338.147137 0
1127.0860595703125 1624363338.154166 0
1128.53466796875 1624363338.161136 0
1125.80224609375 1624363338.168131 0
1126.923095703125 1624363338.175071 0
1128.53466796875 1624363338.182075 0
1128.36962890625 1624363338.189106 0
1128.53466796875 1624363338.196171 0
1123.076904296875 1624363338.203193 0
1127.0860595703125 1624363338.210183 0
1124.3590087890625 1624363338.217261 0
1123.23486328125 1624363338.224217 0
1118.92578125 1624363338.231178 0
1117.6470947265625 1624363338.238188 0
1120.3585205078125 1624363338.245228 0
1117.6470947265625 1624363338.252199 0
1116.3682861328125 1624363338.259221 0
1117.6470947265625 1624363338.265995 0
1117.6470947265625 1624363338.273068 0
1117.496826171875 1624363338.280002 0
1117.6470947265625 1624363338.287078 0
1116.2196044921875 1624363338.294118 0
1116.2196044921875 1624363338.301052 0
1116.2196044921875 1624363338.308036 0
1117.496826171875 1624363338.315077 0
1116.2196044921875 1624363338.322002 0
1114.9425048828125 1624363338.329057 0
1114.9425048828125 1624363338.336053 0
1114.9425048828125 1624363338.343059 0
1114.9425048828125 1624363338.350127 0
1113.5203857421875 1624363338.35707 0
1112.244873046875 1624363338.364127 0
1112.244873046875 1624363338.371105 0
1108.1424560546875 1624363338.37812 0
1106.734375 1624363338.385162 0
1113.5203857421875 1624363338.39214 0
1110.8280029296875 1624363338.399066 0
1109.414794921875 1624363338.40616 0
1112.244873046875 1624363338.413177 0
1113.5203857421875 1624363338.420194 0
1112.244873046875 1624363338.427263 0
1112.1019287109375 1624363338.434157 0
1114.9425048828125 1624363338.4412 0
1113.665283203125 1624363338.447982 0
1110.969482421875 1624363338.454995 0
1112.244873046875 1624363338.462005 0
1108.1424560546875 1624363338.468974 0
1106.734375 1624363338.475943 0
1106.734375 1624363338.483011 0
1102.7918701171875 1624363338.490058 0
1106.734375 1624363338.497023 0
1106.734375 1624363338.504075 0
1106.8701171875 1624363338.510986 0
1110.8280029296875 1624363338.518062 0
1106.8701171875 1624363338.524977 0
1106.8701171875 1624363338.532026 0
1112.1019287109375 1624363338.538969 0
1110.8280029296875 1624363338.546085 0
1110.8280029296875 1624363338.552983 0
1108.2802734375 1624363338.559986 0
1108.1424560546875 1624363338.567066 0
1105.4637451171875 1624363338.573988 0
1105.4637451171875 1624363338.581087 0
1106.8701171875 1624363338.588065 0
1104.0609130859375 1624363338.595087 0
1104.193115234375 1624363338.602082 0
1105.4637451171875 1624363338.609141 0
1104.193115234375 1624363338.616218 0
1104.0609130859375 1624363338.623108 0
1106.8701171875 1624363338.630131 0
1106.734375 1624363338.637101 0
1112.244873046875 1624363338.643991 0
1110.8280029296875 1624363338.650936 0
1113.5203857421875 1624363338.657894 0
1113.5203857421875 1624363338.66485 0
1112.244873046875 1624363338.671912 0
1114.9425048828125 1624363338.678874 0
1114.9425048828125 1624363338.685904 0
1112.1019287109375 1624363338.692924 0
1110.8280029296875 1624363338.699873 0
1113.665283203125 1624363338.706891 0
1109.55419921875 1624363338.713893 0
1113.5203857421875 1624363338.720896 0
1110.969482421875 1624363338.727891 0
1109.55419921875 1624363338.734979 0
1105.4637451171875 1624363338.742006 0
1109.55419921875 1624363338.74902 0
1109.55419921875 1624363338.756037 0
1105.4637451171875 1624363338.762993 0
1106.8701171875 1624363338.770007 0
1106.734375 1624363338.776981 0
1109.55419921875 1624363338.784079 0
1106.8701171875 1624363338.79107 0
1105.4637451171875 1624363338.798049 0
1106.8701171875 1624363338.805046 0
1102.7918701171875 1624363338.812157 0
1101.5228271484375 1624363338.819073 0
1104.193115234375 1624363338.825832 0
1105.4637451171875 1624363338.832865 0
1102.7918701171875 1624363338.839854 0
1106.734375 1624363338.846909 0
1104.193115234375 1624363338.853868 0
1105.4637451171875 1624363338.86089 0
1106.8701171875 1624363338.867944 0
1108.1424560546875 1624363338.874881 0
1105.4637451171875 1624363338.881954 0
1106.8701171875 1624363338.888866 0
1106.734375 1624363338.895904 0
1105.4637451171875 1624363338.902905 0
1106.8701171875 1624363338.909935 0
1104.193115234375 1624363338.916973 0
1106.8701171875 1624363338.923895 0
1106.8701171875 1624363338.930837 0
1108.1424560546875 1624363338.937825 0
1106.8701171875 1624363338.944891 0
1106.8701171875 1624363338.951919 0
1108.1424560546875 1624363338.958883 0
1102.9224853515625 1624363338.96596 0
1105.4637451171875 1624363338.972926 0
1106.734375 1624363338.979897 0
1108.1424560546875 1624363338.98688 0
1105.4637451171875 1624363338.993867 0
1102.9224853515625 1624363339.000912 0
1106.8701171875 1624363339.007911 0
1104.193115234375 1624363339.01493 0
1102.7918701171875 1624363339.022027 0
1102.7918701171875 1624363339.029039 0
1101.3941650390625 1624363339.036017 0
1106.734375 1624363339.043039 0
1108.1424560546875 1624363339.050025 0
1105.4637451171875 1624363339.057018 0
1108.2802734375 1624363339.063797 0
1104.193115234375 1624363339.070766 0
1104.0609130859375 1624363339.077728 0
1108.1424560546875 1624363339.084843 0
1109.55419921875 1624363339.091788 0
1108.1424560546875 1624363339.098861 0
1109.69384765625 1624363339.105807 0
1109.55419921875 1624363339.112865 0
1106.734375 1624363339.119823 0
1109.414794921875 1624363339.126838 0
1110.8280029296875 1624363339.133869 0
1110.8280029296875 1624363339.140844 0
1109.55419921875 1624363339.147752 0
1106.8701171875 1624363339.154737 0
1108.2802734375 1624363339.161797 0
1108.1424560546875 1624363339.168771 0
1109.55419921875 1624363339.175854 0
1108.1424560546875 1624363339.182848 0
1109.55419921875 1624363339.189852 0
1109.55419921875 1624363339.196799 0
1109.55419921875 1624363339.203813 0
1110.8280029296875 1624363339.210797 0
1109.55419921875 1624363339.217845 0
1108.1424560546875 1624363339.224959 0
1104.193115234375 1624363339.231855 0
1108.1424560546875 1624363339.238951 0
1110.8280029296875 1624363339.245925 0
1108.1424560546875 1624363339.252941 0
1110.8280029296875 1624363339.259886 0
1108.1424560546875 1624363339.26694 0
1113.5203857421875 1624363339.273745 0
1109.55419921875 1624363339.280793 0
1110.8280029296875 1624363339.287733 0
1113.5203857421875 1624363339.29475 0
1116.2196044921875 1624363339.301712 0
1113.5203857421875 1624363339.308739 0
1113.5203857421875 1624363339.315683 0
1108.1424560546875 1624363339.32269 0
1105.4637451171875 1624363339.329737 0
1110.8280029296875 1624363339.336751 0
1110.969482421875 1624363339.343752 0
1109.55419921875 1624363339.350797 0
1110.969482421875 1624363339.357796 0
1108.1424560546875 1624363339.364727 0
1110.8280029296875 1624363339.37171 0
1110.8280029296875 1624363339.378714 0
1114.9425048828125 1624363339.385799 0
1110.8280029296875 1624363339.392816 0
1112.244873046875 1624363339.399787 0
1113.5203857421875 1624363339.406839 0
1105.4637451171875 1624363339.413815 0
1108.1424560546875 1624363339.420799 0
1109.414794921875 1624363339.427781 0
1112.244873046875 1624363339.434821 0
1110.8280029296875 1624363339.441784 0
1110.8280029296875 1624363339.448843 0
1109.55419921875 1624363339.455884 0
1114.9425048828125 1624363339.462892 0
1113.5203857421875 1624363339.469897 0
1109.414794921875 1624363339.476935 0
1112.244873046875 1624363339.483734 0
1110.8280029296875 1624363339.490734 0
1109.55419921875 1624363339.49771 0
1112.1019287109375 1624363339.504717 0
1113.5203857421875 1624363339.511664 0
1114.9425048828125 1624363339.518673 0
1112.244873046875 1624363339.525642 0
1112.244873046875 1624363339.532602 0
1116.2196044921875 1624363339.539589 0
1114.7958984375 1624363339.546671 0
1113.5203857421875 1624363339.553786 0
1112.244873046875 1624363339.560759 0
1114.7958984375 1624363339.567738 0
1113.5203857421875 1624363339.574791 0
1113.5203857421875 1624363339.581828 0
1110.8280029296875 1624363339.588789 0
1113.665283203125 1624363339.595734 0
1112.244873046875 1624363339.602685 0
1113.5203857421875 1624363339.609682 0
1112.244873046875 1624363339.616745 0
1113.5203857421875 1624363339.623704 0
1112.244873046875 1624363339.630687 0
1112.244873046875 1624363339.63778 0
1114.9425048828125 1624363339.64477 0
1113.5203857421875 1624363339.651791 0
1114.7958984375 1624363339.658638 0
1114.9425048828125 1624363339.665622 0
1110.8280029296875 1624363339.672667 0
1109.55419921875 1624363339.679669 0
1109.55419921875 1624363339.686674 0
1113.5203857421875 1624363339.693755 0
1112.1019287109375 1624363339.700685 0
1113.5203857421875 1624363339.707634 0
1112.1019287109375 1624363339.714711 0
1109.55419921875 1624363339.721714 0
1112.1019287109375 1624363339.728691 0
1110.8280029296875 1624363339.735724 0
1112.244873046875 1624363339.742684 0
1113.5203857421875 1624363339.749722 0
1110.8280029296875 1624363339.756728 0
1112.1019287109375 1624363339.763717 0
1110.8280029296875 1624363339.770726 0
1110.969482421875 1624363339.777726 0
1110.8280029296875 1624363339.784689 0
1109.55419921875 1624363339.79165 0
1106.734375 1624363339.798663 0
1108.1424560546875 1624363339.805653 0
1105.5980224609375 1624363339.812779 0
1104.193115234375 1624363339.819593 0
1105.4637451171875 1624363339.826587 0
1108.1424560546875 1624363339.833566 0
1108.1424560546875 1624363339.840553 0
1106.734375 1624363339.847614 0
1106.8701171875 1624363339.854506 0
1104.193115234375 1624363339.861493 0
1108.1424560546875 1624363339.868497 0
1109.414794921875 1624363339.875482 0
1109.55419921875 1624363339.882532 0
1108.1424560546875 1624363339.889564 0
1108.1424560546875 1624363339.896595 0
1106.8701171875 1624363339.903643 0
1106.734375 1624363339.910615 0
1108.1424560546875 1624363339.917601 0
1104.193115234375 1624363339.924612 0
1102.7918701171875 1624363339.931636 0
1101.5228271484375 1624363339.938608 0
1102.7918701171875 1624363339.945631 0
1104.0609130859375 1624363339.952657 0
1104.193115234375 1624363339.959682 0
1106.734375 1624363339.966622 0
1106.8701171875 1624363339.973649 0
1105.5980224609375 1624363339.980646 0
1106.8701171875 1624363339.987642 0
1104.193115234375 1624363339.994673 0
1105.4637451171875 1624363340.001674 0
1104.0609130859375 1624363340.008623 0
1104.193115234375 1624363340.015641 0
1106.734375 1624363340.022688 0
1109.55419921875 1624363340.029554 0
1106.8701171875 1624363340.036572 0
1108.1424560546875 1624363340.043556 0
1105.4637451171875 1624363340.050538 0
1106.734375 1624363340.057485 0
1108.2802734375 1624363340.064474 0
1106.8701171875 1624363340.071518 0
1104.0609130859375 1624363340.078552 0
1108.1424560546875 1624363340.085578 0
1106.734375 1624363340.092493 0
1109.414794921875 1624363340.099513 0
1108.1424560546875 1624363340.106559 0
1109.55419921875 1624363340.113531 0
1110.8280029296875 1624363340.120578 0
1109.55419921875 1624363340.127512 0
1110.969482421875 1624363340.134516 0
1108.1424560546875 1624363340.141486 0
1108.1424560546875 1624363340.148536 0
1106.8701171875 1624363340.155546 0
1108.1424560546875 1624363340.162588 0
1109.55419921875 1624363340.169639 0
1109.55419921875 1624363340.176636 0
1109.414794921875 1624363340.183625 0
1109.55419921875 1624363340.190624 0
1108.1424560546875 1624363340.197618 0
1109.55419921875 1624363340.204601 0
1110.8280029296875 1624363340.211591 0
1109.414794921875 1624363340.218395 0
1112.244873046875 1624363340.225401 0
1113.5203857421875 1624363340.232417 0
1113.5203857421875 1624363340.239417 0
1112.244873046875 1624363340.246539 0
1110.8280029296875 1624363340.253504 0
1113.5203857421875 1624363340.260449 0
1113.5203857421875 1624363340.267452 0
1112.244873046875 1624363340.274499 0
1114.9425048828125 1624363340.281533 0
1113.5203857421875 1624363340.288459 0
1116.2196044921875 1624363340.2955 0
1114.9425048828125 1624363340.30256 0
1114.7958984375 1624363340.309507 0
1112.244873046875 1624363340.31656 0
1113.5203857421875 1624363340.32349 0
1113.5203857421875 1624363340.330497 0
1109.55419921875 1624363340.337544 0
1112.1019287109375 1624363340.344531 0
1114.9425048828125 1624363340.351525 0
1114.9425048828125 1624363340.358518 0
1116.2196044921875 1624363340.365503 0
1117.6470947265625 1624363340.372552 0
1120.3585205078125 1624363340.379551 0
1118.92578125 1624363340.38655 0
1118.92578125 1624363340.39337 0
1122.9193115234375 1624363340.400344 0
1123.076904296875 1624363340.407397 0
1121.638916015625 1624363340.414432 0
1121.638916015625 1624363340.421421 0
1120.3585205078125 1624363340.428391 0
1118.92578125 1624363340.435462 0
1120.3585205078125 1624363340.442437 0
1118.92578125 1624363340.449438 0
1121.638916015625 1624363340.456482 0
1121.7947998046875 1624363340.463432 0
1121.638916015625 1624363340.470495 0
1118.92578125 1624363340.477479 0
1117.496826171875 1624363340.484428 0
1120.3585205078125 1624363340.491525 0
1116.2196044921875 1624363340.498454 0
1118.92578125 1624363340.505448 0
1118.92578125 1624363340.512478 0
1120.3585205078125 1624363340.519494 0
1118.92578125 1624363340.526467 0
1116.2196044921875 1624363340.533523 0
1114.9425048828125 1624363340.540291 0
1118.92578125 1624363340.547251 0
1116.2196044921875 1624363340.554211 0
1117.496826171875 1624363340.561304 0
1118.92578125 1624363340.568262 0
1119.078125 1624363340.575354 0
1116.2196044921875 1624363340.582379 0
1116.2196044921875 1624363340.589398 0
1118.92578125 1624363340.596327 0
1116.2196044921875 1624363340.603322 0
1117.6470947265625 1624363340.610332 0
1117.496826171875 1624363340.617412 0
1117.6470947265625 1624363340.62439 0
1114.9425048828125 1624363340.631428 0
1114.9425048828125 1624363340.638438 0
1117.6470947265625 1624363340.645453 0
1116.2196044921875 1624363340.652414 0
1117.6470947265625 1624363340.659426 0
1117.6470947265625 1624363340.666448 0
1120.3585205078125 1624363340.673434 0
1121.638916015625 1624363340.680407 0
1121.638916015625 1624363340.687464 0
1123.076904296875 1624363340.694449 0
1121.7947998046875 1624363340.701437 0
1124.3590087890625 1624363340.708474 0
1118.92578125 1624363340.715292 0
1121.638916015625 1624363340.72232 0
1118.92578125 1624363340.729331 0
1116.2196044921875 1624363340.736263 0
1116.2196044921875 1624363340.743272 0
1116.2196044921875 1624363340.750265 0
1116.2196044921875 1624363340.757194 0
1116.2196044921875 1624363340.76424 0
1113.5203857421875 1624363340.771252 0
1112.244873046875 1624363340.778306 0
1110.8280029296875 1624363340.785233 0
1110.8280029296875 1624363340.792236 0
1110.8280029296875 1624363340.799227 0
1113.5203857421875 1624363340.806251 0
1113.5203857421875 1624363340.813364 0
1113.5203857421875 1624363340.82035 0
1112.244873046875 1624363340.827295 0
1113.5203857421875 1624363340.83435 0
1113.5203857421875 1624363340.841317 0
1110.8280029296875 1624363340.848339 0
1113.5203857421875 1624363340.855321 0
1113.5203857421875 1624363340.862351 0
1114.9425048828125 1624363340.869447 0
1116.2196044921875 1624363340.876398 0
1117.6470947265625 1624363340.883404 0
1116.3682861328125 1624363340.890208 0
1113.5203857421875 1624363340.897232 0
1116.2196044921875 1624363340.904202 0
1116.2196044921875 1624363340.911259 0
1114.9425048828125 1624363340.918239 0
1110.68701171875 1624363340.925227 0
1117.6470947265625 1624363340.93231 0
1113.5203857421875 1624363340.939332 0
1112.244873046875 1624363340.946266 0
1113.5203857421875 1624363340.953337 0
1113.5203857421875 1624363340.960252 0
1113.5203857421875 1624363340.967266 0
1116.2196044921875 1624363340.974255 0
1113.665283203125 1624363340.981278 0
1114.7958984375 1624363340.988288 0
1113.5203857421875 1624363340.995317 0
1114.9425048828125 1624363341.002256 0
1113.5203857421875 1624363341.009267 0
1114.9425048828125 1624363341.016223 0
1114.7958984375 1624363341.023304 0
1116.2196044921875 1624363341.030342 0
1112.244873046875 1624363341.037266 0
1109.55419921875 1624363341.044321 0
1112.1019287109375 1624363341.051307 0
1112.244873046875 1624363341.058148 0
1110.8280029296875 1624363341.065121 0
1110.8280029296875 1624363341.072137 0
1110.8280029296875 1624363341.0791 0
1113.5203857421875 1624363341.086209 0
1112.1019287109375 1624363341.093232 0
1114.9425048828125 1624363341.100173 0
1114.7958984375 1624363341.107257 0
1112.3883056640625 1624363341.1143 0
1113.5203857421875 1624363341.121225 0
1114.7958984375 1624363341.128244 0
1113.5203857421875 1624363341.13522 0
1116.2196044921875 1624363341.142212 0
1116.2196044921875 1624363341.149269 0
1113.5203857421875 1624363341.15618 0
1114.9425048828125 1624363341.163209 0
1112.244873046875 1624363341.170286 0
1116.2196044921875 1624363341.177234 0
1114.9425048828125 1624363341.184256 0
1114.9425048828125 1624363341.191241 0
1112.244873046875 1624363341.198246 0
1109.55419921875 1624363341.205205 0
1113.5203857421875 1624363341.212254 0
1113.5203857421875 1624363341.219066 0
1113.5203857421875 1624363341.226028 0
1110.8280029296875 1624363341.23308 0
1110.8280029296875 1624363341.240043 0
1113.5203857421875 1624363341.24716 0
1116.2196044921875 1624363341.254163 0
1114.9425048828125 1624363341.26114 0
1114.9425048828125 1624363341.268155 0
1113.5203857421875 1624363341.275167 0
1112.244873046875 1624363341.282204 0
1110.8280029296875 1624363341.289074 0
1110.8280029296875 1624363341.296197 0
1113.5203857421875 1624363341.303153 0
1113.5203857421875 1624363341.310104 0
1114.9425048828125 1624363341.317075 0
1109.55419921875 1624363341.324125 0
1110.8280029296875 1624363341.331152 0
1112.1019287109375 1624363341.338121 0
1116.2196044921875 1624363341.345121 0
1113.665283203125 1624363341.352108 0
1113.5203857421875 1624363341.359082 0
1112.244873046875 1624363341.366201 0
1112.244873046875 1624363341.373212 0
1114.9425048828125 1624363341.380196 0
1112.244873046875 1624363341.387151 0
1113.5203857421875 1624363341.394233 0
1109.55419921875 1624363341.401234 0
1108.1424560546875 1624363341.408055 0
1110.8280029296875 1624363341.415021 0
1109.55419921875 1624363341.422036 0
1108.1424560546875 1624363341.429047 0
1110.8280029296875 1624363341.436081 0
1113.5203857421875 1624363341.443083 0
1112.1019287109375 1624363341.450153 0
1110.8280029296875 1624363341.457086 0
1112.244873046875 1624363341.464054 0
1112.1019287109375 1624363341.471089 0
1112.244873046875 1624363341.478092 0
1112.244873046875 1624363341.485101 0
1110.8280029296875 1624363341.492107 0
1109.55419921875 1624363341.499015 0
1109.55419921875 1624363341.505981 0
1110.8280029296875 1624363341.51306 0
1110.8280029296875 1624363341.520042 0
1112.244873046875 1624363341.526992 0
1112.244873046875 1624363341.534028 0
1113.5203857421875 1624363341.54104 0
1112.1019287109375 1624363341.548079 0
1113.5203857421875 1624363341.555061 0
1112.1019287109375 1624363341.562145 0
1114.9425048828125 1624363341.569111 0
1110.8280029296875 1624363341.576061 0
1114.7958984375 1624363341.583147 0
1116.2196044921875 1624363341.590159 0
1117.6470947265625 1624363341.597135 0
1109.55419921875 1624363341.604164 0
1110.8280029296875 1624363341.61117 0
1109.414794921875 1624363341.61817 0
1113.5203857421875 1624363341.62518 0
1110.8280029296875 1624363341.632157 0
1109.55419921875 1624363341.639043 0
1109.414794921875 1624363341.646017 0
1112.244873046875 1624363341.652972 0
1112.244873046875 1624363341.660033 0
1113.5203857421875 1624363341.66697 0
1112.244873046875 1624363341.673977 0
1113.5203857421875 1624363341.680976 0
1113.5203857421875 1624363341.688024 0
1116.2196044921875 1624363341.69499 0
1113.5203857421875 1624363341.702022 0
1114.9425048828125 1624363341.708951 0
1110.969482421875 1624363341.715941 0
1113.5203857421875 1624363341.722964 0
1113.5203857421875 1624363341.72997 0
1114.9425048828125 1624363341.736996 0
1113.5203857421875 1624363341.744005 0
1114.9425048828125 1624363341.751006 0
1112.244873046875 1624363341.75806 0
1112.244873046875 1624363341.765 0
1112.244873046875 1624363341.772085 0
1112.244873046875 1624363341.779114 0
1113.665283203125 1624363341.786077 0
1114.9425048828125 1624363341.793109 0
1113.5203857421875 1624363341.80009 0
1116.2196044921875 1624363341.807038 0
1118.92578125 1624363341.81404 0
1114.9425048828125 1624363341.821035 0
1113.5203857421875 1624363341.828123 0
1113.5203857421875 1624363341.834939 0
1116.2196044921875 1624363341.841954 0
1113.5203857421875 1624363341.848971 0
1112.244873046875 1624363341.855942 0
1114.7958984375 1624363341.862928 0
1109.55419921875 1624363341.869946 0
1110.8280029296875 1624363341.876906 0
1113.5203857421875 1624363341.883937 0
1114.9425048828125 1624363341.890903 0
1113.5203857421875 1624363341.897928 0
1117.6470947265625 1624363341.905016 0
1115.0894775390625 1624363341.911975 0
1112.1019287109375 1624363341.918968 0
1114.9425048828125 1624363341.926004 0
1114.9425048828125 1624363341.932929 0
1116.2196044921875 1624363341.939923 0
1116.2196044921875 1624363341.946922 0
1116.2196044921875 1624363341.95395 0
1117.6470947265625 1624363341.960995 0
1118.92578125 1624363341.967996 0
1116.2196044921875 1624363341.975054 0
1120.3585205078125 1624363341.982057 0
1122.9193115234375 1624363341.989087 0
1118.92578125 1624363341.996121 0
1118.92578125 1624363342.00287 0
1118.92578125 1624363342.009865 0
1118.92578125 1624363342.016867 0
1118.92578125 1624363342.023937 0
1118.92578125 1624363342.030881 0
1120.3585205078125 1624363342.037899 0
1120.3585205078125 1624363342.044951 0
1123.076904296875 1624363342.051881 0
1123.076904296875 1624363342.058918 0
1123.076904296875 1624363342.065886 0
1118.92578125 1624363342.072911 0
1122.9193115234375 1624363342.079902 0
1121.638916015625 1624363342.086955 0
1120.3585205078125 1624363342.093891 0
1118.92578125 1624363342.100868 0
1121.638916015625 1624363342.107888 0
1118.92578125 1624363342.114966 0
1116.2196044921875 1624363342.121995 0
1117.6470947265625 1624363342.128987 0
1117.496826171875 1624363342.136079 0
1117.6470947265625 1624363342.142959 0
1121.638916015625 1624363342.14999 0
1118.92578125 1624363342.156928 0
1118.92578125 1624363342.163828 0
1121.638916015625 1624363342.170822 0
1125.80224609375 1624363342.177818 0
1122.9193115234375 1624363342.184793 0
1123.076904296875 1624363342.191822 0
1118.92578125 1624363342.198779 0
1117.496826171875 1624363342.205836 0
1113.5203857421875 1624363342.212777 0
1116.2196044921875 1624363342.219761 0
1116.2196044921875 1624363342.226762 0
1117.6470947265625 1624363342.233843 0
1114.7958984375 1624363342.240784 0
1116.2196044921875 1624363342.24785 0
1118.92578125 1624363342.254843 0
1117.6470947265625 1624363342.261874 0
1116.2196044921875 1624363342.268874 0
1114.9425048828125 1624363342.275898 0
1113.5203857421875 1624363342.28287 0
1113.5203857421875 1624363342.289898 0
1116.2196044921875 1624363342.296919 0
1118.92578125 1624363342.303889 0
1116.2196044921875 1624363342.310884 0
1118.92578125 1624363342.317908 0
1117.6470947265625 1624363342.324842 0
1114.9425048828125 1624363342.331827 0
1120.20458984375 1624363342.338688 0
1116.2196044921875 1624363342.345687 0
1116.2196044921875 1624363342.35276 0
1117.496826171875 1624363342.359751 0
1118.92578125 1624363342.366794 0
1118.92578125 1624363342.373808 0
1117.6470947265625 1624363342.380851 0
1116.2196044921875 1624363342.387806 0
1114.9425048828125 1624363342.394826 0
1117.6470947265625 1624363342.401862 0
1118.92578125 1624363342.408815 0
1116.2196044921875 1624363342.415788 0
1117.496826171875 1624363342.422734 0
1116.2196044921875 1624363342.429823 0
1117.6470947265625 1624363342.436835 0
1117.496826171875 1624363342.443797 0
1118.92578125 1624363342.450808 0
1116.2196044921875 1624363342.457822 0
1113.5203857421875 1624363342.464767 0
1117.6470947265625 1624363342.471766 0
1117.6470947265625 1624363342.478796 0
1117.6470947265625 1624363342.485871 0
1116.2196044921875 1624363342.492887 0
1116.2196044921875 1624363342.499746 0
1116.2196044921875 1624363342.506632 0
1114.9425048828125 1624363342.513641 0
1116.3682861328125 1624363342.520634 0
1113.5203857421875 1624363342.527655 0
1114.9425048828125 1624363342.534627 0
1116.2196044921875 1624363342.541745 0
1118.92578125 1624363342.548805 0
1118.77392578125 1624363342.5557 0
1117.496826171875 1624363342.562747 0
1117.6470947265625 1624363342.569794 0
1117.496826171875 1624363342.576748 0
1114.9425048828125 1624363342.583731 0
1113.5203857421875 1624363342.590704 0
1117.496826171875 1624363342.597786 0
1117.6470947265625 1624363342.604798 0
1116.2196044921875 1624363342.611723 0
1117.6470947265625 1624363342.618783 0
1118.92578125 1624363342.625798 0
1116.2196044921875 1624363342.632792 0
1112.244873046875 1624363342.63984 0
1110.8280029296875 1624363342.646774 0
1113.375732421875 1624363342.653853 0
1116.2196044921875 1624363342.660873 0
1116.2196044921875 1624363342.667726 0
1121.638916015625 1624363342.674707 0
1117.6470947265625 1624363342.681701 0
1116.2196044921875 1624363342.688765 0
1118.92578125 1624363342.695736 0
1114.9425048828125 1624363342.702686 0
1113.5203857421875 1624363342.709712 0
1117.496826171875 1624363342.716679 0
1117.6470947265625 1624363342.723736 0
1117.6470947265625 1624363342.730687 0
1114.9425048828125 1624363342.737685 0
1117.6470947265625 1624363342.7447 0
1118.92578125 1624363342.751693 0
1120.3585205078125 1624363342.758679 0
1120.20458984375 1624363342.765697 0
1124.3590087890625 1624363342.772735 0
1120.20458984375 1624363342.779695 0
1117.6470947265625 1624363342.786727 0
1118.92578125 1624363342.79371 0
1120.20458984375 1624363342.800714 0
1118.92578125 1624363342.807716 0
1118.92578125 1624363342.814731 0
1120.3585205078125 1624363342.821751 0
1121.638916015625 1624363342.82855 0
1120.3585205078125 1624363342.835569 0
1120.3585205078125 1624363342.84258 0
1117.6470947265625 1624363342.849616 0
1117.6470947265625 1624363342.85661 0
1121.638916015625 1624363342.863558 0
1120.3585205078125 1624363342.870638 0
1114.9425048828125 1624363342.877634 0
1116.2196044921875 1624363342.884586 0
1116.2196044921875 1624363342.891634 0
1114.9425048828125 1624363342.898705 0
1116.2196044921875 1624363342.905693 0
1117.6470947265625 1624363342.912678 0
1116.2196044921875 1624363342.919654 0
1114.9425048828125 1624363342.926727 0
1116.2196044921875 1624363342.933711 0
1118.92578125 1624363342.940723 0
1116.2196044921875 1624363342.947713 0
1120.20458984375 1624363342.954706 0
1120.5128173828125 1624363342.961661 0
1117.496826171875 1624363342.968651 0
1121.638916015625 1624363342.975628 0
1117.6470947265625 1624363342.982723 0
1116.2196044921875 1624363342.989621 0
1113.5203857421875 1624363342.996653 0
1114.7958984375 1624363343.003545 0
1114.9425048828125 1624363343.010539 0
1113.5203857421875 1624363343.017496 0
1114.7958984375 1624363343.024566 0
1113.5203857421875 1624363343.031565 0
1110.8280029296875 1624363343.03855 0
1113.5203857421875 1624363343.045583 0
1108.1424560546875 1624363343.052608 0
1110.8280029296875 1624363343.059605 0
1114.7958984375 1624363343.066577 0
1113.5203857421875 1624363343.073617 0
1112.244873046875 1624363343.080597 0
1109.414794921875 1624363343.0876 0
1112.244873046875 1624363343.094595 0
1109.55419921875 1624363343.101647 0
1110.8280029296875 1624363343.108547 0
1113.5203857421875 1624363343.115653 0
1109.55419921875 1624363343.122638 0
1113.5203857421875 1624363343.129617 0
1108.1424560546875 1624363343.136647 0
1106.8701171875 1624363343.143599 0
1108.1424560546875 1624363343.150597 0
1112.1019287109375 1624363343.157569 0
1113.5203857421875 1624363343.1644 0
1120.20458984375 1624363343.171401 0
1117.7977294921875 1624363343.178393 0
1116.2196044921875 1624363343.18538 0
1117.496826171875 1624363343.192398 0
1118.92578125 1624363343.199444 0
1123.076904296875 1624363343.206416 0
1117.6470947265625 1624363343.213427 0
1123.076904296875 1624363343.220427 0
1127.0860595703125 1624363343.227435 0
1125.80224609375 1624363343.234453 0
1124.3590087890625 1624363343.241489 0
1120.20458984375 1624363343.248459 0
1121.638916015625 1624363343.255463 0
1118.92578125 1624363343.262595 0
1117.6470947265625 1624363343.269577 0
1119.078125 1624363343.276591 0
1117.496826171875 1624363343.283583 0
1118.92578125 1624363343.290587 0
1121.638916015625 1624363343.297578 0
1120.3585205078125 1624363343.304594 0
1120.3585205078125 1624363343.311606 0
1116.2196044921875 1624363343.318471 0
1118.92578125 1624363343.325458 0
1118.92578125 1624363343.332503 0
1117.6470947265625 1624363343.339484 0
1118.92578125 1624363343.346494 0
1120.3585205078125 1624363343.353473 0
1118.92578125 1624363343.360493 0
1120.20458984375 1624363343.367466 0
1118.92578125 1624363343.374525 0
1120.20458984375 1624363343.381518 0
1118.92578125 1624363343.388466 0
1120.3585205078125 1624363343.395561 0
1121.638916015625 1624363343.402483 0
1120.3585205078125 1624363343.40951 0
1120.3585205078125 1624363343.416547 0
1118.92578125 1624363343.423492 0
1121.638916015625 1624363343.430567 0
1121.638916015625 1624363343.437493 0
1118.92578125 1624363343.444543 0
1121.638916015625 1624363343.451536 0
1120.3585205078125 1624363343.458522 0
1120.3585205078125 1624363343.465574 0
1117.6470947265625 1624363343.472528 0
1117.6470947265625 1624363343.479411 0
1120.3585205078125 1624363343.486357 0
1121.638916015625 1624363343.493463 0
1120.3585205078125 1624363343.500394 0
1121.638916015625 1624363343.507392 0
1120.3585205078125 1624363343.51441 0
1117.6470947265625 1624363343.521447 0
1120.20458984375 1624363343.528413 0
1116.2196044921875 1624363343.535407 0
1118.92578125 1624363343.542397 0
1122.9193115234375 1624363343.549403 0
1123.076904296875 1624363343.556411 0
1123.076904296875 1624363343.563403 0
1123.076904296875 1624363343.570401 0
1121.638916015625 1624363343.57741 0
1121.638916015625 1624363343.584456 0
1128.36962890625 1624363343.591415 0
1127.0860595703125 1624363343.598387 0
1127.0860595703125 1624363343.605442 0
1128.53466796875 1624363343.612467 0
1125.80224609375 1624363343.61951 0
1127.0860595703125 1624363343.626532 0
1127.0860595703125 1624363343.633528 0
1129.820068359375 1624363343.640459 0
1127.0860595703125 1624363343.64748 0
1128.36962890625 1624363343.654503 0
1128.53466796875 1624363343.661501 0
1131.2740478515625 1624363343.668345 0
1128.36962890625 1624363343.675308 0
1129.820068359375 1624363343.682297 0
1129.820068359375 1624363343.689335 0
1129.820068359375 1624363343.696398 0
1131.10546875 1624363343.703379 0
1134.0205078125 1624363343.710399 0
1131.2740478515625 1624363343.717394 0
1127.0860595703125 1624363343.72441 0
1132.56103515625 1624363343.731346 0
1129.820068359375 1624363343.738389 0
1127.0860595703125 1624363343.745343 0
1129.820068359375 1624363343.752399 0
1131.2740478515625 1624363343.759406 0
1131.10546875 1624363343.766453 0
1132.56103515625 1624363343.774754 0
1131.10546875 1624363343.782452 0
1131.10546875 1624363343.78946 0
1131.2740478515625 1624363343.796458 0
1132.56103515625 1624363343.80332 0
1135.3092041015625 1624363343.810294 0
1136.774169921875 1624363343.817298 0
1136.774169921875 1624363343.824359 0
1134.0205078125 1624363343.831364 0
1135.3092041015625 1624363343.838335 0
1138.064453125 1624363343.845381 0
1136.5980224609375 1624363343.852308 0
1135.48388671875 1624363343.859336 0
1131.2740478515625 1624363343.866339 0
1135.3092041015625 1624363343.873299 0
1131.2740478515625 1624363343.880342 0
1134.0205078125 1624363343.887295 0
1131.2740478515625 1624363343.894362 0
1134.0205078125 1624363343.901362 0
1140.8267822265625 1624363343.908397 0
1136.5980224609375 1624363343.915388 0
1140.8267822265625 1624363343.922417 0
1138.2427978515625 1624363343.929401 0
1136.774169921875 1624363343.936348 0
1135.3092041015625 1624363343.943336 0
1138.064453125 1624363343.950376 0
1136.774169921875 1624363343.957403 0
1136.5980224609375 1624363343.964471 0
1135.48388671875 1624363343.971409 0
1133.84814453125 1624363343.978443 0
1134.0205078125 1624363343.985416 0
1135.3092041015625 1624363343.992223 0
1138.064453125 1624363343.999266 0
1135.3092041015625 1624363344.006187 0
1140.8267822265625 1624363344.013247 0
1143.7823486328125 1624363344.020232 0
1139.5347900390625 1624363344.027227 0
1142.302734375 1624363344.034248 0
1135.3092041015625 1624363344.041277 0
1139.5347900390625 1624363344.048259 0
1140.8267822265625 1624363344.055292 0
1136.774169921875 1624363344.062282 0
1138.064453125 1624363344.0693 0
1136.774169921875 1624363344.0763 0
1138.064453125 1624363344.083302 0
1139.5347900390625 1624363344.090312 0
1136.774169921875 1624363344.097359 0
1136.774169921875 1624363344.104344 0
1135.3092041015625 1624363344.111261 0
1134.0205078125 1624363344.118274 0
1133.84814453125 1624363344.125345 0
1135.3092041015625 1624363344.132309 0
1138.064453125 1624363344.139316 0
1135.3092041015625 1624363344.146313 0
1134.0205078125 1624363344.153292 0
1133.84814453125 1624363344.160279 0
1133.84814453125 1624363344.167381 0
1132.56103515625 1624363344.174203 0
1134.0205078125 1624363344.181193 0
1132.73193359375 1624363344.188137 0
1132.56103515625 1624363344.195179 0
1132.56103515625 1624363344.202145 0
1132.56103515625 1624363344.209219 0
1132.56103515625 1624363344.216211 0
1129.987060546875 1624363344.22317 0
1132.56103515625 1624363344.230232 0
1134.0205078125 1624363344.237219 0
1132.73193359375 1624363344.244312 0
1135.3092041015625 1624363344.251246 0
1134.0205078125 1624363344.258196 0
1135.3092041015625 1624363344.265163 0
1131.2740478515625 1624363344.272192 0
1129.820068359375 1624363344.27929 0
1132.56103515625 1624363344.286269 0
1131.2740478515625 1624363344.293244 0
1129.820068359375 1624363344.300215 0
1129.987060546875 1624363344.307199 0
1129.820068359375 1624363344.314189 0
1129.820068359375 1624363344.321255 0
1131.2740478515625 1624363344.328366 0
1127.0860595703125 1624363344.335341 0
1128.36962890625 1624363344.3422 0
1128.53466796875 1624363344.349155 0
1125.80224609375 1624363344.356132 0
1125.6409912109375 1624363344.363152 0
1124.5186767578125 1624363344.370167 0
1125.6409912109375 1624363344.37718 0
1124.3590087890625 1624363344.384104 0
1125.80224609375 1624363344.391141 0
1124.5186767578125 1624363344.398202 0
1121.638916015625 1624363344.4051 0
1123.076904296875 1624363344.412153 0
1125.80224609375 1624363344.419195 0
1124.3590087890625 1624363344.426193 0
1123.076904296875 1624363344.43318 0
1125.80224609375 1624363344.440214 0
1125.80224609375 1624363344.447183 0
1123.076904296875 1624363344.454211 0
1124.3590087890625 1624363344.461269 0
1123.076904296875 1624363344.468242 0
1123.076904296875 1624363344.475237 0
1120.20458984375 1624363344.482246 0
1123.076904296875 1624363344.489186 0
1121.638916015625 1624363344.496152 0
1122.9193115234375 1624363344.503084 0
1124.3590087890625 1624363344.510091 0
1127.0860595703125 1624363344.517123 0
1125.80224609375 1624363344.524092 0
1128.53466796875 1624363344.531064 0
1129.820068359375 1624363344.537984 0
1125.80224609375 1624363344.544985 0
1131.10546875 1624363344.552023 0
1132.73193359375 1624363344.559102 0
1135.3092041015625 1624363344.566112 0
1136.774169921875 1624363344.573109 0
1135.48388671875 1624363344.580152 0
1131.2740478515625 1624363344.587129 0
1135.3092041015625 1624363344.594161 0
1135.3092041015625 1624363344.601135 0
1138.2427978515625 1624363344.608148 0
1138.064453125 1624363344.615223 0
1136.774169921875 1624363344.622172 0
1138.064453125 1624363344.629116 0
1134.0205078125 1624363344.636122 0
1135.48388671875 1624363344.643229 0
1133.84814453125 1624363344.65015 0
1134.0205078125 1624363344.656958 0
1136.774169921875 1624363344.663933 0
1136.5980224609375 1624363344.670959 0
1136.774169921875 1624363344.678005 0
1139.5347900390625 1624363344.685029 0
1140.8267822265625 1624363344.692094 0
1143.596435546875 1624363344.699072 0
1139.5347900390625 1624363344.706121 0
1136.774169921875 1624363344.713083 0
1141.009033203125 1624363344.720125 0
1136.5980224609375 1624363344.727014 0
1140.6451416015625 1624363344.734061 0
1146.373046875 1624363344.741081 0
1142.302734375 1624363344.748073 0
1132.56103515625 1624363344.755101 0
1132.56103515625 1624363344.762116 0
1136.774169921875 1624363344.769148 0
1140.8267822265625 1624363344.776162 0
1147.8599853515625 1624363344.783107 0
1143.596435546875 1624363344.790079 0
1142.302734375 1624363344.797071 0
1142.302734375 1624363344.804036 0
1140.8267822265625 1624363344.81111 0
1140.8267822265625 1624363344.817948 0
1138.2427978515625 1624363344.824931 0
1134.0205078125 1624363344.831966 0
1134.0205078125 1624363344.838938 0
1132.56103515625 1624363344.846016 0
1134.0205078125 1624363344.853003 0
1133.84814453125 1624363344.860042 0
1136.5980224609375 1624363344.866949 0
1138.064453125 1624363344.873982 0
1134.0205078125 1624363344.880964 0
1137.8865966796875 1624363344.8881 0
1138.2427978515625 1624363344.894955 0
1136.774169921875 1624363344.901963 0
1134.0205078125 1624363344.909004 0
1135.3092041015625 1624363344.916026 0
1136.5980224609375 1624363344.92306 0
1135.3092041015625 1624363344.930037 0
1140.8267822265625 1624363344.936978 0
1140.8267822265625 1624363344.943995 0
1139.5347900390625 1624363344.950965 0
1142.302734375 1624363344.958025 0
1142.302734375 1624363344.965075 0
1142.1187744140625 1624363344.971967 0
1147.6683349609375 1624363344.979038 0
1142.302734375 1624363344.986024 0
1142.1187744140625 1624363344.993084 0
1143.596435546875 1624363344.999891 0
1142.302734375 1624363345.006963 0
1143.596435546875 1624363345.013926 0
1143.596435546875 1624363345.020919 0
1142.302734375 1624363345.027927 0
1138.064453125 1624363345.034953 0
1140.8267822265625 1624363345.041961 0
1140.8267822265625 1624363345.048993 0
1140.8267822265625 1624363345.056015 0
1140.8267822265625 1624363345.063023 0
1140.8267822265625 1624363345.069941 0
1140.8267822265625 1624363345.077008 0
1141.009033203125 1624363345.08405 0
1139.3548583984375 1624363345.090986 0
1142.302734375 1624363345.097961 0
1139.5347900390625 1624363345.104967 0
1138.064453125 1624363345.111939 0
1138.064453125 1624363345.119002 0
1138.064453125 1624363345.126032 0
1136.774169921875 1624363345.132975 0
1138.064453125 1624363345.13997 0
1138.064453125 1624363345.146947 0
1140.8267822265625 1624363345.153921 0
1142.1187744140625 1624363345.160999 0
1143.596435546875 1624363345.16783 0
1142.302734375 1624363345.174887 0
1139.5347900390625 1624363345.18187 0
1136.774169921875 1624363345.188847 0
1138.064453125 1624363345.195911 0
1136.774169921875 1624363345.202871 0
1142.1187744140625 1624363345.209852 0
1136.774169921875 1624363345.216894 0
1136.774169921875 1624363345.223869 0
1140.8267822265625 1624363345.230825 0
1136.774169921875 1624363345.237822 0
1138.064453125 1624363345.244889 0
1138.064453125 1624363345.251883 0
1136.774169921875 1624363345.258996 0
1136.774169921875 1624363345.265885 0
1136.5980224609375 1624363345.272908 0
1138.064453125 1624363345.279865 0
1136.774169921875 1624363345.286823 0
1136.774169921875 1624363345.293854 0
1139.3548583984375 1624363345.300905 0
1136.774169921875 1624363345.307935 0
1138.064453125 1624363345.314935 0
1138.064453125 1624363345.321893 0
1138.064453125 1624363345.328753 0
1135.3092041015625 1624363345.335735 0
1138.064453125 1624363345.342754 0
1139.3548583984375 1624363345.349801 0
1139.5347900390625 1624363345.356838 0
1140.8267822265625 1624363345.363807 0
1140.8267822265625 1624363345.370854 0
1140.8267822265625 1624363345.377894 0
1139.5347900390625 1624363345.384831 0
1136.774169921875 1624363345.391791 0
1135.3092041015625 1624363345.398804 0
1135.3092041015625 1624363345.405889 0
1136.774169921875 1624363345.41292 0
1135.3092041015625 1624363345.419936 0
1135.3092041015625 1624363345.42687 0
1136.774169921875 1624363345.433968 0
1139.5347900390625 1624363345.440984 0
1138.2427978515625 1624363345.447914 0
1131.2740478515625 1624363345.454892 0
1133.84814453125 1624363345.461954 0
1136.5980224609375 1624363345.468954 0
1134.0205078125 1624363345.475969 0
1134.0205078125 1624363345.482782 0
1132.56103515625 1624363345.489769 0
1132.56103515625 1624363345.496781 0
1128.36962890625 1624363345.503805 0
1129.820068359375 1624363345.510728 0
1128.36962890625 1624363345.517827 0
1129.820068359375 1624363345.52479 0
1132.56103515625 1624363345.531789 0
1131.2740478515625 1624363345.53873 0
1131.2740478515625 1624363345.545681 0
1128.53466796875 1624363345.552664 0
1124.3590087890625 1624363345.559787 0
1123.076904296875 1624363345.56681 0
1121.638916015625 1624363345.573758 0
1121.638916015625 1624363345.580787 0
1123.076904296875 1624363345.587814 0
1123.076904296875 1624363345.594741 0
1124.3590087890625 1624363345.601723 0
1128.36962890625 1624363345.608774 0
1129.820068359375 1624363345.615727 0
1124.3590087890625 1624363345.62281 0
1123.076904296875 1624363345.629835 0
1124.3590087890625 1624363345.636805 0
1125.80224609375 1624363345.643818 0
1124.3590087890625 1624363345.65089 0
1120.3585205078125 1624363345.657857 0
1124.3590087890625 1624363345.664719 0
1124.5186767578125 1624363345.671758 0
1121.638916015625 1624363345.678705 0
1124.5186767578125 1624363345.685756 0
1123.076904296875 1624363345.692766 0
1124.3590087890625 1624363345.699716 0
1123.076904296875 1624363345.706773 0
1123.076904296875 1624363345.713793 0
1121.638916015625 1624363345.720768 0
1125.80224609375 1624363345.727772 0
1124.3590087890625 1624363345.734786 0
1127.0860595703125 1624363345.741789 0
1125.80224609375 1624363345.748743 0
1128.53466796875 1624363345.755792 0
1124.3590087890625 1624363345.762788 0
1121.638916015625 1624363345.769811 0
1121.638916015625 1624363345.776814 0
1123.076904296875 1624363345.78378 0
1123.076904296875 1624363345.790791 0
1123.076904296875 1624363345.797779 0
1124.3590087890625 1624363345.804747 0
1123.076904296875 1624363345.811707 0
1123.076904296875 1624363345.818709 0
1122.9193115234375 1624363345.825602 0
1124.3590087890625 1624363345.832587 0
1121.638916015625 1624363345.83966 0
1124.5186767578125 1624363345.846658 0
1123.076904296875 1624363345.853668 0
1121.638916015625 1624363345.860575 0
1120.3585205078125 1624363345.867639 0
1123.076904296875 1624363345.874611 0
1118.92578125 1624363345.881684 0
1121.7947998046875 1624363345.888654 0
1118.92578125 1624363345.895626 0
1121.638916015625 1624363345.902719 0
1121.638916015625 1624363345.909645 0
1123.076904296875 1624363345.916808 0
1117.6470947265625 1624363345.923724 0
1120.20458984375 1624363345.930716 0
1118.92578125 1624363345.937664 0
1118.92578125 1624363345.944721 0
1120.20458984375 1624363345.951771 0
1118.92578125 1624363345.958694 0
1118.92578125 1624363345.9658 0
1120.3585205078125 1624363345.97277 0
1124.3590087890625 1624363345.97976 0
1121.638916015625 1624363345.986761 0
1116.2196044921875 1624363345.993561 0
1121.638916015625 1624363346.000593 0
1117.6470947265625 1624363346.007578 0
1118.92578125 1624363346.01464 0
1118.92578125 1624363346.021607 0
1117.6470947265625 1624363346.028682 0
1117.6470947265625 1624363346.035685 0
1116.2196044921875 1624363346.042588 0
1116.2196044921875 1624363346.049676 0
1118.92578125 1624363346.056662 0
1116.2196044921875 1624363346.063659 0
1114.9425048828125 1624363346.070623 0
1113.5203857421875 1624363346.077697 0
1113.5203857421875 1624363346.084615 0
1114.9425048828125 1624363346.091618 0
1117.6470947265625 1624363346.09866 0
1116.3682861328125 1624363346.105604 0
1112.244873046875 1624363346.112634 0
1113.5203857421875 1624363346.11973 0
1114.9425048828125 1624363346.126719 0
1116.2196044921875 1624363346.133614 0
1114.9425048828125 1624363346.140609 0
1116.2196044921875 1624363346.147591 0
1113.5203857421875 1624363346.154636 0
1109.55419921875 1624363346.161723 0
1112.1019287109375 1624363346.168591 0
1113.5203857421875 1624363346.175604 0
1117.6470947265625 1624363346.182616 0
1116.3682861328125 1624363346.189617 0
1113.5203857421875 1624363346.196584 0
1113.5203857421875 1624363346.203586 0
1113.5203857421875 1624363346.210631 0
1110.8280029296875 1624363346.217652 0
1113.5203857421875 1624363346.224593 0
1113.5203857421875 1624363346.231617 0
1114.9425048828125 1624363346.238593 0
1113.5203857421875 1624363346.245583 0
1114.9425048828125 1624363346.252569 0
1113.5203857421875 1624363346.259576 0
1110.8280029296875 1624363346.266602 0
1114.9425048828125 1624363346.273617 0
1113.5203857421875 1624363346.280675 0
1112.244873046875 1624363346.287655 0
1112.244873046875 1624363346.294645 0
1113.5203857421875 1624363346.301642 0
1113.5203857421875 1624363346.308609 0
1113.5203857421875 1624363346.315661 0
1114.7958984375 1624363346.322719 0
1118.92578125 1624363346.329476 0
1116.2196044921875 1624363346.336477 0
1117.6470947265625 1624363346.343435 0
1112.244873046875 1624363346.350378 0
1113.5203857421875 1624363346.357549 0
1113.5203857421875 1624363346.364517 0
1112.244873046875 1624363346.37154 0
1109.55419921875 1624363346.378591 0
1110.8280029296875 1624363346.385569 0
1110.8280029296875 1624363346.392582 0
1110.8280029296875 1624363346.399558 0
1110.8280029296875 1624363346.406602 0
1109.55419921875 1624363346.413572 0
1112.1019287109375 1624363346.420626 0
1113.5203857421875 1624363346.427632 0
1110.969482421875 1624363346.434625 0
1112.244873046875 1624363346.441624 0
1109.55419921875 1624363346.448621 0
1109.414794921875 1624363346.455554 0
1109.55419921875 1624363346.462589 0
1112.1019287109375 1624363346.469572 0
1113.5203857421875 1624363346.476431 0
1113.5203857421875 1624363346.483478 0
1113.5203857421875 1624363346.490486 0
1114.9425048828125 1624363346.497372 0
1112.244873046875 1624363346.504362 0
1114.9425048828125 1624363346.51145 0
1112.244873046875 1624363346.518417 0
1110.8280029296875 1624363346.525408 0
1110.8280029296875 1624363346.53243 0
1109.55419921875 1624363346.539409 0
1110.8280029296875 1624363346.546396 0
1112.244873046875 1624363346.553395 0
1113.5203857421875 1624363346.560529 0
1112.244873046875 1624363346.567504 0
1113.5203857421875 1624363346.574512 0
1113.5203857421875 1624363346.581468 0
1114.9425048828125 1624363346.588475 0
1114.9425048828125 1624363346.595431 0
1112.1019287109375 1624363346.602504 0
1116.2196044921875 1624363346.609542 0
1112.244873046875 1624363346.616528 0
1108.1424560546875 1624363346.623534 0
1108.1424560546875 1624363346.630547 0
1109.55419921875 1624363346.637532 0
1106.734375 1624363346.644359 0
1110.8280029296875 1624363346.651324 0
1112.244873046875 1624363346.658367 0
1112.244873046875 1624363346.665324 0
1112.244873046875 1624363346.672449 0
1110.969482421875 1624363346.679387 0
1113.5203857421875 1624363346.686489 0
1113.5203857421875 1624363346.693429 0
1112.244873046875 1624363346.700406 0
1114.7958984375 1624363346.707508 0
1113.5203857421875 1624363346.714417 0
1108.1424560546875 1624363346.721404 0
1110.8280029296875 1624363346.728469 0
1113.5203857421875 1624363346.735415 0
1113.5203857421875 1624363346.742433 0
1113.5203857421875 1624363346.749421 0
1112.244873046875 1624363346.756392 0
1110.8280029296875 1624363346.763392 0
1110.8280029296875 1624363346.770375 0
1113.5203857421875 1624363346.777418 0
1114.7958984375 1624363346.784497 0
1113.5203857421875 1624363346.791457 0
1114.9425048828125 1624363346.798418 0
1116.2196044921875 1624363346.805462 0
1116.2196044921875 1624363346.8125 0
1114.9425048828125 1624363346.819495 0
1114.9425048828125 1624363346.826318 0
1116.2196044921875 1624363346.83337 0
1117.6470947265625 1624363346.840367 0
1114.9425048828125 1624363346.847385 0
1114.9425048828125 1624363346.854416 0
1118.92578125 1624363346.861333 0
1114.9425048828125 1624363346.868366 0
1114.7958984375 1624363346.87536 0
1114.9425048828125 1624363346.882362 0
1113.5203857421875 1624363346.889428 0
1116.2196044921875 1624363346.896388 0
1113.5203857421875 1624363346.903391 0
1114.9425048828125 1624363346.910424 0
1116.2196044921875 1624363346.917414 0
1116.2196044921875 1624363346.924347 0
1114.9425048828125 1624363346.931334 0
1114.9425048828125 1624363346.938362 0
1113.5203857421875 1624363346.94529 0
1116.2196044921875 1624363346.952437 0
1117.6470947265625 1624363346.95933 0
1116.2196044921875 1624363346.966331 0
1112.244873046875 1624363346.973398 0
1113.5203857421875 1624363346.980177 0
1114.9425048828125 1624363346.987327 0
1114.9425048828125 1624363346.994241 0
1116.2196044921875 1624363347.001295 0
1117.6470947265625 1624363347.008268 0
1120.20458984375 1624363347.01531 0
1118.92578125 1624363347.022319 0
1116.2196044921875 1624363347.029372 0
1116.2196044921875 1624363347.036294 0
1116.2196044921875 1624363347.043326 0
1116.2196044921875 1624363347.050295 0
1118.92578125 1624363347.057256 0
1116.2196044921875 1624363347.064247 0
1116.2196044921875 1624363347.071279 0
1114.9425048828125 1624363347.078351 0
1113.5203857421875 1624363347.085334 0
1112.244873046875 1624363347.092283 0
1112.244873046875 1624363347.099268 0
1110.8280029296875 1624363347.106298 0
1113.5203857421875 1624363347.11337 0
1114.9425048828125 1624363347.120344 0
1116.2196044921875 1624363347.127289 0
1114.9425048828125 1624363347.134436 0
1113.5203857421875 1624363347.141358 0
1109.55419921875 1624363347.148313 0
1110.8280029296875 1624363347.15526 0
1110.8280029296875 1624363347.16226 0
1113.5203857421875 1624363347.169257 0
1110.8280029296875 1624363347.176191 0
1108.1424560546875 1624363347.183245 0
1112.244873046875 1624363347.190277 0
1109.55419921875 1624363347.197288 0
1108.1424560546875 1624363347.204252 0
1108.1424560546875 1624363347.211299 0
1106.8701171875 1624363347.21825 0
1105.4637451171875 1624363347.225275 0
1110.8280029296875 1624363347.232186 0
1113.5203857421875 1624363347.239207 0
1112.244873046875 1624363347.246336 0
1108.1424560546875 1624363347.253291 0
1106.8701171875 1624363347.260324 0
1106.734375 1624363347.267309 0
1108.1424560546875 1624363347.274302 0
1105.4637451171875 1624363347.281241 0
1106.734375 1624363347.288214 0
1105.4637451171875 1624363347.295276 0
1104.193115234375 1624363347.30232 0
1105.4637451171875 1624363347.309334 0
1104.193115234375 1624363347.316369 0
1101.5228271484375 1624363347.323268 0
1101.5228271484375 1624363347.330187 0
1100.126708984375 1624363347.337193 0
1096.2025146484375 1624363347.344141 0
1096.2025146484375 1624363347.351192 0
1093.552490234375 1624363347.358191 0
1096.0809326171875 1624363347.365193 0
1098.8592529296875 1624363347.372165 0
1096.2025146484375 1624363347.379222 0
1096.2025146484375 1624363347.386155 0
1096.2025146484375 1624363347.39323 0
1098.734130859375 1624363347.400197 0
1097.4683837890625 1624363347.407267 0
1101.3941650390625 1624363347.414294 0
1097.4683837890625 1624363347.421231 0
1100.126708984375 1624363347.428255 0
1101.5228271484375 1624363347.435243 0
1102.7918701171875 1624363347.442234 0
1104.193115234375 1624363347.449217 0
1101.5228271484375 1624363347.456166 0
1101.5228271484375 1624363347.463316 0
1101.5228271484375 1624363347.470331 0
1102.7918701171875 1624363347.47714 0
1101.5228271484375 1624363347.484029 0
1101.5228271484375 1624363347.491065 0
1101.5228271484375 1624363347.498039 0
1102.7918701171875 1624363347.505065 0
1104.193115234375 1624363347.512126 0
1100.126708984375 1624363347.519133 0
1101.3941650390625 1624363347.526117 0
1101.5228271484375 1624363347.533168 0
1102.7918701171875 1624363347.540117 0
1102.9224853515625 1624363347.547147 0
1100.126708984375 1624363347.554108 0
1102.7918701171875 1624363347.561165 0
1098.8592529296875 1624363347.568164 0
1101.3941650390625 1624363347.575144 0
1100.126708984375 1624363347.582183 0
1102.7918701171875 1624363347.589216 0
1105.4637451171875 1624363347.596272 0
1102.7918701171875 1624363347.603165 0
1101.5228271484375 1624363347.610242 0
1104.0609130859375 1624363347.617239 0
1101.5228271484375 1624363347.624275 0
1100.126708984375 1624363347.631056 0
1102.7918701171875 1624363347.638086 0
1101.5228271484375 1624363347.644986 0
1105.4637451171875 1624363347.652025 0
1102.9224853515625 1624363347.659015 0
1101.5228271484375 1624363347.666114 0
1100.126708984375 1624363347.673129 0
1102.9224853515625 1624363347.680099 0
1098.8592529296875 1624363347.687152 0
1097.4683837890625 1624363347.694106 0
1097.4683837890625 1624363347.701137 0
1097.4683837890625 1624363347.708152 0
1100.126708984375 1624363347.715175 0
1097.4683837890625 1624363347.722119 0
1096.2025146484375 1624363347.729201 0
1094.816650390625 1624363347.736162 0
1094.816650390625 1624363347.743144 0
1096.2025146484375 1624363347.750165 0
1094.816650390625 1624363347.757214 0
1094.816650390625 1624363347.764154 0
1094.816650390625 1624363347.771128 0
1092.171630859375 1624363347.778231 0
1097.4683837890625 1624363347.785192 0
1096.0809326171875 1624363347.792081 0
1097.4683837890625 1624363347.799025 0
1096.2025146484375 1624363347.80607 0
1097.4683837890625 1624363347.812996 0
1094.816650390625 1624363347.820075 0
1093.434326171875 1624363347.827068 0
1096.2025146484375 1624363347.834063 0
1096.2025146484375 1624363347.841106 0
1094.816650390625 1624363347.848092 0
1094.816650390625 1624363347.85509 0
1093.552490234375 1624363347.862042 0
1094.816650390625 1624363347.869108 0
1093.552490234375 1624363347.876098 0
1094.816650390625 1624363347.883182 0
1097.4683837890625 1624363347.890159 0
1094.816650390625 1624363347.897098 0
1094.816650390625 1624363347.904185 0
1094.816650390625 1624363347.911124 0
1094.816650390625 1624363347.918134 0
1092.171630859375 1624363347.925123 0
1090.79443359375 1624363347.932162 0
1089.533447265625 1624363347.939144 0
1089.533447265625 1624363347.945992 0
1089.533447265625 1624363347.952998 0
1090.9091796875 1624363347.960017 0
1090.9091796875 1624363347.966973 0
1093.552490234375 1624363347.973954 0
1090.79443359375 1624363347.981005 0
1093.552490234375 1624363347.987999 0
1094.816650390625 1624363347.994969 0
1093.552490234375 1624363348.002045 0
1094.816650390625 1624363348.00906 0
1093.434326171875 1624363348.016103 0
1093.552490234375 1624363348.023048 0
1092.171630859375 1624363348.030038 0
1089.533447265625 1624363348.037023 0
1089.533447265625 1624363348.044042 0
1090.9091796875 1624363348.051056 0
1093.552490234375 1624363348.058007 0
1093.552490234375 1624363348.065086 0
1089.533447265625 1624363348.072093 0
1092.171630859375 1624363348.079098 0
1089.533447265625 1624363348.086056 0
1090.9091796875 1624363348.093093 0
1090.9091796875 1624363348.100067 0
1092.171630859375 1624363348.107083 0
1090.9091796875 1624363348.114125 0
1089.533447265625 1624363348.120854 0
1090.9091796875 1624363348.127887 0
1090.9091796875 1624363348.134919 0
1089.533447265625 1624363348.141941 0
1089.533447265625 1624363348.148959 0
1089.533447265625 1624363348.155918 0
1090.9091796875 1624363348.163006 0
1089.533447265625 1624363348.169939 0
1088.2723388671875 1624363348.177001 0
1089.533447265625 1624363348.183944 0
1092.171630859375 1624363348.190994 0
1093.552490234375 1624363348.197994 0
1090.9091796875 1624363348.204941 0
1090.9091796875 1624363348.212001 0
1089.533447265625 1624363348.219005 0
1089.533447265625 1624363348.226014 0
1092.171630859375 1624363348.232985 0
1090.9091796875 1624363348.240055 0
1090.79443359375 1624363348.247021 0
1090.9091796875 1624363348.254033 0
1088.2723388671875 1624363348.261058 0
1089.533447265625 1624363348.268073 0
1092.171630859375 1624363348.275855 0
1090.9091796875 1624363348.282787 0
1088.2723388671875 1624363348.289816 0
1089.533447265625 1624363348.296835 0
1089.533447265625 1624363348.303849 0
1086.9017333984375 1624363348.310857 0
1086.9017333984375 1624363348.317897 0
1088.1612548828125 1624363348.324913 0
1086.9017333984375 1624363348.331975 0
1089.533447265625 1624363348.338906 0
1086.9017333984375 1624363348.345914 0
1088.2723388671875 1624363348.352896 0
1085.642333984375 1624363348.359977 0
1086.9017333984375 1624363348.366902 0
1084.2767333984375 1624363348.373905 0
1086.9017333984375 1624363348.380902 0
1086.9017333984375 1624363348.387903 0
1088.2723388671875 1624363348.394896 0
1086.9017333984375 1624363348.401936 0
1086.9017333984375 1624363348.408937 0
1085.642333984375 1624363348.415942 0
1085.642333984375 1624363348.423017 0
1086.9017333984375 1624363348.42994 0
1085.642333984375 1624363348.436996 0
1082.91455078125 1624363348.444039 0
1083.0189208984375 1624363348.450973 0
1085.642333984375 1624363348.457968 0
1085.5345458984375 1624363348.464987 0
1083.0189208984375 1624363348.47181 0
1082.91455078125 1624363348.478797 0
1085.5345458984375 1624363348.485791 0
1086.9017333984375 1624363348.492863 0
1089.533447265625 1624363348.499859 0
1089.533447265625 1624363348.506852 0
1089.533447265625 1624363348.513842 0
1089.533447265625 1624363348.520835 0
1090.9091796875 1624363348.527816 0
1090.9091796875 1624363348.534812 0
1089.533447265625 1624363348.541847 0
1090.9091796875 1624363348.548832 0
1090.9091796875 1624363348.555765 0
1088.2723388671875 1624363348.562752 0
1089.533447265625 1624363348.569852 0
1086.9017333984375 1624363348.576864 0
1086.9017333984375 1624363348.583827 0
1088.2723388671875 1624363348.590856 0
1086.9017333984375 1624363348.597798 0
1086.9017333984375 1624363348.604826 0
1089.533447265625 1624363348.611811 0
1088.2723388671875 1624363348.618917 0
1088.1612548828125 1624363348.625784 0
1086.9017333984375 1624363348.632799 0
1092.171630859375 1624363348.639803 0
1090.79443359375 1624363348.646826 0
1090.9091796875 1624363348.653655 0
1090.9091796875 1624363348.660659 0
1089.533447265625 1624363348.667655 0
1089.533447265625 1624363348.674694 0
1086.9017333984375 1624363348.681702 0
1089.533447265625 1624363348.688713 0
1086.9017333984375 1624363348.695747 0
1086.9017333984375 1624363348.702717 0
1086.9017333984375 1624363348.70973 0
1086.9017333984375 1624363348.716755 0
1085.642333984375 1624363348.723756 0
1088.1612548828125 1624363348.730815 0
1089.533447265625 1624363348.737771 0
1089.533447265625 1624363348.744917 0
1089.533447265625 1624363348.751865 0
1088.2723388671875 1624363348.75885 0
1089.533447265625 1624363348.76582 0
1089.533447265625 1624363348.772845 0
1089.533447265625 1624363348.779811 0
1089.533447265625 1624363348.786823 0
1089.533447265625 1624363348.793905 0
1089.533447265625 1624363348.800794 0
1088.2723388671875 1624363348.807619 0
1088.2723388671875 1624363348.814628 0
1089.533447265625 1624363348.821648 0
1086.9017333984375 1624363348.828621 0
1089.533447265625 1624363348.835589 0
1089.533447265625 1624363348.842686 0
1088.2723388671875 1624363348.849594 0
1087.0113525390625 1624363348.856636 0
1086.9017333984375 1624363348.863657 0
1088.2723388671875 1624363348.870627 0
1088.2723388671875 1624363348.877684 0
1088.2723388671875 1624363348.884715 0
1090.9091796875 1624363348.891723 0
1090.79443359375 1624363348.898761 0
1085.642333984375 1624363348.9057 0
1086.9017333984375 1624363348.912687 0
1085.642333984375 1624363348.919722 0
1086.9017333984375 1624363348.926784 0
1086.9017333984375 1624363348.93377 0
1085.642333984375 1624363348.940787 0
1086.9017333984375 1624363348.947818 0
1085.642333984375 1624363348.954813 0
1085.5345458984375 1624363348.961801 0
1085.5345458984375 1624363348.968845 0
1081.658203125 1624363348.975658 0
1081.658203125 1624363348.982648 0
1081.658203125 1624363348.989634 0
1084.2767333984375 1624363348.9967 0
1086.9017333984375 1624363349.003631 0
1084.2767333984375 1624363349.010566 0
1085.642333984375 1624363349.01761 0
1084.2767333984375 1624363349.024609 0
1084.2767333984375 1624363349.031686 0
1086.9017333984375 1624363349.038648 0
1085.5345458984375 1624363349.045608 0
1086.9017333984375 1624363349.052625 0
1085.642333984375 1624363349.059615 0
1085.642333984375 1624363349.066725 0
1085.642333984375 1624363349.073672 0
1081.658203125 1624363349.080705 0
1081.658203125 1624363349.08762 0
1080.4019775390625 1624363349.094614 0
1080.4019775390625 1624363349.10162 0
1081.658203125 1624363349.108647 0
1081.658203125 1624363349.115654 0
1081.658203125 1624363349.122493 0
1080.4019775390625 1624363349.129482 0
1082.91455078125 1624363349.136471 0
1081.658203125 1624363349.143482 0
1083.0189208984375 1624363349.150513 0
1083.0189208984375 1624363349.157517 0
1085.642333984375 1624363349.164523 0
1086.9017333984375 1624363349.171519 0
1088.2723388671875 1624363349.178553 0
1086.9017333984375 1624363349.185521 0
1085.642333984375 1624363349.192523 0
1086.9017333984375 1624363349.199638 0
1084.3829345703125 1624363349.206556 0
1084.2767333984375 1624363349.213576 0
1085.642333984375 1624363349.220543 0
1084.2767333984375 1624363349.227569 0
1084.2767333984375 1624363349.234575 0
1082.91455078125 1624363349.241602 0
1086.9017333984375 1624363349.248563 0
1088.1612548828125 1624363349.255549 0
1085.642333984375 1624363349.262558 0
1084.2767333984375 1624363349.269603 0
1085.5345458984375 1624363349.276731 0
1085.5345458984375 1624363349.283693 0
1086.9017333984375 1624363349.29045 0
1085.642333984375 1624363349.297522 0
1088.1612548828125 1624363349.304485 0
1089.533447265625 1624363349.311436 0
1086.9017333984375 1624363349.318484 0
1086.9017333984375 1624363349.325529 0
1089.533447265625 1624363349.332576 0
1089.533447265625 1624363349.339581 0
1088.2723388671875 1624363349.346579 0
1088.2723388671875 1624363349.353588 0
1092.171630859375 1624363349.36059 0
1092.171630859375 1624363349.367628 0
1090.9091796875 1624363349.374582 0
1092.171630859375 1624363349.381607 0
1089.533447265625 1624363349.388567 0
1088.1612548828125 1624363349.395661 0
1088.2723388671875 1624363349.402673 0
1086.9017333984375 1624363349.409643 0
1088.2723388671875 1624363349.416669 0
1088.2723388671875 1624363349.42364 0
1088.1612548828125 1624363349.430594 0
1085.642333984375 1624363349.437615 0
1088.2723388671875 1624363349.444608 0
1085.5345458984375 1624363349.451624 0
1084.2767333984375 1624363349.45854 0
1083.0189208984375 1624363349.465515 0
1084.2767333984375 1624363349.472524 0
1081.658203125 1624363349.479515 0
1081.658203125 1624363349.48652 0
1080.4019775390625 1624363349.493507 0
1080.4019775390625 1624363349.500534 0
1081.658203125 1624363349.507595 0
1079.04638671875 1624363349.514524 0
1079.04638671875 1624363349.521541 0
1077.791748046875 1624363349.528573 0
1077.791748046875 1624363349.535506 0
1077.791748046875 1624363349.542552 0
1079.04638671875 1624363349.549564 0
1081.658203125 1624363349.556539 0
1080.4019775390625 1624363349.563544 0
1079.04638671875 1624363349.570564 0
1080.4019775390625 1624363349.577528 0
1079.04638671875 1624363349.584505 0
1079.04638671875 1624363349.591515 0
