22.208513259887695 1624363610.552055 0.264
22.208513259887695 1624363610.558942 0.264
21.591609954833984 1624363610.565939 0.264
22.208513259887695 1624363610.572921 0.264
22.208513259887695 1624363610.580043 0.264
22.208513259887695 1624363610.587011 0.264
22.208513259887695 1624363610.594043 0.264
21.591609954833984 1624363610.601026 0.264
22.208513259887695 1624363610.607986 0.264
21.591609954833984 1624363610.614985 0.264
22.208513259887695 1624363610.621939 0.264
22.208513259887695 1624363610.628953 0.264
22.208513259887695 1624363610.635974 0.264
22.208513259887695 1624363610.643093 0.264
22.208513259887695 1624363610.650066 0.264
22.208513259887695 1624363610.657064 0.264
22.208513259887695 1624363610.663913 0.264
21.591609954833984 1624363610.670925 0.264
22.208513259887695 1624363610.677891 0.264
22.208513259887695 1624363610.684938 0.264
22.208513259887695 1624363610.691933 0.264
22.208513259887695 1624363610.698911 0.264
21.591609954833984 1624363610.705929 0.264
22.208513259887695 1624363610.712958 0.264
22.208513259887695 1624363610.72003 0.264
22.208513259887695 1624363610.726969 0.264
22.208513259887695 1624363610.733977 0.264
22.208513259887695 1624363610.741053 0.264
22.208513259887695 1624363610.747977 0.264
22.208513259887695 1624363610.755039 0.264
22.208513259887695 1624363610.761968 0.264
22.208513259887695 1624363610.769019 0.264
21.591609954833984 1624363610.775935 0.264
22.208513259887695 1624363610.782982 0.264
22.208513259887695 1624363610.790053 0.264
21.591609954833984 1624363610.796971 0.264
22.208513259887695 1624363610.804037 0.264
22.208513259887695 1624363610.811011 0.264
22.208513259887695 1624363610.817912 0.264
22.208513259887695 1624363610.824757 0.264
21.591609954833984 1624363610.831793 0.264
22.208513259887695 1624363610.838772 0.264
22.208513259887695 1624363610.845834 0.264
21.591609954833984 1624363610.852786 0.264
22.208513259887695 1624363610.859788 0.264
22.208513259887695 1624363610.866815 0.264
22.208513259887695 1624363610.873769 0.264
22.208513259887695 1624363610.880818 0.264
22.208513259887695 1624363610.887834 0.264
22.208513259887695 1624363610.894926 0.264
22.208513259887695 1624363610.901869 0.264
22.208513259887695 1624363610.908899 0.264
22.208513259887695 1624363610.915868 0.264
22.208513259887695 1624363610.922885 0.264
22.208513259887695 1624363610.929818 0.264
22.208513259887695 1624363610.936945 0.264
22.208513259887695 1624363610.943992 0.264
22.208513259887695 1624363610.950964 0.264
21.591609954833984 1624363610.957963 0.264
22.208513259887695 1624363610.964972 0.264
22.208513259887695 1624363610.972058 0.264
22.208513259887695 1624363610.979014 0.264
22.208513259887695 1624363610.985979 0.264
22.208513259887695 1624363610.993013 0.264
22.208513259887695 1624363610.999788 0.264
22.208513259887695 1624363611.006764 0.264
22.208513259887695 1624363611.013781 0.264
22.208513259887695 1624363611.020811 0.264
22.208513259887695 1624363611.027768 0.264
22.208513259887695 1624363611.034751 0.264
22.208513259887695 1624363611.041764 0.264
21.591609954833984 1624363611.048821 0.264
22.208513259887695 1624363611.055835 0.264
22.208513259887695 1624363611.062722 0.264
22.208513259887695 1624363611.069818 0.264
22.208513259887695 1624363611.076755 0.264
21.591609954833984 1624363611.083832 0.264
22.208513259887695 1624363611.090864 0.264
22.208513259887695 1624363611.097923 0.264
22.208513259887695 1624363611.104813 0.264
22.208513259887695 1624363611.111823 0.264
21.591609954833984 1624363611.118823 0.264
22.208513259887695 1624363611.125911 0.264
22.208513259887695 1624363611.132911 0.264
22.208513259887695 1624363611.139888 0.264
22.208513259887695 1624363611.146941 0.264
22.208513259887695 1624363611.153972 0.264
22.208513259887695 1624363611.160793 0.264
22.208513259887695 1624363611.167773 0.264
22.208513259887695 1624363611.17485 0.264
22.208513259887695 1624363611.181718 0.264
22.208513259887695 1624363611.18882 0.264
22.208513259887695 1624363611.195808 0.264
22.208513259887695 1624363611.202837 0.264
21.591609954833984 1624363611.209815 0.264
22.208513259887695 1624363611.216847 0.264
22.208513259887695 1624363611.223833 0.264
22.208513259887695 1624363611.230823 0.264
22.208513259887695 1624363611.237858 0.264
21.591609954833984 1624363611.244851 0.264
22.208513259887695 1624363611.25184 0.264
22.208513259887695 1624363611.258843 0.264
21.591609954833984 1624363611.26586 0.264
22.208513259887695 1624363611.272894 0.264
22.208513259887695 1624363611.279788 0.264
22.208513259887695 1624363611.286803 0.264
22.208513259887695 1624363611.293877 0.264
22.208513259887695 1624363611.300637 0.264
22.208513259887695 1624363611.307677 0.264
22.208513259887695 1624363611.314699 0.264
22.208513259887695 1624363611.321635 0.264
22.208513259887695 1624363611.32867 0.264
21.591609954833984 1624363611.33567 0.264
22.208513259887695 1624363611.342672 0.264
22.208513259887695 1624363611.349658 0.264
22.208513259887695 1624363611.356764 0.264
22.208513259887695 1624363611.363707 0.264
21.591609954833984 1624363611.370789 0.264
22.208513259887695 1624363611.377671 0.264
22.208513259887695 1624363611.384689 0.264
21.591609954833984 1624363611.391722 0.264
22.208513259887695 1624363611.398784 0.264
21.591609954833984 1624363611.405835 0.264
22.208513259887695 1624363611.412771 0.264
22.208513259887695 1624363611.419813 0.264
22.208513259887695 1624363611.426761 0.264
22.208513259887695 1624363611.433862 0.264
22.208513259887695 1624363611.440794 0.264
22.208513259887695 1624363611.447767 0.264
22.208513259887695 1624363611.454659 0.264
22.208513259887695 1624363611.461657 0.264
22.208513259887695 1624363611.468666 0.264
22.208513259887695 1624363611.475685 0.264
22.208513259887695 1624363611.48272 0.264
22.208513259887695 1624363611.489656 0.264
21.591609954833984 1624363611.496686 0.264
22.208513259887695 1624363611.503746 0.264
22.208513259887695 1624363611.510713 0.264
22.208513259887695 1624363611.517705 0.264
22.208513259887695 1624363611.524703 0.264
21.591609954833984 1624363611.531601 0.264
22.208513259887695 1624363611.538655 0.264
22.208513259887695 1624363611.545718 0.264
21.591609954833984 1624363611.552684 0.264
22.208513259887695 1624363611.559663 0.264
22.208513259887695 1624363611.566703 0.264
22.208513259887695 1624363611.573777 0.264
22.208513259887695 1624363611.580794 0.264
21.591609954833984 1624363611.587835 0.264
22.208513259887695 1624363611.594813 0.264
22.208513259887695 1624363611.601826 0.264
22.208513259887695 1624363611.608766 0.264
22.208513259887695 1624363611.615775 0.264
22.208513259887695 1624363611.622677 0.264
22.208513259887695 1624363611.629563 0.264
22.208513259887695 1624363611.63664 0.264
22.208513259887695 1624363611.643646 0.264
22.208513259887695 1624363611.650628 0.264
21.591609954833984 1624363611.657692 0.264
22.208513259887695 1624363611.664573 0.264
22.208513259887695 1624363611.67163 0.264
22.208513259887695 1624363611.67867 0.264
22.208513259887695 1624363611.685644 0.264
21.591609954833984 1624363611.692602 0.264
22.208513259887695 1624363611.699592 0.264
22.208513259887695 1624363611.706598 0.264
21.591609954833984 1624363611.713631 0.264
22.208513259887695 1624363611.720645 0.264
22.208513259887695 1624363611.727687 0.264
22.208513259887695 1624363611.734711 0.264
22.208513259887695 1624363611.741704 0.264
22.208513259887695 1624363611.748629 0.264
22.208513259887695 1624363611.75567 0.264
22.208513259887695 1624363611.762632 0.264
22.208513259887695 1624363611.769708 0.264
22.208513259887695 1624363611.77667 0.264
21.591609954833984 1624363611.783722 0.264
22.208513259887695 1624363611.790568 0.264
22.208513259887695 1624363611.7976 0.264
22.208513259887695 1624363611.804674 0.264
22.208513259887695 1624363611.811628 0.264
21.591609954833984 1624363611.818626 0.264
22.208513259887695 1624363611.825577 0.264
22.208513259887695 1624363611.832612 0.264
22.208513259887695 1624363611.839589 0.264
22.208513259887695 1624363611.846566 0.264
21.591609954833984 1624363611.853543 0.264
22.208513259887695 1624363611.860638 0.264
22.208513259887695 1624363611.867597 0.264
22.208513259887695 1624363611.874599 0.264
22.208513259887695 1624363611.881614 0.264
21.591609954833984 1624363611.888693 0.264
22.208513259887695 1624363611.895627 0.264
22.208513259887695 1624363611.902639 0.264
21.591609954833984 1624363611.909706 0.264
22.208513259887695 1624363611.916737 0.264
21.591609954833984 1624363611.923668 0.264
21.591609954833984 1624363611.930596 0.264
22.208513259887695 1624363611.937562 0.264
21.591609954833984 1624363611.944711 0.264
22.208513259887695 1624363611.951608 0.264
21.591609954833984 1624363611.958498 0.264
22.208513259887695 1624363611.965486 0.264
22.208513259887695 1624363611.972436 0.264
21.591609954833984 1624363611.979456 0.264
22.208513259887695 1624363611.986518 0.264
22.208513259887695 1624363611.993494 0.264
21.591609954833984 1624363612.000484 0.264
22.208513259887695 1624363612.007519 0.264
21.591609954833984 1624363612.014532 0.264
22.208513259887695 1624363612.021567 0.264
22.208513259887695 1624363612.028663 0.264
21.591609954833984 1624363612.035581 0.264
22.208513259887695 1624363612.042605 0.264
21.591609954833984 1624363612.049578 0.264
22.208513259887695 1624363612.05662 0.264
22.208513259887695 1624363612.063627 0.264
21.591609954833984 1624363612.07063 0.264
22.208513259887695 1624363612.077652 0.264
22.208513259887695 1624363612.084618 0.264
21.591609954833984 1624363612.091643 0.264
22.208513259887695 1624363612.098649 0.264
21.591609954833984 1624363612.105478 0.264
22.208513259887695 1624363612.112519 0.264
21.591609954833984 1624363612.119467 0.264
21.591609954833984 1624363612.126445 0.264
22.208513259887695 1624363612.13341 0.264
21.591609954833984 1624363612.140471 0.264
22.208513259887695 1624363612.147464 0.264
22.208513259887695 1624363612.154465 0.264
21.591609954833984 1624363612.161426 0.264
22.208513259887695 1624363612.168444 0.264
21.591609954833984 1624363612.175462 0.264
22.208513259887695 1624363612.182434 0.264
22.208513259887695 1624363612.189521 0.264
21.591609954833984 1624363612.196511 0.264
22.208513259887695 1624363612.203527 0.264
21.591609954833984 1624363612.210545 0.264
22.208513259887695 1624363612.217455 0.264
22.208513259887695 1624363612.22449 0.264
21.591609954833984 1624363612.231477 0.264
22.208513259887695 1624363612.238493 0.264
21.591609954833984 1624363612.245523 0.264
22.208513259887695 1624363612.252507 0.264
22.208513259887695 1624363612.259553 0.264
21.591609954833984 1624363612.266521 0.264
22.208513259887695 1624363612.273563 0.264
21.591609954833984 1624363612.2804 0.264
22.208513259887695 1624363612.287425 0.264
22.208513259887695 1624363612.294425 0.264
21.591609954833984 1624363612.301432 0.264
22.208513259887695 1624363612.308367 0.264
21.591609954833984 1624363612.315488 0.264
21.591609954833984 1624363612.322438 0.264
22.208513259887695 1624363612.329507 0.264
21.591609954833984 1624363612.336462 0.264
22.208513259887695 1624363612.343447 0.264
22.208513259887695 1624363612.350469 0.264
22.208513259887695 1624363612.357528 0.264
22.208513259887695 1624363612.364471 0.264
22.208513259887695 1624363612.371445 0.264
22.208513259887695 1624363612.378509 0.264
22.208513259887695 1624363612.385514 0.264
21.591609954833984 1624363612.392423 0.264
22.208513259887695 1624363612.399464 0.264
22.208513259887695 1624363612.406467 0.264
22.208513259887695 1624363612.413509 0.264
22.208513259887695 1624363612.420524 0.264
21.591609954833984 1624363612.427554 0.264
22.208513259887695 1624363612.434521 0.264
21.591609954833984 1624363612.441522 0.264
21.591609954833984 1624363612.448528 0.264
22.208513259887695 1624363612.455417 0.264
21.591609954833984 1624363612.462397 0.264
22.208513259887695 1624363612.469444 0.264
22.208513259887695 1624363612.47638 0.264
21.591609954833984 1624363612.483351 0.264
22.208513259887695 1624363612.49043 0.264
21.591609954833984 1624363612.497473 0.264
22.208513259887695 1624363612.504426 0.264
22.208513259887695 1624363612.511401 0.264
21.591609954833984 1624363612.518334 0.264
22.208513259887695 1624363612.525319 0.264
21.591609954833984 1624363612.532336 0.264
21.591609954833984 1624363612.53933 0.264
22.208513259887695 1624363612.546367 0.264
21.591609954833984 1624363612.553327 0.264
22.208513259887695 1624363612.560367 0.264
22.208513259887695 1624363612.567411 0.264
21.591609954833984 1624363612.574426 0.264
22.208513259887695 1624363612.581517 0.264
21.591609954833984 1624363612.588456 0.264
22.208513259887695 1624363612.595496 0.264
22.208513259887695 1624363612.602473 0.264
21.591609954833984 1624363612.609478 0.264
22.208513259887695 1624363612.616472 0.264
21.591609954833984 1624363612.623267 0.264
22.208513259887695 1624363612.630393 0.264
22.208513259887695 1624363612.637327 0.264
21.591609954833984 1624363612.644245 0.264
22.208513259887695 1624363612.651233 0.264
22.208513259887695 1624363612.658262 0.264
22.208513259887695 1624363612.665225 0.264
22.208513259887695 1624363612.672289 0.264
21.591609954833984 1624363612.679298 0.264
22.208513259887695 1624363612.686311 0.264
22.208513259887695 1624363612.693386 0.264
21.591609954833984 1624363612.700345 0.264
22.208513259887695 1624363612.707504 0.264
21.591609954833984 1624363612.714379 0.264
22.208513259887695 1624363612.721368 0.264
22.208513259887695 1624363612.728393 0.264
21.591609954833984 1624363612.735411 0.264
22.208513259887695 1624363612.742422 0.264
21.591609954833984 1624363612.749433 0.264
22.208513259887695 1624363612.756415 0.264
22.208513259887695 1624363612.763418 0.264
21.591609954833984 1624363612.770421 0.264
22.208513259887695 1624363612.777384 0.264
21.591609954833984 1624363612.784306 0.264
21.591609954833984 1624363612.791193 0.264
22.208513259887695 1624363612.798248 0.264
21.591609954833984 1624363612.805297 0.264
22.208513259887695 1624363612.812266 0.264
22.208513259887695 1624363612.819277 0.264
21.591609954833984 1624363612.826242 0.264
21.591609954833984 1624363612.833238 0.264
21.591609954833984 1624363612.840207 0.264
22.208513259887695 1624363612.84723 0.264
22.208513259887695 1624363612.85434 0.264
21.591609954833984 1624363612.861299 0.264
22.208513259887695 1624363612.86834 0.264
21.591609954833984 1624363612.875351 0.264
22.208513259887695 1624363612.882332 0.264
22.208513259887695 1624363612.889415 0.264
21.591609954833984 1624363612.896306 0.264
22.208513259887695 1624363612.903387 0.264
21.591609954833984 1624363612.910316 0.264
21.591609954833984 1624363612.917362 0.264
22.208513259887695 1624363612.924346 0.264
21.591609954833984 1624363612.93135 0.264
22.208513259887695 1624363612.938426 0.264
22.208513259887695 1624363612.945222 0.264
22.208513259887695 1624363612.952184 0.264
22.208513259887695 1624363612.959197 0.264
21.591609954833984 1624363612.966254 0.264
21.591609954833984 1624363612.973212 0.264
21.591609954833984 1624363612.980296 0.264
21.591609954833984 1624363612.987221 0.264
22.208513259887695 1624363612.994234 0.264
21.591609954833984 1624363613.00128 0.264
22.208513259887695 1624363613.00825 0.264
22.208513259887695 1624363613.015244 0.264
21.591609954833984 1624363613.022247 0.264
22.208513259887695 1624363613.02922 0.264
21.591609954833984 1624363613.036272 0.264
21.591609954833984 1624363613.043326 0.264
22.208513259887695 1624363613.050304 0.264
21.591609954833984 1624363613.057257 0.264
22.208513259887695 1624363613.06537 0.264
21.591609954833984 1624363613.072285 0.264
21.591609954833984 1624363613.079274 0.264
22.208513259887695 1624363613.086265 0.264
21.591609954833984 1624363613.093223 0.264
22.208513259887695 1624363613.100213 0.264
22.208513259887695 1624363613.107148 0.264
21.591609954833984 1624363613.11415 0.264
22.208513259887695 1624363613.121092 0.264
21.591609954833984 1624363613.128147 0.264
22.208513259887695 1624363613.1352 0.264
22.208513259887695 1624363613.142065 0.264
21.591609954833984 1624363613.149108 0.264
22.208513259887695 1624363613.156156 0.264
21.591609954833984 1624363613.163192 0.264
22.208513259887695 1624363613.170172 0.264
22.208513259887695 1624363613.17719 0.264
21.591609954833984 1624363613.184227 0.264
22.208513259887695 1624363613.191263 0.264
22.208513259887695 1624363613.198192 0.264
21.591609954833984 1624363613.205277 0.264
22.208513259887695 1624363613.212263 0.264
21.591609954833984 1624363613.219251 0.264
22.208513259887695 1624363613.22621 0.264
22.208513259887695 1624363613.233295 0.264
21.591609954833984 1624363613.240243 0.264
22.208513259887695 1624363613.247235 0.264
21.591609954833984 1624363613.254261 0.264
22.208513259887695 1624363613.261213 0.264
22.208513259887695 1624363613.268265 0.264
21.591609954833984 1624363613.275037 0.264
22.208513259887695 1624363613.282131 0.264
21.591609954833984 1624363613.289181 0.264
21.591609954833984 1624363613.296212 0.264
22.208513259887695 1624363613.30314 0.264
21.591609954833984 1624363613.31018 0.264
22.208513259887695 1624363613.31718 0.264
21.591609954833984 1624363613.324141 0.264
21.591609954833984 1624363613.331153 0.264
22.208513259887695 1624363613.338197 0.264
21.591609954833984 1624363613.345214 0.264
22.208513259887695 1624363613.352191 0.264
21.591609954833984 1624363613.359087 0.264
21.591609954833984 1624363613.366104 0.264
22.208513259887695 1624363613.373091 0.264
21.591609954833984 1624363613.380104 0.264
22.208513259887695 1624363613.387136 0.264
22.208513259887695 1624363613.394085 0.264
21.591609954833984 1624363613.401116 0.264
21.591609954833984 1624363613.408133 0.264
21.591609954833984 1624363613.415102 0.264
21.591609954833984 1624363613.422099 0.264
22.208513259887695 1624363613.429148 0.264
21.591609954833984 1624363613.436156 0.264
22.208513259887695 1624363613.443211 0.264
21.591609954833984 1624363613.45 0.264
21.591609954833984 1624363613.457079 0.264
22.208513259887695 1624363613.464083 0.264
21.591609954833984 1624363613.471095 0.264
22.208513259887695 1624363613.478063 0.264
22.208513259887695 1624363613.485098 0.264
21.591609954833984 1624363613.492045 0.264
22.208513259887695 1624363613.499046 0.264
21.591609954833984 1624363613.50601 0.264
22.208513259887695 1624363613.51308 0.264
22.208513259887695 1624363613.520072 0.264
21.591609954833984 1624363613.527113 0.264
22.208513259887695 1624363613.534001 0.264
21.591609954833984 1624363613.540982 0.264
22.208513259887695 1624363613.548001 0.264
22.208513259887695 1624363613.555082 0.264
21.591609954833984 1624363613.562146 0.264
22.208513259887695 1624363613.569125 0.264
21.591609954833984 1624363613.576085 0.264
22.208513259887695 1624363613.58315 0.264
21.591609954833984 1624363613.590109 0.264
21.591609954833984 1624363613.597124 0.264
22.208513259887695 1624363613.604158 0.264
22.208513259887695 1624363613.611196 0.264
21.591609954833984 1624363613.618187 0.264
22.208513259887695 1624363613.625166 0.264
21.591609954833984 1624363613.632089 0.264
22.208513259887695 1624363613.638971 0.264
21.591609954833984 1624363613.645942 0.264
21.591609954833984 1624363613.652937 0.264
22.208513259887695 1624363613.659986 0.264
21.591609954833984 1624363613.666948 0.264
22.208513259887695 1624363613.673931 0.264
22.208513259887695 1624363613.680948 0.264
21.591609954833984 1624363613.688005 0.264
22.208513259887695 1624363613.694984 0.264
21.591609954833984 1624363613.702034 0.264
21.591609954833984 1624363613.709007 0.264
22.208513259887695 1624363613.716035 0.264
21.591609954833984 1624363613.723053 0.264
22.208513259887695 1624363613.730024 0.264
22.208513259887695 1624363613.737047 0.264
21.591609954833984 1624363613.744078 0.264
22.208513259887695 1624363613.751043 0.264
21.591609954833984 1624363613.758048 0.264
22.208513259887695 1624363613.765037 0.264
21.591609954833984 1624363613.772082 0.264
21.591609954833984 1624363613.77906 0.264
22.208513259887695 1624363613.786107 0.264
21.591609954833984 1624363613.793091 0.264
22.208513259887695 1624363613.80011 0.264
22.208513259887695 1624363613.807085 0.264
21.591609954833984 1624363613.814088 0.264
22.208513259887695 1624363613.821036 0.264
21.591609954833984 1624363613.827992 0.264
22.208513259887695 1624363613.834995 0.264
21.591609954833984 1624363613.841999 0.264
21.591609954833984 1624363613.849003 0.264
22.208513259887695 1624363613.856034 0.264
22.208513259887695 1624363613.863097 0.264
21.591609954833984 1624363613.870125 0.264
22.208513259887695 1624363613.876963 0.264
21.591609954833984 1624363613.883923 0.264
22.208513259887695 1624363613.890883 0.264
21.591609954833984 1624363613.897899 0.264
21.591609954833984 1624363613.904914 0.264
22.208513259887695 1624363613.911897 0.264
21.591609954833984 1624363613.918919 0.264
22.208513259887695 1624363613.925978 0.264
22.208513259887695 1624363613.932979 0.264
21.591609954833984 1624363613.94 0.264
22.208513259887695 1624363613.94698 0.264
21.591609954833984 1624363613.953992 0.264
21.591609954833984 1624363613.960993 0.264
21.591609954833984 1624363613.96801 0.264
21.591609954833984 1624363613.974989 0.264
22.208513259887695 1624363613.981924 0.264
21.591609954833984 1624363613.988913 0.264
21.591609954833984 1624363613.995994 0.264
21.591609954833984 1624363614.002967 0.264
21.591609954833984 1624363614.010026 0.264
22.208513259887695 1624363614.01704 0.264
22.208513259887695 1624363614.024059 0.264
21.591609954833984 1624363614.030946 0.264
22.208513259887695 1624363614.037929 0.264
21.591609954833984 1624363614.045011 0.264
22.208513259887695 1624363614.051943 0.264
21.591609954833984 1624363614.059016 0.264
21.591609954833984 1624363614.066063 0.264
22.208513259887695 1624363614.073074 0.264
21.591609954833984 1624363614.080083 0.264
21.591609954833984 1624363614.087021 0.264
21.591609954833984 1624363614.093811 0.264
21.591609954833984 1624363614.10089 0.264
21.591609954833984 1624363614.107917 0.264
22.208513259887695 1624363614.114815 0.264
21.591609954833984 1624363614.121853 0.264
22.208513259887695 1624363614.128851 0.264
21.591609954833984 1624363614.135815 0.264
22.208513259887695 1624363614.142876 0.264
21.591609954833984 1624363614.14989 0.264
21.591609954833984 1624363614.156843 0.264
22.208513259887695 1624363614.163792 0.264
21.591609954833984 1624363614.17078 0.264
21.591609954833984 1624363614.177882 0.264
22.208513259887695 1624363614.184834 0.264
21.591609954833984 1624363614.191885 0.264
21.591609954833984 1624363614.198902 0.264
21.591609954833984 1624363614.205895 0.264
21.591609954833984 1624363614.212908 0.264
22.208513259887695 1624363614.219901 0.264
21.591609954833984 1624363614.226937 0.264
21.591609954833984 1624363614.23395 0.264
21.591609954833984 1624363614.240984 0.264
21.591609954833984 1624363614.247893 0.264
22.208513259887695 1624363614.254907 0.264
22.208513259887695 1624363614.261935 0.264
21.591609954833984 1624363614.268863 0.264
21.591609954833984 1624363614.275904 0.264
21.591609954833984 1624363614.282903 0.264
21.591609954833984 1624363614.289964 0.264
21.591609954833984 1624363614.296935 0.264
21.591609954833984 1624363614.30388 0.264
22.208513259887695 1624363614.310922 0.264
21.591609954833984 1624363614.3178 0.264
22.208513259887695 1624363614.324823 0.264
22.208513259887695 1624363614.33179 0.264
21.591609954833984 1624363614.338752 0.264
21.591609954833984 1624363614.345727 0.264
21.591609954833984 1624363614.352732 0.264
21.591609954833984 1624363614.359746 0.264
21.591609954833984 1624363614.366705 0.264
21.591609954833984 1624363614.37381 0.264
21.591609954833984 1624363614.380752 0.264
21.591609954833984 1624363614.387705 0.264
21.591609954833984 1624363614.394751 0.264
22.208513259887695 1624363614.401751 0.264
21.591609954833984 1624363614.408753 0.264
22.208513259887695 1624363614.415837 0.264
21.591609954833984 1624363614.422872 0.264
21.591609954833984 1624363614.429861 0.264
21.591609954833984 1624363614.436897 0.264
21.591609954833984 1624363614.443874 0.264
21.591609954833984 1624363614.450849 0.264
21.591609954833984 1624363614.457897 0.264
21.591609954833984 1624363614.464861 0.264
21.591609954833984 1624363614.471868 0.264
22.208513259887695 1624363614.478874 0.264
21.591609954833984 1624363614.48594 0.264
21.591609954833984 1624363614.492968 0.264
21.591609954833984 1624363614.499853 0.264
22.208513259887695 1624363614.50695 0.264
22.208513259887695 1624363614.513873 0.264
21.591609954833984 1624363614.520886 0.264
22.208513259887695 1624363614.527698 0.264
21.591609954833984 1624363614.53466 0.264
21.591609954833984 1624363614.541696 0.264
21.591609954833984 1624363614.548737 0.264
21.591609954833984 1624363614.55577 0.264
21.591609954833984 1624363614.562718 0.264
22.208513259887695 1624363614.569812 0.264
21.591609954833984 1624363614.576862 0.264
22.208513259887695 1624363614.583785 0.264
21.591609954833984 1624363614.590764 0.264
22.208513259887695 1624363614.597695 0.264
21.591609954833984 1624363614.604743 0.264
21.591609954833984 1624363614.611732 0.264
22.208513259887695 1624363614.618757 0.264
21.591609954833984 1624363614.625756 0.264
21.591609954833984 1624363614.632778 0.264
22.208513259887695 1624363614.639753 0.264
21.591609954833984 1624363614.646776 0.264
21.591609954833984 1624363614.653718 0.264
21.591609954833984 1624363614.660731 0.264
21.591609954833984 1624363614.667752 0.264
21.591609954833984 1624363614.674718 0.264
21.591609954833984 1624363614.681737 0.264
22.208513259887695 1624363614.688741 0.264
22.208513259887695 1624363614.695788 0.264
21.591609954833984 1624363614.702812 0.264
21.591609954833984 1624363614.709718 0.264
21.591609954833984 1624363614.716661 0.264
22.208513259887695 1624363614.723673 0.264
21.591609954833984 1624363614.730745 0.264
21.591609954833984 1624363614.737733 0.264
22.208513259887695 1624363614.744675 0.264
21.591609954833984 1624363614.75169 0.264
21.591609954833984 1624363614.758601 0.264
21.591609954833984 1624363614.765614 0.264
21.591609954833984 1624363614.772777 0.264
21.591609954833984 1624363614.779741 0.264
21.591609954833984 1624363614.786675 0.264
21.591609954833984 1624363614.793704 0.264
21.591609954833984 1624363614.800698 0.264
21.591609954833984 1624363614.807725 0.264
21.591609954833984 1624363614.814712 0.264
21.591609954833984 1624363614.82167 0.264
21.591609954833984 1624363614.828669 0.264
21.591609954833984 1624363614.835753 0.264
21.591609954833984 1624363614.842698 0.264
21.591609954833984 1624363614.849761 0.264
21.591609954833984 1624363614.856749 0.264
21.591609954833984 1624363614.863643 0.264
21.591609954833984 1624363614.870735 0.264
21.591609954833984 1624363614.877751 0.264
21.591609954833984 1624363614.884657 0.264
22.208513259887695 1624363614.891533 0.264
21.591609954833984 1624363614.898541 0.264
21.591609954833984 1624363614.905639 0.264
21.591609954833984 1624363614.91256 0.264
21.591609954833984 1624363614.91957 0.264
21.591609954833984 1624363614.926643 0.264
21.591609954833984 1624363614.933668 0.264
21.591609954833984 1624363614.940646 0.264
22.208513259887695 1624363614.947638 0.264
21.591609954833984 1624363614.954677 0.264
22.208513259887695 1624363614.961617 0.264
22.208513259887695 1624363614.968677 0.264
21.591609954833984 1624363614.975751 0.264
21.591609954833984 1624363614.982733 0.264
21.591609954833984 1624363614.989683 0.264
21.591609954833984 1624363614.996672 0.264
21.591609954833984 1624363615.003664 0.264
21.591609954833984 1624363615.010672 0.264
22.208513259887695 1624363615.017736 0.264
21.591609954833984 1624363615.024709 0.264
22.208513259887695 1624363615.031752 0.264
22.208513259887695 1624363615.03872 0.264
21.591609954833984 1624363615.045735 0.264
22.208513259887695 1624363615.052596 0.264
21.591609954833984 1624363615.059632 0.264
21.591609954833984 1624363615.066664 0.264
22.208513259887695 1624363615.073731 0.264
21.591609954833984 1624363615.080714 0.264
21.591609954833984 1624363615.087514 0.264
21.591609954833984 1624363615.094575 0.264
21.591609954833984 1624363615.101585 0.264
21.591609954833984 1624363615.108563 0.264
21.591609954833984 1624363615.115626 0.264
21.591609954833984 1624363615.122569 0.264
22.208513259887695 1624363615.129525 0.264
21.591609954833984 1624363615.136566 0.264
21.591609954833984 1624363615.143479 0.264
21.591609954833984 1624363615.150507 0.264
21.591609954833984 1624363615.157537 0.264
22.208513259887695 1624363615.16454 0.264
21.591609954833984 1624363615.17163 0.264
21.591609954833984 1624363615.178595 0.264
21.591609954833984 1624363615.185675 0.264
21.591609954833984 1624363615.192662 0.264
21.591609954833984 1624363615.199659 0.264
21.591609954833984 1624363615.20666 0.264
21.591609954833984 1624363615.213621 0.264
21.591609954833984 1624363615.220648 0.264
21.591609954833984 1624363615.2277 0.264
22.208513259887695 1624363615.234687 0.264
21.591609954833984 1624363615.241679 0.264
22.208513259887695 1624363615.248628 0.264
22.208513259887695 1624363615.255696 0.264
21.591609954833984 1624363615.262505 0.264
22.208513259887695 1624363615.269552 0.264
21.591609954833984 1624363615.276514 0.264
21.591609954833984 1624363615.283544 0.264
21.591609954833984 1624363615.290656 0.264
21.591609954833984 1624363615.297541 0.264
21.591609954833984 1624363615.304555 0.264
21.591609954833984 1624363615.311573 0.264
21.591609954833984 1624363615.318585 0.264
21.591609954833984 1624363615.325589 0.264
21.591609954833984 1624363615.332586 0.264
22.208513259887695 1624363615.339553 0.264
22.208513259887695 1624363615.346554 0.264
21.591609954833984 1624363615.353575 0.264
21.591609954833984 1624363615.360627 0.264
21.591609954833984 1624363615.367582 0.264
22.208513259887695 1624363615.374621 0.264
21.591609954833984 1624363615.38167 0.264
21.591609954833984 1624363615.388527 0.264
21.591609954833984 1624363615.395525 0.264
21.591609954833984 1624363615.40264 0.264
21.591609954833984 1624363615.409655 0.264
22.208513259887695 1624363615.416535 0.264
21.591609954833984 1624363615.423475 0.264
22.208513259887695 1624363615.430358 0.264
22.208513259887695 1624363615.437359 0.264
21.591609954833984 1624363615.444331 0.264
22.208513259887695 1624363615.451389 0.264
21.591609954833984 1624363615.458537 0.264
22.208513259887695 1624363615.465476 0.264
21.591609954833984 1624363615.472594 0.264
21.591609954833984 1624363615.479569 0.264
21.591609954833984 1624363615.486519 0.264
21.591609954833984 1624363615.493595 0.264
21.591609954833984 1624363615.500487 0.264
22.208513259887695 1624363615.507541 0.264
21.591609954833984 1624363615.514475 0.264
21.591609954833984 1624363615.52148 0.264
21.591609954833984 1624363615.528555 0.264
21.591609954833984 1624363615.535562 0.264
21.591609954833984 1624363615.542559 0.264
21.591609954833984 1624363615.549543 0.264
21.591609954833984 1624363615.556486 0.264
22.208513259887695 1624363615.563548 0.264
21.591609954833984 1624363615.570493 0.264
22.208513259887695 1624363615.577553 0.264
21.591609954833984 1624363615.584541 0.264
21.591609954833984 1624363615.59151 0.264
22.208513259887695 1624363615.598357 0.264
21.591609954833984 1624363615.605369 0.264
21.591609954833984 1624363615.612433 0.264
21.591609954833984 1624363615.619449 0.264
21.591609954833984 1624363615.626392 0.264
21.591609954833984 1624363615.633357 0.264
21.591609954833984 1624363615.640361 0.264
22.208513259887695 1624363615.647451 0.264
21.591609954833984 1624363615.654348 0.264
21.591609954833984 1624363615.661359 0.264
22.208513259887695 1624363615.668353 0.264
21.591609954833984 1624363615.675363 0.264
21.591609954833984 1624363615.68238 0.264
22.208513259887695 1624363615.689332 0.264
21.591609954833984 1624363615.69632 0.264
21.591609954833984 1624363615.703365 0.264
21.591609954833984 1624363615.710339 0.264
21.591609954833984 1624363615.71736 0.264
22.208513259887695 1624363615.72437 0.264
21.591609954833984 1624363615.731417 0.264
21.591609954833984 1624363615.738409 0.264
21.591609954833984 1624363615.745402 0.264
21.591609954833984 1624363615.752383 0.264
21.591609954833984 1624363615.759394 0.264
21.591609954833984 1624363615.766394 0.264
21.591609954833984 1624363615.773402 0.264
22.208513259887695 1624363615.780392 0.264
21.591609954833984 1624363615.787241 0.264
21.591609954833984 1624363615.794259 0.264
21.591609954833984 1624363615.801243 0.264
21.591609954833984 1624363615.808257 0.264
21.591609954833984 1624363615.815234 0.264
21.591609954833984 1624363615.822266 0.264
22.208513259887695 1624363615.829303 0.264
21.591609954833984 1624363615.836301 0.264
21.591609954833984 1624363615.843378 0.264
21.591609954833984 1624363615.850319 0.264
21.591609954833984 1624363615.857377 0.264
21.591609954833984 1624363615.864322 0.264
21.591609954833984 1624363615.871348 0.264
21.591609954833984 1624363615.878321 0.264
21.591609954833984 1624363615.88537 0.264
21.591609954833984 1624363615.892397 0.264
22.208513259887695 1624363615.899371 0.264
22.208513259887695 1624363615.906411 0.264
21.591609954833984 1624363615.913402 0.264
22.208513259887695 1624363615.92041 0.264
21.591609954833984 1624363615.927383 0.264
21.591609954833984 1624363615.934428 0.264
22.208513259887695 1624363615.941392 0.264
21.591609954833984 1624363615.948289 0.264
22.208513259887695 1624363615.955304 0.264
21.591609954833984 1624363615.962269 0.264
21.591609954833984 1624363615.96939 0.264
21.591609954833984 1624363615.976299 0.264
21.591609954833984 1624363615.983319 0.264
21.591609954833984 1624363615.990293 0.264
21.591609954833984 1624363615.997325 0.264
21.591609954833984 1624363616.004344 0.264
21.591609954833984 1624363616.011454 0.264
21.591609954833984 1624363616.018346 0.264
21.591609954833984 1624363616.025379 0.264
22.208513259887695 1624363616.03237 0.264
21.591609954833984 1624363616.039345 0.264
21.591609954833984 1624363616.04631 0.264
21.591609954833984 1624363616.053349 0.264
21.591609954833984 1624363616.060379 0.264
22.208513259887695 1624363616.067352 0.264
21.591609954833984 1624363616.074391 0.264
21.591609954833984 1624363616.081428 0.264
21.591609954833984 1624363616.088435 0.264
21.591609954833984 1624363616.095418 0.264
22.208513259887695 1624363616.102414 0.264
21.591609954833984 1624363616.109393 0.264
21.591609954833984 1624363616.116352 0.264
22.208513259887695 1624363616.123182 0.264
21.591609954833984 1624363616.130238 0.264
22.208513259887695 1624363616.137232 0.264
21.591609954833984 1624363616.144231 0.264
21.591609954833984 1624363616.151242 0.264
21.591609954833984 1624363616.158265 0.264
21.591609954833984 1624363616.165254 0.264
22.208513259887695 1624363616.17223 0.264
21.591609954833984 1624363616.17923 0.264
21.591609954833984 1624363616.186384 0.264
22.208513259887695 1624363616.193316 0.264
21.591609954833984 1624363616.200376 0.264
22.208513259887695 1624363616.207397 0.264
22.208513259887695 1624363616.214335 0.264
21.591609954833984 1624363616.221313 0.264
21.591609954833984 1624363616.228375 0.264
21.591609954833984 1624363616.235327 0.264
21.591609954833984 1624363616.242297 0.264
21.591609954833984 1624363616.249363 0.264
21.591609954833984 1624363616.25627 0.264
21.591609954833984 1624363616.263303 0.264
21.591609954833984 1624363616.270257 0.264
21.591609954833984 1624363616.277375 0.264
21.591609954833984 1624363616.284287 0.264
21.591609954833984 1624363616.291371 0.264
21.591609954833984 1624363616.29825 0.264
21.591609954833984 1624363616.305207 0.264
21.591609954833984 1624363616.312226 0.264
21.591609954833984 1624363616.319276 0.264
21.591609954833984 1624363616.32619 0.264
21.591609954833984 1624363616.33321 0.264
21.591609954833984 1624363616.340214 0.264
21.591609954833984 1624363616.34728 0.264
21.591609954833984 1624363616.354213 0.264
21.591609954833984 1624363616.361181 0.264
21.591609954833984 1624363616.36821 0.264
21.591609954833984 1624363616.375234 0.264
21.591609954833984 1624363616.38221 0.264
21.591609954833984 1624363616.389239 0.264
21.591609954833984 1624363616.396298 0.264
21.591609954833984 1624363616.403273 0.264
21.591609954833984 1624363616.41023 0.264
21.591609954833984 1624363616.417295 0.264
21.591609954833984 1624363616.424176 0.264
21.591609954833984 1624363616.43118 0.264
21.591609954833984 1624363616.438207 0.264
21.591609954833984 1624363616.445311 0.264
21.591609954833984 1624363616.452357 0.264
21.591609954833984 1624363616.459362 0.264
21.578298568725586 1624363616.46614 0.264
21.591609954833984 1624363616.473163 0.264
21.591609954833984 1624363616.480093 0.264
21.591609954833984 1624363616.487138 0.264
21.591609954833984 1624363616.494154 0.264
22.208513259887695 1624363616.501226 0.264
21.591609954833984 1624363616.508113 0.264
21.591609954833984 1624363616.515148 0.264
21.591609954833984 1624363616.522134 0.264
21.591609954833984 1624363616.529079 0.264
21.591609954833984 1624363616.536158 0.264
21.591609954833984 1624363616.543156 0.264
21.591609954833984 1624363616.550222 0.264
21.591609954833984 1624363616.557273 0.264
21.591609954833984 1624363616.564202 0.264
21.591609954833984 1624363616.571203 0.264
21.591609954833984 1624363616.578181 0.264
21.591609954833984 1624363616.585209 0.264
21.591609954833984 1624363616.592259 0.264
21.591609954833984 1624363616.599189 0.264
21.578298568725586 1624363616.606225 0.264
21.578298568725586 1624363616.613258 0.264
21.591609954833984 1624363616.620118 0.264
21.591609954833984 1624363616.627088 0.264
21.591609954833984 1624363616.634074 0.264
21.591609954833984 1624363616.641107 0.264
21.591609954833984 1624363616.647993 0.264
21.591609954833984 1624363616.654983 0.264
21.591609954833984 1624363616.662014 0.264
21.591609954833984 1624363616.669129 0.264
21.591609954833984 1624363616.676176 0.264
21.591609954833984 1624363616.683159 0.264
21.591609954833984 1624363616.690115 0.264
21.591609954833984 1624363616.697076 0.264
21.591609954833984 1624363616.704157 0.264
21.591609954833984 1624363616.711195 0.264
21.591609954833984 1624363616.718176 0.264
21.591609954833984 1624363616.725224 0.264
21.591609954833984 1624363616.7321 0.264
21.591609954833984 1624363616.739077 0.264
21.591609954833984 1624363616.74616 0.264
21.591609954833984 1624363616.753201 0.264
21.578298568725586 1624363616.760243 0.264
21.578298568725586 1624363616.767237 0.264
21.591609954833984 1624363616.774005 0.264
21.591609954833984 1624363616.781031 0.264
21.591609954833984 1624363616.788029 0.264
21.591609954833984 1624363616.794995 0.264
21.591609954833984 1624363616.802012 0.264
21.591609954833984 1624363616.809115 0.264
21.591609954833984 1624363616.816068 0.264
21.578298568725586 1624363616.823088 0.264
21.591609954833984 1624363616.830071 0.264
21.591609954833984 1624363616.837169 0.264
21.591609954833984 1624363616.844057 0.264
21.591609954833984 1624363616.851005 0.264
21.591609954833984 1624363616.858059 0.264
21.578298568725586 1624363616.865015 0.264
21.591609954833984 1624363616.872177 0.264
21.578298568725586 1624363616.879112 0.264
21.591609954833984 1624363616.886125 0.264
21.578298568725586 1624363616.893164 0.264
21.591609954833984 1624363616.900094 0.264
21.591609954833984 1624363616.907079 0.264
21.591609954833984 1624363616.914116 0.264
21.578298568725586 1624363616.921006 0.264
21.591609954833984 1624363616.928005 0.264
21.578298568725586 1624363616.935027 0.264
21.591609954833984 1624363616.94202 0.264
21.578298568725586 1624363616.949046 0.264
21.591609954833984 1624363616.956013 0.264
21.591609954833984 1624363616.963043 0.264
21.578298568725586 1624363616.969999 0.264
21.591609954833984 1624363616.977107 0.264
21.578298568725586 1624363616.984082 0.264
21.578298568725586 1624363616.991083 0.264
21.591609954833984 1624363616.99807 0.264
21.578298568725586 1624363617.005007 0.264
21.591609954833984 1624363617.012118 0.264
21.591609954833984 1624363617.019101 0.264
21.591609954833984 1624363617.026115 0.264
21.578298568725586 1624363617.033088 0.264
21.591609954833984 1624363617.040074 0.264
21.578298568725586 1624363617.047044 0.264
21.578298568725586 1624363617.054076 0.264
21.591609954833984 1624363617.061133 0.264
21.578298568725586 1624363617.068063 0.264
21.591609954833984 1624363617.075043 0.264
21.578298568725586 1624363617.082145 0.264
21.578298568725586 1624363617.088898 0.264
21.578298568725586 1624363617.096022 0.264
21.591609954833984 1624363617.102937 0.264
21.578298568725586 1624363617.109947 0.264
21.578298568725586 1624363617.116945 0.264
21.578298568725586 1624363617.123904 0.264
21.578298568725586 1624363617.130939 0.264
21.591609954833984 1624363617.13796 0.264
21.578298568725586 1624363617.145021 0.264
21.591609954833984 1624363617.152011 0.264
21.591609954833984 1624363617.159063 0.264
21.591609954833984 1624363617.165944 0.264
21.578298568725586 1624363617.172973 0.264
21.591609954833984 1624363617.17997 0.264
21.591609954833984 1624363617.186922 0.264
21.578298568725586 1624363617.193961 0.264
21.578298568725586 1624363617.200888 0.264
21.591609954833984 1624363617.207923 0.264
21.578298568725586 1624363617.214932 0.264
21.591609954833984 1624363617.221911 0.264
21.578298568725586 1624363617.229011 0.264
21.591609954833984 1624363617.236064 0.264
21.591609954833984 1624363617.243853 0.264
21.578298568725586 1624363617.250923 0.264
21.591609954833984 1624363617.257833 0.264
21.578298568725586 1624363617.264968 0.264
21.578298568725586 1624363617.271858 0.264
21.591609954833984 1624363617.278928 0.264
21.578298568725586 1624363617.285969 0.264
21.591609954833984 1624363617.293003 0.264
21.578298568725586 1624363617.300007 0.264
21.578298568725586 1624363617.306966 0.264
21.591609954833984 1624363617.313966 0.264
21.591609954833984 1624363617.321015 0.264
21.578298568725586 1624363617.328019 0.264
21.578298568725586 1624363617.335037 0.264
21.578298568725586 1624363617.34196 0.264
21.591609954833984 1624363617.349011 0.264
21.578298568725586 1624363617.356 0.264
21.578298568725586 1624363617.363004 0.264
21.578298568725586 1624363617.369965 0.264
21.591609954833984 1624363617.377001 0.264
21.591609954833984 1624363617.384029 0.264
21.591609954833984 1624363617.391077 0.264
21.591609954833984 1624363617.397854 0.264
21.578298568725586 1624363617.404954 0.264
21.591609954833984 1624363617.411901 0.264
22.208513259887695 1624363617.418837 0.264
21.578298568725586 1624363617.425837 0.264
21.591609954833984 1624363617.432862 0.264
21.578298568725586 1624363617.439822 0.264
21.578298568725586 1624363617.446911 0.264
21.578298568725586 1624363617.453918 0.264
21.578298568725586 1624363617.460844 0.264
21.578298568725586 1624363617.467791 0.264
21.578298568725586 1624363617.474877 0.264
21.578298568725586 1624363617.481873 0.264
21.591609954833984 1624363617.48893 0.264
21.578298568725586 1624363617.495828 0.264
21.578298568725586 1624363617.502822 0.264
21.578298568725586 1624363617.509864 0.264
21.591609954833984 1624363617.516879 0.264
21.578298568725586 1624363617.523913 0.264
21.591609954833984 1624363617.530882 0.264
21.578298568725586 1624363617.537935 0.264
21.591609954833984 1624363617.544933 0.264
21.578298568725586 1624363617.551911 0.264
21.578298568725586 1624363617.558925 0.264
21.578298568725586 1624363617.565946 0.264
21.591609954833984 1624363617.572778 0.264
21.578298568725586 1624363617.579781 0.264
21.578298568725586 1624363617.586869 0.264
21.591609954833984 1624363617.593849 0.264
21.578298568725586 1624363617.60083 0.264
21.578298568725586 1624363617.607726 0.264
21.591609954833984 1624363617.614764 0.264
21.591609954833984 1624363617.621812 0.264
21.578298568725586 1624363617.628756 0.264
21.578298568725586 1624363617.635728 0.264
21.578298568725586 1624363617.642752 0.264
21.591609954833984 1624363617.649708 0.264
21.578298568725586 1624363617.656771 0.264
21.578298568725586 1624363617.663752 0.264
21.578298568725586 1624363617.670861 0.264
21.578298568725586 1624363617.677759 0.264
21.591609954833984 1624363617.684881 0.264
21.578298568725586 1624363617.69182 0.264
21.578298568725586 1624363617.698792 0.264
21.578298568725586 1624363617.705756 0.264
21.578298568725586 1624363617.712808 0.264
21.578298568725586 1624363617.719826 0.264
21.591609954833984 1624363617.726804 0.264
21.578298568725586 1624363617.733869 0.264
22.194822311401367 1624363617.74086 0.264
21.578298568725586 1624363617.74786 0.264
21.591609954833984 1624363617.754915 0.264
21.591609954833984 1624363617.761888 0.264
21.591609954833984 1624363617.768878 0.264
21.578298568725586 1624363617.775876 0.264
21.591609954833984 1624363617.782743 0.264
21.578298568725586 1624363617.78974 0.264
21.578298568725586 1624363617.796731 0.264
21.578298568725586 1624363617.803752 0.264
21.578298568725586 1624363617.810731 0.264
21.591609954833984 1624363617.817715 0.264
21.578298568725586 1624363617.824782 0.264
21.591609954833984 1624363617.831756 0.264
21.591609954833984 1624363617.838751 0.264
21.578298568725586 1624363617.845679 0.264
21.578298568725586 1624363617.852664 0.264
21.578298568725586 1624363617.859682 0.264
21.578298568725586 1624363617.866737 0.264
21.578298568725586 1624363617.87367 0.264
21.578298568725586 1624363617.880709 0.264
21.578298568725586 1624363617.887745 0.264
21.591609954833984 1624363617.89469 0.264
21.578298568725586 1624363617.901677 0.264
21.591609954833984 1624363617.908724 0.264
21.578298568725586 1624363617.915726 0.264
21.578298568725586 1624363617.922832 0.264
21.578298568725586 1624363617.929745 0.264
21.591609954833984 1624363617.936825 0.264
21.578298568725586 1624363617.943941 0.264
21.591609954833984 1624363617.950852 0.264
21.578298568725586 1624363617.957625 0.264
21.591609954833984 1624363617.964675 0.264
21.578298568725586 1624363617.971667 0.264
21.578298568725586 1624363617.978747 0.264
21.591609954833984 1624363617.985763 0.264
21.591609954833984 1624363617.992729 0.264
21.591609954833984 1624363617.999718 0.264
21.578298568725586 1624363618.006686 0.264
21.578298568725586 1624363618.013761 0.264
21.578298568725586 1624363618.02072 0.264
21.591609954833984 1624363618.027732 0.264
21.591609954833984 1624363618.034756 0.264
21.578298568725586 1624363618.041689 0.264
21.578298568725586 1624363618.048728 0.264
21.578298568725586 1624363618.055777 0.264
21.578298568725586 1624363618.062705 0.264
21.578298568725586 1624363618.069668 0.264
21.578298568725586 1624363618.07677 0.264
21.578298568725586 1624363618.083817 0.264
21.578298568725586 1624363618.090668 0.264
21.578298568725586 1624363618.097715 0.264
21.578298568725586 1624363618.104715 0.264
21.578298568725586 1624363618.111748 0.264
21.578298568725586 1624363618.118556 0.264
21.578298568725586 1624363618.125677 0.264
21.578298568725586 1624363618.132652 0.264
21.578298568725586 1624363618.139666 0.264
21.591609954833984 1624363618.14669 0.264
21.578298568725586 1624363618.153658 0.264
21.578298568725586 1624363618.16067 0.264
21.591609954833984 1624363618.167662 0.264
21.591609954833984 1624363618.174685 0.264
21.578298568725586 1624363618.181722 0.264
21.578298568725586 1624363618.188705 0.264
21.578298568725586 1624363618.195712 0.264
21.578298568725586 1624363618.202686 0.264
21.578298568725586 1624363618.209685 0.264
21.578298568725586 1624363618.216678 0.264
21.578298568725586 1624363618.223707 0.264
21.578298568725586 1624363618.230727 0.264
21.578298568725586 1624363618.237755 0.264
21.591609954833984 1624363618.244707 0.264
21.578298568725586 1624363618.25166 0.264
21.591609954833984 1624363618.258604 0.264
21.578298568725586 1624363618.265639 0.264
21.578298568725586 1624363618.272706 0.264
21.591609954833984 1624363618.279651 0.264
21.591609954833984 1624363618.286649 0.264
21.578298568725586 1624363618.293701 0.264
21.578298568725586 1624363618.300786 0.264
21.578298568725586 1624363618.307535 0.264
21.578298568725586 1624363618.314515 0.264
21.578298568725586 1624363618.321488 0.264
21.578298568725586 1624363618.328564 0.264
21.578298568725586 1624363618.335583 0.264
21.578298568725586 1624363618.342511 0.264
21.578298568725586 1624363618.349575 0.264
21.578298568725586 1624363618.356507 0.264
21.591609954833984 1624363618.3636 0.264
21.578298568725586 1624363618.370653 0.264
21.578298568725586 1624363618.377651 0.264
21.578298568725586 1624363618.384635 0.264
21.578298568725586 1624363618.391616 0.264
21.578298568725586 1624363618.398585 0.264
21.578298568725586 1624363618.405661 0.264
21.578298568725586 1624363618.412547 0.264
21.591609954833984 1624363618.419576 0.264
21.591609954833984 1624363618.426664 0.264
21.578298568725586 1624363618.433629 0.264
21.591609954833984 1624363618.440591 0.264
21.578298568725586 1624363618.447667 0.264
21.578298568725586 1624363618.454564 0.264
21.578298568725586 1624363618.461603 0.264
21.578298568725586 1624363618.468585 0.264
21.578298568725586 1624363618.475568 0.264
21.591609954833984 1624363618.482593 0.264
21.591609954833984 1624363618.48963 0.264
21.578298568725586 1624363618.496643 0.264
21.578298568725586 1624363618.503548 0.264
21.578298568725586 1624363618.510575 0.264
21.578298568725586 1624363618.517551 0.264
21.578298568725586 1624363618.524573 0.264
21.578298568725586 1624363618.531541 0.264
21.578298568725586 1624363618.538573 0.264
21.591609954833984 1624363618.545559 0.264
21.578298568725586 1624363618.552725 0.264
21.591609954833984 1624363618.559812 0.264
21.578298568725586 1624363618.567617 0.264
21.578298568725586 1624363618.574532 0.264
21.578298568725586 1624363618.581586 0.264
21.578298568725586 1624363618.588616 0.264
21.578298568725586 1624363618.595649 0.264
21.578298568725586 1624363618.602706 0.264
21.578298568725586 1624363618.609586 0.264
21.578298568725586 1624363618.616593 0.264
21.591609954833984 1624363618.62357 0.264
21.578298568725586 1624363618.630552 0.264
21.591609954833984 1624363618.637634 0.264
21.578298568725586 1624363618.644562 0.264
21.578298568725586 1624363618.65154 0.264
21.578298568725586 1624363618.658368 0.264
21.578298568725586 1624363618.665378 0.264
21.578298568725586 1624363618.672357 0.264
21.578298568725586 1624363618.67943 0.264
21.578298568725586 1624363618.686483 0.264
21.578298568725586 1624363618.693486 0.264
21.578298568725586 1624363618.700487 0.264
21.578298568725586 1624363618.707491 0.264
21.578298568725586 1624363618.714509 0.264
21.578298568725586 1624363618.721491 0.264
21.578298568725586 1624363618.728523 0.264
21.578298568725586 1624363618.735488 0.264
21.578298568725586 1624363618.742519 0.264
21.578298568725586 1624363618.74949 0.264
21.578298568725586 1624363618.756472 0.264
21.578298568725586 1624363618.763536 0.264
21.578298568725586 1624363618.77053 0.264
21.578298568725586 1624363618.777424 0.264
21.578298568725586 1624363618.784569 0.264
21.578298568725586 1624363618.791517 0.264
21.578298568725586 1624363618.798442 0.264
21.591609954833984 1624363618.805535 0.264
21.578298568725586 1624363618.812497 0.264
21.578298568725586 1624363618.819609 0.264
21.578298568725586 1624363618.826488 0.264
21.578298568725586 1624363618.833399 0.264
21.578298568725586 1624363618.840423 0.264
21.578298568725586 1624363618.847427 0.264
21.578298568725586 1624363618.854454 0.264
21.578298568725586 1624363618.861435 0.264
21.578298568725586 1624363618.868397 0.264
21.578298568725586 1624363618.875411 0.264
21.578298568725586 1624363618.882381 0.264
21.578298568725586 1624363618.889373 0.264
21.578298568725586 1624363618.896409 0.264
21.578298568725586 1624363618.9034 0.264
21.578298568725586 1624363618.91049 0.264
21.578298568725586 1624363618.917441 0.264
21.578298568725586 1624363618.92439 0.264
21.578298568725586 1624363618.931437 0.264
21.578298568725586 1624363618.938517 0.264
21.578298568725586 1624363618.945494 0.264
21.578298568725586 1624363618.952496 0.264
21.578298568725586 1624363618.95957 0.264
21.578298568725586 1624363618.966502 0.264
21.578298568725586 1624363618.973502 0.264
21.578298568725586 1624363618.980491 0.264
21.578298568725586 1624363618.987531 0.264
21.578298568725586 1624363618.994505 0.264
21.578298568725586 1624363619.001505 0.264
21.578298568725586 1624363619.008537 0.264
21.578298568725586 1624363619.01534 0.264
21.578298568725586 1624363619.022304 0.264
21.578298568725586 1624363619.029385 0.264
21.578298568725586 1624363619.036362 0.264
21.578298568725586 1624363619.043418 0.264
21.578298568725586 1624363619.050384 0.264
21.578298568725586 1624363619.057406 0.264
21.578298568725586 1624363619.06439 0.264
21.578298568725586 1624363619.071338 0.264
21.578298568725586 1624363619.078307 0.264
21.578298568725586 1624363619.085396 0.264
21.578298568725586 1624363619.092431 0.264
21.578298568725586 1624363619.099407 0.264
21.578298568725586 1624363619.106318 0.264
21.578298568725586 1624363619.113373 0.264
21.578298568725586 1624363619.120333 0.264
21.578298568725586 1624363619.127426 0.264
21.578298568725586 1624363619.134378 0.264
21.578298568725586 1624363619.141396 0.264
21.578298568725586 1624363619.148414 0.264
21.578298568725586 1624363619.155409 0.264
21.578298568725586 1624363619.162424 0.264
21.578298568725586 1624363619.169392 0.264
21.578298568725586 1624363619.176432 0.264
21.578298568725586 1624363619.183477 0.264
21.578298568725586 1624363619.190391 0.264
21.578298568725586 1624363619.197389 0.264
21.578298568725586 1624363619.20439 0.264
21.578298568725586 1624363619.211288 0.264
21.578298568725586 1624363619.218281 0.264
21.578298568725586 1624363619.225313 0.264
21.578298568725586 1624363619.232278 0.264
21.578298568725586 1624363619.239284 0.264
21.578298568725586 1624363619.246271 0.264
21.578298568725586 1624363619.253199 0.264
21.578298568725586 1624363619.260208 0.264
21.578298568725586 1624363619.267226 0.264
21.578298568725586 1624363619.274348 0.264
21.578298568725586 1624363619.281384 0.264
21.578298568725586 1624363619.288345 0.264
21.578298568725586 1624363619.295323 0.264
21.578298568725586 1624363619.302227 0.264
21.578298568725586 1624363619.309269 0.264
21.578298568725586 1624363619.316293 0.264
21.578298568725586 1624363619.323351 0.264
21.578298568725586 1624363619.330301 0.264
21.578298568725586 1624363619.337412 0.264
21.578298568725586 1624363619.344445 0.264
21.578298568725586 1624363619.351441 0.264
21.578298568725586 1624363619.358424 0.264
21.578298568725586 1624363619.365388 0.264
21.578298568725586 1624363619.372391 0.264
21.578298568725586 1624363619.379393 0.264
21.578298568725586 1624363619.386452 0.264
21.578298568725586 1624363619.393373 0.264
21.578298568725586 1624363619.400207 0.264
21.578298568725586 1624363619.407317 0.264
21.578298568725586 1624363619.41431 0.264
21.578298568725586 1624363619.421332 0.264
21.578298568725586 1624363619.428398 0.264
21.578298568725586 1624363619.435327 0.264
21.578298568725586 1624363619.442224 0.264
21.578298568725586 1624363619.449197 0.264
21.578298568725586 1624363619.456241 0.264
21.578298568725586 1624363619.463231 0.264
21.578298568725586 1624363619.470248 0.264
21.578298568725586 1624363619.477286 0.264
21.578298568725586 1624363619.484317 0.264
21.578298568725586 1624363619.491261 0.264
21.578298568725586 1624363619.498259 0.264
21.578298568725586 1624363619.505252 0.264
21.578298568725586 1624363619.512278 0.264
21.578298568725586 1624363619.519294 0.264
21.578298568725586 1624363619.526268 0.264
21.578298568725586 1624363619.533353 0.264
21.578298568725586 1624363619.54032 0.264
21.578298568725586 1624363619.547299 0.264
21.578298568725586 1624363619.554332 0.264
21.578298568725586 1624363619.561311 0.264
21.578298568725586 1624363619.568361 0.264
21.578298568725586 1624363619.575314 0.264
21.578298568725586 1624363619.58234 0.264
21.578298568725586 1624363619.589337 0.264
21.578298568725586 1624363619.596197 0.264
21.578298568725586 1624363619.603187 0.264
21.578298568725586 1624363619.610146 0.264
21.578298568725586 1624363619.617118 0.264
21.578298568725586 1624363619.624104 0.264
21.578298568725586 1624363619.631108 0.264
21.578298568725586 1624363619.638123 0.264
21.578298568725586 1624363619.645099 0.264
21.578298568725586 1624363619.652193 0.264
21.578298568725586 1624363619.659172 0.264
21.578298568725586 1624363619.666245 0.264
21.578298568725586 1624363619.673202 0.264
21.578298568725586 1624363619.680227 0.264
21.578298568725586 1624363619.687233 0.264
21.578298568725586 1624363619.694225 0.264
21.578298568725586 1624363619.70124 0.264
21.578298568725586 1624363619.708345 0.264
21.578298568725586 1624363619.715243 0.264
21.578298568725586 1624363619.722313 0.264
21.578298568725586 1624363619.72925 0.264
21.578298568725586 1624363619.736304 0.264
21.578298568725586 1624363619.743301 0.264
21.578298568725586 1624363619.750262 0.264
21.578298568725586 1624363619.757326 0.264
21.578298568725586 1624363619.764222 0.264
21.578298568725586 1624363619.771167 0.264
21.578298568725586 1624363619.778182 0.264
21.578298568725586 1624363619.78521 0.264
21.578298568725586 1624363619.792285 0.264
21.578298568725586 1624363619.799319 0.264
21.578298568725586 1624363619.806219 0.264
21.578298568725586 1624363619.813128 0.264
21.578298568725586 1624363619.8201 0.264
21.578298568725586 1624363619.827139 0.264
21.578298568725586 1624363619.834164 0.264
21.578298568725586 1624363619.841117 0.264
21.578298568725586 1624363619.848073 0.264
21.578298568725586 1624363619.855047 0.264
21.578298568725586 1624363619.862051 0.264
21.578298568725586 1624363619.869156 0.264
21.578298568725586 1624363619.876028 0.264
21.578298568725586 1624363619.883118 0.264
21.591609954833984 1624363619.890144 0.264
21.578298568725586 1624363619.897099 0.264
21.578298568725586 1624363619.904073 0.264
21.578298568725586 1624363619.911001 0.264
21.578298568725586 1624363619.918167 0.264
21.578298568725586 1624363619.925156 0.264
21.578298568725586 1624363619.932169 0.264
21.578298568725586 1624363619.939187 0.264
21.578298568725586 1624363619.946127 0.264
21.578298568725586 1624363619.953164 0.264
21.578298568725586 1624363619.960142 0.264
21.578298568725586 1624363619.967195 0.264
21.578298568725586 1624363619.974473 0.264
21.578298568725586 1624363619.982261 0.264
21.578298568725586 1624363619.989322 0.264
21.578298568725586 1624363619.996176 0.264
21.578298568725586 1624363620.003062 0.264
21.578298568725586 1624363620.010043 0.264
21.578298568725586 1624363620.017071 0.264
21.578298568725586 1624363620.024074 0.264
21.578298568725586 1624363620.03108 0.264
21.578298568725586 1624363620.03798 0.264
21.578298568725586 1624363620.044971 0.264
21.578298568725586 1624363620.052129 0.264
21.578298568725586 1624363620.059089 0.264
21.578298568725586 1624363620.066037 0.264
21.578298568725586 1624363620.072994 0.264
21.578298568725586 1624363620.07997 0.264
21.578298568725586 1624363620.087104 0.264
21.578298568725586 1624363620.094066 0.264
21.578298568725586 1624363620.100989 0.264
21.578298568725586 1624363620.108114 0.264
21.578298568725586 1624363620.115058 0.264
21.578298568725586 1624363620.122116 0.264
21.578298568725586 1624363620.129009 0.264
21.578298568725586 1624363620.136196 0.264
21.578298568725586 1624363620.143114 0.264
21.578298568725586 1624363620.150134 0.264
21.578298568725586 1624363620.157189 0.264
21.578298568725586 1624363620.16416 0.264
21.578298568725586 1624363620.171203 0.264
21.578298568725586 1624363620.177997 0.264
21.578298568725586 1624363620.184995 0.264
21.578298568725586 1624363620.191999 0.264
21.578298568725586 1624363620.198991 0.264
21.578298568725586 1624363620.206015 0.264
21.578298568725586 1624363620.213009 0.264
21.578298568725586 1624363620.220082 0.264
21.578298568725586 1624363620.22702 0.264
21.578298568725586 1624363620.233966 0.264
21.578298568725586 1624363620.241001 0.264
21.578298568725586 1624363620.248034 0.264
21.578298568725586 1624363620.255036 0.264
21.578298568725586 1624363620.262041 0.264
21.578298568725586 1624363620.269093 0.264
21.578298568725586 1624363620.276071 0.264
21.578298568725586 1624363620.282992 0.264
21.578298568725586 1624363620.289986 0.264
21.578298568725586 1624363620.297003 0.264
21.578298568725586 1624363620.304042 0.264
21.578298568725586 1624363620.311026 0.264
21.578298568725586 1624363620.318158 0.264
21.578298568725586 1624363620.32515 0.264
21.578298568725586 1624363620.33208 0.264
21.578298568725586 1624363620.339107 0.264
21.578298568725586 1624363620.346104 0.264
21.578298568725586 1624363620.353107 0.264
21.578298568725586 1624363620.360103 0.264
21.578298568725586 1624363620.367137 0.264
21.578298568725586 1624363620.373889 0.264
21.578298568725586 1624363620.380933 0.264
21.578298568725586 1624363620.387924 0.264
21.578298568725586 1624363620.394971 0.264
21.578298568725586 1624363620.401954 0.264
21.578298568725586 1624363620.409035 0.264
21.578298568725586 1624363620.416064 0.264
21.578298568725586 1624363620.423047 0.264
21.578298568725586 1624363620.429953 0.264
21.578298568725586 1624363620.437017 0.264
21.578298568725586 1624363620.443989 0.264
21.578298568725586 1624363620.450915 0.264
21.578298568725586 1624363620.457953 0.264
21.578298568725586 1624363620.464908 0.264
21.578298568725586 1624363620.471954 0.264
21.578298568725586 1624363620.478932 0.264
21.578298568725586 1624363620.485929 0.264
21.578298568725586 1624363620.492979 0.264
21.578298568725586 1624363620.49993 0.264
21.578298568725586 1624363620.506909 0.264
21.578298568725586 1624363620.513962 0.264
21.578298568725586 1624363620.520962 0.264
21.578298568725586 1624363620.528 0.264
21.578298568725586 1624363620.535045 0.264
21.578298568725586 1624363620.542058 0.264
21.578298568725586 1624363620.549049 0.264
21.578298568725586 1624363620.556055 0.264
21.578298568725586 1624363620.562879 0.264
21.578298568725586 1624363620.569861 0.264
21.578298568725586 1624363620.576862 0.264
21.578298568725586 1624363620.583864 0.264
21.578298568725586 1624363620.590842 0.264
21.578298568725586 1624363620.597818 0.264
21.578298568725586 1624363620.604817 0.264
21.578298568725586 1624363620.611936 0.264
21.578298568725586 1624363620.618815 0.264
21.578298568725586 1624363620.62581 0.264
21.578298568725586 1624363620.632928 0.264
21.578298568725586 1624363620.639898 0.264
21.578298568725586 1624363620.646921 0.264
21.578298568725586 1624363620.653914 0.264
21.578298568725586 1624363620.660918 0.264
21.578298568725586 1624363620.667924 0.264
21.578298568725586 1624363620.674911 0.264
21.578298568725586 1624363620.681984 0.264
21.578298568725586 1624363620.689037 0.264
21.578298568725586 1624363620.695975 0.264
21.578298568725586 1624363620.702985 0.264
21.578298568725586 1624363620.710002 0.264
21.578298568725586 1624363620.717062 0.264
21.578298568725586 1624363620.724001 0.264
21.578298568725586 1624363620.730997 0.264
21.578298568725586 1624363620.737768 0.264
21.578298568725586 1624363620.744857 0.264
21.578298568725586 1624363620.751817 0.264
21.578298568725586 1624363620.75885 0.264
21.578298568725586 1624363620.765903 0.264
21.578298568725586 1624363620.772935 0.264
21.578298568725586 1624363620.779849 0.264
21.578298568725586 1624363620.78686 0.264
21.578298568725586 1624363620.793911 0.264
21.578298568725586 1624363620.80088 0.264
21.578298568725586 1624363620.807869 0.264
21.578298568725586 1624363620.814914 0.264
21.578298568725586 1624363620.821885 0.264
21.578298568725586 1624363620.828887 0.264
21.578298568725586 1624363620.835931 0.264
21.578298568725586 1624363620.842905 0.264
21.578298568725586 1624363620.849879 0.264
21.578298568725586 1624363620.856854 0.264
21.578298568725586 1624363620.863818 0.264
21.578298568725586 1624363620.870808 0.264
21.578298568725586 1624363620.877809 0.264
21.578298568725586 1624363620.884841 0.264
21.578298568725586 1624363620.891918 0.264
21.578298568725586 1624363620.898957 0.264
21.578298568725586 1624363620.905768 0.264
21.578298568725586 1624363620.912878 0.264
21.578298568725586 1624363620.919804 0.264
21.578298568725586 1624363620.926804 0.264
21.578298568725586 1624363620.933862 0.264
21.578298568725586 1624363620.940796 0.264
21.578298568725586 1624363620.947783 0.264
21.578298568725586 1624363620.954771 0.264
21.578298568725586 1624363620.961742 0.264
21.578298568725586 1624363620.968826 0.264
21.578298568725586 1624363620.975796 0.264
21.578298568725586 1624363620.982845 0.264
21.578298568725586 1624363620.989781 0.264
21.578298568725586 1624363620.996767 0.264
21.578298568725586 1624363621.003776 0.264
21.578298568725586 1624363621.010861 0.264
21.578298568725586 1624363621.017772 0.264
21.578298568725586 1624363621.024768 0.264
21.578298568725586 1624363621.031812 0.264
21.578298568725586 1624363621.038768 0.264
21.578298568725586 1624363621.045911 0.264
21.578298568725586 1624363621.052867 0.264
21.578298568725586 1624363621.059942 0.264
21.578298568725586 1624363621.066926 0.264
21.578298568725586 1624363621.073966 0.264
21.578298568725586 1624363621.080905 0.264
21.578298568725586 1624363621.087672 0.264
21.578298568725586 1624363621.094695 0.264
21.578298568725586 1624363621.101661 0.264
21.578298568725586 1624363621.108636 0.264
21.578298568725586 1624363621.115685 0.264
21.578298568725586 1624363621.122683 0.264
21.578298568725586 1624363621.129656 0.264
21.578298568725586 1624363621.136669 0.264
21.578298568725586 1624363621.143647 0.264
21.578298568725586 1624363621.150645 0.264
21.578298568725586 1624363621.157715 0.264
21.578298568725586 1624363621.164802 0.264
21.578298568725586 1624363621.171787 0.264
21.578298568725586 1624363621.17877 0.264
21.578298568725586 1624363621.185764 0.264
21.578298568725586 1624363621.192792 0.264
21.578298568725586 1624363621.199747 0.264
21.578298568725586 1624363621.206807 0.264
21.578298568725586 1624363621.213816 0.264
21.578298568725586 1624363621.220844 0.264
21.578298568725586 1624363621.227736 0.264
21.578298568725586 1624363621.234691 0.264
21.578298568725586 1624363621.241709 0.264
21.578298568725586 1624363621.248805 0.264
21.578298568725586 1624363621.255795 0.264
21.578298568725586 1624363621.262814 0.264
21.578298568725586 1624363621.269841 0.264
21.578298568725586 1624363621.276741 0.264
21.578298568725586 1624363621.28373 0.264
21.578298568725586 1624363621.290555 0.264
21.578298568725586 1624363621.297561 0.264
21.578298568725586 1624363621.304572 0.264
21.578298568725586 1624363621.31158 0.264
21.578298568725586 1624363621.318633 0.264
21.578298568725586 1624363621.325719 0.264
21.578298568725586 1624363621.332617 0.264
21.578298568725586 1624363621.339614 0.264
21.578298568725586 1624363621.346652 0.264
21.578298568725586 1624363621.353703 0.264
21.578298568725586 1624363621.360683 0.264
21.578298568725586 1624363621.367729 0.264
21.578298568725586 1624363621.374726 0.264
21.578298568725586 1624363621.381722 0.264
21.578298568725586 1624363621.388672 0.264
21.578298568725586 1624363621.395695 0.264
21.578298568725586 1624363621.402751 0.264
21.578298568725586 1624363621.409789 0.264
21.578298568725586 1624363621.416722 0.264
21.578298568725586 1624363621.424125 0.264
21.578298568725586 1624363621.431668 0.264
21.578298568725586 1624363621.438638 0.264
21.578298568725586 1624363621.445666 0.264
21.578298568725586 1624363621.452697 0.264
21.578298568725586 1624363621.459683 0.264
21.578298568725586 1624363621.466535 0.264
21.578298568725586 1624363621.473483 0.264
21.578298568725586 1624363621.480519 0.264
21.578298568725586 1624363621.487512 0.264
21.578298568725586 1624363621.494524 0.264
21.578298568725586 1624363621.501483 0.264
21.578298568725586 1624363621.50852 0.264
20.961776733398438 1624363621.515626 0.264
21.578298568725586 1624363621.522593 0.264
21.578298568725586 1624363621.529509 0.264
21.578298568725586 1624363621.536506 0.264
21.578298568725586 1624363621.543553 0.264
21.578298568725586 1624363621.55053 0.264
21.578298568725586 1624363621.557538 0.264
21.578298568725586 1624363621.564554 0.264
21.578298568725586 1624363621.571569 0.264
21.578298568725586 1624363621.578535 0.264
21.578298568725586 1624363621.585538 0.264
21.578298568725586 1624363621.592571 0.264
21.578298568725586 1624363621.599562 0.264
21.578298568725586 1624363621.606664 0.264
21.578298568725586 1624363621.61359 0.264
21.578298568725586 1624363621.620703 0.264
21.578298568725586 1624363621.627699 0.264
21.578298568725586 1624363621.634666 0.264
21.578298568725586 1624363621.6417 0.264
21.578298568725586 1624363621.648644 0.264
21.578298568725586 1624363621.655609 0.264
20.961776733398438 1624363621.662687 0.264
21.578298568725586 1624363621.669711 0.264
21.578298568725586 1624363621.676708 0.264
21.578298568725586 1624363621.683683 0.264
21.578298568725586 1624363621.690492 0.264
21.578298568725586 1624363621.697504 0.264
21.578298568725586 1624363621.704541 0.264
21.578298568725586 1624363621.71158 0.264
21.578298568725586 1624363621.718543 0.264
21.578298568725586 1624363621.725561 0.264
21.578298568725586 1624363621.732541 0.264
21.578298568725586 1624363621.739532 0.264
21.578298568725586 1624363621.746478 0.264
21.578298568725586 1624363621.753494 0.264
21.578298568725586 1624363621.760485 0.264
21.578298568725586 1624363621.767431 0.264
21.578298568725586 1624363621.774442 0.264
21.578298568725586 1624363621.78147 0.264
21.578298568725586 1624363621.788448 0.264
21.578298568725586 1624363621.795451 0.264
21.578298568725586 1624363621.802462 0.264
21.578298568725586 1624363621.809467 0.264
21.578298568725586 1624363621.816436 0.264
21.578298568725586 1624363621.82349 0.264
21.578298568725586 1624363621.830474 0.264
21.578298568725586 1624363621.8375 0.264
21.578298568725586 1624363621.844464 0.264
21.578298568725586 1624363621.851501 0.264
21.578298568725586 1624363621.858515 0.264
21.578298568725586 1624363621.865544 0.264
21.578298568725586 1624363621.872604 0.264
21.578298568725586 1624363621.879573 0.264
21.578298568725586 1624363621.886495 0.264
21.578298568725586 1624363621.893523 0.264
21.578298568725586 1624363621.90057 0.264
21.578298568725586 1624363621.907538 0.264
21.578298568725586 1624363621.914611 0.264
21.578298568725586 1624363621.921579 0.264
21.578298568725586 1624363621.928629 0.264
21.578298568725586 1624363621.935533 0.264
21.578298568725586 1624363621.942411 0.264
21.578298568725586 1624363621.949418 0.264
21.578298568725586 1624363621.956419 0.264
21.578298568725586 1624363621.963452 0.264
21.578298568725586 1624363621.970449 0.264
21.578298568725586 1624363621.977486 0.264
21.578298568725586 1624363621.98442 0.264
21.578298568725586 1624363621.991464 0.264
21.578298568725586 1624363621.998466 0.264
21.578298568725586 1624363622.005451 0.264
21.578298568725586 1624363622.012434 0.264
21.578298568725586 1624363622.019477 0.264
21.578298568725586 1624363622.026484 0.264
21.578298568725586 1624363622.033615 0.264
21.578298568725586 1624363622.040583 0.264
21.578298568725586 1624363622.047548 0.264
21.578298568725586 1624363622.054515 0.264
21.578298568725586 1624363622.06149 0.264
21.578298568725586 1624363622.068502 0.264
21.578298568725586 1624363622.075506 0.264
21.578298568725586 1624363622.082566 0.264
21.578298568725586 1624363622.089537 0.264
21.578298568725586 1624363622.096546 0.264
21.578298568725586 1624363622.103518 0.264
21.578298568725586 1624363622.110562 0.264
21.578298568725586 1624363622.117548 0.264
21.578298568725586 1624363622.124554 0.264
21.578298568725586 1624363622.131568 0.264
21.578298568725586 1624363622.138575 0.264
21.578298568725586 1624363622.145328 0.264
21.578298568725586 1624363622.152296 0.264
21.578298568725586 1624363622.159331 0.264
21.578298568725586 1624363622.166327 0.264
21.578298568725586 1624363622.173295 0.264
21.578298568725586 1624363622.180357 0.264
21.578298568725586 1624363622.187354 0.264
21.578298568725586 1624363622.194353 0.264
21.578298568725586 1624363622.201359 0.264
21.578298568725586 1624363622.208345 0.264
21.578298568725586 1624363622.215394 0.264
21.578298568725586 1624363622.222452 0.264
21.578298568725586 1624363622.229383 0.264
21.578298568725586 1624363622.236443 0.264
21.578298568725586 1624363622.243468 0.264
21.578298568725586 1624363622.250477 0.264
21.578298568725586 1624363622.257507 0.264
21.578298568725586 1624363622.264507 0.264
21.578298568725586 1624363622.271508 0.264
21.578298568725586 1624363622.27851 0.264
21.578298568725586 1624363622.285506 0.264
21.578298568725586 1624363622.292507 0.264
21.578298568725586 1624363622.299502 0.264
21.578298568725586 1624363622.306511 0.264
21.578298568725586 1624363622.313592 0.264
21.578298568725586 1624363622.320499 0.264
21.578298568725586 1624363622.327314 0.264
21.578298568725586 1624363622.334396 0.264
21.578298568725586 1624363622.341377 0.264
21.578298568725586 1624363622.348393 0.264
21.578298568725586 1624363622.355343 0.264
21.578298568725586 1624363622.362303 0.264
21.578298568725586 1624363622.369389 0.264
21.578298568725586 1624363622.376382 0.264
21.578298568725586 1624363622.383381 0.264
21.578298568725586 1624363622.390358 0.264
21.578298568725586 1624363622.397307 0.264
21.578298568725586 1624363622.404325 0.264
21.578298568725586 1624363622.411285 0.264
21.578298568725586 1624363622.418276 0.264
21.578298568725586 1624363622.425349 0.264
21.578298568725586 1624363622.43237 0.264
21.578298568725586 1624363622.439434 0.264
20.961776733398438 1624363622.446413 0.264
21.578298568725586 1624363622.453443 0.264
21.578298568725586 1624363622.460454 0.264
21.578298568725586 1624363622.467472 0.264
21.578298568725586 1624363622.474431 0.264
21.578298568725586 1624363622.481424 0.264
21.578298568725586 1624363622.488454 0.264
21.578298568725586 1624363622.49546 0.264
21.578298568725586 1624363622.502454 0.264
21.578298568725586 1624363622.509563 0.264
21.578298568725586 1624363622.516313 0.264
21.578298568725586 1624363622.523311 0.264
21.578298568725586 1624363622.530338 0.264
21.578298568725586 1624363622.537284 0.264
21.578298568725586 1624363622.544275 0.264
21.578298568725586 1624363622.551326 0.264
21.578298568725586 1624363622.558348 0.264
21.578298568725586 1624363622.565361 0.264
21.578298568725586 1624363622.572376 0.264
21.578298568725586 1624363622.579338 0.264
21.578298568725586 1624363622.58638 0.264
21.578298568725586 1624363622.593361 0.264
21.578298568725586 1624363622.600301 0.264
21.578298568725586 1624363622.607257 0.264
21.578298568725586 1624363622.614313 0.264
21.578298568725586 1624363622.621351 0.264
21.578298568725586 1624363622.628399 0.264
21.578298568725586 1624363622.635376 0.264
21.578298568725586 1624363622.642428 0.264
21.578298568725586 1624363622.649418 0.264
21.578298568725586 1624363622.656336 0.264
21.578298568725586 1624363622.663315 0.264
21.578298568725586 1624363622.670122 0.264
21.578298568725586 1624363622.677115 0.264
21.578298568725586 1624363622.684129 0.264
21.578298568725586 1624363622.691244 0.264
21.578298568725586 1624363622.698263 0.264
21.578298568725586 1624363622.705255 0.264
21.578298568725586 1624363622.712167 0.264
21.578298568725586 1624363622.719146 0.264
21.578298568725586 1624363622.726214 0.264
21.578298568725586 1624363622.733216 0.264
21.578298568725586 1624363622.740256 0.264
21.578298568725586 1624363622.74729 0.264
20.961776733398438 1624363622.754295 0.264
21.578298568725586 1624363622.761253 0.264
21.578298568725586 1624363622.768319 0.264
21.578298568725586 1624363622.775283 0.264
21.578298568725586 1624363622.782281 0.264
21.578298568725586 1624363622.789318 0.264
21.578298568725586 1624363622.796325 0.264
21.578298568725586 1624363622.803348 0.264
21.578298568725586 1624363622.810312 0.264
21.578298568725586 1624363622.817403 0.264
21.578298568725586 1624363622.824294 0.264
21.578298568725586 1624363622.83137 0.264
21.578298568725586 1624363622.838334 0.264
21.578298568725586 1624363622.845327 0.264
21.578298568725586 1624363622.852335 0.264
21.578298568725586 1624363622.859314 0.264
21.578298568725586 1624363622.866271 0.264
21.578298568725586 1624363622.873346 0.264
21.578298568725586 1624363622.88025 0.264
21.578298568725586 1624363622.887143 0.264
21.578298568725586 1624363622.894063 0.264
21.578298568725586 1624363622.901034 0.264
21.578298568725586 1624363622.908202 0.264
21.578298568725586 1624363622.915092 0.264
21.578298568725586 1624363622.922171 0.264
21.578298568725586 1624363622.929227 0.264
21.578298568725586 1624363622.936236 0.264
21.578298568725586 1624363622.943284 0.264
21.578298568725586 1624363622.950251 0.264
21.578298568725586 1624363622.957214 0.264
21.578298568725586 1624363622.964185 0.264
21.578298568725586 1624363622.971225 0.264
21.578298568725586 1624363622.978247 0.264
21.578298568725586 1624363622.985244 0.264
21.578298568725586 1624363622.992344 0.264
21.578298568725586 1624363622.999293 0.264
21.578298568725586 1624363623.006264 0.264
21.578298568725586 1624363623.013243 0.264
21.578298568725586 1624363623.020204 0.264
21.578298568725586 1624363623.027246 0.264
21.578298568725586 1624363623.034242 0.264
21.578298568725586 1624363623.041193 0.264
21.578298568725586 1624363623.048198 0.264
21.578298568725586 1624363623.055342 0.264
21.578298568725586 1624363623.062241 0.264
21.578298568725586 1624363623.069374 0.264
21.578298568725586 1624363623.076062 0.264
21.578298568725586 1624363623.083057 0.264
21.578298568725586 1624363623.090106 0.264
21.578298568725586 1624363623.097165 0.264
21.578298568725586 1624363623.104123 0.264
21.578298568725586 1624363623.111157 0.264
21.578298568725586 1624363623.118137 0.264
21.578298568725586 1624363623.125161 0.264
21.578298568725586 1624363623.132125 0.264
21.578298568725586 1624363623.139107 0.264
21.578298568725586 1624363623.14616 0.264
21.578298568725586 1624363623.153161 0.264
21.578298568725586 1624363623.160143 0.264
21.578298568725586 1624363623.167154 0.264
21.578298568725586 1624363623.174185 0.264
21.578298568725586 1624363623.181221 0.264
21.578298568725586 1624363623.188208 0.264
21.578298568725586 1624363623.195141 0.264
21.578298568725586 1624363623.202248 0.264
21.578298568725586 1624363623.209256 0.264
21.578298568725586 1624363623.216244 0.264
21.578298568725586 1624363623.223226 0.264
21.578298568725586 1624363623.230227 0.264
21.578298568725586 1624363623.237156 0.264
21.578298568725586 1624363623.244199 0.264
21.578298568725586 1624363623.251239 0.264
21.578298568725586 1624363623.258288 0.264
21.578298568725586 1624363623.265244 0.264
21.578298568725586 1624363623.27214 0.264
20.961776733398438 1624363623.279075 0.264
21.578298568725586 1624363623.286122 0.264
21.578298568725586 1624363623.293068 0.264
21.578298568725586 1624363623.300116 0.264
21.578298568725586 1624363623.307013 0.264
21.578298568725586 1624363623.314081 0.264
21.578298568725586 1624363623.320991 0.264
21.578298568725586 1624363623.32802 0.264
21.578298568725586 1624363623.335011 0.264
21.578298568725586 1624363623.341984 0.264
21.578298568725586 1624363623.349011 0.264
21.578298568725586 1624363623.35612 0.264
21.578298568725586 1624363623.363118 0.264
21.578298568725586 1624363623.370003 0.264
21.578298568725586 1624363623.376997 0.264
21.578298568725586 1624363623.384051 0.264
21.578298568725586 1624363623.391028 0.264
21.578298568725586 1624363623.39806 0.264
20.961776733398438 1624363623.405135 0.264
21.578298568725586 1624363623.412093 0.264
21.578298568725586 1624363623.419051 0.264
21.578298568725586 1624363623.426021 0.264
21.578298568725586 1624363623.433014 0.264
21.578298568725586 1624363623.440043 0.264
21.578298568725586 1624363623.447117 0.264
21.578298568725586 1624363623.454131 0.264
20.961776733398438 1624363623.461153 0.264
21.578298568725586 1624363623.468043 0.264
20.961776733398438 1624363623.475212 0.264
21.578298568725586 1624363623.48214 0.264
21.578298568725586 1624363623.489123 0.264
20.961776733398438 1624363623.495977 0.264
21.578298568725586 1624363623.502999 0.264
21.578298568725586 1624363623.510035 0.264
21.578298568725586 1624363623.517036 0.264
21.578298568725586 1624363623.524042 0.264
21.578298568725586 1624363623.531022 0.264
21.578298568725586 1624363623.537987 0.264
21.578298568725586 1624363623.54498 0.264
21.578298568725586 1624363623.552067 0.264
21.578298568725586 1624363623.55901 0.264
21.578298568725586 1624363623.566037 0.264
21.578298568725586 1624363623.572909 0.264
21.578298568725586 1624363623.57993 0.264
20.961776733398438 1624363623.586933 0.264
21.578298568725586 1624363623.593937 0.264
21.578298568725586 1624363623.601048 0.264
21.578298568725586 1624363623.607984 0.264
21.578298568725586 1624363623.614964 0.264
21.578298568725586 1624363623.622006 0.264
21.578298568725586 1624363623.628993 0.264
21.578298568725586 1624363623.636001 0.264
21.578298568725586 1624363623.64297 0.264
21.578298568725586 1624363623.649977 0.264
21.578298568725586 1624363623.656934 0.264
21.578298568725586 1624363623.664026 0.264
21.578298568725586 1624363623.671022 0.264
21.578298568725586 1624363623.677984 0.264
21.578298568725586 1624363623.684987 0.264
21.578298568725586 1624363623.692016 0.264
21.578298568725586 1624363623.698973 0.264
21.578298568725586 1624363623.706007 0.264
20.961776733398438 1624363623.713032 0.264
21.578298568725586 1624363623.720037 0.264
21.578298568725586 1624363623.727054 0.264
21.578298568725586 1624363623.734076 0.264
21.578298568725586 1624363623.741028 0.264
21.578298568725586 1624363623.748091 0.264
21.578298568725586 1624363623.755067 0.264
21.578298568725586 1624363623.761951 0.264
20.961776733398438 1624363623.768884 0.264
21.578298568725586 1624363623.775897 0.264
21.578298568725586 1624363623.782903 0.264
21.578298568725586 1624363623.78997 0.264
21.578298568725586 1624363623.796931 0.264
20.961776733398438 1624363623.803982 0.264
21.578298568725586 1624363623.810964 0.264
21.578298568725586 1624363623.817856 0.264
21.578298568725586 1624363623.824857 0.264
21.578298568725586 1624363623.831897 0.264
20.961776733398438 1624363623.838912 0.264
21.578298568725586 1624363623.845905 0.264
21.578298568725586 1624363623.852846 0.264
21.578298568725586 1624363623.859911 0.264
21.578298568725586 1624363623.866932 0.264
21.578298568725586 1624363623.87393 0.264
21.578298568725586 1624363623.880871 0.264
21.578298568725586 1624363623.887881 0.264
20.961776733398438 1624363623.894953 0.264
21.578298568725586 1624363623.901939 0.264
21.578298568725586 1624363623.908879 0.264
21.578298568725586 1624363623.915877 0.264
21.578298568725586 1624363623.922952 0.264
20.961776733398438 1624363623.930017 0.264
21.578298568725586 1624363623.936951 0.264
21.578298568725586 1624363623.943909 0.264
21.578298568725586 1624363623.950717 0.264
21.578298568725586 1624363623.957816 0.264
21.578298568725586 1624363623.964899 0.264
21.578298568725586 1624363623.971872 0.264
21.578298568725586 1624363623.978871 0.264
21.578298568725586 1624363623.985878 0.264
21.578298568725586 1624363623.992862 0.264
21.578298568725586 1624363623.999867 0.264
21.578298568725586 1624363624.006882 0.264
21.578298568725586 1624363624.013877 0.264
20.961776733398438 1624363624.02089 0.264
21.578298568725586 1624363624.027867 0.264
21.578298568725586 1624363624.034779 0.264
20.961776733398438 1624363624.041862 0.264
21.578298568725586 1624363624.048838 0.264
21.578298568725586 1624363624.055845 0.264
21.578298568725586 1624363624.062907 0.264
21.578298568725586 1624363624.069902 0.264
20.961776733398438 1624363624.076833 0.264
21.578298568725586 1624363624.083801 0.264
21.578298568725586 1624363624.090934 0.264
21.578298568725586 1624363624.097939 0.264
21.578298568725586 1624363624.104958 0.264
21.578298568725586 1624363624.111903 0.264
21.578298568725586 1624363624.119005 0.264
21.578298568725586 1624363624.125929 0.264
21.578298568725586 1624363624.132942 0.264
21.578298568725586 1624363624.13992 0.264
20.961776733398438 1624363624.146777 0.264
21.578298568725586 1624363624.153789 0.264
21.578298568725586 1624363624.16083 0.264
21.578298568725586 1624363624.167848 0.264
21.578298568725586 1624363624.174825 0.264
21.578298568725586 1624363624.18184 0.264
21.578298568725586 1624363624.188851 0.264
21.578298568725586 1624363624.195851 0.264
20.961776733398438 1624363624.202797 0.264
21.578298568725586 1624363624.209825 0.264
21.578298568725586 1624363624.216811 0.264
21.578298568725586 1624363624.223808 0.264
21.578298568725586 1624363624.230782 0.264
21.578298568725586 1624363624.237747 0.264
21.578298568725586 1624363624.244797 0.264
21.578298568725586 1624363624.251838 0.264
21.578298568725586 1624363624.258837 0.264
21.578298568725586 1624363624.265865 0.264
21.578298568725586 1624363624.27283 0.264
21.578298568725586 1624363624.279838 0.264
21.578298568725586 1624363624.28682 0.264
21.578298568725586 1624363624.293792 0.264
21.578298568725586 1624363624.300821 0.264
21.578298568725586 1624363624.307833 0.264
21.578298568725586 1624363624.314918 0.264
21.578298568725586 1624363624.321902 0.264
21.578298568725586 1624363624.328843 0.264
21.578298568725586 1624363624.335912 0.264
21.578298568725586 1624363624.34288 0.264
20.961776733398438 1624363624.34984 0.264
21.578298568725586 1624363624.356709 0.264
21.578298568725586 1624363624.363758 0.264
21.578298568725586 1624363624.370767 0.264
21.578298568725586 1624363624.377705 0.264
21.578298568725586 1624363624.384778 0.264
21.578298568725586 1624363624.391765 0.264
20.961776733398438 1624363624.398773 0.264
21.578298568725586 1624363624.405688 0.264
21.578298568725586 1624363624.412648 0.264
20.961776733398438 1624363624.419708 0.264
21.578298568725586 1624363624.426701 0.264
21.578298568725586 1624363624.433796 0.264
20.961776733398438 1624363624.44069 0.264
21.578298568725586 1624363624.44764 0.264
20.961776733398438 1624363624.45462 0.264
21.578298568725586 1624363624.461704 0.264
21.578298568725586 1624363624.46878 0.264
21.578298568725586 1624363624.475743 0.264
21.578298568725586 1624363624.482732 0.264
21.578298568725586 1624363624.489771 0.264
21.578298568725586 1624363624.49678 0.264
21.578298568725586 1624363624.503748 0.264
20.961776733398438 1624363624.510781 0.264
21.578298568725586 1624363624.517823 0.264
21.578298568725586 1624363624.524842 0.264
21.578298568725586 1624363624.531775 0.264
21.578298568725586 1624363624.538807 0.264
20.961776733398438 1624363624.545829 0.264
21.578298568725586 1624363624.552772 0.264
21.578298568725586 1624363624.559754 0.264
21.578298568725586 1624363624.56674 0.264
21.578298568725586 1624363624.573799 0.264
21.578298568725586 1624363624.580594 0.264
21.578298568725586 1624363624.58761 0.264
21.578298568725586 1624363624.594643 0.264
21.578298568725586 1624363624.60164 0.264
21.578298568725586 1624363624.608676 0.264
21.578298568725586 1624363624.615647 0.264
21.578298568725586 1624363624.622733 0.264
21.578298568725586 1624363624.629657 0.264
21.578298568725586 1624363624.636637 0.264
21.578298568725586 1624363624.643631 0.264
21.578298568725586 1624363624.650625 0.264
20.961776733398438 1624363624.657725 0.264
21.578298568725586 1624363624.664723 0.264
21.578298568725586 1624363624.671701 0.264
21.578298568725586 1624363624.67866 0.264
21.578298568725586 1624363624.685698 0.264
21.578298568725586 1624363624.692699 0.264
21.578298568725586 1624363624.699722 0.264
21.578298568725586 1624363624.706687 0.264
21.578298568725586 1624363624.713751 0.264
21.578298568725586 1624363624.72075 0.264
20.961776733398438 1624363624.727738 0.264
21.578298568725586 1624363624.73476 0.264
21.578298568725586 1624363624.741762 0.264
21.578298568725586 1624363624.74875 0.264
21.578298568725586 1624363624.755738 0.264
20.961776733398438 1624363624.762672 0.264
21.578298568725586 1624363624.769677 0.264
21.578298568725586 1624363624.776601 0.264
21.578298568725586 1624363624.783597 0.264
21.578298568725586 1624363624.790646 0.264
20.961776733398438 1624363624.797566 0.264
21.578298568725586 1624363624.804589 0.264
21.578298568725586 1624363624.81164 0.264
20.961776733398438 1624363624.818579 0.264
21.578298568725586 1624363624.825546 0.264
21.578298568725586 1624363624.832664 0.264
21.578298568725586 1624363624.839592 0.264
21.578298568725586 1624363624.846664 0.264
21.578298568725586 1624363624.853673 0.264
21.578298568725586 1624363624.860651 0.264
21.578298568725586 1624363624.867664 0.264
21.578298568725586 1624363624.874582 0.264
21.578298568725586 1624363624.881591 0.264
21.578298568725586 1624363624.888563 0.264
21.578298568725586 1624363624.895573 0.264
21.578298568725586 1624363624.902528 0.264
20.961776733398438 1624363624.909608 0.264
21.578298568725586 1624363624.916593 0.264
20.961776733398438 1624363624.923562 0.264
20.961776733398438 1624363624.930606 0.264
21.578298568725586 1624363624.937571 0.264
20.961776733398438 1624363624.944555 0.264
21.578298568725586 1624363624.95163 0.264
21.578298568725586 1624363624.958683 0.264
21.578298568725586 1624363624.965527 0.264
21.578298568725586 1624363624.97256 0.264
20.961776733398438 1624363624.979574 0.264
21.578298568725586 1624363624.986577 0.264
21.578298568725586 1624363624.993544 0.264
20.961776733398438 1624363625.000557 0.264
21.578298568725586 1624363625.007562 0.264
21.578298568725586 1624363625.014577 0.264
21.578298568725586 1624363625.021493 0.264
21.578298568725586 1624363625.028566 0.264
20.961776733398438 1624363625.035608 0.264
21.578298568725586 1624363625.042616 0.264
21.578298568725586 1624363625.049532 0.264
21.578298568725586 1624363625.056608 0.264
21.578298568725586 1624363625.06362 0.264
20.961776733398438 1624363625.070522 0.264
21.578298568725586 1624363625.077565 0.264
21.578298568725586 1624363625.08452 0.264
21.578298568725586 1624363625.091562 0.264
21.578298568725586 1624363625.098552 0.264
20.961776733398438 1624363625.105564 0.264
20.961776733398438 1624363625.112556 0.264
21.578298568725586 1624363625.119575 0.264
20.961776733398438 1624363625.12659 0.264
21.578298568725586 1624363625.133528 0.264
21.578298568725586 1624363625.140603 0.264
20.961776733398438 1624363625.147582 0.264
21.578298568725586 1624363625.154654 0.264
20.961776733398438 1624363625.161601 0.264
21.578298568725586 1624363625.168505 0.264
21.578298568725586 1624363625.175563 0.264
21.578298568725586 1624363625.182593 0.264
21.578298568725586 1624363625.18961 0.264
20.961776733398438 1624363625.196391 0.264
21.578298568725586 1624363625.203472 0.264
21.578298568725586 1624363625.210332 0.264
20.961776733398438 1624363625.217339 0.264
21.578298568725586 1624363625.224451 0.264
21.578298568725586 1624363625.231371 0.264
20.961776733398438 1624363625.238476 0.264
21.578298568725586 1624363625.245491 0.264
20.961776733398438 1624363625.252467 0.264
21.578298568725586 1624363625.259491 0.264
21.578298568725586 1624363625.266475 0.264
20.961776733398438 1624363625.273484 0.264
21.578298568725586 1624363625.280549 0.264
20.961776733398438 1624363625.287506 0.264
21.578298568725586 1624363625.294517 0.264
21.578298568725586 1624363625.301533 0.264
20.961776733398438 1624363625.308552 0.264
21.578298568725586 1624363625.315445 0.264
21.578298568725586 1624363625.322564 0.264
21.578298568725586 1624363625.329501 0.264
21.578298568725586 1624363625.336568 0.264
20.961776733398438 1624363625.343553 0.264
21.578298568725586 1624363625.350506 0.264
20.961776733398438 1624363625.357469 0.264
20.961776733398438 1624363625.364515 0.264
21.578298568725586 1624363625.371477 0.264
20.961776733398438 1624363625.378524 0.264
21.578298568725586 1624363625.385478 0.264
21.578298568725586 1624363625.392436 0.264
20.961776733398438 1624363625.399468 0.264
21.578298568725586 1624363625.406441 0.264
21.578298568725586 1624363625.413451 0.264
21.578298568725586 1624363625.420449 0.264
21.578298568725586 1624363625.427466 0.264
20.961776733398438 1624363625.43434 0.264
21.578298568725586 1624363625.441403 0.264
21.578298568725586 1624363625.448293 0.264
20.961776733398438 1624363625.455337 0.264
21.578298568725586 1624363625.46232 0.264
20.961776733398438 1624363625.469313 0.264
21.578298568725586 1624363625.476431 0.264
21.578298568725586 1624363625.483289 0.264
20.961776733398438 1624363625.490409 0.264
21.578298568725586 1624363625.497428 0.264
20.961776733398438 1624363625.504416 0.264
20.961776733398438 1624363625.51144 0.264
21.578298568725586 1624363625.518421 0.264
20.961776733398438 1624363625.525433 0.264
21.578298568725586 1624363625.532436 0.264
21.578298568725586 1624363625.539444 0.264
20.961776733398438 1624363625.54641 0.264
