1610.68701171875 1637767809.084031
1610.68701171875 1637767809.245793
1610.68701171875 1637767809.407799
1610.68701171875 1637767809.569877
1610.68701171875 1637767809.731727
1610.68701171875 1637767809.893616
1610.68701171875 1637767810.055607
1610.68701171875 1637767810.217593
1610.68701171875 1637767810.379623
1610.68701171875 1637767810.541516
1610.68701171875 1637767810.703433
1610.68701171875 1637767810.865465
1610.68701171875 1637767811.027324
1610.68701171875 1637767811.189249
1610.68701171875 1637767811.351278
1610.68701171875 1637767811.513129
1610.68701171875 1637767811.675175
1610.68701171875 1637767811.837199
1610.68701171875 1637767811.999031
1610.68701171875 1637767812.161067
1610.68701171875 1637767812.323074
1610.68701171875 1637767812.484904
1610.68701171875 1637767812.646927
1610.68701171875 1637767812.808842
1610.68701171875 1637767812.970726
1610.68701171875 1637767813.1328
1610.68701171875 1637767813.294732
1610.68701171875 1637767813.456865
1610.68701171875 1637767813.61855
1610.68701171875 1637767813.780552
1610.68701171875 1637767813.942549
1610.68701171875 1637767814.104361
1610.68701171875 1637767814.266414
1610.68701171875 1637767814.428434
1610.68701171875 1637767814.59029
1610.68701171875 1637767814.752348
1610.68701171875 1637767814.914207
1610.68701171875 1637767815.076286
1610.68701171875 1637767815.238064
1610.68701171875 1637767815.400113
1610.68701171875 1637767815.562178
1610.68701171875 1637767815.723972
1610.68701171875 1637767815.885985
1610.68701171875 1637767816.047923
1610.68701171875 1637767816.210013
1610.68701171875 1637767816.371782
1610.68701171875 1637767816.533918
1610.68701171875 1637767816.695685
1610.68701171875 1637767816.857768
1610.68701171875 1637767817.01961
1610.68701171875 1637767817.181577
1610.68701171875 1637767817.343595
1610.68701171875 1637767817.505375
1610.68701171875 1637767817.667402
1610.68701171875 1637767817.829407
1610.68701171875 1637767817.991255
1610.68701171875 1637767818.153256
1610.68701171875 1637767818.315301
1610.68701171875 1637767818.477127
1610.68701171875 1637767818.639109
1610.68701171875 1637767818.801099
1610.68701171875 1637767818.963161
1610.68701171875 1637767819.124929
1610.68701171875 1637767819.28691
1610.68701171875 1637767819.448898
1610.68701171875 1637767819.610985
1610.68701171875 1637767819.772866
1610.68701171875 1637767819.934849
1610.68701171875 1637767820.09693
1610.68701171875 1637767820.258569
1610.68701171875 1637767820.420722
1610.68701171875 1637767820.582619
1610.68701171875 1637767820.744429
1610.68701171875 1637767820.906429
1610.68701171875 1637767821.068318
1610.68701171875 1637767821.230301
1610.68701171875 1637767821.392319
1610.68701171875 1637767821.554341
1610.68701171875 1637767821.716587
1610.68701171875 1637767821.879123
1610.68701171875 1637767822.041109
1610.68701171875 1637767822.20299
1610.68701171875 1637767822.365034
1610.68701171875 1637767822.527041
1610.68701171875 1637767822.68889
1610.68701171875 1637767822.850931
1610.68701171875 1637767823.012882
1610.68701171875 1637767823.174891
1610.68701171875 1637767823.336818
1610.68701171875 1637767823.498696
1610.68701171875 1637767823.660658
1610.68701171875 1637767823.822622
1610.68701171875 1637767823.984645
1610.68701171875 1637767824.146669
1610.68701171875 1637767824.308408
1610.68701171875 1637767824.470359
1610.68701171875 1637767824.632341
1610.68701171875 1637767824.794287
1610.68701171875 1637767824.956321
1610.68701171875 1637767825.118311
1610.68701171875 1637767825.280149
1610.68701171875 1637767825.442163
1610.68701171875 1637767825.604173
1610.68701171875 1637767825.766115
1610.68701171875 1637767825.928073
1610.68701171875 1637767826.089864
1610.68701171875 1637767826.251949
1610.68701171875 1637767826.4138
1610.68701171875 1637767826.575805
1610.68701171875 1637767826.737705
1610.68701171875 1637767826.899787
1610.68701171875 1637767827.061635
1610.68701171875 1637767827.223615
1610.68701171875 1637767827.385606
1610.68701171875 1637767827.547461
1610.68701171875 1637767827.709508
1610.68701171875 1637767827.871417
1610.68701171875 1637767828.033429
1610.68701171875 1637767828.195281
1610.68701171875 1637767828.357263
1610.68701171875 1637767828.519275
1610.68701171875 1637767828.68116
1610.68701171875 1637767828.843147
1610.68701171875 1637767829.005072
1610.68701171875 1637767829.167084
1610.68701171875 1637767829.328968
1610.68701171875 1637767829.490999
1610.68701171875 1637767829.652843
1610.68701171875 1637767829.814837
1610.68701171875 1637767829.976877
1610.68701171875 1637767830.138742
1610.68701171875 1637767830.300661
1610.68701171875 1637767830.462705
1610.68701171875 1637767830.624715
1610.68701171875 1637767830.786608
1610.68701171875 1637767830.94866
1610.68701171875 1637767831.110444
1610.68701171875 1637767831.272504
1610.68701171875 1637767831.434506
1610.68701171875 1637767831.596268
1610.68701171875 1637767831.758346
1610.68701171875 1637767831.92014
1610.68701171875 1637767832.082227
1610.68701171875 1637767832.244084
1610.68701171875 1637767832.406116
1610.68701171875 1637767832.568008
1610.68701171875 1637767832.72999
1610.68701171875 1637767832.892029
1610.68701171875 1637767833.054035
1610.68701171875 1637767833.215829
1610.68701171875 1637767833.377815
1610.68701171875 1637767833.53982
1610.68701171875 1637767833.701817
1610.68701171875 1637767833.86369
1610.68701171875 1637767834.025666
1610.68701171875 1637767834.187674
1610.68701171875 1637767834.349454
1610.68701171875 1637767834.511482
1610.68701171875 1637767834.673462
1610.68701171875 1637767834.835458
1610.68701171875 1637767834.99736
1610.68701171875 1637767835.15931
1610.68701171875 1637767835.321339
1610.68701171875 1637767835.483177
1610.68701171875 1637767835.64518
1610.68701171875 1637767835.807017
1610.68701171875 1637767835.969081
1610.68701171875 1637767836.131126
1610.68701171875 1637767836.292941
1610.68701171875 1637767836.454969
1610.68701171875 1637767836.616812
1610.68701171875 1637767836.778901
1610.68701171875 1637767836.940853
1610.68701171875 1637767837.102721
1610.68701171875 1637767837.264722
1610.68701171875 1637767837.426701
1610.68701171875 1637767837.588695
1610.68701171875 1637767837.750681
1610.68701171875 1637767837.912471
1610.68701171875 1637767838.074469
1610.68701171875 1637767838.236434
1610.68701171875 1637767838.398316
1610.68701171875 1637767838.560406
1610.68701171875 1637767838.722275
1610.68701171875 1637767838.884284
1610.68701171875 1637767839.046245
1610.68701171875 1637767839.208077
1610.68701171875 1637767839.370095
1610.68701171875 1637767839.532097
1610.68701171875 1637767839.693907
1610.68701171875 1637767839.855992
1610.68701171875 1637767840.017949
1610.68701171875 1637767840.179805
1610.68701171875 1637767840.341879
1610.68701171875 1637767840.503776
1610.68701171875 1637767840.665702
1610.68701171875 1637767840.827709
1610.68701171875 1637767840.989742
1610.68701171875 1637767841.151547
1610.68701171875 1637767841.313582
1610.68701171875 1637767841.475439
1610.68701171875 1637767841.637432
1610.68701171875 1637767841.799446
1610.68701171875 1637767841.962288
1610.68701171875 1637767842.12433
1610.68701171875 1637767842.286289
1610.68701171875 1637767842.448246
1610.68701171875 1637767842.610134
1610.68701171875 1637767842.772169
1610.68701171875 1637767842.934036
1610.68701171875 1637767843.096001
1610.68701171875 1637767843.257979
1610.68701171875 1637767843.419899
1610.68701171875 1637767843.581881
1610.68701171875 1637767843.743793
1610.68701171875 1637767843.905701
1610.68701171875 1637767844.067765
1610.68701171875 1637767844.22973
1610.68701171875 1637767844.391583
1610.68701171875 1637767844.553497
1610.68701171875 1637767844.715621
1610.68701171875 1637767844.877528
1610.68701171875 1637767845.039409
1610.68701171875 1637767845.201459
1610.68701171875 1637767845.363331
1610.68701171875 1637767845.525235
1610.68701171875 1637767845.687289
1610.68701171875 1637767845.849197
1610.68701171875 1637767846.011206
1610.68701171875 1637767846.173054
1610.68701171875 1637767846.33504
1610.68701171875 1637767846.496896
1610.68701171875 1637767846.658957
1610.68701171875 1637767846.820795
