1610.68701171875 1637767519.95127
1610.68701171875 1637767520.113103
1610.68701171875 1637767520.275137
1610.68701171875 1637767520.436922
1610.68701171875 1637767520.599068
1610.68701171875 1637767520.760959
1610.68701171875 1637767520.922847
1610.68701171875 1637767521.084829
1610.68701171875 1637767521.246764
1610.68701171875 1637767521.408691
1610.68701171875 1637767521.570669
1610.68701171875 1637767521.732721
1610.68701171875 1637767521.894593
1610.68701171875 1637767522.056521
1610.68701171875 1637767522.218594
1610.68701171875 1637767522.380486
1610.68701171875 1637767522.542334
1610.68701171875 1637767522.704404
1610.68701171875 1637767522.866388
1610.68701171875 1637767523.028317
1610.68701171875 1637767523.190195
1610.68701171875 1637767523.352218
1610.68701171875 1637767523.514259
1610.68701171875 1637767523.676166
1610.68701171875 1637767523.837916
1610.68701171875 1637767524.000049
1610.68701171875 1637767524.161917
1610.68701171875 1637767524.323941
1610.68701171875 1637767524.485954
1610.68701171875 1637767524.647857
1610.68701171875 1637767524.809658
1610.68701171875 1637767524.971851
1610.68701171875 1637767525.133779
1610.68701171875 1637767525.295654
1610.68701171875 1637767525.457553
1610.68701171875 1637767525.619449
1610.68701171875 1637767525.781563
1610.68701171875 1637767525.94346
1610.68701171875 1637767526.105315
1610.68701171875 1637767526.267365
1610.68701171875 1637767526.429244
1610.68701171875 1637767526.5913
1610.68701171875 1637767526.753192
1610.68701171875 1637767526.915081
1610.68701171875 1637767527.07722
1610.68701171875 1637767527.239012
1610.68701171875 1637767527.400991
1610.68701171875 1637767527.562948
1610.68701171875 1637767527.724935
1610.68701171875 1637767527.886901
1610.68701171875 1637767528.048889
1610.68701171875 1637767528.21076
1610.68701171875 1637767528.372823
1610.68701171875 1637767528.534659
1610.68701171875 1637767528.696628
1610.68701171875 1637767528.858642
1610.68701171875 1637767529.020501
1610.68701171875 1637767529.182418
1610.68701171875 1637767529.344504
1610.68701171875 1637767529.506363
1610.68701171875 1637767529.668387
1610.68701171875 1637767529.8303
1610.68701171875 1637767529.992223
1610.68701171875 1637767530.15429
1610.68701171875 1637767530.316249
1610.68701171875 1637767530.478016
1610.68701171875 1637767530.640179
1610.68701171875 1637767530.802027
1610.68701171875 1637767530.963947
1610.68701171875 1637767531.126021
1610.68701171875 1637767531.287791
1610.68701171875 1637767531.449813
1610.68701171875 1637767531.611741
1610.68701171875 1637767531.773808
1610.68701171875 1637767531.935754
1610.68701171875 1637767532.097613
1610.68701171875 1637767532.259657
1610.68701171875 1637767532.421549
1610.68701171875 1637767532.583413
1610.68701171875 1637767532.745464
1610.68701171875 1637767532.907353
1610.68701171875 1637767533.069383
1610.68701171875 1637767533.231261
1610.68701171875 1637767533.393195
1610.68701171875 1637767533.555248
1610.68701171875 1637767533.717222
1610.68701171875 1637767533.879104
1610.68701171875 1637767534.041094
1610.68701171875 1637767534.203044
1610.68701171875 1637767534.365019
1610.68701171875 1637767534.527155
1610.68701171875 1637767534.68885
1610.68701171875 1637767534.850837
1610.68701171875 1637767535.012826
1610.68701171875 1637767535.174722
1610.68701171875 1637767535.336645
1610.68701171875 1637767535.498542
1610.68701171875 1637767535.660628
1610.68701171875 1637767535.822477
1610.68701171875 1637767535.984591
1610.68701171875 1637767536.14645
1610.68701171875 1637767536.308728
1610.68701171875 1637767536.47139
1610.68701171875 1637767536.633262
1610.68701171875 1637767536.795323
1610.68701171875 1637767536.957246
1610.68701171875 1637767537.119286
1610.68701171875 1637767537.281155
1610.68701171875 1637767537.443257
1610.68701171875 1637767537.60503
1610.68701171875 1637767537.766969
1610.68701171875 1637767537.928994
1610.68701171875 1637767538.090878
1610.68701171875 1637767538.252895
1610.68701171875 1637767538.414804
1610.68701171875 1637767538.576799
1610.68701171875 1637767538.738711
1610.68701171875 1637767538.900754
1610.68701171875 1637767539.062635
1610.68701171875 1637767539.224553
1610.68701171875 1637767539.386552
1610.68701171875 1637767539.548441
1610.68701171875 1637767539.710507
1610.68701171875 1637767539.872356
1610.68701171875 1637767540.034272
1610.68701171875 1637767540.196308
1610.68701171875 1637767540.358251
1610.68701171875 1637767540.520224
1610.68701171875 1637767540.682124
1610.68701171875 1637767540.844003
1610.68701171875 1637767541.006014
1610.68701171875 1637767541.168019
1610.68701171875 1637767541.32983
1610.68701171875 1637767541.491926
1610.68701171875 1637767541.653955
1610.68701171875 1637767541.815896
1610.68701171875 1637767541.977839
1610.68701171875 1637767542.139828
1610.68701171875 1637767542.301625
1610.68701171875 1637767542.463546
1610.68701171875 1637767542.625565
1610.68701171875 1637767542.787471
1610.68701171875 1637767542.94951
1610.68701171875 1637767543.111438
1610.68701171875 1637767543.273355
1610.68701171875 1637767543.435293
1610.68701171875 1637767543.597395
1610.68701171875 1637767543.75929
1610.68701171875 1637767543.921151
1610.68701171875 1637767544.083245
1610.68701171875 1637767544.245106
1610.68701171875 1637767544.407055
1610.68701171875 1637767544.569096
1610.68701171875 1637767544.730972
1610.68701171875 1637767544.892994
1610.68701171875 1637767545.054911
1610.68701171875 1637767545.216821
1610.68701171875 1637767545.378707
1610.68701171875 1637767545.540637
1610.68701171875 1637767545.70273
1610.68701171875 1637767545.864661
1610.68701171875 1637767546.026662
1610.68701171875 1637767546.188682
1610.68701171875 1637767546.350572
1610.68701171875 1637767546.51242
1610.68701171875 1637767546.674306
1610.68701171875 1637767546.836347
1610.68701171875 1637767546.998252
1610.68701171875 1637767547.160333
1610.68701171875 1637767547.32213
1610.68701171875 1637767547.484195
1610.68701171875 1637767547.646083
1610.68701171875 1637767547.80808
1610.68701171875 1637767547.969946
1610.68701171875 1637767548.131951
1610.68701171875 1637767548.294
1610.68701171875 1637767548.455823
1610.68701171875 1637767548.617799
1610.68701171875 1637767548.77988
1610.68701171875 1637767548.94171
1610.68701171875 1637767549.10367
1610.68701171875 1637767549.265704
1610.68701171875 1637767549.427533
1610.68701171875 1637767549.589574
1610.68701171875 1637767549.751558
1610.68701171875 1637767549.913477
1610.68701171875 1637767550.075435
1610.68701171875 1637767550.237345
1610.68701171875 1637767550.399309
1610.68701171875 1637767550.561225
1610.68701171875 1637767550.723169
1610.68701171875 1637767550.885215
1610.68701171875 1637767551.047073
1610.68701171875 1637767551.209033
1610.68701171875 1637767551.371095
1610.68701171875 1637767551.532937
1610.68701171875 1637767551.695009
1610.68701171875 1637767551.856876
1610.68701171875 1637767552.018956
1610.68701171875 1637767552.180784
1610.68701171875 1637767552.342646
1610.68701171875 1637767552.504704
1610.68701171875 1637767552.666752
1610.68701171875 1637767552.828681
1610.68701171875 1637767552.990601
1610.68701171875 1637767553.152523
1610.68701171875 1637767553.314429
1610.68701171875 1637767553.476544
1610.68701171875 1637767553.638355
1610.68701171875 1637767553.800482
1610.68701171875 1637767553.962285
1610.68701171875 1637767554.124425
1610.68701171875 1637767554.28616
1610.68701171875 1637767554.448186
1610.68701171875 1637767554.610052
1610.68701171875 1637767554.772122
1610.68701171875 1637767554.934003
1610.68701171875 1637767555.096018
1610.68701171875 1637767555.257865
1610.68701171875 1637767555.419848
1610.68701171875 1637767555.58175
1610.68701171875 1637767555.743778
1610.68701171875 1637767555.905577
1610.68701171875 1637767556.067722
1610.68701171875 1637767556.229496
1610.68701171875 1637767556.391538
1610.68701171875 1637767556.553557
1610.68701171875 1637767556.715383
1610.68701171875 1637767556.87745
1610.68701171875 1637767557.039432
1610.68701171875 1637767557.201236
1610.68701171875 1637767557.363338
1610.68701171875 1637767557.525359
1610.68701171875 1637767557.687219
