1610.68701171875 1637768037.212299
1610.68701171875 1637768037.374265
1610.68701171875 1637768037.536095
1610.68701171875 1637768037.698049
1610.68701171875 1637768037.860211
1610.68701171875 1637768038.021986
1610.68701171875 1637768038.184029
1610.68701171875 1637768038.345843
1610.68701171875 1637768038.507778
1610.68701171875 1637768038.6698
1610.68701171875 1637768038.83172
1610.68701171875 1637768038.993702
1610.68701171875 1637768039.155623
1610.68701171875 1637768039.317658
1610.68701171875 1637768039.479499
1610.68701171875 1637768039.641568
1610.68701171875 1637768039.803475
1610.68701171875 1637768039.965402
1610.68701171875 1637768040.127474
1610.68701171875 1637768040.289346
1610.68701171875 1637768040.451266
1610.68701171875 1637768040.613357
1610.68701171875 1637768040.775185
1610.68701171875 1637768040.93721
1610.68701171875 1637768041.099186
1610.68701171875 1637768041.261032
1610.68701171875 1637768041.422887
1610.68701171875 1637768041.585034
1610.68701171875 1637768041.746912
1610.68701171875 1637768041.908883
1610.68701171875 1637768042.070801
1610.68701171875 1637768042.232772
1610.68701171875 1637768042.394753
1610.68701171875 1637768042.556666
1610.68701171875 1637768042.718587
1610.68701171875 1637768042.88066
1610.68701171875 1637768043.042504
1610.68701171875 1637768043.204548
1610.68701171875 1637768043.366505
1610.68701171875 1637768043.528494
1610.68701171875 1637768043.690337
1610.68701171875 1637768043.852281
1610.68701171875 1637768044.01429
1610.68701171875 1637768044.176161
1610.68701171875 1637768044.338265
1610.68701171875 1637768044.500167
1610.68701171875 1637768044.662179
1610.68701171875 1637768044.824129
1610.68701171875 1637768044.985954
1610.68701171875 1637768045.147934
1610.68701171875 1637768045.309909
1610.68701171875 1637768045.471793
1610.68701171875 1637768045.633801
1610.68701171875 1637768045.795799
1610.68701171875 1637768045.957703
1610.68701171875 1637768046.119586
1610.68701171875 1637768046.281642
1610.68701171875 1637768046.44349
1610.68701171875 1637768046.605532
1610.68701171875 1637768046.767391
1610.68701171875 1637768046.929496
1610.68701171875 1637768047.091323
1610.68701171875 1637768047.253356
1610.68701171875 1637768047.415276
1610.68701171875 1637768047.577312
1610.68701171875 1637768047.739166
1610.68701171875 1637768047.90103
1610.68701171875 1637768048.063051
1610.68701171875 1637768048.225074
1610.68701171875 1637768048.386902
1610.68701171875 1637768048.548851
1610.68701171875 1637768048.710973
1610.68701171875 1637768048.87283
1610.68701171875 1637768049.034903
1610.68701171875 1637768049.196833
1610.68701171875 1637768049.358801
1610.68701171875 1637768049.520801
1610.68701171875 1637768049.682602
1610.68701171875 1637768049.844548
1610.68701171875 1637768050.006608
1610.68701171875 1637768050.168388
1610.68701171875 1637768050.330511
1610.68701171875 1637768050.492286
1610.68701171875 1637768050.654333
1610.68701171875 1637768050.816206
1610.68701171875 1637768050.978267
1610.68701171875 1637768051.140133
1610.68701171875 1637768051.302155
1610.68701171875 1637768051.464068
1610.68701171875 1637768051.626077
1610.68701171875 1637768051.787995
1610.68701171875 1637768051.949902
1610.68701171875 1637768052.111947
1610.68701171875 1637768052.273808
1610.68701171875 1637768052.435767
1610.68701171875 1637768052.597737
1610.68701171875 1637768052.759613
1610.68701171875 1637768052.921706
1610.68701171875 1637768053.083648
1610.68701171875 1637768053.245513
1610.68701171875 1637768053.40754
1610.68701171875 1637768053.569511
1610.68701171875 1637768053.731403
1610.68701171875 1637768053.893405
1610.68701171875 1637768054.055281
1610.68701171875 1637768054.217316
1610.68701171875 1637768054.379169
1610.68701171875 1637768054.541237
1610.68701171875 1637768054.703148
1610.68701171875 1637768054.865167
1610.68701171875 1637768055.027016
1610.68701171875 1637768055.189016
1610.68701171875 1637768055.350903
1610.68701171875 1637768055.512942
1610.68701171875 1637768055.674833
1610.68701171875 1637768055.836865
1610.68701171875 1637768055.998722
1610.68701171875 1637768056.160703
1610.68701171875 1637768056.322641
1610.68701171875 1637768056.484705
1610.68701171875 1637768056.646618
1610.68701171875 1637768056.808518
1610.68701171875 1637768056.970497
1610.68701171875 1637768057.132426
1610.68701171875 1637768057.294296
1610.68701171875 1637768057.45639
1610.68701171875 1637768057.618325
1610.68701171875 1637768057.780225
1610.68701171875 1637768057.942147
1610.68701171875 1637768058.104095
1610.68701171875 1637768058.266178
1610.68701171875 1637768058.428072
1610.68701171875 1637768058.589983
1610.68701171875 1637768058.751899
1610.68701171875 1637768058.9139
1610.68701171875 1637768059.075824
1610.68701171875 1637768059.237863
1610.68701171875 1637768059.399684
1610.68701171875 1637768059.561771
1610.68701171875 1637768059.723688
1610.68701171875 1637768059.885576
1610.68701171875 1637768060.047597
1610.68701171875 1637768060.209648
1610.68701171875 1637768060.371557
1610.68701171875 1637768060.533387
1610.68701171875 1637768060.695406
1610.68701171875 1637768060.857376
1610.68701171875 1637768061.019275
1610.68701171875 1637768061.181189
1610.68701171875 1637768061.343089
1610.68701171875 1637768061.505154
1610.68701171875 1637768061.667059
1610.68701171875 1637768061.829134
1610.68701171875 1637768061.991026
1610.68701171875 1637768062.152982
1610.68701171875 1637768062.314842
1610.68701171875 1637768062.476891
1610.68701171875 1637768062.638742
1610.68701171875 1637768062.800858
1610.68701171875 1637768062.962687
1610.68701171875 1637768063.124754
1610.68701171875 1637768063.286588
1610.68701171875 1637768063.448705
1610.68701171875 1637768063.610597
1610.68701171875 1637768063.772618
1610.68701171875 1637768063.934446
1610.68701171875 1637768064.096447
1610.68701171875 1637768064.258427
1610.68701171875 1637768064.420184
1610.68701171875 1637768064.582234
1610.68701171875 1637768064.744162
1610.68701171875 1637768064.906207
1610.68701171875 1637768065.068048
1610.68701171875 1637768065.230243
1610.68701171875 1637768065.392032
1610.68701171875 1637768065.553924
1610.68701171875 1637768065.715925
1610.68701171875 1637768065.877835
1610.68701171875 1637768066.03976
1610.68701171875 1637768066.201837
1610.68701171875 1637768066.363745
1610.68701171875 1637768066.525618
1610.68701171875 1637768066.687607
1610.68701171875 1637768066.849628
1610.68701171875 1637768067.011684
1610.68701171875 1637768067.173582
1610.68701171875 1637768067.335437
1610.68701171875 1637768067.497337
1610.68701171875 1637768067.659348
1610.68701171875 1637768067.821221
1610.68701171875 1637768067.983275
1610.68701171875 1637768068.145205
1610.68701171875 1637768068.307195
1610.68701171875 1637768068.469044
1610.68701171875 1637768068.631068
1610.68701171875 1637768068.793022
1610.68701171875 1637768068.954833
1610.68701171875 1637768069.116798
1610.68701171875 1637768069.278932
1610.68701171875 1637768069.440825
1610.68701171875 1637768069.602776
1610.68701171875 1637768069.764722
1610.68701171875 1637768069.926633
1610.68701171875 1637768070.088585
1610.68701171875 1637768070.251127
1610.68701171875 1637768070.413588
1610.68701171875 1637768070.575475
1610.68701171875 1637768070.737343
1610.68701171875 1637768070.899385
1610.68701171875 1637768071.061296
1610.68701171875 1637768071.2233
1610.68701171875 1637768071.385224
1610.68701171875 1637768071.54723
1610.68701171875 1637768071.7091
1610.68701171875 1637768071.871105
1610.68701171875 1637768072.033035
1610.68701171875 1637768072.195109
1610.68701171875 1637768072.356912
1610.68701171875 1637768072.518975
1610.68701171875 1637768072.680841
1610.68701171875 1637768072.842693
1610.68701171875 1637768073.004852
1610.68701171875 1637768073.166667
1610.68701171875 1637768073.328746
1610.68701171875 1637768073.490609
1610.68701171875 1637768073.652636
1610.68701171875 1637768073.814492
1610.68701171875 1637768073.976497
1610.68701171875 1637768074.138512
1610.68701171875 1637768074.300417
1610.68701171875 1637768074.462371
1610.68701171875 1637768074.62436
1610.68701171875 1637768074.786233
1610.68701171875 1637768074.94825
