29.192546844482422 1624361580.322015 0.264
29.192546844482422 1624361580.32903 0.264
29.192546844482422 1624361580.336081 0.264
29.192546844482422 1624361580.343033 0.264
29.192546844482422 1624361580.349996 0.264
29.192546844482422 1624361580.357065 0.264
29.192546844482422 1624361580.364091 0.264
29.192546844482422 1624361580.371073 0.264
29.192546844482422 1624361580.377884 0.264
29.192546844482422 1624361580.38492 0.264
29.192546844482422 1624361580.391868 0.264
29.192546844482422 1624361580.398848 0.264
29.192546844482422 1624361580.40585 0.264
29.192546844482422 1624361580.412947 0.264
29.192546844482422 1624361580.419874 0.264
29.192546844482422 1624361580.426846 0.264
29.192546844482422 1624361580.433825 0.264
29.192546844482422 1624361580.440913 0.264
29.192546844482422 1624361580.447864 0.264
29.192546844482422 1624361580.454932 0.264
29.192546844482422 1624361580.461928 0.264
29.192546844482422 1624361580.468948 0.264
29.192546844482422 1624361580.475882 0.264
29.192546844482422 1624361580.482961 0.264
29.192546844482422 1624361580.4899 0.264
29.192546844482422 1624361580.49694 0.264
29.192546844482422 1624361580.503919 0.264
29.192546844482422 1624361580.510902 0.264
29.192546844482422 1624361580.517966 0.264
29.192546844482422 1624361580.524932 0.264
29.192546844482422 1624361580.531966 0.264
29.192546844482422 1624361580.538916 0.264
29.192546844482422 1624361580.545926 0.264
29.192546844482422 1624361580.552905 0.264
29.192546844482422 1624361580.559735 0.264
29.192546844482422 1624361580.566767 0.264
29.192546844482422 1624361580.573851 0.264
29.192546844482422 1624361580.580779 0.264
29.192546844482422 1624361580.58782 0.264
29.192546844482422 1624361580.594799 0.264
29.192546844482422 1624361580.601771 0.264
29.192546844482422 1624361580.608831 0.264
29.192546844482422 1624361580.615764 0.264
29.192546844482422 1624361580.62284 0.264
29.192546844482422 1624361580.629835 0.264
29.192546844482422 1624361580.636902 0.264
29.192546844482422 1624361580.643884 0.264
29.192546844482422 1624361580.650952 0.264
29.192546844482422 1624361580.657956 0.264
29.192546844482422 1624361580.664932 0.264
29.192546844482422 1624361580.671841 0.264
29.192546844482422 1624361580.678904 0.264
29.192546844482422 1624361580.685927 0.264
29.192546844482422 1624361580.692945 0.264
29.192546844482422 1624361580.69994 0.264
29.192546844482422 1624361580.706944 0.264
29.192546844482422 1624361580.71399 0.264
29.192546844482422 1624361580.720931 0.264
29.192546844482422 1624361580.727815 0.264
29.192546844482422 1624361580.734826 0.264
29.192546844482422 1624361580.741712 0.264
29.192546844482422 1624361580.748765 0.264
29.192546844482422 1624361580.755787 0.264
29.192546844482422 1624361580.762739 0.264
29.192546844482422 1624361580.769741 0.264
29.192546844482422 1624361580.776733 0.264
29.192546844482422 1624361580.783763 0.264
28.571428298950195 1624361580.790755 0.264
29.192546844482422 1624361580.797803 0.264
29.192546844482422 1624361580.804798 0.264
29.192546844482422 1624361580.811838 0.264
29.192546844482422 1624361580.818897 0.264
29.192546844482422 1624361580.825901 0.264
29.192546844482422 1624361580.832844 0.264
29.192546844482422 1624361580.839832 0.264
29.192546844482422 1624361580.846889 0.264
29.192546844482422 1624361580.853926 0.264
29.192546844482422 1624361580.860747 0.264
29.192546844482422 1624361580.867749 0.264
29.192546844482422 1624361580.874746 0.264
29.192546844482422 1624361580.881752 0.264
29.192546844482422 1624361580.888759 0.264
29.192546844482422 1624361580.895736 0.264
29.192546844482422 1624361580.902761 0.264
29.192546844482422 1624361580.909751 0.264
29.192546844482422 1624361580.91676 0.264
29.192546844482422 1624361580.923797 0.264
29.192546844482422 1624361580.930755 0.264
29.192546844482422 1624361580.937702 0.264
29.192546844482422 1624361580.944722 0.264
29.192546844482422 1624361580.951703 0.264
29.192546844482422 1624361580.9587 0.264
29.192546844482422 1624361580.9657 0.264
29.192546844482422 1624361580.972667 0.264
29.192546844482422 1624361580.979709 0.264
29.192546844482422 1624361580.986695 0.264
29.192546844482422 1624361580.993717 0.264
29.192546844482422 1624361581.000759 0.264
29.192546844482422 1624361581.007827 0.264
29.192546844482422 1624361581.0148 0.264
29.192546844482422 1624361581.021886 0.264
29.192546844482422 1624361581.028862 0.264
29.192546844482422 1624361581.035858 0.264
29.192546844482422 1624361581.042611 0.264
29.192546844482422 1624361581.04968 0.264
28.571428298950195 1624361581.056736 0.264
29.192546844482422 1624361581.063704 0.264
29.192546844482422 1624361581.070689 0.264
29.192546844482422 1624361581.077632 0.264
29.192546844482422 1624361581.084621 0.264
29.192546844482422 1624361581.091696 0.264
29.192546844482422 1624361581.098684 0.264
29.192546844482422 1624361581.105701 0.264
29.192546844482422 1624361581.1127 0.264
29.192546844482422 1624361581.119809 0.264
29.192546844482422 1624361581.126756 0.264
29.192546844482422 1624361581.133724 0.264
29.192546844482422 1624361581.140769 0.264
29.192546844482422 1624361581.147715 0.264
29.192546844482422 1624361581.154746 0.264
29.192546844482422 1624361581.161703 0.264
29.192546844482422 1624361581.168707 0.264
29.192546844482422 1624361581.175758 0.264
29.192546844482422 1624361581.18277 0.264
28.571428298950195 1624361581.189697 0.264
29.192546844482422 1624361581.196753 0.264
29.192546844482422 1624361581.20373 0.264
28.571428298950195 1624361581.210698 0.264
29.192546844482422 1624361581.217519 0.264
29.192546844482422 1624361581.224615 0.264
29.192546844482422 1624361581.231562 0.264
29.192546844482422 1624361581.238623 0.264
29.192546844482422 1624361581.245663 0.264
29.192546844482422 1624361581.252681 0.264
29.192546844482422 1624361581.259611 0.264
29.192546844482422 1624361581.266602 0.264
29.192546844482422 1624361581.273682 0.264
29.192546844482422 1624361581.280691 0.264
29.192546844482422 1624361581.287617 0.264
29.192546844482422 1624361581.294613 0.264
29.192546844482422 1624361581.301641 0.264
29.192546844482422 1624361581.308679 0.264
29.192546844482422 1624361581.315664 0.264
28.571428298950195 1624361581.322706 0.264
29.192546844482422 1624361581.329678 0.264
29.192546844482422 1624361581.336662 0.264
29.192546844482422 1624361581.343637 0.264
29.192546844482422 1624361581.350622 0.264
29.192546844482422 1624361581.35773 0.264
28.571428298950195 1624361581.364671 0.264
29.192546844482422 1624361581.371635 0.264
29.192546844482422 1624361581.378688 0.264
29.192546844482422 1624361581.385711 0.264
29.192546844482422 1624361581.392646 0.264
28.571428298950195 1624361581.399637 0.264
29.192546844482422 1624361581.406677 0.264
29.192546844482422 1624361581.413693 0.264
29.192546844482422 1624361581.420712 0.264
29.192546844482422 1624361581.42747 0.264
29.192546844482422 1624361581.434558 0.264
29.192546844482422 1624361581.441524 0.264
29.192546844482422 1624361581.448495 0.264
29.192546844482422 1624361581.455552 0.264
29.192546844482422 1624361581.462508 0.264
29.192546844482422 1624361581.469477 0.264
29.192546844482422 1624361581.47654 0.264
29.192546844482422 1624361581.483498 0.264
29.192546844482422 1624361581.490523 0.264
29.192546844482422 1624361581.497538 0.264
29.192546844482422 1624361581.504517 0.264
29.192546844482422 1624361581.511497 0.264
29.192546844482422 1624361581.518506 0.264
29.192546844482422 1624361581.525532 0.264
29.192546844482422 1624361581.532565 0.264
29.192546844482422 1624361581.53957 0.264
29.192546844482422 1624361581.546537 0.264
29.192546844482422 1624361581.553558 0.264
29.192546844482422 1624361581.560556 0.264
29.192546844482422 1624361581.567554 0.264
29.192546844482422 1624361581.574561 0.264
29.192546844482422 1624361581.58155 0.264
29.192546844482422 1624361581.588545 0.264
29.192546844482422 1624361581.595536 0.264
29.192546844482422 1624361581.60253 0.264
29.192546844482422 1624361581.609544 0.264
29.192546844482422 1624361581.616522 0.264
29.192546844482422 1624361581.623352 0.264
29.192546844482422 1624361581.630416 0.264
29.192546844482422 1624361581.637449 0.264
29.192546844482422 1624361581.644425 0.264
29.192546844482422 1624361581.651419 0.264
29.192546844482422 1624361581.658415 0.264
29.192546844482422 1624361581.665406 0.264
29.192546844482422 1624361581.672401 0.264
29.192546844482422 1624361581.679418 0.264
28.571428298950195 1624361581.686458 0.264
29.192546844482422 1624361581.693446 0.264
29.192546844482422 1624361581.700462 0.264
28.571428298950195 1624361581.707487 0.264
29.192546844482422 1624361581.714456 0.264
29.192546844482422 1624361581.721465 0.264
28.571428298950195 1624361581.728455 0.264
29.192546844482422 1624361581.735578 0.264
28.571428298950195 1624361581.742546 0.264
29.192546844482422 1624361581.749543 0.264
29.192546844482422 1624361581.756575 0.264
28.571428298950195 1624361581.763615 0.264
29.192546844482422 1624361581.770526 0.264
29.192546844482422 1624361581.777626 0.264
28.571428298950195 1624361581.784537 0.264
29.192546844482422 1624361581.791589 0.264
29.192546844482422 1624361581.798575 0.264
29.192546844482422 1624361581.805598 0.264
29.192546844482422 1624361581.812611 0.264
28.571428298950195 1624361581.819376 0.264
29.192546844482422 1624361581.826421 0.264
29.192546844482422 1624361581.833433 0.264
28.571428298950195 1624361581.840444 0.264
29.192546844482422 1624361581.847429 0.264
29.192546844482422 1624361581.854463 0.264
29.192546844482422 1624361581.861443 0.264
29.192546844482422 1624361581.868476 0.264
28.571428298950195 1624361581.875409 0.264
29.192546844482422 1624361581.882454 0.264
29.192546844482422 1624361581.889469 0.264
28.571428298950195 1624361581.896525 0.264
29.192546844482422 1624361581.903458 0.264
29.192546844482422 1624361581.910421 0.264
29.192546844482422 1624361581.917471 0.264
29.192546844482422 1624361581.924471 0.264
29.192546844482422 1624361581.931468 0.264
29.192546844482422 1624361581.938441 0.264
29.192546844482422 1624361581.945416 0.264
28.571428298950195 1624361581.952461 0.264
29.192546844482422 1624361581.959444 0.264
29.192546844482422 1624361581.966381 0.264
29.192546844482422 1624361581.973389 0.264
29.192546844482422 1624361581.980427 0.264
29.192546844482422 1624361581.987475 0.264
28.571428298950195 1624361581.994525 0.264
29.192546844482422 1624361582.001555 0.264
29.192546844482422 1624361582.008541 0.264
29.192546844482422 1624361582.015559 0.264
29.192546844482422 1624361582.022543 0.264
28.571428298950195 1624361582.029377 0.264
29.192546844482422 1624361582.036402 0.264
29.192546844482422 1624361582.043406 0.264
28.571428298950195 1624361582.050405 0.264
29.192546844482422 1624361582.057434 0.264
29.192546844482422 1624361582.064411 0.264
29.192546844482422 1624361582.071366 0.264
29.192546844482422 1624361582.078413 0.264
28.571428298950195 1624361582.085348 0.264
29.192546844482422 1624361582.09238 0.264
29.192546844482422 1624361582.099404 0.264
28.571428298950195 1624361582.106365 0.264
29.192546844482422 1624361582.113419 0.264
29.192546844482422 1624361582.120407 0.264
28.571428298950195 1624361582.127428 0.264
29.192546844482422 1624361582.134392 0.264
28.571428298950195 1624361582.141349 0.264
29.192546844482422 1624361582.148375 0.264
29.192546844482422 1624361582.155321 0.264
28.571428298950195 1624361582.162355 0.264
29.192546844482422 1624361582.169342 0.264
29.192546844482422 1624361582.17645 0.264
28.571428298950195 1624361582.183462 0.264
29.174427032470703 1624361582.190486 0.264
28.571428298950195 1624361582.197363 0.264
28.571428298950195 1624361582.204432 0.264
29.192546844482422 1624361582.211381 0.264
28.571428298950195 1624361582.218485 0.264
29.192546844482422 1624361582.225426 0.264
29.192546844482422 1624361582.232421 0.264
28.571428298950195 1624361582.239329 0.264
29.192546844482422 1624361582.2463 0.264
29.174427032470703 1624361582.253324 0.264
28.571428298950195 1624361582.260347 0.264
29.174427032470703 1624361582.267309 0.264
28.571428298950195 1624361582.274325 0.264
29.174427032470703 1624361582.281284 0.264
29.192546844482422 1624361582.288336 0.264
28.571428298950195 1624361582.295332 0.264
29.192546844482422 1624361582.302299 0.264
28.571428298950195 1624361582.309342 0.264
28.571428298950195 1624361582.316353 0.264
29.174427032470703 1624361582.323353 0.264
29.174427032470703 1624361582.330358 0.264
28.553691864013672 1624361582.33737 0.264
29.192546844482422 1624361582.344365 0.264
28.571428298950195 1624361582.351334 0.264
29.192546844482422 1624361582.358369 0.264
29.192546844482422 1624361582.365344 0.264
28.553691864013672 1624361582.37233 0.264
29.174427032470703 1624361582.379344 0.264
28.571428298950195 1624361582.386388 0.264
28.553691864013672 1624361582.39339 0.264
28.571428298950195 1624361582.400302 0.264
29.174427032470703 1624361582.407288 0.264
29.174427032470703 1624361582.41429 0.264
29.174427032470703 1624361582.4213 0.264
28.571428298950195 1624361582.428344 0.264
29.174427032470703 1624361582.435311 0.264
29.174427032470703 1624361582.442366 0.264
29.192546844482422 1624361582.449176 0.264
29.192546844482422 1624361582.456136 0.264
28.571428298950195 1624361582.463152 0.264
29.174427032470703 1624361582.470165 0.264
29.174427032470703 1624361582.477147 0.264
28.571428298950195 1624361582.484175 0.264
29.192546844482422 1624361582.491187 0.264
29.192546844482422 1624361582.498277 0.264
28.571428298950195 1624361582.505305 0.264
29.192546844482422 1624361582.51229 0.264
29.192546844482422 1624361582.519304 0.264
28.553691864013672 1624361582.526308 0.264
29.174427032470703 1624361582.533325 0.264
28.571428298950195 1624361582.54034 0.264
28.553691864013672 1624361582.547331 0.264
29.174427032470703 1624361582.554337 0.264
28.553691864013672 1624361582.561307 0.264
29.174427032470703 1624361582.568248 0.264
29.174427032470703 1624361582.575255 0.264
28.553691864013672 1624361582.582277 0.264
29.174427032470703 1624361582.589246 0.264
28.553691864013672 1624361582.596275 0.264
28.553691864013672 1624361582.603304 0.264
28.553691864013672 1624361582.610285 0.264
28.553691864013672 1624361582.617315 0.264
29.174427032470703 1624361582.624335 0.264
29.174427032470703 1624361582.631348 0.264
28.553691864013672 1624361582.638355 0.264
28.553691864013672 1624361582.645338 0.264
29.174427032470703 1624361582.652316 0.264
28.553691864013672 1624361582.65933 0.264
29.174427032470703 1624361582.666309 0.264
28.553691864013672 1624361582.673089 0.264
29.174427032470703 1624361582.680187 0.264
29.174427032470703 1624361582.687167 0.264
28.553691864013672 1624361582.694147 0.264
29.174427032470703 1624361582.701174 0.264
28.553691864013672 1624361582.708182 0.264
28.553691864013672 1624361582.715234 0.264
29.174427032470703 1624361582.722248 0.264
29.174427032470703 1624361582.729228 0.264
28.553691864013672 1624361582.736251 0.264
29.174427032470703 1624361582.743227 0.264
29.174427032470703 1624361582.750247 0.264
28.553691864013672 1624361582.757172 0.264
29.174427032470703 1624361582.764182 0.264
28.553691864013672 1624361582.77116 0.264
29.174427032470703 1624361582.778216 0.264
29.174427032470703 1624361582.785212 0.264
28.553691864013672 1624361582.792244 0.264
29.174427032470703 1624361582.799227 0.264
29.174427032470703 1624361582.806238 0.264
28.553691864013672 1624361582.813226 0.264
28.553691864013672 1624361582.820196 0.264
29.174427032470703 1624361582.827161 0.264
28.553691864013672 1624361582.834287 0.264
28.553691864013672 1624361582.841274 0.264
28.553691864013672 1624361582.848289 0.264
28.553691864013672 1624361582.855225 0.264
29.174427032470703 1624361582.862298 0.264
28.553691864013672 1624361582.869325 0.264
28.553691864013672 1624361582.876257 0.264
29.174427032470703 1624361582.883115 0.264
28.553691864013672 1624361582.890129 0.264
29.174427032470703 1624361582.897151 0.264
29.174427032470703 1624361582.904136 0.264
28.553691864013672 1624361582.91114 0.264
29.174427032470703 1624361582.91819 0.264
29.174427032470703 1624361582.925198 0.264
28.553691864013672 1624361582.932192 0.264
28.553691864013672 1624361582.939168 0.264
28.553691864013672 1624361582.946118 0.264
28.553691864013672 1624361582.953187 0.264
28.553691864013672 1624361582.960181 0.264
28.553691864013672 1624361582.967168 0.264
29.174427032470703 1624361582.974068 0.264
29.174427032470703 1624361582.981115 0.264
28.553691864013672 1624361582.988138 0.264
29.174427032470703 1624361582.995241 0.264
28.553691864013672 1624361583.002083 0.264
28.553691864013672 1624361583.009154 0.264
28.553691864013672 1624361583.016255 0.264
28.553691864013672 1624361583.023265 0.264
28.553691864013672 1624361583.030219 0.264
29.174427032470703 1624361583.037265 0.264
28.553691864013672 1624361583.044259 0.264
28.553691864013672 1624361583.051229 0.264
29.174427032470703 1624361583.058244 0.264
28.553691864013672 1624361583.065288 0.264
28.553691864013672 1624361583.072182 0.264
28.553691864013672 1624361583.07913 0.264
28.553691864013672 1624361583.086148 0.264
29.174427032470703 1624361583.093173 0.264
28.553691864013672 1624361583.100145 0.264
29.174427032470703 1624361583.107241 0.264
28.553691864013672 1624361583.114223 0.264
28.553691864013672 1624361583.121154 0.264
29.174427032470703 1624361583.128133 0.264
28.553691864013672 1624361583.135159 0.264
28.553691864013672 1624361583.141907 0.264
29.174427032470703 1624361583.148977 0.264
28.553691864013672 1624361583.155935 0.264
29.174427032470703 1624361583.163006 0.264
29.174427032470703 1624361583.169988 0.264
28.553691864013672 1624361583.177025 0.264
29.174427032470703 1624361583.184047 0.264
29.174427032470703 1624361583.19104 0.264
28.553691864013672 1624361583.198056 0.264
29.174427032470703 1624361583.205007 0.264
29.174427032470703 1624361583.21197 0.264
28.553691864013672 1624361583.219012 0.264
29.174427032470703 1624361583.226064 0.264
28.553691864013672 1624361583.233107 0.264
28.553691864013672 1624361583.2401 0.264
28.553691864013672 1624361583.247101 0.264
28.553691864013672 1624361583.25411 0.264
28.553691864013672 1624361583.261086 0.264
29.174427032470703 1624361583.268097 0.264
28.553691864013672 1624361583.275043 0.264
29.174427032470703 1624361583.282 0.264
28.553691864013672 1624361583.289041 0.264
28.553691864013672 1624361583.296029 0.264
29.174427032470703 1624361583.303137 0.264
28.553691864013672 1624361583.310032 0.264
28.553691864013672 1624361583.317042 0.264
29.174427032470703 1624361583.324116 0.264
28.553691864013672 1624361583.33104 0.264
28.553691864013672 1624361583.338107 0.264
28.553691864013672 1624361583.345071 0.264
28.553691864013672 1624361583.352141 0.264
28.553691864013672 1624361583.35912 0.264
28.553691864013672 1624361583.366094 0.264
28.553691864013672 1624361583.37312 0.264
29.174427032470703 1624361583.380144 0.264
28.553691864013672 1624361583.38702 0.264
28.553691864013672 1624361583.394078 0.264
29.174427032470703 1624361583.401046 0.264
28.553691864013672 1624361583.408058 0.264
28.553691864013672 1624361583.415113 0.264
29.174427032470703 1624361583.422125 0.264
28.553691864013672 1624361583.428919 0.264
29.174427032470703 1624361583.435965 0.264
28.553691864013672 1624361583.443008 0.264
28.553691864013672 1624361583.450017 0.264
29.174427032470703 1624361583.457012 0.264
29.174427032470703 1624361583.463907 0.264
28.553691864013672 1624361583.47101 0.264
29.174427032470703 1624361583.477949 0.264
28.553691864013672 1624361583.485017 0.264
29.174427032470703 1624361583.492019 0.264
29.174427032470703 1624361583.499026 0.264
28.553691864013672 1624361583.506027 0.264
28.553691864013672 1624361583.513045 0.264
28.553691864013672 1624361583.519997 0.264
28.553691864013672 1624361583.52703 0.264
29.174427032470703 1624361583.534031 0.264
28.553691864013672 1624361583.541043 0.264
28.553691864013672 1624361583.548091 0.264
28.553691864013672 1624361583.555078 0.264
28.553691864013672 1624361583.562085 0.264
29.174427032470703 1624361583.569044 0.264
29.174427032470703 1624361583.576085 0.264
28.553691864013672 1624361583.583031 0.264
29.174427032470703 1624361583.590066 0.264
28.553691864013672 1624361583.597059 0.264
28.553691864013672 1624361583.603914 0.264
28.553691864013672 1624361583.610847 0.264
28.553691864013672 1624361583.61785 0.264
28.553691864013672 1624361583.624819 0.264
29.174427032470703 1624361583.63184 0.264
28.553691864013672 1624361583.638886 0.264
29.174427032470703 1624361583.645856 0.264
29.174427032470703 1624361583.652873 0.264
28.553691864013672 1624361583.659862 0.264
29.174427032470703 1624361583.666836 0.264
29.174427032470703 1624361583.673828 0.264
28.553691864013672 1624361583.680883 0.264
28.553691864013672 1624361583.687884 0.264
28.553691864013672 1624361583.694878 0.264
29.174427032470703 1624361583.701867 0.264
29.174427032470703 1624361583.70889 0.264
28.553691864013672 1624361583.715888 0.264
29.174427032470703 1624361583.722931 0.264
29.174427032470703 1624361583.72986 0.264
28.553691864013672 1624361583.736865 0.264
29.174427032470703 1624361583.743938 0.264
28.553691864013672 1624361583.750989 0.264
28.553691864013672 1624361583.757992 0.264
28.553691864013672 1624361583.764979 0.264
28.553691864013672 1624361583.77203 0.264
28.553691864013672 1624361583.778974 0.264
29.174427032470703 1624361583.786026 0.264
28.553691864013672 1624361583.792977 0.264
29.174427032470703 1624361583.800022 0.264
29.174427032470703 1624361583.806986 0.264
28.553691864013672 1624361583.814024 0.264
29.174427032470703 1624361583.821015 0.264
28.553691864013672 1624361583.828038 0.264
28.553691864013672 1624361583.834996 0.264
28.553691864013672 1624361583.842038 0.264
28.553691864013672 1624361583.848998 0.264
29.174427032470703 1624361583.85594 0.264
28.553691864013672 1624361583.862759 0.264
28.553691864013672 1624361583.869782 0.264
28.553691864013672 1624361583.876786 0.264
28.553691864013672 1624361583.883795 0.264
28.553691864013672 1624361583.89085 0.264
28.553691864013672 1624361583.897781 0.264
29.174427032470703 1624361583.904802 0.264
28.553691864013672 1624361583.911833 0.264
28.553691864013672 1624361583.918733 0.264
28.553691864013672 1624361583.925736 0.264
29.174427032470703 1624361583.932761 0.264
28.553691864013672 1624361583.939723 0.264
28.553691864013672 1624361583.946862 0.264
28.553691864013672 1624361583.953866 0.264
28.553691864013672 1624361583.960801 0.264
28.553691864013672 1624361583.967838 0.264
28.553691864013672 1624361583.97477 0.264
28.553691864013672 1624361583.98178 0.264
28.553691864013672 1624361583.988839 0.264
29.174427032470703 1624361583.995816 0.264
28.553691864013672 1624361584.002775 0.264
28.553691864013672 1624361584.009776 0.264
29.174427032470703 1624361584.016794 0.264
28.553691864013672 1624361584.023772 0.264
28.553691864013672 1624361584.030797 0.264
29.174427032470703 1624361584.037792 0.264
28.553691864013672 1624361584.044935 0.264
28.553691864013672 1624361584.051877 0.264
28.553691864013672 1624361584.058885 0.264
28.553691864013672 1624361584.065923 0.264
28.553691864013672 1624361584.072943 0.264
28.553691864013672 1624361584.079918 0.264
28.553691864013672 1624361584.086949 0.264
28.553691864013672 1624361584.093964 0.264
28.553691864013672 1624361584.100935 0.264
28.553691864013672 1624361584.107747 0.264
28.553691864013672 1624361584.114969 0.264
28.553691864013672 1624361584.121803 0.264
29.174427032470703 1624361584.128785 0.264
28.553691864013672 1624361584.135763 0.264
28.553691864013672 1624361584.142781 0.264
28.553691864013672 1624361584.14978 0.264
28.553691864013672 1624361584.156759 0.264
28.553691864013672 1624361584.163756 0.264
28.553691864013672 1624361584.17074 0.264
28.553691864013672 1624361584.177735 0.264
28.553691864013672 1624361584.184845 0.264
29.174427032470703 1624361584.191823 0.264
28.553691864013672 1624361584.19881 0.264
28.553691864013672 1624361584.205822 0.264
28.553691864013672 1624361584.212771 0.264
28.553691864013672 1624361584.219756 0.264
28.553691864013672 1624361584.226845 0.264
28.553691864013672 1624361584.233813 0.264
28.553691864013672 1624361584.240836 0.264
28.553691864013672 1624361584.247834 0.264
28.553691864013672 1624361584.254816 0.264
28.553691864013672 1624361584.261856 0.264
28.553691864013672 1624361584.26882 0.264
28.553691864013672 1624361584.275785 0.264
28.553691864013672 1624361584.282781 0.264
28.553691864013672 1624361584.289747 0.264
28.553691864013672 1624361584.296824 0.264
28.553691864013672 1624361584.303817 0.264
28.553691864013672 1624361584.310817 0.264
29.174427032470703 1624361584.317734 0.264
28.553691864013672 1624361584.324758 0.264
28.553691864013672 1624361584.33175 0.264
28.553691864013672 1624361584.338659 0.264
28.553691864013672 1624361584.345701 0.264
28.553691864013672 1624361584.352781 0.264
28.553691864013672 1624361584.359701 0.264
28.553691864013672 1624361584.366735 0.264
28.553691864013672 1624361584.37372 0.264
28.553691864013672 1624361584.380732 0.264
28.553691864013672 1624361584.387754 0.264
28.553691864013672 1624361584.394878 0.264
28.553691864013672 1624361584.401782 0.264
28.553691864013672 1624361584.408739 0.264
28.553691864013672 1624361584.415768 0.264
28.553691864013672 1624361584.42277 0.264
28.553691864013672 1624361584.429708 0.264
29.174427032470703 1624361584.436705 0.264
28.553691864013672 1624361584.443708 0.264
28.553691864013672 1624361584.450712 0.264
28.553691864013672 1624361584.457736 0.264
28.553691864013672 1624361584.464716 0.264
28.553691864013672 1624361584.471704 0.264
28.553691864013672 1624361584.478656 0.264
28.553691864013672 1624361584.485769 0.264
28.553691864013672 1624361584.492756 0.264
28.553691864013672 1624361584.499788 0.264
28.553691864013672 1624361584.506777 0.264
28.553691864013672 1624361584.513761 0.264
28.553691864013672 1624361584.520753 0.264
29.174427032470703 1624361584.527738 0.264
28.553691864013672 1624361584.534758 0.264
28.553691864013672 1624361584.541737 0.264
29.174427032470703 1624361584.548813 0.264
28.553691864013672 1624361584.555732 0.264
28.553691864013672 1624361584.562755 0.264
28.553691864013672 1624361584.569834 0.264
28.553691864013672 1624361584.576763 0.264
28.553691864013672 1624361584.583615 0.264
28.553691864013672 1624361584.590621 0.264
28.553691864013672 1624361584.597611 0.264
28.553691864013672 1624361584.604634 0.264
28.553691864013672 1624361584.6116 0.264
28.553691864013672 1624361584.618534 0.264
29.174427032470703 1624361584.625512 0.264
28.553691864013672 1624361584.632629 0.264
28.553691864013672 1624361584.639539 0.264
28.553691864013672 1624361584.646656 0.264
28.553691864013672 1624361584.653672 0.264
28.553691864013672 1624361584.66069 0.264
28.553691864013672 1624361584.667633 0.264
28.553691864013672 1624361584.674686 0.264
28.553691864013672 1624361584.681663 0.264
28.553691864013672 1624361584.68872 0.264
28.553691864013672 1624361584.695668 0.264
28.553691864013672 1624361584.702669 0.264
28.553691864013672 1624361584.709751 0.264
28.553691864013672 1624361584.716705 0.264
28.553691864013672 1624361584.723654 0.264
28.553691864013672 1624361584.730737 0.264
28.553691864013672 1624361584.737697 0.264
29.174427032470703 1624361584.744646 0.264
28.553691864013672 1624361584.75165 0.264
28.553691864013672 1624361584.758866 0.264
28.553691864013672 1624361584.765682 0.264
28.553691864013672 1624361584.7726 0.264
28.553691864013672 1624361584.77977 0.264
28.553691864013672 1624361584.78659 0.264
28.553691864013672 1624361584.793604 0.264
28.553691864013672 1624361584.800522 0.264
28.553691864013672 1624361584.807575 0.264
28.553691864013672 1624361584.814506 0.264
28.553691864013672 1624361584.821572 0.264
28.553691864013672 1624361584.828524 0.264
28.553691864013672 1624361584.835549 0.264
28.553691864013672 1624361584.842525 0.264
28.553691864013672 1624361584.849529 0.264
28.553691864013672 1624361584.856589 0.264
28.553691864013672 1624361584.863578 0.264
28.553691864013672 1624361584.870577 0.264
28.553691864013672 1624361584.877638 0.264
28.553691864013672 1624361584.884636 0.264
28.553691864013672 1624361584.891591 0.264
28.553691864013672 1624361584.898575 0.264
28.553691864013672 1624361584.905656 0.264
28.553691864013672 1624361584.912648 0.264
28.553691864013672 1624361584.919657 0.264
28.553691864013672 1624361584.926706 0.264
28.553691864013672 1624361584.933623 0.264
28.553691864013672 1624361584.940665 0.264
28.553691864013672 1624361584.947654 0.264
28.553691864013672 1624361584.954729 0.264
27.932960510253906 1624361584.961681 0.264
28.553691864013672 1624361584.968611 0.264
28.553691864013672 1624361584.975707 0.264
28.553691864013672 1624361584.982477 0.264
28.553691864013672 1624361584.98947 0.264
28.553691864013672 1624361584.996525 0.264
28.553691864013672 1624361585.003552 0.264
28.553691864013672 1624361585.010491 0.264
28.553691864013672 1624361585.017422 0.264
28.553691864013672 1624361585.02456 0.264
28.553691864013672 1624361585.031496 0.264
27.932960510253906 1624361585.038581 0.264
28.553691864013672 1624361585.045547 0.264
28.553691864013672 1624361585.052508 0.264
28.553691864013672 1624361585.059546 0.264
28.553691864013672 1624361585.066565 0.264
28.553691864013672 1624361585.073567 0.264
28.553691864013672 1624361585.080547 0.264
28.553691864013672 1624361585.08755 0.264
28.553691864013672 1624361585.0946 0.264
28.553691864013672 1624361585.101561 0.264
28.553691864013672 1624361585.108568 0.264
28.553691864013672 1624361585.115545 0.264
28.553691864013672 1624361585.122525 0.264
28.553691864013672 1624361585.129587 0.264
28.553691864013672 1624361585.136512 0.264
28.553691864013672 1624361585.143558 0.264
28.553691864013672 1624361585.150537 0.264
28.553691864013672 1624361585.157617 0.264
28.553691864013672 1624361585.164616 0.264
28.553691864013672 1624361585.171463 0.264
28.553691864013672 1624361585.178475 0.264
28.553691864013672 1624361585.18551 0.264
28.553691864013672 1624361585.192469 0.264
28.553691864013672 1624361585.199448 0.264
28.553691864013672 1624361585.206476 0.264
28.553691864013672 1624361585.21349 0.264
28.553691864013672 1624361585.220481 0.264
28.553691864013672 1624361585.227492 0.264
28.553691864013672 1624361585.234499 0.264
28.553691864013672 1624361585.241508 0.264
28.553691864013672 1624361585.248535 0.264
28.553691864013672 1624361585.255458 0.264
28.553691864013672 1624361585.262422 0.264
28.553691864013672 1624361585.269419 0.264
28.553691864013672 1624361585.276473 0.264
28.553691864013672 1624361585.283525 0.264
28.553691864013672 1624361585.290481 0.264
28.553691864013672 1624361585.2975 0.264
28.553691864013672 1624361585.304431 0.264
28.553691864013672 1624361585.311468 0.264
28.553691864013672 1624361585.31858 0.264
28.553691864013672 1624361585.325495 0.264
28.553691864013672 1624361585.332547 0.264
28.553691864013672 1624361585.339581 0.264
28.553691864013672 1624361585.346622 0.264
28.553691864013672 1624361585.35354 0.264
28.553691864013672 1624361585.36052 0.264
28.553691864013672 1624361585.367555 0.264
28.553691864013672 1624361585.374554 0.264
28.553691864013672 1624361585.381475 0.264
28.553691864013672 1624361585.388343 0.264
28.553691864013672 1624361585.395391 0.264
28.553691864013672 1624361585.402372 0.264
28.553691864013672 1624361585.409423 0.264
28.553691864013672 1624361585.416356 0.264
28.553691864013672 1624361585.423402 0.264
28.553691864013672 1624361585.430421 0.264
28.553691864013672 1624361585.437454 0.264
28.553691864013672 1624361585.444441 0.264
28.553691864013672 1624361585.451409 0.264
27.932960510253906 1624361585.458364 0.264
28.553691864013672 1624361585.465402 0.264
28.553691864013672 1624361585.472475 0.264
28.553691864013672 1624361585.479476 0.264
28.553691864013672 1624361585.48642 0.264
28.553691864013672 1624361585.493465 0.264
28.553691864013672 1624361585.500421 0.264
28.553691864013672 1624361585.507415 0.264
28.553691864013672 1624361585.514396 0.264
28.553691864013672 1624361585.52151 0.264
28.553691864013672 1624361585.528443 0.264
28.553691864013672 1624361585.535543 0.264
28.553691864013672 1624361585.542493 0.264
28.553691864013672 1624361585.549523 0.264
28.553691864013672 1624361585.556495 0.264
28.553691864013672 1624361585.563513 0.264
28.553691864013672 1624361585.57042 0.264
28.553691864013672 1624361585.577277 0.264
28.553691864013672 1624361585.5843 0.264
28.553691864013672 1624361585.591311 0.264
28.553691864013672 1624361585.598272 0.264
28.553691864013672 1624361585.605343 0.264
27.932960510253906 1624361585.612284 0.264
28.553691864013672 1624361585.619275 0.264
28.553691864013672 1624361585.626287 0.264
27.932960510253906 1624361585.633367 0.264
28.553691864013672 1624361585.640345 0.264
28.553691864013672 1624361585.647224 0.264
28.553691864013672 1624361585.654348 0.264
28.553691864013672 1624361585.661393 0.264
27.932960510253906 1624361585.668387 0.264
28.553691864013672 1624361585.675399 0.264
28.553691864013672 1624361585.682433 0.264
27.932960510253906 1624361585.689436 0.264
28.553691864013672 1624361585.696431 0.264
27.932960510253906 1624361585.703448 0.264
28.553691864013672 1624361585.710408 0.264
28.553691864013672 1624361585.717436 0.264
27.932960510253906 1624361585.72444 0.264
28.553691864013672 1624361585.731418 0.264
28.553691864013672 1624361585.738411 0.264
28.553691864013672 1624361585.745478 0.264
28.553691864013672 1624361585.752413 0.264
28.553691864013672 1624361585.759413 0.264
27.932960510253906 1624361585.766299 0.264
28.553691864013672 1624361585.773178 0.264
28.553691864013672 1624361585.780209 0.264
28.553691864013672 1624361585.787264 0.264
28.553691864013672 1624361585.794245 0.264
28.553691864013672 1624361585.801318 0.264
28.553691864013672 1624361585.808286 0.264
28.553691864013672 1624361585.815315 0.264
27.932960510253906 1624361585.822342 0.264
28.553691864013672 1624361585.829384 0.264
28.553691864013672 1624361585.836292 0.264
28.553691864013672 1624361585.843277 0.264
28.553691864013672 1624361585.850292 0.264
27.932960510253906 1624361585.85724 0.264
28.553691864013672 1624361585.864278 0.264
28.553691864013672 1624361585.871219 0.264
28.553691864013672 1624361585.878279 0.264
28.553691864013672 1624361585.885354 0.264
28.553691864013672 1624361585.892283 0.264
28.553691864013672 1624361585.899328 0.264
28.553691864013672 1624361585.906419 0.264
28.553691864013672 1624361585.913383 0.264
28.553691864013672 1624361585.920364 0.264
28.553691864013672 1624361585.927339 0.264
27.932960510253906 1624361585.934344 0.264
28.553691864013672 1624361585.941393 0.264
28.553691864013672 1624361585.948392 0.264
28.553691864013672 1624361585.955402 0.264
28.553691864013672 1624361585.962368 0.264
28.553691864013672 1624361585.969363 0.264
28.553691864013672 1624361585.97621 0.264
28.553691864013672 1624361585.983247 0.264
28.553691864013672 1624361585.990221 0.264
28.553691864013672 1624361585.997255 0.264
28.553691864013672 1624361586.004249 0.264
27.932960510253906 1624361586.011258 0.264
28.553691864013672 1624361586.018268 0.264
28.553691864013672 1624361586.025258 0.264
28.553691864013672 1624361586.032186 0.264
28.553691864013672 1624361586.039158 0.264
28.553691864013672 1624361586.046191 0.264
27.932960510253906 1624361586.053161 0.264
28.553691864013672 1624361586.060125 0.264
27.932960510253906 1624361586.067207 0.264
28.553691864013672 1624361586.074191 0.264
28.553691864013672 1624361586.081315 0.264
28.553691864013672 1624361586.088295 0.264
28.553691864013672 1624361586.095307 0.264
28.553691864013672 1624361586.10225 0.264
28.553691864013672 1624361586.109256 0.264
28.553691864013672 1624361586.116278 0.264
28.553691864013672 1624361586.123447 0.264
28.553691864013672 1624361586.130286 0.264
28.553691864013672 1624361586.137287 0.264
28.553691864013672 1624361586.144202 0.264
28.553691864013672 1624361586.151205 0.264
28.553691864013672 1624361586.158276 0.264
28.553691864013672 1624361586.165273 0.264
28.553691864013672 1624361586.172304 0.264
28.553691864013672 1624361586.179303 0.264
28.553691864013672 1624361586.186306 0.264
28.553691864013672 1624361586.193172 0.264
28.553691864013672 1624361586.200307 0.264
28.553691864013672 1624361586.207169 0.264
28.553691864013672 1624361586.214133 0.264
28.553691864013672 1624361586.221116 0.264
28.553691864013672 1624361586.228127 0.264
28.553691864013672 1624361586.23506 0.264
28.553691864013672 1624361586.242036 0.264
28.553691864013672 1624361586.24907 0.264
28.553691864013672 1624361586.25615 0.264
28.553691864013672 1624361586.263219 0.264
28.553691864013672 1624361586.270175 0.264
28.553691864013672 1624361586.277248 0.264
28.553691864013672 1624361586.284224 0.264
28.553691864013672 1624361586.291232 0.264
27.932960510253906 1624361586.298259 0.264
28.553691864013672 1624361586.305283 0.264
28.553691864013672 1624361586.312239 0.264
28.553691864013672 1624361586.319248 0.264
28.553691864013672 1624361586.326243 0.264
27.932960510253906 1624361586.333176 0.264
28.553691864013672 1624361586.340286 0.264
28.553691864013672 1624361586.347214 0.264
27.932960510253906 1624361586.354185 0.264
28.553691864013672 1624361586.361204 0.264
28.553691864013672 1624361586.368212 0.264
28.553691864013672 1624361586.375233 0.264
28.553691864013672 1624361586.382264 0.264
28.553691864013672 1624361586.389177 0.264
28.553691864013672 1624361586.396204 0.264
28.553691864013672 1624361586.403135 0.264
28.553691864013672 1624361586.410122 0.264
28.553691864013672 1624361586.41722 0.264
28.553691864013672 1624361586.424224 0.264
27.932960510253906 1624361586.4312 0.264
28.553691864013672 1624361586.43813 0.264
28.553691864013672 1624361586.445245 0.264
28.553691864013672 1624361586.452011 0.264
28.553691864013672 1624361586.459102 0.264
28.553691864013672 1624361586.466065 0.264
28.553691864013672 1624361586.473077 0.264
28.553691864013672 1624361586.480049 0.264
27.932960510253906 1624361586.487093 0.264
28.553691864013672 1624361586.494088 0.264
28.553691864013672 1624361586.501091 0.264
28.553691864013672 1624361586.508157 0.264
28.553691864013672 1624361586.515127 0.264
28.553691864013672 1624361586.522061 0.264
28.553691864013672 1624361586.52908 0.264
28.553691864013672 1624361586.536071 0.264
28.553691864013672 1624361586.543063 0.264
28.553691864013672 1624361586.550165 0.264
28.553691864013672 1624361586.557193 0.264
28.553691864013672 1624361586.564138 0.264
28.553691864013672 1624361586.571095 0.264
28.553691864013672 1624361586.578115 0.264
28.553691864013672 1624361586.585128 0.264
28.553691864013672 1624361586.592103 0.264
28.553691864013672 1624361586.599119 0.264
28.553691864013672 1624361586.606091 0.264
28.553691864013672 1624361586.61311 0.264
27.932960510253906 1624361586.62011 0.264
28.553691864013672 1624361586.627132 0.264
28.553691864013672 1624361586.634172 0.264
27.932960510253906 1624361586.641135 0.264
28.553691864013672 1624361586.648143 0.264
28.553691864013672 1624361586.655109 0.264
28.553691864013672 1624361586.662137 0.264
28.553691864013672 1624361586.669064 0.264
27.932960510253906 1624361586.676077 0.264
28.553691864013672 1624361586.682987 0.264
28.553691864013672 1624361586.690231 0.264
28.553691864013672 1624361586.696918 0.264
28.553691864013672 1624361586.704008 0.264
28.553691864013672 1624361586.710988 0.264
27.915632247924805 1624361586.717987 0.264
28.553691864013672 1624361586.725033 0.264
28.553691864013672 1624361586.732036 0.264
28.553691864013672 1624361586.739004 0.264
28.553691864013672 1624361586.746092 0.264
28.553691864013672 1624361586.75313 0.264
28.553691864013672 1624361586.760013 0.264
28.553691864013672 1624361586.767141 0.264
28.553691864013672 1624361586.774073 0.264
28.553691864013672 1624361586.781055 0.264
28.553691864013672 1624361586.788089 0.264
28.553691864013672 1624361586.795044 0.264
28.553691864013672 1624361586.802113 0.264
28.553691864013672 1624361586.809021 0.264
28.553691864013672 1624361586.816084 0.264
28.553691864013672 1624361586.823078 0.264
27.932960510253906 1624361586.830048 0.264
28.553691864013672 1624361586.837011 0.264
28.553691864013672 1624361586.844029 0.264
27.932960510253906 1624361586.851014 0.264
28.553691864013672 1624361586.858126 0.264
28.553691864013672 1624361586.865089 0.264
27.915632247924805 1624361586.872078 0.264
28.553691864013672 1624361586.879097 0.264
28.553691864013672 1624361586.886096 0.264
28.553691864013672 1624361586.893082 0.264
28.535980224609375 1624361586.899907 0.264
27.932960510253906 1624361586.906938 0.264
28.553691864013672 1624361586.913913 0.264
28.535980224609375 1624361586.920943 0.264
27.932960510253906 1624361586.927983 0.264
28.535980224609375 1624361586.934914 0.264
28.553691864013672 1624361586.941879 0.264
27.932960510253906 1624361586.948901 0.264
28.553691864013672 1624361586.955909 0.264
28.535980224609375 1624361586.962929 0.264
28.553691864013672 1624361586.969883 0.264
28.535980224609375 1624361586.976904 0.264
27.932960510253906 1624361586.984003 0.264
28.535980224609375 1624361586.99101 0.264
28.553691864013672 1624361586.997933 0.264
27.932960510253906 1624361587.004985 0.264
28.553691864013672 1624361587.012036 0.264
28.553691864013672 1624361587.018997 0.264
27.932960510253906 1624361587.02604 0.264
28.553691864013672 1624361587.033041 0.264
28.553691864013672 1624361587.040056 0.264
27.932960510253906 1624361587.047005 0.264
28.535980224609375 1624361587.053983 0.264
28.535980224609375 1624361587.060994 0.264
28.535980224609375 1624361587.068069 0.264
28.553691864013672 1624361587.075024 0.264
27.915632247924805 1624361587.082053 0.264
28.553691864013672 1624361587.089103 0.264
28.535980224609375 1624361587.096041 0.264
27.932960510253906 1624361587.102907 0.264
28.553691864013672 1624361587.109807 0.264
28.553691864013672 1624361587.116817 0.264
27.932960510253906 1624361587.123843 0.264
28.553691864013672 1624361587.130831 0.264
28.553691864013672 1624361587.137855 0.264
28.535980224609375 1624361587.144894 0.264
28.553691864013672 1624361587.151929 0.264
27.915632247924805 1624361587.158898 0.264
28.553691864013672 1624361587.165929 0.264
28.553691864013672 1624361587.172905 0.264
28.553691864013672 1624361587.179882 0.264
28.535980224609375 1624361587.186857 0.264
28.535980224609375 1624361587.193916 0.264
27.915632247924805 1624361587.200894 0.264
28.553691864013672 1624361587.207933 0.264
28.553691864013672 1624361587.21492 0.264
28.553691864013672 1624361587.221928 0.264
28.535980224609375 1624361587.228972 0.264
27.915632247924805 1624361587.235929 0.264
28.535980224609375 1624361587.242977 0.264
28.535980224609375 1624361587.249957 0.264
27.915632247924805 1624361587.256956 0.264
28.535980224609375 1624361587.263982 0.264
28.553691864013672 1624361587.270963 0.264
27.915632247924805 1624361587.278024 0.264
28.535980224609375 1624361587.284971 0.264
28.535980224609375 1624361587.292047 0.264
27.915632247924805 1624361587.29885 0.264
28.535980224609375 1624361587.305851 0.264
27.932960510253906 1624361587.312789 0.264
28.553691864013672 1624361587.319867 0.264
28.535980224609375 1624361587.32681 0.264
27.932960510253906 1624361587.333864 0.264
27.915632247924805 1624361587.340864 0.264
28.535980224609375 1624361587.347849 0.264
27.915632247924805 1624361587.354835 0.264
28.535980224609375 1624361587.361841 0.264
27.932960510253906 1624361587.368816 0.264
28.553691864013672 1624361587.375877 0.264
27.915632247924805 1624361587.382871 0.264
27.932960510253906 1624361587.389865 0.264
28.535980224609375 1624361587.396859 0.264
28.553691864013672 1624361587.4038 0.264
27.915632247924805 1624361587.410813 0.264
28.553691864013672 1624361587.417891 0.264
28.535980224609375 1624361587.424871 0.264
28.535980224609375 1624361587.431831 0.264
28.553691864013672 1624361587.438927 0.264
28.553691864013672 1624361587.445842 0.264
28.535980224609375 1624361587.452808 0.264
27.915632247924805 1624361587.459894 0.264
27.915632247924805 1624361587.466894 0.264
28.535980224609375 1624361587.47392 0.264
28.535980224609375 1624361587.480927 0.264
27.915632247924805 1624361587.487896 0.264
28.535980224609375 1624361587.494991 0.264
28.553691864013672 1624361587.501908 0.264
27.932960510253906 1624361587.508872 0.264
28.535980224609375 1624361587.515768 0.264
27.915632247924805 1624361587.522767 0.264
28.535980224609375 1624361587.529758 0.264
28.535980224609375 1624361587.536753 0.264
27.915632247924805 1624361587.543713 0.264
28.535980224609375 1624361587.550812 0.264
28.553691864013672 1624361587.557788 0.264
27.915632247924805 1624361587.564777 0.264
28.535980224609375 1624361587.571748 0.264
28.553691864013672 1624361587.578717 0.264
27.915632247924805 1624361587.585729 0.264
28.553691864013672 1624361587.592732 0.264
27.932960510253906 1624361587.599756 0.264
27.915632247924805 1624361587.606803 0.264
28.535980224609375 1624361587.613816 0.264
27.915632247924805 1624361587.620791 0.264
28.535980224609375 1624361587.627818 0.264
28.535980224609375 1624361587.634777 0.264
27.915632247924805 1624361587.641715 0.264
28.535980224609375 1624361587.648748 0.264
28.535980224609375 1624361587.655804 0.264
27.915632247924805 1624361587.662753 0.264
28.535980224609375 1624361587.669815 0.264
27.915632247924805 1624361587.676812 0.264
28.535980224609375 1624361587.68394 0.264
28.535980224609375 1624361587.690849 0.264
27.915632247924805 1624361587.697802 0.264
27.915632247924805 1624361587.704803 0.264
27.915632247924805 1624361587.71185 0.264
27.915632247924805 1624361587.718913 0.264
28.535980224609375 1624361587.725811 0.264
27.915632247924805 1624361587.732863 0.264
27.915632247924805 1624361587.739902 0.264
28.535980224609375 1624361587.746845 0.264
27.915632247924805 1624361587.753861 0.264
27.915632247924805 1624361587.760845 0.264
28.535980224609375 1624361587.767626 0.264
27.915632247924805 1624361587.774673 0.264
28.535980224609375 1624361587.781705 0.264
27.915632247924805 1624361587.788753 0.264
27.915632247924805 1624361587.795724 0.264
28.535980224609375 1624361587.802709 0.264
27.915632247924805 1624361587.809773 0.264
27.915632247924805 1624361587.81666 0.264
27.915632247924805 1624361587.823706 0.264
27.915632247924805 1624361587.8307 0.264
28.535980224609375 1624361587.837727 0.264
28.535980224609375 1624361587.844731 0.264
27.915632247924805 1624361587.851743 0.264
28.535980224609375 1624361587.858707 0.264
28.535980224609375 1624361587.865784 0.264
27.915632247924805 1624361587.872832 0.264
27.915632247924805 1624361587.879791 0.264
27.915632247924805 1624361587.886735 0.264
28.535980224609375 1624361587.893772 0.264
27.915632247924805 1624361587.90076 0.264
27.915632247924805 1624361587.907683 0.264
28.535980224609375 1624361587.914755 0.264
28.535980224609375 1624361587.921783 0.264
27.915632247924805 1624361587.928725 0.264
28.535980224609375 1624361587.935731 0.264
27.915632247924805 1624361587.942702 0.264
27.915632247924805 1624361587.949735 0.264
27.915632247924805 1624361587.956757 0.264
27.915632247924805 1624361587.963755 0.264
27.915632247924805 1624361587.970778 0.264
27.915632247924805 1624361587.977626 0.264
27.915632247924805 1624361587.984662 0.264
27.915632247924805 1624361587.991562 0.264
28.535980224609375 1624361587.998647 0.264
27.915632247924805 1624361588.005609 0.264
28.535980224609375 1624361588.012614 0.264
28.535980224609375 1624361588.019596 0.264
27.915632247924805 1624361588.02665 0.264
28.535980224609375 1624361588.033593 0.264
27.915632247924805 1624361588.040661 0.264
27.915632247924805 1624361588.047598 0.264
27.915632247924805 1624361588.054566 0.264
27.915632247924805 1624361588.061582 0.264
27.915632247924805 1624361588.068592 0.264
27.915632247924805 1624361588.07568 0.264
27.915632247924805 1624361588.082664 0.264
27.915632247924805 1624361588.089616 0.264
28.535980224609375 1624361588.096624 0.264
27.915632247924805 1624361588.103603 0.264
28.535980224609375 1624361588.110583 0.264
27.915632247924805 1624361588.117616 0.264
27.915632247924805 1624361588.124677 0.264
27.915632247924805 1624361588.131685 0.264
27.915632247924805 1624361588.138675 0.264
27.915632247924805 1624361588.145667 0.264
28.535980224609375 1624361588.152607 0.264
27.915632247924805 1624361588.159636 0.264
27.915632247924805 1624361588.166634 0.264
27.915632247924805 1624361588.173672 0.264
27.915632247924805 1624361588.180795 0.264
27.915632247924805 1624361588.187732 0.264
27.915632247924805 1624361588.194761 0.264
27.915632247924805 1624361588.201593 0.264
27.915632247924805 1624361588.208577 0.264
27.915632247924805 1624361588.215568 0.264
27.915632247924805 1624361588.22259 0.264
28.535980224609375 1624361588.229511 0.264
27.915632247924805 1624361588.236555 0.264
27.915632247924805 1624361588.243472 0.264
27.915632247924805 1624361588.250535 0.264
27.915632247924805 1624361588.257536 0.264
27.915632247924805 1624361588.26457 0.264
27.915632247924805 1624361588.271574 0.264
28.535980224609375 1624361588.278575 0.264
27.915632247924805 1624361588.28558 0.264
27.915632247924805 1624361588.292593 0.264
27.915632247924805 1624361588.299613 0.264
27.915632247924805 1624361588.306595 0.264
27.915632247924805 1624361588.313539 0.264
28.535980224609375 1624361588.320689 0.264
27.915632247924805 1624361588.327642 0.264
27.915632247924805 1624361588.334625 0.264
27.915632247924805 1624361588.341619 0.264
27.915632247924805 1624361588.348543 0.264
28.535980224609375 1624361588.355588 0.264
27.915632247924805 1624361588.362623 0.264
27.915632247924805 1624361588.36953 0.264
27.915632247924805 1624361588.376646 0.264
27.915632247924805 1624361588.383581 0.264
27.915632247924805 1624361588.390549 0.264
28.535980224609375 1624361588.397562 0.264
27.915632247924805 1624361588.404615 0.264
27.915632247924805 1624361588.411574 0.264
27.915632247924805 1624361588.418559 0.264
27.915632247924805 1624361588.425636 0.264
28.535980224609375 1624361588.432618 0.264
27.915632247924805 1624361588.439551 0.264
27.915632247924805 1624361588.446643 0.264
27.915632247924805 1624361588.453668 0.264
27.915632247924805 1624361588.460563 0.264
27.915632247924805 1624361588.467632 0.264
28.535980224609375 1624361588.474593 0.264
27.915632247924805 1624361588.481547 0.264
28.535980224609375 1624361588.488614 0.264
27.915632247924805 1624361588.495398 0.264
27.915632247924805 1624361588.502531 0.264
27.915632247924805 1624361588.509438 0.264
28.535980224609375 1624361588.516442 0.264
27.915632247924805 1624361588.523475 0.264
27.915632247924805 1624361588.530464 0.264
27.915632247924805 1624361588.537481 0.264
27.915632247924805 1624361588.544451 0.264
27.915632247924805 1624361588.551382 0.264
27.915632247924805 1624361588.558517 0.264
27.915632247924805 1624361588.565512 0.264
27.915632247924805 1624361588.572505 0.264
27.915632247924805 1624361588.579481 0.264
28.535980224609375 1624361588.586487 0.264
27.915632247924805 1624361588.593486 0.264
27.915632247924805 1624361588.600509 0.264
27.915632247924805 1624361588.607505 0.264
27.915632247924805 1624361588.614508 0.264
27.915632247924805 1624361588.621515 0.264
27.915632247924805 1624361588.62844 0.264
27.915632247924805 1624361588.635522 0.264
27.915632247924805 1624361588.642515 0.264
27.915632247924805 1624361588.649559 0.264
27.915632247924805 1624361588.656554 0.264
27.915632247924805 1624361588.663535 0.264
27.915632247924805 1624361588.670519 0.264
27.915632247924805 1624361588.67752 0.264
27.915632247924805 1624361588.684509 0.264
27.915632247924805 1624361588.6915 0.264
27.915632247924805 1624361588.698498 0.264
27.915632247924805 1624361588.70553 0.264
27.915632247924805 1624361588.712549 0.264
27.915632247924805 1624361588.719459 0.264
27.915632247924805 1624361588.726426 0.264
27.915632247924805 1624361588.733415 0.264
27.915632247924805 1624361588.740409 0.264
27.915632247924805 1624361588.747425 0.264
27.915632247924805 1624361588.754483 0.264
27.915632247924805 1624361588.761497 0.264
27.915632247924805 1624361588.76845 0.264
27.915632247924805 1624361588.775486 0.264
27.915632247924805 1624361588.782556 0.264
27.295286178588867 1624361588.789345 0.264
27.915632247924805 1624361588.796364 0.264
27.915632247924805 1624361588.803356 0.264
27.915632247924805 1624361588.810391 0.264
27.915632247924805 1624361588.817366 0.264
27.915632247924805 1624361588.824394 0.264
27.915632247924805 1624361588.83139 0.264
27.915632247924805 1624361588.838395 0.264
27.915632247924805 1624361588.845418 0.264
27.915632247924805 1624361588.852359 0.264
27.915632247924805 1624361588.859438 0.264
27.915632247924805 1624361588.866416 0.264
27.915632247924805 1624361588.873415 0.264
27.915632247924805 1624361588.880442 0.264
27.915632247924805 1624361588.887443 0.264
27.915632247924805 1624361588.894464 0.264
27.915632247924805 1624361588.901482 0.264
27.915632247924805 1624361588.908477 0.264
27.915632247924805 1624361588.915475 0.264
27.915632247924805 1624361588.922532 0.264
27.915632247924805 1624361588.929456 0.264
27.915632247924805 1624361588.936429 0.264
27.915632247924805 1624361588.943484 0.264
27.915632247924805 1624361588.950421 0.264
27.915632247924805 1624361588.957491 0.264
27.915632247924805 1624361588.964437 0.264
27.915632247924805 1624361588.971513 0.264
27.915632247924805 1624361588.97848 0.264
28.535980224609375 1624361588.985439 0.264
27.915632247924805 1624361588.992254 0.264
27.915632247924805 1624361588.999331 0.264
27.915632247924805 1624361589.006221 0.264
27.915632247924805 1624361589.013316 0.264
27.915632247924805 1624361589.020294 0.264
27.915632247924805 1624361589.027345 0.264
27.915632247924805 1624361589.034388 0.264
27.915632247924805 1624361589.041293 0.264
27.915632247924805 1624361589.048327 0.264
27.915632247924805 1624361589.055315 0.264
28.535980224609375 1624361589.062351 0.264
27.915632247924805 1624361589.069317 0.264
27.915632247924805 1624361589.076339 0.264
27.915632247924805 1624361589.083323 0.264
27.915632247924805 1624361589.090394 0.264
27.915632247924805 1624361589.097293 0.264
27.915632247924805 1624361589.104284 0.264
27.915632247924805 1624361589.111348 0.264
27.915632247924805 1624361589.11835 0.264
27.915632247924805 1624361589.125386 0.264
27.915632247924805 1624361589.132369 0.264
27.915632247924805 1624361589.139406 0.264
27.915632247924805 1624361589.146356 0.264
27.915632247924805 1624361589.153396 0.264
27.915632247924805 1624361589.160418 0.264
27.915632247924805 1624361589.167393 0.264
27.915632247924805 1624361589.174336 0.264
27.915632247924805 1624361589.181321 0.264
27.915632247924805 1624361589.188328 0.264
27.915632247924805 1624361589.195333 0.264
27.915632247924805 1624361589.202384 0.264
27.915632247924805 1624361589.209416 0.264
27.915632247924805 1624361589.216373 0.264
27.915632247924805 1624361589.223406 0.264
27.915632247924805 1624361589.230133 0.264
27.915632247924805 1624361589.237164 0.264
27.915632247924805 1624361589.244159 0.264
27.915632247924805 1624361589.251195 0.264
27.915632247924805 1624361589.258149 0.264
27.915632247924805 1624361589.265245 0.264
27.915632247924805 1624361589.272187 0.264
27.915632247924805 1624361589.279215 0.264
27.915632247924805 1624361589.28626 0.264
27.915632247924805 1624361589.29333 0.264
27.915632247924805 1624361589.300298 0.264
27.915632247924805 1624361589.307378 0.264
27.915632247924805 1624361589.314324 0.264
27.915632247924805 1624361589.321377 0.264
27.915632247924805 1624361589.328312 0.264
27.915632247924805 1624361589.335304 0.264
27.915632247924805 1624361589.342273 0.264
27.915632247924805 1624361589.349288 0.264
27.915632247924805 1624361589.356337 0.264
27.915632247924805 1624361589.363332 0.264
27.915632247924805 1624361589.370322 0.264
27.915632247924805 1624361589.377347 0.264
27.915632247924805 1624361589.384287 0.264
27.915632247924805 1624361589.391305 0.264
27.915632247924805 1624361589.398265 0.264
27.915632247924805 1624361589.405289 0.264
27.915632247924805 1624361589.412313 0.264
27.915632247924805 1624361589.419309 0.264
27.915632247924805 1624361589.426279 0.264
27.915632247924805 1624361589.433244 0.264
27.915632247924805 1624361589.440264 0.264
27.915632247924805 1624361589.447181 0.264
27.915632247924805 1624361589.454206 0.264
27.915632247924805 1624361589.461182 0.264
27.915632247924805 1624361589.468216 0.264
27.915632247924805 1624361589.475195 0.264
27.915632247924805 1624361589.482227 0.264
27.915632247924805 1624361589.489142 0.264
27.915632247924805 1624361589.49614 0.264
27.915632247924805 1624361589.503122 0.264
27.915632247924805 1624361589.510186 0.264
27.915632247924805 1624361589.517187 0.264
27.915632247924805 1624361589.524166 0.264
27.915632247924805 1624361589.531143 0.264
27.915632247924805 1624361589.538159 0.264
27.915632247924805 1624361589.545151 0.264
27.915632247924805 1624361589.55212 0.264
27.915632247924805 1624361589.559209 0.264
27.915632247924805 1624361589.566205 0.264
27.915632247924805 1624361589.573241 0.264
27.915632247924805 1624361589.580204 0.264
27.915632247924805 1624361589.587138 0.264
27.915632247924805 1624361589.594261 0.264
27.915632247924805 1624361589.601242 0.264
27.915632247924805 1624361589.608226 0.264
27.915632247924805 1624361589.615225 0.264
27.915632247924805 1624361589.622282 0.264
27.295286178588867 1624361589.629305 0.264
27.915632247924805 1624361589.636256 0.264
27.915632247924805 1624361589.64328 0.264
27.915632247924805 1624361589.650264 0.264
27.915632247924805 1624361589.657324 0.264
27.915632247924805 1624361589.664231 0.264
27.915632247924805 1624361589.671275 0.264
27.915632247924805 1624361589.678226 0.264
27.915632247924805 1624361589.685269 0.264
27.915632247924805 1624361589.692157 0.264
27.915632247924805 1624361589.699162 0.264
27.915632247924805 1624361589.70624 0.264
27.915632247924805 1624361589.713256 0.264
27.915632247924805 1624361589.720244 0.264
27.915632247924805 1624361589.727096 0.264
27.915632247924805 1624361589.734093 0.264
27.915632247924805 1624361589.741023 0.264
27.915632247924805 1624361589.748019 0.264
27.915632247924805 1624361589.755086 0.264
27.915632247924805 1624361589.762071 0.264
27.915632247924805 1624361589.769117 0.264
27.915632247924805 1624361589.776119 0.264
27.915632247924805 1624361589.783114 0.264
27.915632247924805 1624361589.790136 0.264
27.915632247924805 1624361589.797137 0.264
27.915632247924805 1624361589.804106 0.264
27.915632247924805 1624361589.811064 0.264
27.915632247924805 1624361589.818251 0.264
27.915632247924805 1624361589.825141 0.264
27.915632247924805 1624361589.832191 0.264
27.295286178588867 1624361589.839159 0.264
27.915632247924805 1624361589.846281 0.264
27.915632247924805 1624361589.853221 0.264
27.295286178588867 1624361589.860206 0.264
27.915632247924805 1624361589.867158 0.264
27.915632247924805 1624361589.874155 0.264
27.915632247924805 1624361589.881234 0.264
27.915632247924805 1624361589.888209 0.264
27.915632247924805 1624361589.895131 0.264
27.915632247924805 1624361589.902147 0.264
27.915632247924805 1624361589.909196 0.264
27.915632247924805 1624361589.91614 0.264
27.915632247924805 1624361589.923161 0.264
27.915632247924805 1624361589.930165 0.264
27.915632247924805 1624361589.937156 0.264
27.915632247924805 1624361589.944141 0.264
27.915632247924805 1624361589.951 0.264
27.915632247924805 1624361589.958029 0.264
27.915632247924805 1624361589.965077 0.264
27.915632247924805 1624361589.972069 0.264
27.915632247924805 1624361589.979071 0.264
27.915632247924805 1624361589.98607 0.264
27.915632247924805 1624361589.993105 0.264
27.915632247924805 1624361590.000095 0.264
27.915632247924805 1624361590.007089 0.264
27.915632247924805 1624361590.01409 0.264
27.915632247924805 1624361590.021126 0.264
27.915632247924805 1624361590.028105 0.264
27.915632247924805 1624361590.035014 0.264
27.915632247924805 1624361590.041965 0.264
27.295286178588867 1624361590.048972 0.264
27.915632247924805 1624361590.056075 0.264
27.915632247924805 1624361590.062979 0.264
27.915632247924805 1624361590.070097 0.264
27.915632247924805 1624361590.07712 0.264
27.915632247924805 1624361590.084153 0.264
27.915632247924805 1624361590.091032 0.264
27.915632247924805 1624361590.098023 0.264
27.915632247924805 1624361590.105122 0.264
27.915632247924805 1624361590.112038 0.264
27.915632247924805 1624361590.119119 0.264
27.915632247924805 1624361590.126078 0.264
27.915632247924805 1624361590.133199 0.264
27.915632247924805 1624361590.140159 0.264
27.915632247924805 1624361590.146944 0.264
27.915632247924805 1624361590.154077 0.264
27.915632247924805 1624361590.160937 0.264
27.915632247924805 1624361590.167965 0.264
27.915632247924805 1624361590.174927 0.264
27.915632247924805 1624361590.181966 0.264
27.915632247924805 1624361590.189023 0.264
27.915632247924805 1624361590.195979 0.264
27.915632247924805 1624361590.202932 0.264
27.915632247924805 1624361590.20997 0.264
27.915632247924805 1624361590.216988 0.264
27.915632247924805 1624361590.224021 0.264
27.915632247924805 1624361590.231014 0.264
27.915632247924805 1624361590.238068 0.264
27.915632247924805 1624361590.245033 0.264
27.915632247924805 1624361590.252072 0.264
27.915632247924805 1624361590.259069 0.264
27.915632247924805 1624361590.265998 0.264
27.915632247924805 1624361590.273044 0.264
27.295286178588867 1624361590.28008 0.264
27.915632247924805 1624361590.287049 0.264
27.915632247924805 1624361590.294077 0.264
27.915632247924805 1624361590.30108 0.264
27.915632247924805 1624361590.308077 0.264
27.915632247924805 1624361590.315049 0.264
27.295286178588867 1624361590.32214 0.264
27.915632247924805 1624361590.329077 0.264
27.915632247924805 1624361590.336049 0.264
27.915632247924805 1624361590.342927 0.264
27.915632247924805 1624361590.349972 0.264
27.915632247924805 1624361590.356959 0.264
27.915632247924805 1624361590.36386 0.264
27.915632247924805 1624361590.370933 0.264
27.915632247924805 1624361590.377964 0.264
27.915632247924805 1624361590.384944 0.264
27.915632247924805 1624361590.391995 0.264
27.915632247924805 1624361590.398936 0.264
27.915632247924805 1624361590.40599 0.264
27.295286178588867 1624361590.412965 0.264
27.295286178588867 1624361590.420019 0.264
27.915632247924805 1624361590.426958 0.264
27.915632247924805 1624361590.434003 0.264
27.915632247924805 1624361590.440972 0.264
27.915632247924805 1624361590.44804 0.264
27.295286178588867 1624361590.454977 0.264
27.915632247924805 1624361590.462036 0.264
27.915632247924805 1624361590.468947 0.264
27.915632247924805 1624361590.476013 0.264
27.915632247924805 1624361590.483034 0.264
27.915632247924805 1624361590.490004 0.264
27.915632247924805 1624361590.496922 0.264
27.915632247924805 1624361590.503922 0.264
27.915632247924805 1624361590.510996 0.264
27.915632247924805 1624361590.51793 0.264
27.915632247924805 1624361590.524939 0.264
27.295286178588867 1624361590.531973 0.264
27.915632247924805 1624361590.538922 0.264
27.915632247924805 1624361590.545908 0.264
27.915632247924805 1624361590.552891 0.264
27.915632247924805 1624361590.559931 0.264
27.915632247924805 1624361590.567032 0.264
27.915632247924805 1624361590.574023 0.264
27.915632247924805 1624361590.580892 0.264
27.295286178588867 1624361590.587852 0.264
27.915632247924805 1624361590.594882 0.264
27.915632247924805 1624361590.601806 0.264
27.915632247924805 1624361590.608824 0.264
27.915632247924805 1624361590.61577 0.264
27.915632247924805 1624361590.622805 0.264
27.295286178588867 1624361590.629783 0.264
27.915632247924805 1624361590.636795 0.264
27.915632247924805 1624361590.643876 0.264
27.915632247924805 1624361590.6509 0.264
27.915632247924805 1624361590.657922 0.264
27.915632247924805 1624361590.664856 0.264
27.915632247924805 1624361590.671924 0.264
27.915632247924805 1624361590.678898 0.264
27.295286178588867 1624361590.685825 0.264
27.915632247924805 1624361590.692817 0.264
27.915632247924805 1624361590.699869 0.264
27.915632247924805 1624361590.706861 0.264
27.915632247924805 1624361590.713928 0.264
27.915632247924805 1624361590.720905 0.264
27.915632247924805 1624361590.727839 0.264
27.915632247924805 1624361590.734825 0.264
27.295286178588867 1624361590.741843 0.264
27.915632247924805 1624361590.748872 0.264
27.915632247924805 1624361590.755851 0.264
27.915632247924805 1624361590.762865 0.264
27.915632247924805 1624361590.769897 0.264
27.915632247924805 1624361590.776927 0.264
27.295286178588867 1624361590.783943 0.264
27.915632247924805 1624361590.790939 0.264
27.915632247924805 1624361590.797972 0.264
27.915632247924805 1624361590.804916 0.264
27.915632247924805 1624361590.811803 0.264
27.295286178588867 1624361590.818838 0.264
27.915632247924805 1624361590.825826 0.264
27.915632247924805 1624361590.832773 0.264
27.915632247924805 1624361590.839786 0.264
27.915632247924805 1624361590.84679 0.264
27.915632247924805 1624361590.853766 0.264
27.915632247924805 1624361590.860765 0.264
27.915632247924805 1624361590.867754 0.264
27.915632247924805 1624361590.874754 0.264
27.915632247924805 1624361590.881856 0.264
27.915632247924805 1624361590.888827 0.264
27.295286178588867 1624361590.89582 0.264
27.915632247924805 1624361590.902807 0.264
27.915632247924805 1624361590.909807 0.264
27.915632247924805 1624361590.916809 0.264
27.915632247924805 1624361590.923822 0.264
27.915632247924805 1624361590.930824 0.264
27.915632247924805 1624361590.937741 0.264
27.915632247924805 1624361590.944722 0.264
27.295286178588867 1624361590.95181 0.264
27.915632247924805 1624361590.958742 0.264
27.915632247924805 1624361590.965791 0.264
27.295286178588867 1624361590.972805 0.264
27.915632247924805 1624361590.979839 0.264
27.915632247924805 1624361590.986829 0.264
27.915632247924805 1624361590.993794 0.264
27.915632247924805 1624361591.000739 0.264
27.915632247924805 1624361591.007762 0.264
27.915632247924805 1624361591.014837 0.264
27.915632247924805 1624361591.021873 0.264
27.915632247924805 1624361591.028834 0.264
27.915632247924805 1624361591.035814 0.264
27.915632247924805 1624361591.042867 0.264
27.915632247924805 1624361591.049868 0.264
27.915632247924805 1624361591.056841 0.264
27.915632247924805 1624361591.063875 0.264
27.295286178588867 1624361591.070861 0.264
27.915632247924805 1624361591.077896 0.264
27.915632247924805 1624361591.084865 0.264
27.295286178588867 1624361591.091877 0.264
27.915632247924805 1624361591.098891 0.264
27.295286178588867 1624361591.10571 0.264
27.915632247924805 1624361591.11269 0.264
27.915632247924805 1624361591.119677 0.264
27.295286178588867 1624361591.126677 0.264
27.915632247924805 1624361591.133675 0.264
27.915632247924805 1624361591.140743 0.264
27.915632247924805 1624361591.14773 0.264
27.915632247924805 1624361591.154687 0.264
27.915632247924805 1624361591.16164 0.264
27.915632247924805 1624361591.168647 0.264
27.915632247924805 1624361591.175643 0.264
27.295286178588867 1624361591.18273 0.264
27.915632247924805 1624361591.189764 0.264
27.915632247924805 1624361591.196745 0.264
27.295286178588867 1624361591.203708 0.264
27.915632247924805 1624361591.210714 0.264
27.915632247924805 1624361591.217666 0.264
27.915632247924805 1624361591.224657 0.264
27.915632247924805 1624361591.23176 0.264
27.295286178588867 1624361591.23876 0.264
27.915632247924805 1624361591.245814 0.264
27.915632247924805 1624361591.252742 0.264
27.295286178588867 1624361591.259774 0.264
27.915632247924805 1624361591.266839 0.264
27.915632247924805 1624361591.27374 0.264
27.915632247924805 1624361591.280754 0.264
27.915632247924805 1624361591.287822 0.264
27.915632247924805 1624361591.294756 0.264
27.295286178588867 1624361591.301813 0.264
27.915632247924805 1624361591.308812 0.264
27.915632247924805 1624361591.315809 0.264
27.915632247924805 1624361591.322834 0.264
27.915632247924805 1624361591.329657 0.264
27.295286178588867 1624361591.336634 0.264
27.915632247924805 1624361591.343606 0.264
27.915632247924805 1624361591.350554 0.264
27.295286178588867 1624361591.357637 0.264
27.915632247924805 1624361591.364566 0.264
27.915632247924805 1624361591.371514 0.264
27.915632247924805 1624361591.378549 0.264
27.915632247924805 1624361591.385605 0.264
27.295286178588867 1624361591.392622 0.264
27.915632247924805 1624361591.399568 0.264
27.915632247924805 1624361591.406564 0.264
27.295286178588867 1624361591.413654 0.264
27.915632247924805 1624361591.420572 0.264
27.915632247924805 1624361591.427589 0.264
27.915632247924805 1624361591.434625 0.264
27.915632247924805 1624361591.441652 0.264
27.915632247924805 1624361591.448653 0.264
27.915632247924805 1624361591.455672 0.264
27.915632247924805 1624361591.462705 0.264
27.915632247924805 1624361591.46963 0.264
27.915632247924805 1624361591.4766 0.264
27.915632247924805 1624361591.483622 0.264
27.295286178588867 1624361591.490615 0.264
27.915632247924805 1624361591.497649 0.264
27.915632247924805 1624361591.504662 0.264
27.278364181518555 1624361591.511733 0.264
27.915632247924805 1624361591.518707 0.264
27.915632247924805 1624361591.525464 0.264
27.295286178588867 1624361591.532462 0.264
27.915632247924805 1624361591.539461 0.264
27.915632247924805 1624361591.546524 0.264
27.915632247924805 1624361591.553564 0.264
27.915632247924805 1624361591.560593 0.264
27.295286178588867 1624361591.567551 0.264
27.915632247924805 1624361591.574564 0.264
27.915632247924805 1624361591.581515 0.264
27.915632247924805 1624361591.588578 0.264
27.915632247924805 1624361591.595622 0.264
27.915632247924805 1624361591.602582 0.264
27.295286178588867 1624361591.609645 0.264
27.915632247924805 1624361591.616629 0.264
27.915632247924805 1624361591.623562 0.264
27.915632247924805 1624361591.630621 0.264
27.915632247924805 1624361591.637611 0.264
27.295286178588867 1624361591.644655 0.264
27.915632247924805 1624361591.651597 0.264
27.915632247924805 1624361591.658648 0.264
27.295286178588867 1624361591.665589 0.264
27.915632247924805 1624361591.672659 0.264
27.915632247924805 1624361591.679677 0.264
27.915632247924805 1624361591.686658 0.264
27.915632247924805 1624361591.693741 0.264
27.915632247924805 1624361591.700703 0.264
27.915632247924805 1624361591.70766 0.264
27.915632247924805 1624361591.714623 0.264
27.915632247924805 1624361591.721639 0.264
27.915632247924805 1624361591.728633 0.264
27.915632247924805 1624361591.735515 0.264
27.295286178588867 1624361591.74253 0.264
27.915632247924805 1624361591.749551 0.264
27.915632247924805 1624361591.756563 0.264
27.295286178588867 1624361591.763549 0.264
27.915632247924805 1624361591.770523 0.264
27.915632247924805 1624361591.777538 0.264
27.295286178588867 1624361591.784534 0.264
27.915632247924805 1624361591.791502 0.264
27.915632247924805 1624361591.798503 0.264
27.915632247924805 1624361591.805497 0.264
27.915632247924805 1624361591.812532 0.264
27.278364181518555 1624361591.819556 0.264
27.915632247924805 1624361591.826556 0.264
27.915632247924805 1624361591.833546 0.264
27.295286178588867 1624361591.840622 0.264
27.915632247924805 1624361591.847705 0.264
27.915632247924805 1624361591.85458 0.264
27.915632247924805 1624361591.861562 0.264
27.915632247924805 1624361591.868576 0.264
27.295286178588867 1624361591.87559 0.264
27.915632247924805 1624361591.882589 0.264
27.915632247924805 1624361591.889588 0.264
27.915632247924805 1624361591.896632 0.264
27.898326873779297 1624361591.903606 0.264
27.898326873779297 1624361591.91061 0.264
27.915632247924805 1624361591.91759 0.264
27.915632247924805 1624361591.924612 0.264
27.915632247924805 1624361591.931493 0.264
27.295286178588867 1624361591.938371 0.264
27.915632247924805 1624361591.945424 0.264
27.295286178588867 1624361591.952419 0.264
27.915632247924805 1624361591.959495 0.264
27.898326873779297 1624361591.966452 0.264
27.295286178588867 1624361591.973413 0.264
27.915632247924805 1624361591.980392 0.264
27.295286178588867 1624361591.987402 0.264
27.915632247924805 1624361591.994476 0.264
27.898326873779297 1624361592.001535 0.264
27.295286178588867 1624361592.008495 0.264
27.915632247924805 1624361592.015545 0.264
27.915632247924805 1624361592.022515 0.264
27.295286178588867 1624361592.029509 0.264
27.915632247924805 1624361592.036487 0.264
27.915632247924805 1624361592.043571 0.264
27.278364181518555 1624361592.050511 0.264
27.915632247924805 1624361592.057545 0.264
27.915632247924805 1624361592.06454 0.264
27.278364181518555 1624361592.071501 0.264
27.915632247924805 1624361592.078494 0.264
27.915632247924805 1624361592.085543 0.264
27.295286178588867 1624361592.092579 0.264
27.915632247924805 1624361592.099628 0.264
27.915632247924805 1624361592.106514 0.264
27.915632247924805 1624361592.113538 0.264
27.915632247924805 1624361592.120391 0.264
27.278364181518555 1624361592.127409 0.264
27.915632247924805 1624361592.1344 0.264
27.915632247924805 1624361592.141444 0.264
27.278364181518555 1624361592.148422 0.264
27.898326873779297 1624361592.155428 0.264
27.278364181518555 1624361592.162392 0.264
27.898326873779297 1624361592.169322 0.264
27.898326873779297 1624361592.176414 0.264
27.278364181518555 1624361592.183461 0.264
27.915632247924805 1624361592.190458 0.264
27.898326873779297 1624361592.197436 0.264
27.278364181518555 1624361592.204444 0.264
27.898326873779297 1624361592.211461 0.264
27.915632247924805 1624361592.218402 0.264
27.898326873779297 1624361592.225403 0.264
27.915632247924805 1624361592.232467 0.264
27.278364181518555 1624361592.23937 0.264
27.898326873779297 1624361592.246411 0.264
27.915632247924805 1624361592.253424 0.264
27.278364181518555 1624361592.26043 0.264
27.915632247924805 1624361592.26742 0.264
27.898326873779297 1624361592.274502 0.264
27.278364181518555 1624361592.281526 0.264
27.898326873779297 1624361592.288507 0.264
27.898326873779297 1624361592.295424 0.264
27.278364181518555 1624361592.302465 0.264
27.898326873779297 1624361592.309264 0.264
27.898326873779297 1624361592.316339 0.264
27.278364181518555 1624361592.323317 0.264
27.915632247924805 1624361592.330303 0.264
27.278364181518555 1624361592.33743 0.264
27.898326873779297 1624361592.344361 0.264
27.898326873779297 1624361592.351353 0.264
27.278364181518555 1624361592.358321 0.264
27.898326873779297 1624361592.365392 0.264
27.915632247924805 1624361592.37238 0.264
27.898326873779297 1624361592.379428 0.264
27.898326873779297 1624361592.386376 0.264
27.898326873779297 1624361592.393341 0.264
27.278364181518555 1624361592.400445 0.264
27.898326873779297 1624361592.407427 0.264
27.278364181518555 1624361592.414409 0.264
27.898326873779297 1624361592.421451 0.264
27.915632247924805 1624361592.428433 0.264
27.278364181518555 1624361592.435489 0.264
27.898326873779297 1624361592.442449 0.264
27.915632247924805 1624361592.44948 0.264
27.295286178588867 1624361592.456405 0.264
27.898326873779297 1624361592.463403 0.264
27.898326873779297 1624361592.470442 0.264
27.915632247924805 1624361592.477427 0.264
27.915632247924805 1624361592.484243 0.264
27.915632247924805 1624361592.491243 0.264
27.898326873779297 1624361592.498285 0.264
27.898326873779297 1624361592.505258 0.264
27.278364181518555 1624361592.512328 0.264
27.898326873779297 1624361592.51937 0.264
27.898326873779297 1624361592.526339 0.264
27.898326873779297 1624361592.533334 0.264
27.898326873779297 1624361592.540312 0.264
27.898326873779297 1624361592.547296 0.264
27.295286178588867 1624361592.554361 0.264
27.898326873779297 1624361592.561334 0.264
27.898326873779297 1624361592.568268 0.264
27.898326873779297 1624361592.57525 0.264
27.898326873779297 1624361592.582337 0.264
27.278364181518555 1624361592.589376 0.264
27.898326873779297 1624361592.596404 0.264
27.898326873779297 1624361592.603422 0.264
27.278364181518555 1624361592.610392 0.264
27.898326873779297 1624361592.617334 0.264
27.898326873779297 1624361592.624386 0.264
27.278364181518555 1624361592.631382 0.264
27.278364181518555 1624361592.63833 0.264
27.278364181518555 1624361592.645346 0.264
27.898326873779297 1624361592.652381 0.264
27.295286178588867 1624361592.659366 0.264
27.295286178588867 1624361592.66626 0.264
27.898326873779297 1624361592.673251 0.264
27.898326873779297 1624361592.680153 0.264
27.278364181518555 1624361592.687145 0.264
27.915632247924805 1624361592.694168 0.264
27.295286178588867 1624361592.701142 0.264
27.278364181518555 1624361592.708144 0.264
27.898326873779297 1624361592.715163 0.264
27.278364181518555 1624361592.722189 0.264
27.898326873779297 1624361592.729218 0.264
27.898326873779297 1624361592.736158 0.264
27.278364181518555 1624361592.743171 0.264
27.898326873779297 1624361592.75018 0.264
27.898326873779297 1624361592.757227 0.264
27.278364181518555 1624361592.76418 0.264
27.898326873779297 1624361592.771181 0.264
27.278364181518555 1624361592.778251 0.264
27.898326873779297 1624361592.785214 0.264
27.898326873779297 1624361592.792215 0.264
27.278364181518555 1624361592.79922 0.264
27.915632247924805 1624361592.806246 0.264
27.898326873779297 1624361592.813246 0.264
27.295286178588867 1624361592.820254 0.264
27.898326873779297 1624361592.827215 0.264
27.898326873779297 1624361592.834253 0.264
27.898326873779297 1624361592.841217 0.264
27.898326873779297 1624361592.848193 0.264
27.898326873779297 1624361592.855228 0.264
27.915632247924805 1624361592.862231 0.264
27.898326873779297 1624361592.869261 0.264
27.278364181518555 1624361592.876119 0.264
27.278364181518555 1624361592.88311 0.264
27.898326873779297 1624361592.89006 0.264
27.278364181518555 1624361592.897082 0.264
27.898326873779297 1624361592.904085 0.264
27.898326873779297 1624361592.911182 0.264
27.278364181518555 1624361592.918191 0.264
27.915632247924805 1624361592.925201 0.264
27.278364181518555 1624361592.932177 0.264
27.278364181518555 1624361592.939186 0.264
27.898326873779297 1624361592.946196 0.264
27.898326873779297 1624361592.953187 0.264
27.915632247924805 1624361592.960175 0.264
27.898326873779297 1624361592.967158 0.264
27.278364181518555 1624361592.974271 0.264
27.898326873779297 1624361592.981289 0.264
27.898326873779297 1624361592.98829 0.264
27.278364181518555 1624361592.995277 0.264
27.898326873779297 1624361593.002286 0.264
27.898326873779297 1624361593.009283 0.264
27.278364181518555 1624361593.016266 0.264
27.898326873779297 1624361593.023261 0.264
27.278364181518555 1624361593.030294 0.264
27.898326873779297 1624361593.037273 0.264
27.915632247924805 1624361593.044121 0.264
27.278364181518555 1624361593.051114 0.264
27.898326873779297 1624361593.058152 0.264
27.898326873779297 1624361593.065155 0.264
27.278364181518555 1624361593.072171 0.264
27.898326873779297 1624361593.0792 0.264
27.898326873779297 1624361593.086218 0.264
27.278364181518555 1624361593.09315 0.264
27.278364181518555 1624361593.100114 0.264
27.278364181518555 1624361593.107124 0.264
27.278364181518555 1624361593.114213 0.264
27.898326873779297 1624361593.121189 0.264
27.278364181518555 1624361593.128157 0.264
27.898326873779297 1624361593.135148 0.264
27.898326873779297 1624361593.142234 0.264
27.278364181518555 1624361593.149183 0.264
27.898326873779297 1624361593.15621 0.264
27.898326873779297 1624361593.1632 0.264
27.278364181518555 1624361593.170225 0.264
27.898326873779297 1624361593.177234 0.264
27.898326873779297 1624361593.184284 0.264
27.278364181518555 1624361593.191246 0.264
27.898326873779297 1624361593.198238 0.264
27.278364181518555 1624361593.205105 0.264
27.898326873779297 1624361593.212041 0.264
27.278364181518555 1624361593.219067 0.264
27.278364181518555 1624361593.226113 0.264
27.898326873779297 1624361593.233134 0.264
27.898326873779297 1624361593.240054 0.264
27.898326873779297 1624361593.247032 0.264
27.898326873779297 1624361593.254066 0.264
27.278364181518555 1624361593.261126 0.264
27.278364181518555 1624361593.268232 0.264
27.898326873779297 1624361593.27512 0.264
27.278364181518555 1624361593.282157 0.264
27.898326873779297 1624361593.289166 0.264
27.278364181518555 1624361593.296212 0.264
27.278364181518555 1624361593.303188 0.264
27.898326873779297 1624361593.31015 0.264
27.278364181518555 1624361593.317207 0.264
27.278364181518555 1624361593.32419 0.264
27.898326873779297 1624361593.331175 0.264
27.278364181518555 1624361593.338134 0.264
27.278364181518555 1624361593.34514 0.264
27.898326873779297 1624361593.352142 0.264
27.278364181518555 1624361593.359164 0.264
27.898326873779297 1624361593.366123 0.264
27.278364181518555 1624361593.373184 0.264
27.278364181518555 1624361593.379984 0.264
27.278364181518555 1624361593.386931 0.264
27.898326873779297 1624361593.393924 0.264
27.278364181518555 1624361593.400984 0.264
27.278364181518555 1624361593.407976 0.264
27.278364181518555 1624361593.415066 0.264
27.278364181518555 1624361593.422008 0.264
27.898326873779297 1624361593.429068 0.264
27.278364181518555 1624361593.436082 0.264
27.898326873779297 1624361593.4431 0.264
27.898326873779297 1624361593.45008 0.264
27.278364181518555 1624361593.457084 0.264
27.898326873779297 1624361593.464116 0.264
27.898326873779297 1624361593.471083 0.264
27.278364181518555 1624361593.478114 0.264
27.898326873779297 1624361593.485099 0.264
27.898326873779297 1624361593.492151 0.264
27.898326873779297 1624361593.49914 0.264
27.898326873779297 1624361593.506226 0.264
27.278364181518555 1624361593.513206 0.264
27.898326873779297 1624361593.52017 0.264
27.898326873779297 1624361593.527205 0.264
27.278364181518555 1624361593.534151 0.264
27.278364181518555 1624361593.541022 0.264
27.278364181518555 1624361593.547931 0.264
27.278364181518555 1624361593.554974 0.264
27.898326873779297 1624361593.561933 0.264
27.278364181518555 1624361593.56902 0.264
27.898326873779297 1624361593.576023 0.264
27.898326873779297 1624361593.58297 0.264
27.278364181518555 1624361593.589964 0.264
27.898326873779297 1624361593.596972 0.264
27.898326873779297 1624361593.603985 0.264
27.278364181518555 1624361593.611026 0.264
27.898326873779297 1624361593.618023 0.264
27.278364181518555 1624361593.625028 0.264
27.278364181518555 1624361593.632063 0.264
27.898326873779297 1624361593.639086 0.264
27.278364181518555 1624361593.646158 0.264
27.898326873779297 1624361593.653083 0.264
27.898326873779297 1624361593.660042 0.264
27.278364181518555 1624361593.667088 0.264
27.898326873779297 1624361593.674084 0.264
27.278364181518555 1624361593.68111 0.264
27.278364181518555 1624361593.68811 0.264
27.898326873779297 1624361593.695102 0.264
27.898326873779297 1624361593.70203 0.264
27.278364181518555 1624361593.709021 0.264
27.898326873779297 1624361593.715809 0.264
27.278364181518555 1624361593.722861 0.264
27.898326873779297 1624361593.729847 0.264
27.898326873779297 1624361593.736951 0.264
27.278364181518555 1624361593.74402 0.264
27.898326873779297 1624361593.75099 0.264
27.278364181518555 1624361593.75799 0.264
27.278364181518555 1624361593.764939 0.264
27.898326873779297 1624361593.772023 0.264
27.278364181518555 1624361593.778955 0.264
27.278364181518555 1624361593.785984 0.264
27.278364181518555 1624361593.792962 0.264
27.278364181518555 1624361593.800081 0.264
27.278364181518555 1624361593.807014 0.264
27.278364181518555 1624361593.81407 0.264
27.278364181518555 1624361593.821018 0.264
27.278364181518555 1624361593.828023 0.264
27.898326873779297 1624361593.835042 0.264
27.278364181518555 1624361593.841991 0.264
27.278364181518555 1624361593.84905 0.264
27.898326873779297 1624361593.855905 0.264
27.278364181518555 1624361593.862982 0.264
27.278364181518555 1624361593.870052 0.264
27.278364181518555 1624361593.877001 0.264
27.278364181518555 1624361593.884009 0.264
27.898326873779297 1624361593.890872 0.264
27.278364181518555 1624361593.897879 0.264
27.278364181518555 1624361593.904908 0.264
27.278364181518555 1624361593.911873 0.264
27.278364181518555 1624361593.918957 0.264
27.278364181518555 1624361593.925872 0.264
27.898326873779297 1624361593.932905 0.264
27.278364181518555 1624361593.939928 0.264
27.278364181518555 1624361593.946956 0.264
27.278364181518555 1624361593.953932 0.264
27.278364181518555 1624361593.960947 0.264
27.278364181518555 1624361593.967876 0.264
27.278364181518555 1624361593.974945 0.264
27.898326873779297 1624361593.981937 0.264
27.278364181518555 1624361593.988946 0.264
27.278364181518555 1624361593.996014 0.264
27.898326873779297 1624361594.0032 0.264
27.278364181518555 1624361594.010997 0.264
27.278364181518555 1624361594.018046 0.264
27.278364181518555 1624361594.024979 0.264
27.278364181518555 1624361594.032034 0.264
27.898326873779297 1624361594.039021 0.264
27.278364181518555 1624361594.045807 0.264
27.278364181518555 1624361594.052857 0.264
27.278364181518555 1624361594.059875 0.264
27.898326873779297 1624361594.06677 0.264
27.278364181518555 1624361594.073774 0.264
27.278364181518555 1624361594.080802 0.264
27.278364181518555 1624361594.087724 0.264
27.278364181518555 1624361594.094782 0.264
27.898326873779297 1624361594.101835 0.264
27.278364181518555 1624361594.108816 0.264
27.898326873779297 1624361594.115991 0.264
27.898326873779297 1624361594.122932 0.264
27.278364181518555 1624361594.129905 0.264
27.898326873779297 1624361594.136853 0.264
27.278364181518555 1624361594.143838 0.264
27.278364181518555 1624361594.150879 0.264
27.278364181518555 1624361594.157874 0.264
27.278364181518555 1624361594.1649 0.264
27.278364181518555 1624361594.171859 0.264
27.898326873779297 1624361594.178937 0.264
27.278364181518555 1624361594.185941 0.264
27.898326873779297 1624361594.19295 0.264
27.278364181518555 1624361594.199938 0.264
27.278364181518555 1624361594.20696 0.264
27.898326873779297 1624361594.21394 0.264
27.278364181518555 1624361594.220754 0.264
27.278364181518555 1624361594.227784 0.264
27.278364181518555 1624361594.234735 0.264
27.278364181518555 1624361594.241703 0.264
27.278364181518555 1624361594.248797 0.264
27.898326873779297 1624361594.255779 0.264
27.278364181518555 1624361594.262727 0.264
27.278364181518555 1624361594.269729 0.264
27.898326873779297 1624361594.276724 0.264
27.278364181518555 1624361594.283718 0.264
27.898326873779297 1624361594.290788 0.264
27.278364181518555 1624361594.297913 0.264
27.278364181518555 1624361594.304882 0.264
27.898326873779297 1624361594.311888 0.264
27.278364181518555 1624361594.318929 0.264
27.278364181518555 1624361594.325898 0.264
27.898326873779297 1624361594.332879 0.264
27.278364181518555 1624361594.339837 0.264
27.898326873779297 1624361594.346859 0.264
27.898326873779297 1624361594.353842 0.264
27.278364181518555 1624361594.360865 0.264
27.278364181518555 1624361594.367915 0.264
27.278364181518555 1624361594.374729 0.264
27.278364181518555 1624361594.381713 0.264
27.278364181518555 1624361594.388728 0.264
27.278364181518555 1624361594.395744 0.264
27.278364181518555 1624361594.402698 0.264
27.278364181518555 1624361594.409655 0.264
27.278364181518555 1624361594.416666 0.264
27.278364181518555 1624361594.423689 0.264
27.278364181518555 1624361594.430771 0.264
27.278364181518555 1624361594.437741 0.264
27.278364181518555 1624361594.44475 0.264
27.898326873779297 1624361594.451764 0.264
27.278364181518555 1624361594.45881 0.264
27.898326873779297 1624361594.465799 0.264
27.278364181518555 1624361594.472807 0.264
27.278364181518555 1624361594.479801 0.264
27.898326873779297 1624361594.486779 0.264
27.278364181518555 1624361594.493801 0.264
27.278364181518555 1624361594.500807 0.264
27.278364181518555 1624361594.507797 0.264
27.278364181518555 1624361594.514827 0.264
27.898326873779297 1624361594.521848 0.264
27.278364181518555 1624361594.528822 0.264
27.278364181518555 1624361594.53584 0.264
27.898326873779297 1624361594.54282 0.264
27.278364181518555 1624361594.549872 0.264
27.278364181518555 1624361594.556853 0.264
27.278364181518555 1624361594.563858 0.264
27.278364181518555 1624361594.570636 0.264
27.898326873779297 1624361594.577652 0.264
27.898326873779297 1624361594.584683 0.264
27.278364181518555 1624361594.591698 0.264
27.278364181518555 1624361594.598704 0.264
27.278364181518555 1624361594.605715 0.264
27.278364181518555 1624361594.612745 0.264
27.898326873779297 1624361594.619671 0.264
27.278364181518555 1624361594.626707 0.264
27.278364181518555 1624361594.633732 0.264
27.898326873779297 1624361594.640686 0.264
27.278364181518555 1624361594.647696 0.264
27.278364181518555 1624361594.654673 0.264
27.278364181518555 1624361594.661732 0.264
27.278364181518555 1624361594.668706 0.264
27.278364181518555 1624361594.675709 0.264
27.278364181518555 1624361594.682653 0.264
27.278364181518555 1624361594.689694 0.264
27.278364181518555 1624361594.696747 0.264
27.278364181518555 1624361594.703732 0.264
27.278364181518555 1624361594.710849 0.264
27.278364181518555 1624361594.717831 0.264
27.278364181518555 1624361594.724771 0.264
27.898326873779297 1624361594.731754 0.264
27.898326873779297 1624361594.738757 0.264
27.278364181518555 1624361594.745811 0.264
27.898326873779297 1624361594.752759 0.264
27.278364181518555 1624361594.759649 0.264
27.278364181518555 1624361594.766586 0.264
27.898326873779297 1624361594.773603 0.264
27.278364181518555 1624361594.780664 0.264
27.278364181518555 1624361594.787654 0.264
27.898326873779297 1624361594.794641 0.264
27.278364181518555 1624361594.801611 0.264
27.278364181518555 1624361594.80861 0.264
27.278364181518555 1624361594.815537 0.264
27.278364181518555 1624361594.822589 0.264
27.278364181518555 1624361594.829597 0.264
27.278364181518555 1624361594.836535 0.264
27.278364181518555 1624361594.843556 0.264
27.278364181518555 1624361594.85057 0.264
27.278364181518555 1624361594.85761 0.264
27.278364181518555 1624361594.864567 0.264
27.278364181518555 1624361594.87165 0.264
27.278364181518555 1624361594.878588 0.264
27.278364181518555 1624361594.88562 0.264
27.278364181518555 1624361594.892587 0.264
27.278364181518555 1624361594.89957 0.264
27.278364181518555 1624361594.90659 0.264
27.278364181518555 1624361594.913576 0.264
27.278364181518555 1624361594.920675 0.264
27.278364181518555 1624361594.927683 0.264
27.278364181518555 1624361594.93471 0.264
27.278364181518555 1624361594.941594 0.264
27.278364181518555 1624361594.948617 0.264
27.278364181518555 1624361594.955664 0.264
27.278364181518555 1624361594.962742 0.264
27.278364181518555 1624361594.969725 0.264
27.278364181518555 1624361594.976712 0.264
27.898326873779297 1624361594.98356 0.264
27.278364181518555 1624361594.99057 0.264
27.278364181518555 1624361594.997541 0.264
27.278364181518555 1624361595.004566 0.264
27.278364181518555 1624361595.011616 0.264
27.278364181518555 1624361595.018532 0.264
27.278364181518555 1624361595.025573 0.264
27.278364181518555 1624361595.032634 0.264
27.278364181518555 1624361595.039628 0.264
27.278364181518555 1624361595.046607 0.264
27.278364181518555 1624361595.053691 0.264
27.278364181518555 1624361595.060632 0.264
27.278364181518555 1624361595.067649 0.264
27.278364181518555 1624361595.074594 0.264
27.898326873779297 1624361595.081621 0.264
27.278364181518555 1624361595.088644 0.264
27.278364181518555 1624361595.095682 0.264
27.278364181518555 1624361595.102663 0.264
27.278364181518555 1624361595.109661 0.264
27.898326873779297 1624361595.116637 0.264
27.278364181518555 1624361595.123687 0.264
27.278364181518555 1624361595.130663 0.264
27.898326873779297 1624361595.137608 0.264
27.278364181518555 1624361595.144663 0.264
27.278364181518555 1624361595.151566 0.264
27.278364181518555 1624361595.158574 0.264
27.278364181518555 1624361595.165711 0.264
27.278364181518555 1624361595.172473 0.264
27.278364181518555 1624361595.179496 0.264
27.278364181518555 1624361595.186544 0.264
27.278364181518555 1624361595.193512 0.264
27.898326873779297 1624361595.200504 0.264
27.278364181518555 1624361595.207529 0.264
27.278364181518555 1624361595.214511 0.264
27.278364181518555 1624361595.221567 0.264
27.278364181518555 1624361595.228488 0.264
27.278364181518555 1624361595.235486 0.264
27.278364181518555 1624361595.242451 0.264
27.898326873779297 1624361595.249452 0.264
27.278364181518555 1624361595.256516 0.264
27.278364181518555 1624361595.263505 0.264
27.278364181518555 1624361595.270506 0.264
27.278364181518555 1624361595.277475 0.264
27.278364181518555 1624361595.284483 0.264
27.278364181518555 1624361595.2915 0.264
27.278364181518555 1624361595.298522 0.264
27.278364181518555 1624361595.305606 0.264
27.898326873779297 1624361595.312663 0.264
27.278364181518555 1624361595.319569 0.264
