3.6363637447357178 1624362044.690844 0.974
4.242424488067627 1624362044.697935 0.974
4.242424488067627 1624362044.704917 0.974
3.6363637447357178 1624362044.711872 0.974
4.242424488067627 1624362044.718922 0.974
4.242424488067627 1624362044.725841 0.974
4.242424488067627 1624362044.732893 0.974
4.242424488067627 1624362044.739915 0.974
4.242424488067627 1624362044.746926 0.974
4.242424488067627 1624362044.753955 0.974
4.242424488067627 1624362044.760888 0.974
4.242424488067627 1624362044.767923 0.974
4.242424488067627 1624362044.774882 0.974
4.242424488067627 1624362044.781948 0.974
3.6363637447357178 1624362044.788881 0.974
4.242424488067627 1624362044.7959 0.974
3.6363637447357178 1624362044.80294 0.974
4.242424488067627 1624362044.80991 0.974
4.242424488067627 1624362044.816921 0.974
3.6363637447357178 1624362044.823915 0.974
4.242424488067627 1624362044.83093 0.974
4.242424488067627 1624362044.837867 0.974
4.242424488067627 1624362044.844926 0.974
4.242424488067627 1624362044.851886 0.974
3.6363637447357178 1624362044.858871 0.974
4.242424488067627 1624362044.865899 0.974
4.242424488067627 1624362044.872898 0.974
3.6363637447357178 1624362044.879745 0.974
4.242424488067627 1624362044.886881 0.974
4.242424488067627 1624362044.893763 0.974
4.242424488067627 1624362044.900774 0.974
4.242424488067627 1624362044.907794 0.974
4.242424488067627 1624362044.914752 0.974
3.6363637447357178 1624362044.921829 0.974
4.242424488067627 1624362044.928869 0.974
3.6363637447357178 1624362044.935757 0.974
4.242424488067627 1624362044.942726 0.974
4.242424488067627 1624362044.949782 0.974
3.6363637447357178 1624362044.95681 0.974
4.242424488067627 1624362044.963776 0.974
4.242424488067627 1624362044.970771 0.974
3.6363637447357178 1624362044.977782 0.974
4.242424488067627 1624362044.984803 0.974
3.6363637447357178 1624362044.991814 0.974
3.6363637447357178 1624362044.998809 0.974
4.242424488067627 1624362045.005814 0.974
3.6363637447357178 1624362045.012798 0.974
4.242424488067627 1624362045.019873 0.974
4.242424488067627 1624362045.0268 0.974
4.242424488067627 1624362045.033848 0.974
4.242424488067627 1624362045.040922 0.974
4.242424488067627 1624362045.047874 0.974
3.6363637447357178 1624362045.054876 0.974
4.242424488067627 1624362045.061887 0.974
3.6363637447357178 1624362045.068928 0.974
4.242424488067627 1624362045.075901 0.974
4.242424488067627 1624362045.082914 0.974
3.6363637447357178 1624362045.08991 0.974
4.242424488067627 1624362045.096913 0.974
4.242424488067627 1624362045.103705 0.974
3.6363637447357178 1624362045.110689 0.974
4.242424488067627 1624362045.117726 0.974
4.242424488067627 1624362045.124649 0.974
4.242424488067627 1624362045.131689 0.974
4.242424488067627 1624362045.138719 0.974
4.242424488067627 1624362045.145692 0.974
4.242424488067627 1624362045.152691 0.974
4.242424488067627 1624362045.159696 0.974
3.6363637447357178 1624362045.166789 0.974
4.242424488067627 1624362045.17364 0.974
4.242424488067627 1624362045.180735 0.974
3.6363637447357178 1624362045.187764 0.974
4.242424488067627 1624362045.194686 0.974
4.242424488067627 1624362045.201763 0.974
4.242424488067627 1624362045.20883 0.974
4.242424488067627 1624362045.21584 0.974
3.6363637447357178 1624362045.222787 0.974
4.242424488067627 1624362045.229742 0.974
4.242424488067627 1624362045.236807 0.974
3.6363637447357178 1624362045.243779 0.974
4.242424488067627 1624362045.250863 0.974
4.242424488067627 1624362045.257849 0.974
4.242424488067627 1624362045.264767 0.974
4.242424488067627 1624362045.2719 0.974
3.6363637447357178 1624362045.278789 0.974
4.242424488067627 1624362045.285887 0.974
4.242424488067627 1624362045.292638 0.974
3.6363637447357178 1624362045.299698 0.974
4.242424488067627 1624362045.306602 0.974
4.242424488067627 1624362045.313618 0.974
3.6363637447357178 1624362045.320605 0.974
4.242424488067627 1624362045.327687 0.974
4.242424488067627 1624362045.334714 0.974
3.6363637447357178 1624362045.341722 0.974
4.242424488067627 1624362045.348681 0.974
3.6363637447357178 1624362045.355719 0.974
4.242424488067627 1624362045.362721 0.974
4.242424488067627 1624362045.36973 0.974
3.6363637447357178 1624362045.376699 0.974
4.242424488067627 1624362045.38368 0.974
4.242424488067627 1624362045.390703 0.974
4.242424488067627 1624362045.397751 0.974
4.242424488067627 1624362045.404646 0.974
3.6363637447357178 1624362045.411632 0.974
4.242424488067627 1624362045.418666 0.974
4.242424488067627 1624362045.425658 0.974
3.6363637447357178 1624362045.432686 0.974
4.242424488067627 1624362045.439815 0.974
4.242424488067627 1624362045.446783 0.974
3.6363637447357178 1624362045.453737 0.974
4.242424488067627 1624362045.460735 0.974
3.6363637447357178 1624362045.467698 0.974
4.242424488067627 1624362045.474655 0.974
4.242424488067627 1624362045.481681 0.974
3.6363637447357178 1624362045.488711 0.974
4.242424488067627 1624362045.49573 0.974
4.242424488067627 1624362045.502724 0.974
3.6363637447357178 1624362045.509729 0.974
4.242424488067627 1624362045.516813 0.974
4.242424488067627 1624362045.523791 0.974
3.6363637447357178 1624362045.530696 0.974
4.242424488067627 1624362045.537572 0.974
3.6363637447357178 1624362045.544576 0.974
4.242424488067627 1624362045.551584 0.974
4.242424488067627 1624362045.558562 0.974
3.6363637447357178 1624362045.565604 0.974
4.242424488067627 1624362045.572538 0.974
4.242424488067627 1624362045.579554 0.974
3.6363637447357178 1624362045.586545 0.974
4.242424488067627 1624362045.593536 0.974
4.242424488067627 1624362045.600506 0.974
3.6363637447357178 1624362045.607614 0.974
4.242424488067627 1624362045.614597 0.974
3.6363637447357178 1624362045.621612 0.974
4.242424488067627 1624362045.628668 0.974
4.242424488067627 1624362045.635534 0.974
3.6363637447357178 1624362045.642539 0.974
4.242424488067627 1624362045.649638 0.974
4.242424488067627 1624362045.65668 0.974
3.6363637447357178 1624362045.663629 0.974
4.242424488067627 1624362045.670669 0.974
4.242424488067627 1624362045.677698 0.974
3.6363637447357178 1624362045.684633 0.974
4.242424488067627 1624362045.691735 0.974
4.242424488067627 1624362045.698704 0.974
4.242424488067627 1624362045.70567 0.974
4.242424488067627 1624362045.712718 0.974
4.242424488067627 1624362045.719668 0.974
4.242424488067627 1624362045.726639 0.974
4.242424488067627 1624362045.733668 0.974
3.6363637447357178 1624362045.740681 0.974
4.242424488067627 1624362045.747711 0.974
3.6363637447357178 1624362045.754759 0.974
4.242424488067627 1624362045.761742 0.974
4.242424488067627 1624362045.768556 0.974
3.6363637447357178 1624362045.775671 0.974
4.242424488067627 1624362045.782541 0.974
3.6363637447357178 1624362045.789486 0.974
3.6363637447357178 1624362045.79654 0.974
4.242424488067627 1624362045.803461 0.974
3.6363637447357178 1624362045.810462 0.974
3.6363637447357178 1624362045.817552 0.974
4.242424488067627 1624362045.824502 0.974
3.6363637447357178 1624362045.831487 0.974
4.242424488067627 1624362045.838535 0.974
4.242424488067627 1624362045.845548 0.974
3.6363637447357178 1624362045.852499 0.974
4.242424488067627 1624362045.859521 0.974
4.242424488067627 1624362045.866571 0.974
4.242424488067627 1624362045.873545 0.974
4.242424488067627 1624362045.880521 0.974
3.6363637447357178 1624362045.887605 0.974
4.242424488067627 1624362045.894647 0.974
4.242424488067627 1624362045.90168 0.974
3.6363637447357178 1624362045.908552 0.974
4.242424488067627 1624362045.91556 0.974
4.242424488067627 1624362045.922594 0.974
4.242424488067627 1624362045.92964 0.974
4.242424488067627 1624362045.936618 0.974
3.6363637447357178 1624362045.943622 0.974
4.242424488067627 1624362045.950668 0.974
4.242424488067627 1624362045.957686 0.974
3.6363637447357178 1624362045.964657 0.974
4.242424488067627 1624362045.971623 0.974
4.242424488067627 1624362045.978662 0.974
3.6363637447357178 1624362045.985642 0.974
4.242424488067627 1624362045.992444 0.974
3.6363637447357178 1624362045.999497 0.974
4.242424488067627 1624362046.006415 0.974
4.242424488067627 1624362046.013488 0.974
3.6363637447357178 1624362046.020584 0.974
4.242424488067627 1624362046.027416 0.974
4.242424488067627 1624362046.034582 0.974
3.6363637447357178 1624362046.04148 0.974
4.242424488067627 1624362046.048501 0.974
3.6363637447357178 1624362046.055527 0.974
3.6363637447357178 1624362046.062492 0.974
4.242424488067627 1624362046.069483 0.974
3.6363637447357178 1624362046.076545 0.974
4.242424488067627 1624362046.083578 0.974
4.242424488067627 1624362046.090583 0.974
3.6363637447357178 1624362046.097588 0.974
4.242424488067627 1624362046.104576 0.974
4.242424488067627 1624362046.111578 0.974
3.6363637447357178 1624362046.118578 0.974
4.242424488067627 1624362046.125581 0.974
3.6363637447357178 1624362046.132548 0.974
4.242424488067627 1624362046.139554 0.974
4.242424488067627 1624362046.146516 0.974
3.6363637447357178 1624362046.153537 0.974
4.242424488067627 1624362046.16049 0.974
4.242424488067627 1624362046.167457 0.974
4.242424488067627 1624362046.174482 0.974
4.242424488067627 1624362046.181519 0.974
3.6363637447357178 1624362046.188452 0.974
4.242424488067627 1624362046.195478 0.974
4.242424488067627 1624362046.202347 0.974
3.6363637447357178 1624362046.209339 0.974
4.242424488067627 1624362046.216342 0.974
4.242424488067627 1624362046.223343 0.974
3.6363637447357178 1624362046.230331 0.974
4.242424488067627 1624362046.237374 0.974
4.242424488067627 1624362046.244352 0.974
4.242424488067627 1624362046.251396 0.974
4.242424488067627 1624362046.2584 0.974
3.6363637447357178 1624362046.265353 0.974
4.242424488067627 1624362046.272401 0.974
4.242424488067627 1624362046.279424 0.974
3.6363637447357178 1624362046.28641 0.974
4.242424488067627 1624362046.293436 0.974
3.6363637447357178 1624362046.300569 0.974
3.6363637447357178 1624362046.307466 0.974
4.242424488067627 1624362046.31455 0.974
3.6363637447357178 1624362046.321602 0.974
4.242424488067627 1624362046.328558 0.974
4.242424488067627 1624362046.335543 0.974
3.6363637447357178 1624362046.342517 0.974
4.242424488067627 1624362046.349535 0.974
4.242424488067627 1624362046.356525 0.974
3.6363637447357178 1624362046.363513 0.974
4.242424488067627 1624362046.370543 0.974
3.6363637447357178 1624362046.377549 0.974
4.242424488067627 1624362046.384393 0.974
4.242424488067627 1624362046.391378 0.974
3.6363637447357178 1624362046.398391 0.974
4.242424488067627 1624362046.405401 0.974
4.242424488067627 1624362046.412364 0.974
3.6363637447357178 1624362046.41939 0.974
4.242424488067627 1624362046.426389 0.974
3.6363637447357178 1624362046.433398 0.974
3.6363637447357178 1624362046.440366 0.974
3.6363637447357178 1624362046.447423 0.974
3.6363637447357178 1624362046.454371 0.974
4.242424488067627 1624362046.461327 0.974
4.242424488067627 1624362046.468412 0.974
3.6363637447357178 1624362046.475316 0.974
4.242424488067627 1624362046.482396 0.974
3.6363637447357178 1624362046.489439 0.974
3.6363637447357178 1624362046.496355 0.974
4.242424488067627 1624362046.503333 0.974
3.6363637447357178 1624362046.510378 0.974
4.242424488067627 1624362046.517481 0.974
4.242424488067627 1624362046.524496 0.974
3.6363637447357178 1624362046.531476 0.974
4.242424488067627 1624362046.538446 0.974
4.242424488067627 1624362046.545492 0.974
3.6363637447357178 1624362046.552453 0.974
4.242424488067627 1624362046.5593 0.974
3.6363637447357178 1624362046.566339 0.974
4.242424488067627 1624362046.573342 0.974
4.242424488067627 1624362046.580347 0.974
3.6363637447357178 1624362046.587365 0.974
4.242424488067627 1624362046.594401 0.974
4.242424488067627 1624362046.601327 0.974
3.6363637447357178 1624362046.608375 0.974
4.242424488067627 1624362046.615364 0.974
4.242424488067627 1624362046.622367 0.974
3.6363637447357178 1624362046.62935 0.974
4.242424488067627 1624362046.638042 0.974
3.6363637447357178 1624362046.645372 0.974
4.242424488067627 1624362046.652356 0.974
4.242424488067627 1624362046.659305 0.974
3.6363637447357178 1624362046.666428 0.974
4.242424488067627 1624362046.673424 0.974
3.6363637447357178 1624362046.680332 0.974
4.242424488067627 1624362046.687337 0.974
4.242424488067627 1624362046.694185 0.974
3.6363637447357178 1624362046.701223 0.974
4.242424488067627 1624362046.708213 0.974
4.242424488067627 1624362046.715231 0.974
3.6363637447357178 1624362046.722212 0.974
4.242424488067627 1624362046.729243 0.974
3.6363637447357178 1624362046.736287 0.974
4.242424488067627 1624362046.743266 0.974
4.242424488067627 1624362046.750325 0.974
3.6363637447357178 1624362046.757277 0.974
4.242424488067627 1624362046.764257 0.974
4.242424488067627 1624362046.771289 0.974
3.6363637447357178 1624362046.778361 0.974
4.242424488067627 1624362046.785346 0.974
3.6363637447357178 1624362046.79234 0.974
3.6363637447357178 1624362046.799338 0.974
4.242424488067627 1624362046.806392 0.974
4.242424488067627 1624362046.813313 0.974
4.242424488067627 1624362046.820298 0.974
4.242424488067627 1624362046.827383 0.974
3.6363637447357178 1624362046.83436 0.974
4.242424488067627 1624362046.841366 0.974
4.242424488067627 1624362046.848372 0.974
3.6363637447357178 1624362046.855352 0.974
4.242424488067627 1624362046.862322 0.974
3.6363637447357178 1624362046.869395 0.974
3.6363637447357178 1624362046.876419 0.974
4.242424488067627 1624362046.883195 0.974
3.6363637447357178 1624362046.890165 0.974
4.242424488067627 1624362046.89714 0.974
4.242424488067627 1624362046.90419 0.974
4.242424488067627 1624362046.911138 0.974
4.242424488067627 1624362046.918214 0.974
4.242424488067627 1624362046.925255 0.974
3.6363637447357178 1624362046.93227 0.974
4.242424488067627 1624362046.939225 0.974
3.6363637447357178 1624362046.946251 0.974
4.242424488067627 1624362046.953252 0.974
4.242424488067627 1624362046.960215 0.974
3.6363637447357178 1624362046.96726 0.974
4.242424488067627 1624362046.974225 0.974
4.242424488067627 1624362046.981254 0.974
3.6363637447357178 1624362046.988263 0.974
4.242424488067627 1624362046.995246 0.974
4.242424488067627 1624362047.002315 0.974
3.6363637447357178 1624362047.009269 0.974
4.242424488067627 1624362047.016254 0.974
3.6363637447357178 1624362047.023282 0.974
4.242424488067627 1624362047.0303 0.974
4.242424488067627 1624362047.037255 0.974
3.6363637447357178 1624362047.044285 0.974
4.242424488067627 1624362047.051239 0.974
4.242424488067627 1624362047.058281 0.974
3.6363637447357178 1624362047.065224 0.974
4.242424488067627 1624362047.0722 0.974
3.6363637447357178 1624362047.079188 0.974
4.242424488067627 1624362047.086175 0.974
4.242424488067627 1624362047.093189 0.974
3.6363637447357178 1624362047.100238 0.974
4.242424488067627 1624362047.107237 0.974
4.242424488067627 1624362047.114201 0.974
3.6363637447357178 1624362047.121239 0.974
4.242424488067627 1624362047.128248 0.974
3.6363637447357178 1624362047.135221 0.974
3.6363637447357178 1624362047.142072 0.974
4.242424488067627 1624362047.149151 0.974
3.6363637447357178 1624362047.1561 0.974
4.242424488067627 1624362047.163064 0.974
4.242424488067627 1624362047.170131 0.974
3.6363637447357178 1624362047.177049 0.974
4.242424488067627 1624362047.184049 0.974
4.242424488067627 1624362047.191106 0.974
3.6363637447357178 1624362047.198179 0.974
4.242424488067627 1624362047.205184 0.974
4.242424488067627 1624362047.212168 0.974
4.242424488067627 1624362047.219169 0.974
4.242424488067627 1624362047.226224 0.974
3.6363637447357178 1624362047.233242 0.974
4.242424488067627 1624362047.240224 0.974
4.242424488067627 1624362047.247169 0.974
3.6363637447357178 1624362047.254218 0.974
4.242424488067627 1624362047.261232 0.974
3.6363637447357178 1624362047.268141 0.974
3.6363637447357178 1624362047.275164 0.974
4.242424488067627 1624362047.282164 0.974
3.6363637447357178 1624362047.289259 0.974
4.242424488067627 1624362047.296208 0.974
4.242424488067627 1624362047.303232 0.974
3.6363637447357178 1624362047.310261 0.974
4.242424488067627 1624362047.317227 0.974
3.6363637447357178 1624362047.324234 0.974
3.6363637447357178 1624362047.331069 0.974
4.242424488067627 1624362047.338046 0.974
3.6363637447357178 1624362047.345091 0.974
4.242424488067627 1624362047.352166 0.974
4.242424488067627 1624362047.359123 0.974
3.6363637447357178 1624362047.366098 0.974
4.242424488067627 1624362047.373108 0.974
4.242424488067627 1624362047.380052 0.974
3.6363637447357178 1624362047.387112 0.974
4.242424488067627 1624362047.394164 0.974
3.6363637447357178 1624362047.401139 0.974
3.6363637447357178 1624362047.40819 0.974
4.242424488067627 1624362047.417169 0.974
3.6363637447357178 1624362047.424153 0.974
4.242424488067627 1624362047.431147 0.974
3.6363637447357178 1624362047.438206 0.974
3.6363637447357178 1624362047.445174 0.974
4.242424488067627 1624362047.45217 0.974
3.6363637447357178 1624362047.459314 0.974
4.242424488067627 1624362047.466038 0.974
4.242424488067627 1624362047.473024 0.974
3.6363637447357178 1624362047.480136 0.974
4.242424488067627 1624362047.487049 0.974
3.6363637447357178 1624362047.49398 0.974
3.6363637447357178 1624362047.500986 0.974
4.242424488067627 1624362047.507971 0.974
3.6363637447357178 1624362047.514992 0.974
4.242424488067627 1624362047.522005 0.974
3.6363637447357178 1624362047.52898 0.974
3.6363637447357178 1624362047.535994 0.974
4.242424488067627 1624362047.54297 0.974
4.242424488067627 1624362047.549989 0.974
3.6363637447357178 1624362047.557072 0.974
4.242424488067627 1624362047.563997 0.974
4.242424488067627 1624362047.571011 0.974
3.6363637447357178 1624362047.577975 0.974
3.6363637447357178 1624362047.585018 0.974
3.6363637447357178 1624362047.592025 0.974
4.242424488067627 1624362047.599025 0.974
4.242424488067627 1624362047.606049 0.974
3.6363637447357178 1624362047.613047 0.974
4.242424488067627 1624362047.620025 0.974
3.6363637447357178 1624362047.627047 0.974
3.6363637447357178 1624362047.634077 0.974
4.242424488067627 1624362047.641039 0.974
3.6363637447357178 1624362047.647863 0.974
3.6363637447357178 1624362047.654853 0.974
4.242424488067627 1624362047.661882 0.974
3.6363637447357178 1624362047.668908 0.974
4.242424488067627 1624362047.675906 0.974
4.242424488067627 1624362047.682943 0.974
3.6363637447357178 1624362047.689884 0.974
4.242424488067627 1624362047.697029 0.974
3.6363637447357178 1624362047.703897 0.974
3.6363637447357178 1624362047.710899 0.974
4.242424488067627 1624362047.717907 0.974
3.6363637447357178 1624362047.7249 0.974
4.242424488067627 1624362047.73196 0.974
4.242424488067627 1624362047.738954 0.974
3.6363637447357178 1624362047.745981 0.974
4.242424488067627 1624362047.752958 0.974
3.6363637447357178 1624362047.759941 0.974
3.6363637447357178 1624362047.767006 0.974
4.242424488067627 1624362047.773943 0.974
3.6363637447357178 1624362047.780948 0.974
4.242424488067627 1624362047.788075 0.974
4.242424488067627 1624362047.795037 0.974
3.6363637447357178 1624362047.802145 0.974
4.242424488067627 1624362047.809098 0.974
3.6363637447357178 1624362047.81594 0.974
3.6363637447357178 1624362047.822958 0.974
4.242424488067627 1624362047.830011 0.974
3.6363637447357178 1624362047.836966 0.974
3.6363637447357178 1624362047.844036 0.974
3.6363637447357178 1624362047.850994 0.974
3.6363637447357178 1624362047.857939 0.974
4.242424488067627 1624362047.865049 0.974
4.242424488067627 1624362047.872116 0.974
3.6363637447357178 1624362047.878989 0.974
4.242424488067627 1624362047.886021 0.974
3.6363637447357178 1624362047.893046 0.974
3.6363637447357178 1624362047.900079 0.974
4.242424488067627 1624362047.907024 0.974
3.6363637447357178 1624362047.914053 0.974
4.242424488067627 1624362047.920974 0.974
4.242424488067627 1624362047.928064 0.974
3.6363637447357178 1624362047.93504 0.974
4.242424488067627 1624362047.94208 0.974
3.6363637447357178 1624362047.949054 0.974
3.6363637447357178 1624362047.95608 0.974
4.242424488067627 1624362047.963079 0.974
3.6363637447357178 1624362047.970048 0.974
4.242424488067627 1624362047.976941 0.974
4.242424488067627 1624362047.983879 0.974
3.6363637447357178 1624362047.990883 0.974
4.242424488067627 1624362047.997921 0.974
3.6363637447357178 1624362048.004936 0.974
3.6363637447357178 1624362048.011997 0.974
4.242424488067627 1624362048.018926 0.974
3.6363637447357178 1624362048.02595 0.974
3.6363637447357178 1624362048.032921 0.974
4.242424488067627 1624362048.039936 0.974
3.6363637447357178 1624362048.047011 0.974
4.242424488067627 1624362048.054005 0.974
4.242424488067627 1624362048.060999 0.974
3.6363637447357178 1624362048.068026 0.974
4.242424488067627 1624362048.074903 0.974
3.6363637447357178 1624362048.081945 0.974
3.6363637447357178 1624362048.088967 0.974
4.242424488067627 1624362048.096034 0.974
3.6363637447357178 1624362048.102935 0.974
3.6363637447357178 1624362048.109975 0.974
4.242424488067627 1624362048.117011 0.974
3.6363637447357178 1624362048.123986 0.974
4.242424488067627 1624362048.131012 0.974
4.242424488067627 1624362048.13806 0.974
3.6363637447357178 1624362048.144981 0.974
4.242424488067627 1624362048.151826 0.974
4.242424488067627 1624362048.158843 0.974
3.6363637447357178 1624362048.16587 0.974
4.242424488067627 1624362048.172838 0.974
3.6363637447357178 1624362048.179896 0.974
3.6363637447357178 1624362048.186875 0.974
4.242424488067627 1624362048.193912 0.974
3.6363637447357178 1624362048.200931 0.974
4.242424488067627 1624362048.207888 0.974
3.6363637447357178 1624362048.214871 0.974
3.6363637447357178 1624362048.221888 0.974
4.242424488067627 1624362048.228913 0.974
3.6363637447357178 1624362048.235891 0.974
4.242424488067627 1624362048.242841 0.974
4.242424488067627 1624362048.249919 0.974
3.6363637447357178 1624362048.256898 0.974
4.242424488067627 1624362048.263881 0.974
4.242424488067627 1624362048.270832 0.974
3.6363637447357178 1624362048.277854 0.974
4.242424488067627 1624362048.284859 0.974
4.242424488067627 1624362048.291859 0.974
3.6363637447357178 1624362048.298839 0.974
4.242424488067627 1624362048.305792 0.974
3.6363637447357178 1624362048.312814 0.974
4.242424488067627 1624362048.319815 0.974
4.242424488067627 1624362048.326815 0.974
3.6363637447357178 1624362048.33385 0.974
4.242424488067627 1624362048.340866 0.974
3.6363637447357178 1624362048.347697 0.974
3.6363637447357178 1624362048.354664 0.974
4.242424488067627 1624362048.36168 0.974
3.6363637447357178 1624362048.368707 0.974
3.6363637447357178 1624362048.375688 0.974
4.242424488067627 1624362048.38269 0.974
3.6363637447357178 1624362048.389677 0.974
4.242424488067627 1624362048.396677 0.974
4.242424488067627 1624362048.403777 0.974
3.6363637447357178 1624362048.410775 0.974
4.242424488067627 1624362048.417824 0.974
3.6363637447357178 1624362048.424793 0.974
3.6363637447357178 1624362048.431796 0.974
4.242424488067627 1624362048.438823 0.974
3.6363637447357178 1624362048.445854 0.974
4.242424488067627 1624362048.452863 0.974
4.242424488067627 1624362048.459805 0.974
3.6363637447357178 1624362048.466817 0.974
4.242424488067627 1624362048.473852 0.974
4.242424488067627 1624362048.480897 0.974
3.6363637447357178 1624362048.487828 0.974
4.242424488067627 1624362048.494849 0.974
3.6363637447357178 1624362048.501909 0.974
4.242424488067627 1624362048.508889 0.974
4.242424488067627 1624362048.515901 0.974
3.6363637447357178 1624362048.522911 0.974
4.242424488067627 1624362048.529876 0.974
3.6363637447357178 1624362048.536909 0.974
3.6363637447357178 1624362048.543738 0.974
4.242424488067627 1624362048.550896 0.974
3.6363637447357178 1624362048.557742 0.974
4.242424488067627 1624362048.564744 0.974
3.6363637447357178 1624362048.571744 0.974
3.6363637447357178 1624362048.578689 0.974
4.242424488067627 1624362048.585751 0.974
3.6363637447357178 1624362048.592737 0.974
3.6363637447357178 1624362048.599748 0.974
4.242424488067627 1624362048.606775 0.974
3.6363637447357178 1624362048.613769 0.974
3.6363637447357178 1624362048.620745 0.974
4.242424488067627 1624362048.627802 0.974
3.6363637447357178 1624362048.634798 0.974
4.242424488067627 1624362048.641768 0.974
4.242424488067627 1624362048.648815 0.974
3.6363637447357178 1624362048.655784 0.974
3.6363637447357178 1624362048.662753 0.974
3.6363637447357178 1624362048.6697 0.974
3.6363637447357178 1624362048.676704 0.974
4.242424488067627 1624362048.683684 0.974
3.6363637447357178 1624362048.690723 0.974
4.242424488067627 1624362048.697711 0.974
4.242424488067627 1624362048.70472 0.974
3.6363637447357178 1624362048.711686 0.974
4.242424488067627 1624362048.718799 0.974
4.242424488067627 1624362048.725752 0.974
3.6363637447357178 1624362048.732691 0.974
4.242424488067627 1624362048.73977 0.974
3.6363637447357178 1624362048.746744 0.974
3.6363637447357178 1624362048.753747 0.974
3.6363637447357178 1624362048.76069 0.974
3.6363637447357178 1624362048.767713 0.974
4.242424488067627 1624362048.774635 0.974
4.242424488067627 1624362048.78169 0.974
3.6363637447357178 1624362048.788649 0.974
4.242424488067627 1624362048.795743 0.974
3.6363637447357178 1624362048.802692 0.974
3.6363637447357178 1624362048.8097 0.974
4.242424488067627 1624362048.816716 0.974
3.6363637447357178 1624362048.823699 0.974
4.242424488067627 1624362048.83071 0.974
4.242424488067627 1624362048.837744 0.974
3.6363637447357178 1624362048.8447 0.974
4.242424488067627 1624362048.851685 0.974
4.242424488067627 1624362048.858668 0.974
3.6363637447357178 1624362048.865654 0.974
4.242424488067627 1624362048.872703 0.974
3.6363637447357178 1624362048.879641 0.974
4.242424488067627 1624362048.886672 0.974
4.242424488067627 1624362048.893719 0.974
3.6363637447357178 1624362048.900754 0.974
4.242424488067627 1624362048.90764 0.974
4.242424488067627 1624362048.914701 0.974
3.6363637447357178 1624362048.921778 0.974
4.242424488067627 1624362048.928775 0.974
3.6363637447357178 1624362048.935779 0.974
3.6363637447357178 1624362048.942769 0.974
4.242424488067627 1624362048.949798 0.974
3.6363637447357178 1624362048.956772 0.974
4.242424488067627 1624362048.9638 0.974
4.242424488067627 1624362048.970806 0.974
3.6363637447357178 1624362048.977809 0.974
4.242424488067627 1624362048.984796 0.974
3.6363637447357178 1624362048.9918 0.974
3.6363637447357178 1624362048.998776 0.974
4.242424488067627 1624362049.005752 0.974
3.6363637447357178 1624362049.012516 0.974
3.6363637447357178 1624362049.019477 0.974
4.242424488067627 1624362049.026517 0.974
3.6363637447357178 1624362049.033523 0.974
4.242424488067627 1624362049.040619 0.974
4.242424488067627 1624362049.047595 0.974
3.6363637447357178 1624362049.054693 0.974
4.242424488067627 1624362049.061627 0.974
3.6363637447357178 1624362049.068651 0.974
4.242424488067627 1624362049.075611 0.974
4.242424488067627 1624362049.082643 0.974
3.6341609954833984 1624362049.089628 0.974
4.242424488067627 1624362049.096621 0.974
3.6363637447357178 1624362049.103645 0.974
3.6363637447357178 1624362049.110671 0.974
4.242424488067627 1624362049.117645 0.974
3.6363637447357178 1624362049.124681 0.974
3.6341609954833984 1624362049.131664 0.974
4.242424488067627 1624362049.138635 0.974
3.6363637447357178 1624362049.145664 0.974
4.242424488067627 1624362049.152606 0.974
4.242424488067627 1624362049.159575 0.974
3.6363637447357178 1624362049.166588 0.974
3.6363637447357178 1624362049.173529 0.974
4.242424488067627 1624362049.180626 0.974
3.6363637447357178 1624362049.18759 0.974
4.242424488067627 1624362049.194597 0.974
3.6363637447357178 1624362049.201583 0.974
3.6363637447357178 1624362049.208551 0.974
4.242424488067627 1624362049.215593 0.974
3.6363637447357178 1624362049.222637 0.974
3.6363637447357178 1624362049.229683 0.974
4.242424488067627 1624362049.236689 0.974
3.6363637447357178 1624362049.24368 0.974
4.242424488067627 1624362049.250772 0.974
3.6363637447357178 1624362049.257667 0.974
4.242424488067627 1624362049.264718 0.974
4.242424488067627 1624362049.27165 0.974
3.6363637447357178 1624362049.278724 0.974
4.242424488067627 1624362049.285668 0.974
4.242424488067627 1624362049.292599 0.974
3.6363637447357178 1624362049.299552 0.974
4.242424488067627 1624362049.306589 0.974
4.242424488067627 1624362049.313576 0.974
3.6363637447357178 1624362049.320585 0.974
3.6363637447357178 1624362049.327542 0.974
3.6363637447357178 1624362049.33454 0.974
3.6363637447357178 1624362049.341582 0.974
4.242424488067627 1624362049.348512 0.974
3.6363637447357178 1624362049.355541 0.974
4.242424488067627 1624362049.362465 0.974
3.6363637447357178 1624362049.369446 0.974
3.6363637447357178 1624362049.376527 0.974
4.242424488067627 1624362049.383574 0.974
3.6363637447357178 1624362049.390521 0.974
3.6363637447357178 1624362049.397546 0.974
4.242424488067627 1624362049.404595 0.974
3.6363637447357178 1624362049.411642 0.974
3.6363637447357178 1624362049.418612 0.974
4.242424488067627 1624362049.425624 0.974
3.6363637447357178 1624362049.432574 0.974
4.242424488067627 1624362049.439546 0.974
3.6363637447357178 1624362049.446598 0.974
3.6363637447357178 1624362049.45354 0.974
4.242424488067627 1624362049.460613 0.974
3.6363637447357178 1624362049.467539 0.974
4.242424488067627 1624362049.474522 0.974
4.242424488067627 1624362049.481519 0.974
3.6341609954833984 1624362049.488509 0.974
4.242424488067627 1624362049.495624 0.974
3.6363637447357178 1624362049.502558 0.974
3.6363637447357178 1624362049.509515 0.974
4.242424488067627 1624362049.516606 0.974
3.6363637447357178 1624362049.523545 0.974
4.242424488067627 1624362049.530604 0.974
4.242424488067627 1624362049.53758 0.974
3.6363637447357178 1624362049.544608 0.974
4.242424488067627 1624362049.551636 0.974
3.6363637447357178 1624362049.558413 0.974
3.6363637447357178 1624362049.565644 0.974
4.242424488067627 1624362049.572463 0.974
3.6363637447357178 1624362049.579477 0.974
3.6363637447357178 1624362049.58644 0.974
4.242424488067627 1624362049.593441 0.974
3.6363637447357178 1624362049.600482 0.974
4.242424488067627 1624362049.607446 0.974
3.6363637447357178 1624362049.614559 0.974
3.6363637447357178 1624362049.621456 0.974
4.242424488067627 1624362049.62849 0.974
3.6363637447357178 1624362049.63553 0.974
4.242424488067627 1624362049.642468 0.974
3.6363637447357178 1624362049.64951 0.974
3.6363637447357178 1624362049.656534 0.974
4.242424488067627 1624362049.663465 0.974
4.242424488067627 1624362049.670578 0.974
3.6363637447357178 1624362049.677475 0.974
3.6363637447357178 1624362049.684507 0.974
4.242424488067627 1624362049.691468 0.974
3.6363637447357178 1624362049.698491 0.974
4.242424488067627 1624362049.705532 0.974
3.6363637447357178 1624362049.712491 0.974
3.6363637447357178 1624362049.719506 0.974
3.6363637447357178 1624362049.72656 0.974
3.6363637447357178 1624362049.733474 0.974
4.242424488067627 1624362049.740537 0.974
3.6363637447357178 1624362049.747479 0.974
3.6363637447357178 1624362049.754484 0.974
3.6363637447357178 1624362049.761532 0.974
3.6363637447357178 1624362049.768579 0.974
4.242424488067627 1624362049.775502 0.974
4.242424488067627 1624362049.782567 0.974
3.6363637447357178 1624362049.789554 0.974
3.6363637447357178 1624362049.796504 0.974
4.242424488067627 1624362049.803517 0.974
3.6363637447357178 1624362049.810484 0.974
4.242424488067627 1624362049.817574 0.974
3.6363637447357178 1624362049.824538 0.974
4.242424488067627 1624362049.831511 0.974
4.242424488067627 1624362049.838379 0.974
3.6363637447357178 1624362049.845396 0.974
3.6363637447357178 1624362049.852361 0.974
4.242424488067627 1624362049.859349 0.974
3.6363637447357178 1624362049.866381 0.974
4.242424488067627 1624362049.873313 0.974
3.6363637447357178 1624362049.880359 0.974
3.6363637447357178 1624362049.887425 0.974
3.6363637447357178 1624362049.894427 0.974
3.6363637447357178 1624362049.901434 0.974
3.6363637447357178 1624362049.908429 0.974
3.6363637447357178 1624362049.915422 0.974
3.6363637447357178 1624362049.922354 0.974
4.242424488067627 1624362049.929431 0.974
3.6363637447357178 1624362049.936414 0.974
3.6363637447357178 1624362049.943352 0.974
3.6363637447357178 1624362049.950355 0.974
3.6363637447357178 1624362049.957335 0.974
3.6363637447357178 1624362049.964369 0.974
4.242424488067627 1624362049.971392 0.974
3.6363637447357178 1624362049.978383 0.974
3.6363637447357178 1624362049.985382 0.974
3.6363637447357178 1624362049.99229 0.974
3.6363637447357178 1624362049.999311 0.974
4.242424488067627 1624362050.006338 0.974
3.6363637447357178 1624362050.013389 0.974
3.6363637447357178 1624362050.020451 0.974
4.242424488067627 1624362050.027481 0.974
3.6363637447357178 1624362050.034526 0.974
4.242424488067627 1624362050.041475 0.974
4.242424488067627 1624362050.048469 0.974
3.6363637447357178 1624362050.055465 0.974
4.242424488067627 1624362050.062483 0.974
4.242424488067627 1624362050.069474 0.974
3.6363637447357178 1624362050.076475 0.974
4.242424488067627 1624362050.083299 0.974
3.6363637447357178 1624362050.090208 0.974
3.6363637447357178 1624362050.097205 0.974
4.242424488067627 1624362050.10423 0.974
3.6363637447357178 1624362050.111275 0.974
4.242424488067627 1624362050.118294 0.974
4.242424488067627 1624362050.125327 0.974
3.6363637447357178 1624362050.132332 0.974
3.6363637447357178 1624362050.13927 0.974
3.6341609954833984 1624362050.146283 0.974
3.6363637447357178 1624362050.153214 0.974
3.6363637447357178 1624362050.160233 0.974
3.6363637447357178 1624362050.167254 0.974
4.242424488067627 1624362050.174238 0.974
4.242424488067627 1624362050.181273 0.974
3.6363637447357178 1624362050.188304 0.974
4.242424488067627 1624362050.195223 0.974
3.6363637447357178 1624362050.202273 0.974
3.6363637447357178 1624362050.209233 0.974
4.242424488067627 1624362050.216375 0.974
3.6363637447357178 1624362050.223311 0.974
3.6363637447357178 1624362050.230345 0.974
3.6363637447357178 1624362050.237346 0.974
3.6363637447357178 1624362050.244395 0.974
4.242424488067627 1624362050.251376 0.974
4.242424488067627 1624362050.258381 0.974
3.6363637447357178 1624362050.265408 0.974
4.242424488067627 1624362050.272328 0.974
3.6363637447357178 1624362050.279367 0.974
4.242424488067627 1624362050.286379 0.974
4.242424488067627 1624362050.293382 0.974
3.6363637447357178 1624362050.300381 0.974
4.239854335784912 1624362050.307404 0.974
3.6363637447357178 1624362050.314365 0.974
3.6363637447357178 1624362050.321249 0.974
4.242424488067627 1624362050.3282 0.974
3.6363637447357178 1624362050.335281 0.974
3.6363637447357178 1624362050.342242 0.974
4.242424488067627 1624362050.349215 0.974
3.6363637447357178 1624362050.356272 0.974
4.242424488067627 1624362050.363262 0.974
4.242424488067627 1624362050.370182 0.974
3.6363637447357178 1624362050.377193 0.974
4.242424488067627 1624362050.384136 0.974
3.6363637447357178 1624362050.391139 0.974
3.6363637447357178 1624362050.3982 0.974
4.242424488067627 1624362050.405141 0.974
3.6363637447357178 1624362050.412218 0.974
3.6363637447357178 1624362050.41916 0.974
4.242424488067627 1624362050.426172 0.974
3.6363637447357178 1624362050.433272 0.974
4.242424488067627 1624362050.44016 0.974
4.242424488067627 1624362050.447287 0.974
3.6363637447357178 1624362050.454287 0.974
3.6363637447357178 1624362050.461303 0.974
3.6363637447357178 1624362050.468275 0.974
3.6363637447357178 1624362050.4753 0.974
4.242424488067627 1624362050.482257 0.974
3.6363637447357178 1624362050.489255 0.974
3.6363637447357178 1624362050.496307 0.974
3.6363637447357178 1624362050.503305 0.974
3.6363637447357178 1624362050.510296 0.974
3.6363637447357178 1624362050.517329 0.974
3.6341609954833984 1624362050.524289 0.974
3.6363637447357178 1624362050.531318 0.974
4.242424488067627 1624362050.538275 0.974
4.242424488067627 1624362050.545265 0.974
4.242424488067627 1624362050.552206 0.974
3.6363637447357178 1624362050.559178 0.974
3.6363637447357178 1624362050.566204 0.974
4.242424488067627 1624362050.573236 0.974
3.6363637447357178 1624362050.580359 0.974
3.6363637447357178 1624362050.588185 0.974
4.242424488067627 1624362050.595145 0.974
3.6363637447357178 1624362050.602183 0.974
3.6363637447357178 1624362050.609137 0.974
4.242424488067627 1624362050.616151 0.974
3.6363637447357178 1624362050.623224 0.974
4.242424488067627 1624362050.630185 0.974
4.242424488067627 1624362050.637235 0.974
3.6363637447357178 1624362050.64412 0.974
4.242424488067627 1624362050.651126 0.974
3.6363637447357178 1624362050.658193 0.974
3.6363637447357178 1624362050.665211 0.974
3.6363637447357178 1624362050.672145 0.974
3.6363637447357178 1624362050.679238 0.974
4.242424488067627 1624362050.686191 0.974
4.242424488067627 1624362050.693224 0.974
3.6363637447357178 1624362050.700156 0.974
3.6363637447357178 1624362050.707171 0.974
4.242424488067627 1624362050.714223 0.974
3.6363637447357178 1624362050.721262 0.974
4.242424488067627 1624362050.728266 0.974
3.6363637447357178 1624362050.735299 0.974
4.242424488067627 1624362050.742238 0.974
3.6363637447357178 1624362050.74925 0.974
3.6341609954833984 1624362050.756267 0.974
4.242424488067627 1624362050.763199 0.974
4.242424488067627 1624362050.770127 0.974
3.6363637447357178 1624362050.777184 0.974
4.242424488067627 1624362050.784141 0.974
3.6363637447357178 1624362050.791173 0.974
3.6363637447357178 1624362050.797999 0.974
4.242424488067627 1624362050.805024 0.974
3.6363637447357178 1624362050.812159 0.974
4.242424488067627 1624362050.819082 0.974
3.6363637447357178 1624362050.826095 0.974
3.6363637447357178 1624362050.833119 0.974
4.242424488067627 1624362050.84014 0.974
3.6363637447357178 1624362050.84715 0.974
3.6363637447357178 1624362050.854076 0.974
3.6363637447357178 1624362050.861128 0.974
3.6363637447357178 1624362050.868121 0.974
3.6363637447357178 1624362050.87508 0.974
4.242424488067627 1624362050.882133 0.974
3.6363637447357178 1624362050.889154 0.974
4.242424488067627 1624362050.896141 0.974
4.242424488067627 1624362050.903194 0.974
3.6363637447357178 1624362050.910168 0.974
3.6363637447357178 1624362050.917145 0.974
3.6363637447357178 1624362050.924105 0.974
3.6341609954833984 1624362050.931181 0.974
4.242424488067627 1624362050.938137 0.974
3.6363637447357178 1624362050.945179 0.974
4.242424488067627 1624362050.952185 0.974
3.6363637447357178 1624362050.959153 0.974
3.6363637447357178 1624362050.966168 0.974
4.242424488067627 1624362050.973142 0.974
3.6363637447357178 1624362050.980148 0.974
3.6363637447357178 1624362050.987203 0.974
3.6363637447357178 1624362050.994203 0.974
3.6341609954833984 1624362051.001205 0.974
4.242424488067627 1624362051.008086 0.974
4.242424488067627 1624362051.015058 0.974
3.6363637447357178 1624362051.022069 0.974
3.6363637447357178 1624362051.029007 0.974
3.6363637447357178 1624362051.036071 0.974
3.6363637447357178 1624362051.043032 0.974
4.242424488067627 1624362051.050061 0.974
3.6363637447357178 1624362051.057059 0.974
4.242424488067627 1624362051.064089 0.974
4.239854335784912 1624362051.071036 0.974
3.6363637447357178 1624362051.078045 0.974
4.242424488067627 1624362051.085022 0.974
3.6363637447357178 1624362051.092038 0.974
3.6363637447357178 1624362051.099005 0.974
4.239854335784912 1624362051.106054 0.974
3.6363637447357178 1624362051.113248 0.974
4.242424488067627 1624362051.12005 0.974
3.6363637447357178 1624362051.127044 0.974
3.6363637447357178 1624362051.134083 0.974
4.242424488067627 1624362051.141147 0.974
3.6363637447357178 1624362051.148114 0.974
3.6363637447357178 1624362051.155072 0.974
4.242424488067627 1624362051.162054 0.974
3.6341609954833984 1624362051.169103 0.974
4.242424488067627 1624362051.176096 0.974
4.242424488067627 1624362051.183116 0.974
3.6363637447357178 1624362051.190077 0.974
4.242424488067627 1624362051.19708 0.974
3.6363637447357178 1624362051.204068 0.974
3.6363637447357178 1624362051.211156 0.974
4.242424488067627 1624362051.218157 0.974
3.6363637447357178 1624362051.225135 0.974
3.6341609954833984 1624362051.232162 0.974
4.242424488067627 1624362051.239055 0.974
3.6363637447357178 1624362051.246129 0.974
4.242424488067627 1624362051.253084 0.974
4.242424488067627 1624362051.260122 0.974
3.6363637447357178 1624362051.266927 0.974
4.242424488067627 1624362051.273977 0.974
3.6363637447357178 1624362051.280975 0.974
3.6341609954833984 1624362051.288022 0.974
3.6363637447357178 1624362051.295005 0.974
3.6363637447357178 1624362051.30202 0.974
3.6363637447357178 1624362051.308971 0.974
4.242424488067627 1624362051.315978 0.974
3.6363637447357178 1624362051.322947 0.974
4.242424488067627 1624362051.329954 0.974
3.6363637447357178 1624362051.336973 0.974
3.6341609954833984 1624362051.344062 0.974
4.242424488067627 1624362051.351012 0.974
3.6363637447357178 1624362051.357989 0.974
3.6363637447357178 1624362051.365031 0.974
3.6363637447357178 1624362051.372067 0.974
3.6363637447357178 1624362051.379038 0.974
3.6363637447357178 1624362051.386034 0.974
4.242424488067627 1624362051.393032 0.974
3.6363637447357178 1624362051.400025 0.974
3.6363637447357178 1624362051.406994 0.974
3.6363637447357178 1624362051.413991 0.974
3.6363637447357178 1624362051.421027 0.974
4.242424488067627 1624362051.428036 0.974
3.6341609954833984 1624362051.435052 0.974
3.6363637447357178 1624362051.442047 0.974
3.6341609954833984 1624362051.449076 0.974
3.6363637447357178 1624362051.455901 0.974
3.6341609954833984 1624362051.462863 0.974
3.6363637447357178 1624362051.469895 0.974
3.6363637447357178 1624362051.476877 0.974
3.6363637447357178 1624362051.483982 0.974
3.6363637447357178 1624362051.490934 0.974
4.242424488067627 1624362051.497944 0.974
3.6363637447357178 1624362051.504898 0.974
3.6363637447357178 1624362051.511937 0.974
3.6341609954833984 1624362051.518921 0.974
3.6341609954833984 1624362051.525877 0.974
3.6363637447357178 1624362051.532948 0.974
3.6363637447357178 1624362051.540002 0.974
3.6363637447357178 1624362051.546973 0.974
4.242424488067627 1624362051.553988 0.974
4.242424488067627 1624362051.56101 0.974
3.6363637447357178 1624362051.568023 0.974
3.6363637447357178 1624362051.574931 0.974
3.6341609954833984 1624362051.582 0.974
3.6341609954833984 1624362051.588942 0.974
3.6363637447357178 1624362051.595998 0.974
3.6363637447357178 1624362051.603004 0.974
3.6363637447357178 1624362051.60998 0.974
4.242424488067627 1624362051.617038 0.974
3.6363637447357178 1624362051.623928 0.974
4.242424488067627 1624362051.630982 0.974
3.6341609954833984 1624362051.638022 0.974
3.6341609954833984 1624362051.645045 0.974
3.6363637447357178 1624362051.651847 0.974
3.6363637447357178 1624362051.658849 0.974
4.242424488067627 1624362051.665837 0.974
4.242424488067627 1624362051.672869 0.974
3.6363637447357178 1624362051.679832 0.974
4.242424488067627 1624362051.6868 0.974
4.242424488067627 1624362051.693891 0.974
3.6363637447357178 1624362051.700886 0.974
3.6363637447357178 1624362051.707856 0.974
3.6363637447357178 1624362051.714891 0.974
3.6363637447357178 1624362051.72185 0.974
4.242424488067627 1624362051.728861 0.974
3.6341609954833984 1624362051.735864 0.974
4.242424488067627 1624362051.742881 0.974
4.242424488067627 1624362051.749864 0.974
3.6363637447357178 1624362051.756896 0.974
4.242424488067627 1624362051.763865 0.974
4.242424488067627 1624362051.770875 0.974
3.6363637447357178 1624362051.777936 0.974
4.242424488067627 1624362051.784908 0.974
4.242424488067627 1624362051.791905 0.974
3.6363637447357178 1624362051.798911 0.974
4.242424488067627 1624362051.805946 0.974
3.6363637447357178 1624362051.812986 0.974
3.6363637447357178 1624362051.81991 0.974
4.242424488067627 1624362051.826911 0.974
3.6363637447357178 1624362051.833948 0.974
4.239854335784912 1624362051.840949 0.974
3.6363637447357178 1624362051.847753 0.974
3.6363637447357178 1624362051.854743 0.974
3.6363637447357178 1624362051.861836 0.974
3.6363637447357178 1624362051.868826 0.974
3.6363637447357178 1624362051.875802 0.974
3.6363637447357178 1624362051.882847 0.974
3.6363637447357178 1624362051.889862 0.974
4.242424488067627 1624362051.896801 0.974
4.242424488067627 1624362051.903801 0.974
3.6363637447357178 1624362051.910755 0.974
4.242424488067627 1624362051.917773 0.974
3.6363637447357178 1624362051.924835 0.974
3.6363637447357178 1624362051.931796 0.974
4.242424488067627 1624362051.938848 0.974
3.6363637447357178 1624362051.945878 0.974
3.6363637447357178 1624362051.952853 0.974
3.6363637447357178 1624362051.959877 0.974
3.6363637447357178 1624362051.966822 0.974
4.242424488067627 1624362051.973885 0.974
3.6363637447357178 1624362051.980839 0.974
3.6363637447357178 1624362051.987876 0.974
4.239854335784912 1624362051.994861 0.974
3.6363637447357178 1624362052.001832 0.974
3.6363637447357178 1624362052.008843 0.974
4.239854335784912 1624362052.015873 0.974
3.6363637447357178 1624362052.02293 0.974
4.242424488067627 1624362052.029887 0.974
4.242424488067627 1624362052.036884 0.974
3.6363637447357178 1624362052.043847 0.974
3.6363637447357178 1624362052.050676 0.974
3.6363637447357178 1624362052.057687 0.974
3.6363637447357178 1624362052.064752 0.974
3.6363637447357178 1624362052.071742 0.974
3.6363637447357178 1624362052.078768 0.974
4.242424488067627 1624362052.085732 0.974
4.242424488067627 1624362052.092757 0.974
3.6363637447357178 1624362052.09975 0.974
3.6363637447357178 1624362052.106768 0.974
4.242424488067627 1624362052.113756 0.974
3.6363637447357178 1624362052.120752 0.974
4.242424488067627 1624362052.127817 0.974
3.6363637447357178 1624362052.134831 0.974
3.6363637447357178 1624362052.141863 0.974
4.242424488067627 1624362052.148786 0.974
3.6363637447357178 1624362052.155827 0.974
3.6363637447357178 1624362052.162851 0.974
3.6341609954833984 1624362052.16981 0.974
3.6363637447357178 1624362052.176809 0.974
3.6363637447357178 1624362052.183825 0.974
3.6363637447357178 1624362052.190795 0.974
3.6363637447357178 1624362052.197789 0.974
3.6341609954833984 1624362052.204828 0.974
3.6363637447357178 1624362052.211835 0.974
3.6363637447357178 1624362052.218818 0.974
3.6341609954833984 1624362052.225664 0.974
3.6341609954833984 1624362052.232745 0.974
4.242424488067627 1624362052.239668 0.974
4.242424488067627 1624362052.246694 0.974
3.6363637447357178 1624362052.253674 0.974
4.242424488067627 1624362052.260694 0.974
3.6363637447357178 1624362052.267754 0.974
3.6363637447357178 1624362052.274674 0.974
3.6363637447357178 1624362052.281723 0.974
3.6363637447357178 1624362052.288743 0.974
3.6363637447357178 1624362052.295689 0.974
3.6363637447357178 1624362052.302708 0.974
3.6341609954833984 1624362052.309728 0.974
4.242424488067627 1624362052.316713 0.974
3.6363637447357178 1624362052.323695 0.974
3.6363637447357178 1624362052.330748 0.974
3.6363637447357178 1624362052.337724 0.974
3.6363637447357178 1624362052.344744 0.974
4.242424488067627 1624362052.351717 0.974
3.6341609954833984 1624362052.358766 0.974
3.6363637447357178 1624362052.365742 0.974
4.242424488067627 1624362052.372761 0.974
3.6341609954833984 1624362052.379725 0.974
3.6363637447357178 1624362052.386718 0.974
4.242424488067627 1624362052.39378 0.974
3.6363637447357178 1624362052.400741 0.974
3.6341609954833984 1624362052.407809 0.974
4.242424488067627 1624362052.414798 0.974
3.6341609954833984 1624362052.421773 0.974
4.242424488067627 1624362052.428823 0.974
3.6341609954833984 1624362052.435765 0.974
3.6363637447357178 1624362052.442609 0.974
4.242424488067627 1624362052.449554 0.974
4.242424488067627 1624362052.45664 0.974
3.6363637447357178 1624362052.46363 0.974
4.242424488067627 1624362052.470665 0.974
3.6363637447357178 1624362052.477622 0.974
3.6363637447357178 1624362052.484602 0.974
4.242424488067627 1624362052.491579 0.974
3.6363637447357178 1624362052.498602 0.974
4.242424488067627 1624362052.505604 0.974
3.6341609954833984 1624362052.512626 0.974
3.6341609954833984 1624362052.519642 0.974
4.242424488067627 1624362052.526691 0.974
3.6363637447357178 1624362052.533627 0.974
3.6363637447357178 1624362052.540628 0.974
3.6363637447357178 1624362052.547665 0.974
3.6363637447357178 1624362052.554701 0.974
4.242424488067627 1624362052.561694 0.974
3.6363637447357178 1624362052.568744 0.974
3.6363637447357178 1624362052.575729 0.974
4.242424488067627 1624362052.582674 0.974
3.6363637447357178 1624362052.589702 0.974
3.6341609954833984 1624362052.596655 0.974
3.6363637447357178 1624362052.603655 0.974
3.6363637447357178 1624362052.610666 0.974
4.242424488067627 1624362052.617638 0.974
3.6363637447357178 1624362052.624695 0.974
3.6363637447357178 1624362052.631729 0.974
3.6341609954833984 1624362052.638753 0.974
3.6363637447357178 1624362052.645742 0.974
3.6363637447357178 1624362052.652703 0.974
4.242424488067627 1624362052.659716 0.974
3.6363637447357178 1624362052.666563 0.974
3.6363637447357178 1624362052.673595 0.974
3.6341609954833984 1624362052.680569 0.974
3.6363637447357178 1624362052.687548 0.974
4.242424488067627 1624362052.694568 0.974
3.6341609954833984 1624362052.70158 0.974
3.6363637447357178 1624362052.708581 0.974
3.6341609954833984 1624362052.715527 0.974
3.6363637447357178 1624362052.722584 0.974
3.6341609954833984 1624362052.729581 0.974
4.242424488067627 1624362052.73656 0.974
3.6363637447357178 1624362052.743625 0.974
3.6363637447357178 1624362052.750615 0.974
3.6363637447357178 1624362052.757619 0.974
3.6363637447357178 1624362052.764593 0.974
4.242424488067627 1624362052.77162 0.974
3.6341609954833984 1624362052.778634 0.974
3.6363637447357178 1624362052.785651 0.974
4.239854335784912 1624362052.792634 0.974
3.6341609954833984 1624362052.799647 0.974
3.6363637447357178 1624362052.806622 0.974
3.6363637447357178 1624362052.813581 0.974
3.6363637447357178 1624362052.820579 0.974
3.6363637447357178 1624362052.827609 0.974
3.6341609954833984 1624362052.834581 0.974
3.6363637447357178 1624362052.841583 0.974
4.242424488067627 1624362052.84861 0.974
3.6341609954833984 1624362052.85557 0.974
3.6341609954833984 1624362052.862612 0.974
3.6363637447357178 1624362052.869601 0.974
3.6363637447357178 1624362052.876601 0.974
4.242424488067627 1624362052.883597 0.974
3.6363637447357178 1624362052.890637 0.974
3.6363637447357178 1624362052.897653 0.974
4.242424488067627 1624362052.90459 0.974
3.6363637447357178 1624362052.911639 0.974
3.6341609954833984 1624362052.918654 0.974
3.6363637447357178 1624362052.925626 0.974
3.6341609954833984 1624362052.932519 0.974
3.6341609954833984 1624362052.939523 0.974
4.242424488067627 1624362052.946473 0.974
3.6341609954833984 1624362052.953585 0.974
4.242424488067627 1624362052.960615 0.974
3.6363637447357178 1624362052.967549 0.974
3.6363637447357178 1624362052.97454 0.974
4.239854335784912 1624362052.981542 0.974
3.6341609954833984 1624362052.988543 0.974
3.6363637447357178 1624362052.995523 0.974
4.242424488067627 1624362053.002524 0.974
3.6363637447357178 1624362053.009586 0.974
3.6363637447357178 1624362053.016556 0.974
3.6363637447357178 1624362053.023523 0.974
3.6363637447357178 1624362053.030558 0.974
3.6363637447357178 1624362053.03756 0.974
3.6363637447357178 1624362053.044605 0.974
3.6363637447357178 1624362053.051592 0.974
3.6341609954833984 1624362053.058584 0.974
3.6363637447357178 1624362053.065526 0.974
3.6363637447357178 1624362053.072552 0.974
3.6363637447357178 1624362053.079532 0.974
3.6363637447357178 1624362053.086538 0.974
3.6341609954833984 1624362053.093554 0.974
3.6363637447357178 1624362053.10056 0.974
3.6363637447357178 1624362053.107592 0.974
4.239854335784912 1624362053.114608 0.974
3.6341609954833984 1624362053.12162 0.974
3.6363637447357178 1624362053.128626 0.974
3.6363637447357178 1624362053.135403 0.974
3.6363637447357178 1624362053.1424 0.974
3.6363637447357178 1624362053.149468 0.974
4.239854335784912 1624362053.156378 0.974
3.6363637447357178 1624362053.163398 0.974
3.6341609954833984 1624362053.170396 0.974
3.6363637447357178 1624362053.177466 0.974
3.6363637447357178 1624362053.184454 0.974
4.242424488067627 1624362053.191468 0.974
3.6363637447357178 1624362053.198467 0.974
4.242424488067627 1624362053.205428 0.974
4.242424488067627 1624362053.212434 0.974
3.6363637447357178 1624362053.219505 0.974
3.6341609954833984 1624362053.226492 0.974
3.6363637447357178 1624362053.233487 0.974
3.6363637447357178 1624362053.240483 0.974
3.6363637447357178 1624362053.248585 0.974
3.6341609954833984 1624362053.255551 0.974
3.6341609954833984 1624362053.262568 0.974
4.242424488067627 1624362053.269556 0.974
3.6363637447357178 1624362053.276515 0.974
3.6341609954833984 1624362053.283536 0.974
3.6363637447357178 1624362053.290532 0.974
3.6363637447357178 1624362053.29758 0.974
3.6341609954833984 1624362053.304595 0.974
3.6341609954833984 1624362053.311582 0.974
3.6363637447357178 1624362053.318591 0.974
3.6341609954833984 1624362053.325567 0.974
3.6363637447357178 1624362053.332375 0.974
3.6363637447357178 1624362053.339378 0.974
4.242424488067627 1624362053.346357 0.974
3.6341609954833984 1624362053.353354 0.974
4.242424488067627 1624362053.360361 0.974
3.6341609954833984 1624362053.367383 0.974
4.239854335784912 1624362053.374376 0.974
4.242424488067627 1624362053.381412 0.974
3.6341609954833984 1624362053.388336 0.974
3.6363637447357178 1624362053.395351 0.974
3.6341609954833984 1624362053.40237 0.974
3.6363637447357178 1624362053.409374 0.974
3.6341609954833984 1624362053.416417 0.974
3.6363637447357178 1624362053.423388 0.974
3.6363637447357178 1624362053.430471 0.974
4.242424488067627 1624362053.437427 0.974
3.6363637447357178 1624362053.444408 0.974
4.242424488067627 1624362053.451408 0.974
4.242424488067627 1624362053.458419 0.974
3.6341609954833984 1624362053.465373 0.974
3.6341609954833984 1624362053.472397 0.974
3.6363637447357178 1624362053.479443 0.974
3.6363637447357178 1624362053.486473 0.974
4.239854335784912 1624362053.493415 0.974
3.6341609954833984 1624362053.500402 0.974
3.6363637447357178 1624362053.50742 0.974
3.6341609954833984 1624362053.51444 0.974
3.6341609954833984 1624362053.521487 0.974
3.6363637447357178 1624362053.528465 0.974
3.6363637447357178 1624362053.535509 0.974
3.6363637447357178 1624362053.542533 0.974
4.239854335784912 1624362053.549485 0.974
3.6341609954833984 1624362053.556466 0.974
3.6341609954833984 1624362053.563507 0.974
3.6363637447357178 1624362053.570249 0.974
3.6363637447357178 1624362053.577279 0.974
3.6363637447357178 1624362053.584292 0.974
3.6341609954833984 1624362053.591266 0.974
3.6363637447357178 1624362053.598284 0.974
3.6363637447357178 1624362053.605275 0.974
3.6341609954833984 1624362053.612376 0.974
3.6363637447357178 1624362053.619364 0.974
3.6363637447357178 1624362053.626302 0.974
3.6363637447357178 1624362053.633354 0.974
3.6341609954833984 1624362053.640431 0.974
3.6341609954833984 1624362053.647315 0.974
3.6363637447357178 1624362053.654328 0.974
3.6341609954833984 1624362053.661293 0.974
3.6363637447357178 1624362053.668355 0.974
3.6341609954833984 1624362053.675322 0.974
4.242424488067627 1624362053.682341 0.974
3.6363637447357178 1624362053.689249 0.974
3.6341609954833984 1624362053.696354 0.974
3.6363637447357178 1624362053.703369 0.974
3.6363637447357178 1624362053.710432 0.974
4.242424488067627 1624362053.717387 0.974
4.242424488067627 1624362053.724329 0.974
3.6363637447357178 1624362053.731324 0.974
3.6363637447357178 1624362053.738372 0.974
3.6363637447357178 1624362053.745394 0.974
3.6363637447357178 1624362053.752411 0.974
4.239854335784912 1624362053.759397 0.974
3.6341609954833984 1624362053.766367 0.974
3.6363637447357178 1624362053.77345 0.974
3.6341609954833984 1624362053.780427 0.974
3.6363637447357178 1624362053.787347 0.974
3.6363637447357178 1624362053.794354 0.974
3.6363637447357178 1624362053.801207 0.974
3.6363637447357178 1624362053.808205 0.974
3.6363637447357178 1624362053.815243 0.974
3.6363637447357178 1624362053.822259 0.974
3.6363637447357178 1624362053.829248 0.974
3.6363637447357178 1624362053.836323 0.974
3.6363637447357178 1624362053.843215 0.974
3.6363637447357178 1624362053.850272 0.974
4.242424488067627 1624362053.857207 0.974
3.6341609954833984 1624362053.864228 0.974
4.242424488067627 1624362053.871198 0.974
3.6363637447357178 1624362053.878204 0.974
4.239854335784912 1624362053.885158 0.974
3.6363637447357178 1624362053.892187 0.974
3.6363637447357178 1624362053.899243 0.974
4.239854335784912 1624362053.906223 0.974
4.242424488067627 1624362053.91318 0.974
3.6363637447357178 1624362053.920192 0.974
3.6341609954833984 1624362053.927174 0.974
3.6363637447357178 1624362053.934204 0.974
3.6363637447357178 1624362053.941173 0.974
4.242424488067627 1624362053.948255 0.974
3.6341609954833984 1624362053.955249 0.974
3.6363637447357178 1624362053.962257 0.974
3.6363637447357178 1624362053.969253 0.974
3.6341609954833984 1624362053.97623 0.974
3.6363637447357178 1624362053.983269 0.974
3.6341609954833984 1624362053.990099 0.974
3.6341609954833984 1624362053.997165 0.974
3.6363637447357178 1624362054.004126 0.974
3.6341609954833984 1624362054.011188 0.974
3.6341609954833984 1624362054.018141 0.974
3.6341609954833984 1624362054.025182 0.974
3.6363637447357178 1624362054.032366 0.974
4.239854335784912 1624362054.039182 0.974
4.242424488067627 1624362054.046217 0.974
3.6363637447357178 1624362054.053265 0.974
4.239854335784912 1624362054.060193 0.974
3.6341609954833984 1624362054.067235 0.974
3.6341609954833984 1624362054.074279 0.974
3.6341609954833984 1624362054.081208 0.974
3.6363637447357178 1624362054.088248 0.974
3.6341609954833984 1624362054.095233 0.974
3.6363637447357178 1624362054.102245 0.974
3.6363637447357178 1624362054.109232 0.974
4.239854335784912 1624362054.116326 0.974
4.239854335784912 1624362054.123254 0.974
3.6363637447357178 1624362054.130293 0.974
3.6341609954833984 1624362054.137408 0.974
3.6363637447357178 1624362054.144276 0.974
3.6341609954833984 1624362054.151281 0.974
4.239854335784912 1624362054.158265 0.974
3.6363637447357178 1624362054.165111 0.974
3.6363637447357178 1624362054.17213 0.974
3.6363637447357178 1624362054.179086 0.974
3.6363637447357178 1624362054.186091 0.974
3.6341609954833984 1624362054.193083 0.974
3.6363637447357178 1624362054.200076 0.974
3.6363637447357178 1624362054.20714 0.974
3.6363637447357178 1624362054.214138 0.974
3.6341609954833984 1624362054.221112 0.974
3.6363637447357178 1624362054.228036 0.974
4.239854335784912 1624362054.235049 0.974
3.6341609954833984 1624362054.242138 0.974
4.242424488067627 1624362054.249106 0.974
3.6363637447357178 1624362054.256091 0.974
3.6363637447357178 1624362054.26315 0.974
3.6341609954833984 1624362054.270163 0.974
3.6341609954833984 1624362054.277188 0.974
3.6341609954833984 1624362054.284214 0.974
3.6341609954833984 1624362054.291218 0.974
3.6341609954833984 1624362054.298196 0.974
3.6363637447357178 1624362054.305164 0.974
3.6363637447357178 1624362054.312207 0.974
3.6363637447357178 1624362054.319235 0.974
4.242424488067627 1624362054.326215 0.974
3.6341609954833984 1624362054.333219 0.974
3.6341609954833984 1624362054.340226 0.974
3.6363637447357178 1624362054.347348 0.974
3.6341609954833984 1624362054.354229 0.974
3.6363637447357178 1624362054.361098 0.974
3.6341609954833984 1624362054.368097 0.974
3.6341609954833984 1624362054.375056 0.974
4.242424488067627 1624362054.382003 0.974
3.6341609954833984 1624362054.388988 0.974
3.6341609954833984 1624362054.396011 0.974
3.6363637447357178 1624362054.403085 0.974
3.6341609954833984 1624362054.410057 0.974
3.6363637447357178 1624362054.417171 0.974
3.6341609954833984 1624362054.424152 0.974
3.6363637447357178 1624362054.431048 0.974
4.242424488067627 1624362054.438049 0.974
3.6363637447357178 1624362054.445077 0.974
4.242424488067627 1624362054.452028 0.974
3.6363637447357178 1624362054.45908 0.974
3.6363637447357178 1624362054.466141 0.974
4.242424488067627 1624362054.473116 0.974
3.6363637447357178 1624362054.480116 0.974
3.6363637447357178 1624362054.487078 0.974
3.6363637447357178 1624362054.494119 0.974
3.6341609954833984 1624362054.501103 0.974
4.242424488067627 1624362054.508127 0.974
3.6341609954833984 1624362054.515165 0.974
3.6341609954833984 1624362054.522111 0.974
3.6341609954833984 1624362054.529162 0.974
3.6341609954833984 1624362054.53619 0.974
3.6363637447357178 1624362054.54314 0.974
3.6363637447357178 1624362054.550181 0.974
3.6341609954833984 1624362054.557164 0.974
3.6341609954833984 1624362054.564198 0.974
3.6363637447357178 1624362054.570984 0.974
3.6363637447357178 1624362054.577995 0.974
3.6341609954833984 1624362054.584954 0.974
4.242424488067627 1624362054.591997 0.974
3.6341609954833984 1624362054.598977 0.974
3.6363637447357178 1624362054.605953 0.974
3.6341609954833984 1624362054.613039 0.974
3.6341609954833984 1624362054.619981 0.974
3.6341609954833984 1624362054.627008 0.974
3.6341609954833984 1624362054.633962 0.974
3.6341609954833984 1624362054.640972 0.974
3.6341609954833984 1624362054.648013 0.974
3.6341609954833984 1624362054.65494 0.974
4.242424488067627 1624362054.661997 0.974
3.6363637447357178 1624362054.668985 0.974
3.6363637447357178 1624362054.676044 0.974
4.239854335784912 1624362054.683001 0.974
3.6341609954833984 1624362054.689964 0.974
3.6363637447357178 1624362054.69709 0.974
3.6341609954833984 1624362054.704042 0.974
3.6363637447357178 1624362054.711082 0.974
3.6341609954833984 1624362054.718109 0.974
3.6363637447357178 1624362054.725075 0.974
3.6363637447357178 1624362054.732185 0.974
3.6363637447357178 1624362054.739067 0.974
3.6341609954833984 1624362054.746038 0.974
4.239854335784912 1624362054.753032 0.974
3.6363637447357178 1624362054.760139 0.974
3.6363637447357178 1624362054.767116 0.974
3.6363637447357178 1624362054.774097 0.974
3.6363637447357178 1624362054.781071 0.974
3.6341609954833984 1624362054.788219 0.974
3.6363637447357178 1624362054.795008 0.974
3.6363637447357178 1624362054.801918 0.974
3.6341609954833984 1624362054.808963 0.974
4.242424488067627 1624362054.815887 0.974
3.6341609954833984 1624362054.822931 0.974
3.6363637447357178 1624362054.82996 0.974
3.6363637447357178 1624362054.836989 0.974
3.6363637447357178 1624362054.844016 0.974
4.239854335784912 1624362054.85102 0.974
3.6363637447357178 1624362054.857954 0.974
3.6363637447357178 1624362054.864999 0.974
3.6363637447357178 1624362054.871981 0.974
3.6363637447357178 1624362054.879 0.974
3.6341609954833984 1624362054.885976 0.974
3.6341609954833984 1624362054.893035 0.974
3.6363637447357178 1624362054.900057 0.974
4.239854335784912 1624362054.906987 0.974
3.6363637447357178 1624362054.914077 0.974
3.6341609954833984 1624362054.921085 0.974
3.6363637447357178 1624362054.928034 0.974
3.6341609954833984 1624362054.93501 0.974
3.6363637447357178 1624362054.942094 0.974
4.239854335784912 1624362054.949056 0.974
3.6341609954833984 1624362054.956018 0.974
4.242424488067627 1624362054.962969 0.974
3.6341609954833984 1624362054.969833 0.974
3.6341609954833984 1624362054.976819 0.974
3.6363637447357178 1624362054.983861 0.974
3.6363637447357178 1624362054.990882 0.974
4.242424488067627 1624362054.997882 0.974
3.6341609954833984 1624362055.004952 0.974
3.6363637447357178 1624362055.011906 0.974
4.239854335784912 1624362055.018929 0.974
3.6341609954833984 1624362055.025951 0.974
4.242424488067627 1624362055.03294 0.974
3.6341609954833984 1624362055.039901 0.974
3.6363637447357178 1624362055.046938 0.974
3.6341609954833984 1624362055.053957 0.974
4.239854335784912 1624362055.06097 0.974
3.6363637447357178 1624362055.067976 0.974
3.6341609954833984 1624362055.074985 0.974
3.6341609954833984 1624362055.081938 0.974
3.6341609954833984 1624362055.088952 0.974
4.242424488067627 1624362055.095927 0.974
3.6341609954833984 1624362055.102966 0.974
3.6341609954833984 1624362055.109909 0.974
3.6341609954833984 1624362055.116999 0.974
3.6341609954833984 1624362055.123969 0.974
3.6341609954833984 1624362055.130902 0.974
3.6341609954833984 1624362055.13791 0.974
3.6341609954833984 1624362055.144975 0.974
3.6363637447357178 1624362055.151978 0.974
3.6363637447357178 1624362055.159041 0.974
4.242424488067627 1624362055.165784 0.974
3.6341609954833984 1624362055.172851 0.974
3.6363637447357178 1624362055.179763 0.974
3.6341609954833984 1624362055.186779 0.974
3.6363637447357178 1624362055.19378 0.974
3.6363637447357178 1624362055.200778 0.974
4.242424488067627 1624362055.207809 0.974
3.6363637447357178 1624362055.214831 0.974
3.6341609954833984 1624362055.221841 0.974
3.6341609954833984 1624362055.228757 0.974
3.6341609954833984 1624362055.235745 0.974
3.6341609954833984 1624362055.242808 0.974
3.6341609954833984 1624362055.249869 0.974
3.6341609954833984 1624362055.256837 0.974
3.6341609954833984 1624362055.263873 0.974
3.6363637447357178 1624362055.270849 0.974
3.6341609954833984 1624362055.277877 0.974
3.6341609954833984 1624362055.28485 0.974
3.6363637447357178 1624362055.29186 0.974
4.239854335784912 1624362055.298875 0.974
3.6363637447357178 1624362055.305912 0.974
3.6341609954833984 1624362055.31292 0.974
3.6363637447357178 1624362055.319939 0.974
3.6341609954833984 1624362055.326931 0.974
3.6341609954833984 1624362055.333937 0.974
4.242424488067627 1624362055.34091 0.974
3.6341609954833984 1624362055.347755 0.974
3.6341609954833984 1624362055.354736 0.974
4.242424488067627 1624362055.361797 0.974
3.6341609954833984 1624362055.368861 0.974
4.239854335784912 1624362055.375789 0.974
3.6363637447357178 1624362055.382801 0.974
3.6363637447357178 1624362055.389839 0.974
3.6341609954833984 1624362055.396815 0.974
3.6363637447357178 1624362055.40381 0.974
3.6363637447357178 1624362055.41074 0.974
3.6363637447357178 1624362055.417763 0.974
3.6341609954833984 1624362055.424807 0.974
3.6363637447357178 1624362055.431861 0.974
4.242424488067627 1624362055.438806 0.974
3.6363637447357178 1624362055.445866 0.974
3.6363637447357178 1624362055.45286 0.974
3.6341609954833984 1624362055.459849 0.974
3.6363637447357178 1624362055.4683 0.974
3.6363637447357178 1624362055.47571 0.974
3.6341609954833984 1624362055.482763 0.974
4.239854335784912 1624362055.489709 0.974
4.239854335784912 1624362055.496817 0.974
3.6341609954833984 1624362055.503766 0.974
3.6363637447357178 1624362055.510689 0.974
3.6363637447357178 1624362055.51782 0.974
3.6341609954833984 1624362055.524764 0.974
3.6363637447357178 1624362055.531806 0.974
3.6363637447357178 1624362055.538727 0.974
3.6341609954833984 1624362055.545738 0.974
3.6363637447357178 1624362055.552783 0.974
3.6363637447357178 1624362055.559784 0.974
3.6363637447357178 1624362055.566758 0.974
3.6363637447357178 1624362055.573795 0.974
3.6341609954833984 1624362055.580809 0.974
3.6363637447357178 1624362055.587797 0.974
3.6363637447357178 1624362055.594778 0.974
3.6341609954833984 1624362055.601803 0.974
3.6363637447357178 1624362055.608744 0.974
3.6341609954833984 1624362055.615776 0.974
4.239854335784912 1624362055.622722 0.974
3.6363637447357178 1624362055.629884 0.974
3.6341609954833984 1624362055.636632 0.974
3.6341609954833984 1624362055.643756 0.974
3.6363637447357178 1624362055.65075 0.974
3.6341609954833984 1624362055.657777 0.974
3.6363637447357178 1624362055.664679 0.974
3.6341609954833984 1624362055.671708 0.974
3.6341609954833984 1624362055.67871 0.974
4.239854335784912 1624362055.685679 0.974
3.6341609954833984 1624362055.692742 0.974
3.6341609954833984 1624362055.699677 0.974
3.6341609954833984 1624362055.706715 0.974
3.6363637447357178 1624362055.713693 0.974
3.6341609954833984 1624362055.720692 0.974
3.6363637447357178 1624362055.727665 0.974
3.6341609954833984 1624362055.734716 0.974
3.6341609954833984 1624362055.741814 0.974
3.6341609954833984 1624362055.748805 0.974
4.242424488067627 1624362055.755728 0.974
3.6363637447357178 1624362055.762771 0.974
3.6341609954833984 1624362055.769707 0.974
3.6341609954833984 1624362055.776707 0.974
3.6363637447357178 1624362055.783786 0.974
3.6341609954833984 1624362055.790748 0.974
3.6341609954833984 1624362055.797852 0.974
3.6341609954833984 1624362055.804786 0.974
3.6341609954833984 1624362055.811774 0.974
3.6341609954833984 1624362055.818769 0.974
3.6363637447357178 1624362055.825853 0.974
3.6363637447357178 1624362055.832616 0.974
3.6341609954833984 1624362055.839648 0.974
3.6341609954833984 1624362055.846629 0.974
3.6341609954833984 1624362055.853614 0.974
3.6363637447357178 1624362055.860658 0.974
4.239854335784912 1624362055.867619 0.974
3.6363637447357178 1624362055.874617 0.974
3.6363637447357178 1624362055.88162 0.974
3.6363637447357178 1624362055.888591 0.974
4.239854335784912 1624362055.895599 0.974
3.6341609954833984 1624362055.902602 0.974
4.239854335784912 1624362055.909551 0.974
3.6363637447357178 1624362055.916579 0.974
4.239854335784912 1624362055.923579 0.974
4.242424488067627 1624362055.930645 0.974
3.6341609954833984 1624362055.937657 0.974
4.242424488067627 1624362055.944687 0.974
3.6363637447357178 1624362055.95167 0.974
3.6341609954833984 1624362055.958785 0.974
3.6341609954833984 1624362055.965833 0.974
3.6363637447357178 1624362055.972717 0.974
3.6341609954833984 1624362055.979712 0.974
3.6363637447357178 1624362055.986699 0.974
3.6341609954833984 1624362055.993713 0.974
4.239854335784912 1624362056.000801 0.974
4.239854335784912 1624362056.007713 0.974
3.6341609954833984 1624362056.014591 0.974
3.6341609954833984 1624362056.02163 0.974
3.6363637447357178 1624362056.028535 0.974
3.6363637447357178 1624362056.035567 0.974
3.6341609954833984 1624362056.042567 0.974
3.6363637447357178 1624362056.049555 0.974
3.6341609954833984 1624362056.05659 0.974
3.6363637447357178 1624362056.063607 0.974
3.6341609954833984 1624362056.070582 0.974
3.6363637447357178 1624362056.077577 0.974
4.239854335784912 1624362056.084653 0.974
3.6341609954833984 1624362056.091646 0.974
3.6341609954833984 1624362056.098542 0.974
3.6341609954833984 1624362056.105607 0.974
3.6341609954833984 1624362056.11256 0.974
3.6341609954833984 1624362056.119621 0.974
3.6363637447357178 1624362056.126626 0.974
3.6363637447357178 1624362056.133663 0.974
3.6341609954833984 1624362056.140697 0.974
3.6363637447357178 1624362056.147657 0.974
3.6363637447357178 1624362056.15467 0.974
3.6363637447357178 1624362056.161627 0.974
3.6363637447357178 1624362056.168621 0.974
3.6363637447357178 1624362056.175633 0.974
3.6363637447357178 1624362056.182625 0.974
3.6341609954833984 1624362056.189719 0.974
4.239854335784912 1624362056.196549 0.974
3.6341609954833984 1624362056.203591 0.974
3.6341609954833984 1624362056.210582 0.974
3.6341609954833984 1624362056.217626 0.974
3.6363637447357178 1624362056.224576 0.974
3.6341609954833984 1624362056.231554 0.974
3.6341609954833984 1624362056.238552 0.974
3.6341609954833984 1624362056.24558 0.974
3.6341609954833984 1624362056.252585 0.974
3.6341609954833984 1624362056.259508 0.974
4.242424488067627 1624362056.266544 0.974
3.6341609954833984 1624362056.27357 0.974
3.6341609954833984 1624362056.280607 0.974
3.6341609954833984 1624362056.287545 0.974
3.6363637447357178 1624362056.294596 0.974
3.6363637447357178 1624362056.301586 0.974
3.6363637447357178 1624362056.308564 0.974
3.6363637447357178 1624362056.315575 0.974
3.6363637447357178 1624362056.322532 0.974
4.239854335784912 1624362056.329648 0.974
3.6341609954833984 1624362056.336626 0.974
4.239854335784912 1624362056.343597 0.974
3.6363637447357178 1624362056.350675 0.974
3.6341609954833984 1624362056.357754 0.974
3.6363637447357178 1624362056.364521 0.974
3.6341609954833984 1624362056.371585 0.974
3.6341609954833984 1624362056.378559 0.974
4.239854335784912 1624362056.385567 0.974
3.6341609954833984 1624362056.392516 0.974
4.239854335784912 1624362056.399533 0.974
3.6363637447357178 1624362056.406593 0.974
3.6363637447357178 1624362056.413554 0.974
3.6341609954833984 1624362056.420565 0.974
3.6341609954833984 1624362056.427588 0.974
3.6341609954833984 1624362056.434531 0.974
3.6363637447357178 1624362056.441579 0.974
3.6341609954833984 1624362056.448508 0.974
3.6363637447357178 1624362056.455484 0.974
4.242424488067627 1624362056.462449 0.974
3.6363637447357178 1624362056.469515 0.974
3.6341609954833984 1624362056.476477 0.974
3.6341609954833984 1624362056.483556 0.974
3.6363637447357178 1624362056.490497 0.974
4.242424488067627 1624362056.497546 0.974
3.6341609954833984 1624362056.504592 0.974
3.6363637447357178 1624362056.511493 0.974
3.6363637447357178 1624362056.518446 0.974
3.6341609954833984 1624362056.52551 0.974
4.239854335784912 1624362056.532488 0.974
3.6363637447357178 1624362056.539522 0.974
3.6341609954833984 1624362056.546513 0.974
3.6363637447357178 1624362056.553519 0.974
3.6341609954833984 1624362056.560444 0.974
3.6341609954833984 1624362056.567426 0.974
3.6363637447357178 1624362056.574412 0.974
3.6341609954833984 1624362056.581456 0.974
4.239854335784912 1624362056.588409 0.974
3.6341609954833984 1624362056.59545 0.974
3.6341609954833984 1624362056.60245 0.974
3.6341609954833984 1624362056.609361 0.974
3.6363637447357178 1624362056.616411 0.974
3.6363637447357178 1624362056.623376 0.974
3.6341609954833984 1624362056.630383 0.974
3.6363637447357178 1624362056.637368 0.974
4.242424488067627 1624362056.644395 0.974
3.6363637447357178 1624362056.651409 0.974
3.6341609954833984 1624362056.658585 0.974
4.239854335784912 1624362056.665504 0.974
3.6341609954833984 1624362056.672555 0.974
4.239854335784912 1624362056.679543 0.974
3.6341609954833984 1624362056.68659 0.974
3.6341609954833984 1624362056.693563 0.974
3.6363637447357178 1624362056.700573 0.974
3.6363637447357178 1624362056.70759 0.974
3.6341609954833984 1624362056.714582 0.974
3.6363637447357178 1624362056.721588 0.974
3.6341609954833984 1624362056.728611 0.974
3.6341609954833984 1624362056.735576 0.974
3.6341609954833984 1624362056.74257 0.974
3.6341609954833984 1624362056.749419 0.974
4.239854335784912 1624362056.756364 0.974
3.6341609954833984 1624362056.763329 0.974
3.6363637447357178 1624362056.77028 0.974
3.6363637447357178 1624362056.777391 0.974
4.239854335784912 1624362056.784398 0.974
3.6341609954833984 1624362056.791378 0.974
3.6341609954833984 1624362056.798427 0.974
3.6341609954833984 1624362056.805379 0.974
3.6341609954833984 1624362056.812288 0.974
3.6341609954833984 1624362056.8194 0.974
3.6341609954833984 1624362056.826308 0.974
4.242424488067627 1624362056.833421 0.974
3.6341609954833984 1624362056.840366 0.974
3.6363637447357178 1624362056.847504 0.974
3.6363637447357178 1624362056.854467 0.974
3.6341609954833984 1624362056.861496 0.974
3.6341609954833984 1624362056.868499 0.974
3.6341609954833984 1624362056.87544 0.974
3.6341609954833984 1624362056.882459 0.974
3.6363637447357178 1624362056.889487 0.974
3.6341609954833984 1624362056.896446 0.974
3.6341609954833984 1624362056.903579 0.974
3.6363637447357178 1624362056.910464 0.974
3.6363637447357178 1624362056.917524 0.974
3.6341609954833984 1624362056.924284 0.974
3.6341609954833984 1624362056.931327 0.974
3.6341609954833984 1624362056.938356 0.974
3.6341609954833984 1624362056.945318 0.974
3.6341609954833984 1624362056.952295 0.974
3.6341609954833984 1624362056.959289 0.974
3.6341609954833984 1624362056.966291 0.974
3.6363637447357178 1624362056.973348 0.974
3.6363637447357178 1624362056.980347 0.974
3.6341609954833984 1624362056.987227 0.974
3.6341609954833984 1624362056.994394 0.974
4.239854335784912 1624362057.001393 0.974
3.6341609954833984 1624362057.008425 0.974
3.6341609954833984 1624362057.015401 0.974
3.6341609954833984 1624362057.022383 0.974
4.242424488067627 1624362057.029355 0.974
3.6363637447357178 1624362057.03641 0.974
3.6341609954833984 1624362057.043413 0.974
3.6363637447357178 1624362057.050387 0.974
3.6341609954833984 1624362057.057338 0.974
3.6341609954833984 1624362057.064362 0.974
3.6363637447357178 1624362057.071361 0.974
4.239854335784912 1624362057.078405 0.974
3.6341609954833984 1624362057.085465 0.974
3.6341609954833984 1624362057.092376 0.974
3.6363637447357178 1624362057.099397 0.974
3.6341609954833984 1624362057.106343 0.974
3.6363637447357178 1624362057.113341 0.974
4.242424488067627 1624362057.120267 0.974
3.6341609954833984 1624362057.127174 0.974
4.239854335784912 1624362057.134227 0.974
3.6341609954833984 1624362057.141211 0.974
3.6341609954833984 1624362057.148296 0.974
3.6341609954833984 1624362057.155342 0.974
3.6341609954833984 1624362057.162272 0.974
3.6341609954833984 1624362057.169279 0.974
3.6341609954833984 1624362057.176229 0.974
3.6363637447357178 1624362057.183227 0.974
3.6341609954833984 1624362057.190214 0.974
3.6341609954833984 1624362057.197213 0.974
3.6341609954833984 1624362057.204236 0.974
3.6363637447357178 1624362057.211323 0.974
3.6363637447357178 1624362057.218331 0.974
3.6363637447357178 1624362057.225256 0.974
3.6341609954833984 1624362057.232276 0.974
4.242424488067627 1624362057.239332 0.974
3.6341609954833984 1624362057.246312 0.974
3.6341609954833984 1624362057.25336 0.974
3.6363637447357178 1624362057.260327 0.974
4.242424488067627 1624362057.267384 0.974
3.6363637447357178 1624362057.27438 0.974
3.6341609954833984 1624362057.281224 0.974
3.6341609954833984 1624362057.288231 0.974
3.6363637447357178 1624362057.295208 0.974
3.6363637447357178 1624362057.302291 0.974
3.6341609954833984 1624362057.309268 0.974
3.6341609954833984 1624362057.31633 0.974
3.6341609954833984 1624362057.323296 0.974
3.6341609954833984 1624362057.330252 0.974
3.6341609954833984 1624362057.337223 0.974
3.6341609954833984 1624362057.344233 0.974
4.239854335784912 1624362057.351225 0.974
3.6363637447357178 1624362057.358296 0.974
4.239854335784912 1624362057.365284 0.974
3.6341609954833984 1624362057.372355 0.974
3.6341609954833984 1624362057.379224 0.974
4.242424488067627 1624362057.386259 0.974
3.6341609954833984 1624362057.393282 0.974
4.239854335784912 1624362057.400299 0.974
3.6341609954833984 1624362057.407321 0.974
3.6341609954833984 1624362057.414309 0.974
3.6363637447357178 1624362057.421306 0.974
3.6341609954833984 1624362057.428319 0.974
3.6341609954833984 1624362057.435325 0.974
3.6363637447357178 1624362057.442304 0.974
3.6341609954833984 1624362057.449331 0.974
3.6363637447357178 1624362057.456368 0.974
3.6341609954833984 1624362057.463309 0.974
3.6363637447357178 1624362057.470097 0.974
3.6341609954833984 1624362057.477271 0.974
3.6341609954833984 1624362057.484128 0.974
3.6341609954833984 1624362057.491206 0.974
3.6341609954833984 1624362057.498186 0.974
3.6341609954833984 1624362057.505179 0.974
3.6341609954833984 1624362057.512187 0.974
3.6341609954833984 1624362057.519162 0.974
3.6341609954833984 1624362057.526165 0.974
3.6341609954833984 1624362057.533257 0.974
3.6341609954833984 1624362057.540213 0.974
3.6341609954833984 1624362057.547206 0.974
3.6341609954833984 1624362057.554138 0.974
3.6341609954833984 1624362057.561121 0.974
4.239854335784912 1624362057.568177 0.974
3.6363637447357178 1624362057.575169 0.974
3.6341609954833984 1624362057.582259 0.974
4.242424488067627 1624362057.589303 0.974
3.6341609954833984 1624362057.596269 0.974
3.6341609954833984 1624362057.603309 0.974
3.6363637447357178 1624362057.61031 0.974
3.6341609954833984 1624362057.617255 0.974
4.239854335784912 1624362057.624283 0.974
4.242424488067627 1624362057.631182 0.974
3.6341609954833984 1624362057.638147 0.974
3.6341609954833984 1624362057.645019 0.974
3.6341609954833984 1624362057.652065 0.974
3.6363637447357178 1624362057.659118 0.974
3.6341609954833984 1624362057.666129 0.974
3.6341609954833984 1624362057.673136 0.974
3.6341609954833984 1624362057.680045 0.974
3.6363637447357178 1624362057.687083 0.974
3.6363637447357178 1624362057.694054 0.974
3.6363637447357178 1624362057.701146 0.974
3.6341609954833984 1624362057.708167 0.974
3.6341609954833984 1624362057.715134 0.974
4.239854335784912 1624362057.722181 0.974
3.6363637447357178 1624362057.72918 0.974
3.6341609954833984 1624362057.736115 0.974
3.6341609954833984 1624362057.743121 0.974
3.6341609954833984 1624362057.750138 0.974
3.6341609954833984 1624362057.757148 0.974
3.6341609954833984 1624362057.764173 0.974
3.6341609954833984 1624362057.77111 0.974
3.6341609954833984 1624362057.778185 0.974
3.6341609954833984 1624362057.78519 0.974
3.6341609954833984 1624362057.792178 0.974
3.6341609954833984 1624362057.799212 0.974
3.6341609954833984 1624362057.806208 0.974
3.6341609954833984 1624362057.813283 0.974
4.239854335784912 1624362057.820069 0.974
3.6341609954833984 1624362057.827078 0.974
4.242424488067627 1624362057.834134 0.974
3.6341609954833984 1624362057.841124 0.974
3.6341609954833984 1624362057.848033 0.974
4.242424488067627 1624362057.855025 0.974
3.6341609954833984 1624362057.861983 0.974
3.6341609954833984 1624362057.868952 0.974
4.239854335784912 1624362057.875993 0.974
3.6363637447357178 1624362057.883013 0.974
3.6341609954833984 1624362057.890012 0.974
3.6341609954833984 1624362057.897012 0.974
3.6341609954833984 1624362057.904004 0.974
3.6341609954833984 1624362057.911012 0.974
3.6341609954833984 1624362057.918023 0.974
3.6341609954833984 1624362057.925052 0.974
3.6341609954833984 1624362057.932048 0.974
3.6341609954833984 1624362057.939084 0.974
3.6341609954833984 1624362057.946023 0.974
3.6341609954833984 1624362057.95307 0.974
3.6341609954833984 1624362057.96008 0.974
3.6363637447357178 1624362057.967048 0.974
3.6363637447357178 1624362057.974101 0.974
3.6341609954833984 1624362057.981121 0.974
3.6341609954833984 1624362057.988129 0.974
3.6363637447357178 1624362057.995238 0.974
4.242424488067627 1624362058.002217 0.974
3.6341609954833984 1624362058.008969 0.974
3.6363637447357178 1624362058.015988 0.974
3.6341609954833984 1624362058.023051 0.974
3.6341609954833984 1624362058.03002 0.974
3.6341609954833984 1624362058.03701 0.974
3.6341609954833984 1624362058.044046 0.974
3.6363637447357178 1624362058.05104 0.974
3.6341609954833984 1624362058.058057 0.974
3.6341609954833984 1624362058.065158 0.974
3.6341609954833984 1624362058.072023 0.974
3.6341609954833984 1624362058.07911 0.974
3.6363637447357178 1624362058.086068 0.974
3.6341609954833984 1624362058.093099 0.974
4.239854335784912 1624362058.100043 0.974
3.6341609954833984 1624362058.107065 0.974
3.6341609954833984 1624362058.114126 0.974
4.242424488067627 1624362058.121026 0.974
3.6341609954833984 1624362058.128075 0.974
3.6341609954833984 1624362058.135092 0.974
3.6341609954833984 1624362058.142091 0.974
3.6341609954833984 1624362058.149003 0.974
3.6341609954833984 1624362058.15604 0.974
4.242424488067627 1624362058.163013 0.974
3.6341609954833984 1624362058.170047 0.974
3.6341609954833984 1624362058.177036 0.974
3.6363637447357178 1624362058.184006 0.974
3.6363637447357178 1624362058.191109 0.974
3.6341609954833984 1624362058.198105 0.974
3.6363637447357178 1624362058.205046 0.974
3.6341609954833984 1624362058.212058 0.974
3.6341609954833984 1624362058.219012 0.974
3.6341609954833984 1624362058.226009 0.974
4.242424488067627 1624362058.233105 0.974
3.6341609954833984 1624362058.239904 0.974
3.6341609954833984 1624362058.246925 0.974
4.239854335784912 1624362058.253862 0.974
3.6341609954833984 1624362058.260966 0.974
3.6363637447357178 1624362058.267976 0.974
3.6341609954833984 1624362058.27494 0.974
3.6341609954833984 1624362058.28202 0.974
4.239854335784912 1624362058.288903 0.974
4.242424488067627 1624362058.295922 0.974
3.6341609954833984 1624362058.302895 0.974
4.239854335784912 1624362058.30989 0.974
3.6363637447357178 1624362058.31693 0.974
3.6341609954833984 1624362058.32386 0.974
3.6341609954833984 1624362058.330914 0.974
3.6341609954833984 1624362058.337872 0.974
4.239854335784912 1624362058.344852 0.974
3.6341609954833984 1624362058.351916 0.974
3.6341609954833984 1624362058.358884 0.974
4.239854335784912 1624362058.365931 0.974
3.6341609954833984 1624362058.373015 0.974
3.6341609954833984 1624362058.38004 0.974
3.6363637447357178 1624362058.387019 0.974
3.6341609954833984 1624362058.393978 0.974
4.242424488067627 1624362058.400982 0.974
3.6363637447357178 1624362058.408007 0.974
3.6341609954833984 1624362058.415007 0.974
4.239854335784912 1624362058.421984 0.974
3.6341609954833984 1624362058.428952 0.974
3.6341609954833984 1624362058.435988 0.974
3.6341609954833984 1624362058.443021 0.974
3.6341609954833984 1624362058.449955 0.974
3.6341609954833984 1624362058.457028 0.974
3.6341609954833984 1624362058.464076 0.974
3.6341609954833984 1624362058.471018 0.974
3.6341609954833984 1624362058.478017 0.974
3.6363637447357178 1624362058.485061 0.974
3.6341609954833984 1624362058.492026 0.974
4.239854335784912 1624362058.499046 0.974
3.6341609954833984 1624362058.505862 0.974
3.6341609954833984 1624362058.512892 0.974
4.239854335784912 1624362058.519875 0.974
3.6363637447357178 1624362058.526874 0.974
4.242424488067627 1624362058.533904 0.974
3.6341609954833984 1624362058.540937 0.974
3.6341609954833984 1624362058.54787 0.974
3.6341609954833984 1624362058.554856 0.974
3.6341609954833984 1624362058.562053 0.974
3.6363637447357178 1624362058.56882 0.974
3.6363637447357178 1624362058.575801 0.974
3.6341609954833984 1624362058.58288 0.974
3.6341609954833984 1624362058.589938 0.974
3.6341609954833984 1624362058.596946 0.974
3.6341609954833984 1624362058.603939 0.974
3.6341609954833984 1624362058.610943 0.974
3.6363637447357178 1624362058.617982 0.974
3.6363637447357178 1624362058.624991 0.974
3.6341609954833984 1624362058.631904 0.974
3.6341609954833984 1624362058.63892 0.974
3.6341609954833984 1624362058.645949 0.974
3.6341609954833984 1624362058.652978 0.974
3.6341609954833984 1624362058.659901 0.974
3.6341609954833984 1624362058.666861 0.974
4.242424488067627 1624362058.673876 0.974
3.6363637447357178 1624362058.680904 0.974
3.6341609954833984 1624362058.687856 0.974
3.6341609954833984 1624362058.694892 0.974
3.6341609954833984 1624362058.701895 0.974
3.6363637447357178 1624362058.708756 0.974
3.6341609954833984 1624362058.715738 0.974
3.6341609954833984 1624362058.722791 0.974
4.239854335784912 1624362058.729738 0.974
3.6341609954833984 1624362058.736781 0.974
4.239854335784912 1624362058.743854 0.974
3.6341609954833984 1624362058.750824 0.974
3.6363637447357178 1624362058.757864 0.974
3.6341609954833984 1624362058.764868 0.974
3.6341609954833984 1624362058.771846 0.974
3.6341609954833984 1624362058.778814 0.974
3.6341609954833984 1624362058.785888 0.974
3.6341609954833984 1624362058.792838 0.974
4.239854335784912 1624362058.799844 0.974
3.6341609954833984 1624362058.806811 0.974
3.6341609954833984 1624362058.813792 0.974
3.6341609954833984 1624362058.82085 0.974
3.6341609954833984 1624362058.827824 0.974
3.6341609954833984 1624362058.834807 0.974
3.6341609954833984 1624362058.841882 0.974
3.6363637447357178 1624362058.848927 0.974
4.242424488067627 1624362058.855884 0.974
3.6341609954833984 1624362058.862947 0.974
3.6363637447357178 1624362058.869893 0.974
3.6341609954833984 1624362058.876901 0.974
3.6341609954833984 1624362058.883797 0.974
3.6341609954833984 1624362058.89079 0.974
3.6341609954833984 1624362058.897888 0.974
3.6341609954833984 1624362058.904667 0.974
4.242424488067627 1624362058.911755 0.974
3.6341609954833984 1624362058.918759 0.974
3.6341609954833984 1624362058.92575 0.974
3.6341609954833984 1624362058.932696 0.974
3.6341609954833984 1624362058.939675 0.974
3.6341609954833984 1624362058.946693 0.974
4.242424488067627 1624362058.953789 0.974
3.6341609954833984 1624362058.960785 0.974
4.239854335784912 1624362058.967802 0.974
3.6341609954833984 1624362058.974798 0.974
3.6341609954833984 1624362058.981892 0.974
4.239854335784912 1624362058.988845 0.974
3.6341609954833984 1624362058.995804 0.974
3.6341609954833984 1624362059.002848 0.974
3.6341609954833984 1624362059.009832 0.974
3.6341609954833984 1624362059.016892 0.974
3.6341609954833984 1624362059.023772 0.974
3.6341609954833984 1624362059.030822 0.974
3.6341609954833984 1624362059.037808 0.974
3.6363637447357178 1624362059.044788 0.974
3.6363637447357178 1624362059.051811 0.974
3.6341609954833984 1624362059.058871 0.974
3.6363637447357178 1624362059.065857 0.974
3.6341609954833984 1624362059.072888 0.974
3.6341609954833984 1624362059.079861 0.974
3.6341609954833984 1624362059.086865 0.974
3.6341609954833984 1624362059.09391 0.974
3.6341609954833984 1624362059.100741 0.974
3.6341609954833984 1624362059.107728 0.974
3.6341609954833984 1624362059.114779 0.974
3.6341609954833984 1624362059.121735 0.974
3.6341609954833984 1624362059.128643 0.974
3.6341609954833984 1624362059.135647 0.974
3.6341609954833984 1624362059.142669 0.974
3.6341609954833984 1624362059.149686 0.974
3.6341609954833984 1624362059.156713 0.974
3.6363637447357178 1624362059.163654 0.974
3.6341609954833984 1624362059.170644 0.974
4.239854335784912 1624362059.177729 0.974
3.6341609954833984 1624362059.184676 0.974
3.6341609954833984 1624362059.191741 0.974
4.239854335784912 1624362059.198655 0.974
3.6341609954833984 1624362059.205671 0.974
3.6363637447357178 1624362059.212798 0.974
3.6341609954833984 1624362059.219713 0.974
3.6341609954833984 1624362059.226715 0.974
3.6363637447357178 1624362059.233796 0.974
3.6341609954833984 1624362059.24081 0.974
3.6341609954833984 1624362059.247763 0.974
3.6363637447357178 1624362059.254695 0.974
3.6341609954833984 1624362059.261709 0.974
4.239854335784912 1624362059.268768 0.974
3.6363637447357178 1624362059.275671 0.974
3.6341609954833984 1624362059.282773 0.974
4.242424488067627 1624362059.289811 0.974
3.6341609954833984 1624362059.296825 0.974
3.6341609954833984 1624362059.303824 0.974
3.6341609954833984 1624362059.31065 0.974
3.6341609954833984 1624362059.317639 0.974
3.6341609954833984 1624362059.324644 0.974
3.6341609954833984 1624362059.331688 0.974
3.6341609954833984 1624362059.338687 0.974
3.6341609954833984 1624362059.345621 0.974
3.6341609954833984 1624362059.352558 0.974
3.6341609954833984 1624362059.359588 0.974
3.6363637447357178 1624362059.366711 0.974
3.6341609954833984 1624362059.373607 0.974
3.6341609954833984 1624362059.380664 0.974
4.239854335784912 1624362059.387688 0.974
3.6363637447357178 1624362059.394622 0.974
3.6341609954833984 1624362059.401653 0.974
4.239854335784912 1624362059.408635 0.974
3.6341609954833984 1624362059.415604 0.974
3.6341609954833984 1624362059.422614 0.974
3.6341609954833984 1624362059.429722 0.974
3.6341609954833984 1624362059.436706 0.974
3.6363637447357178 1624362059.443689 0.974
3.6341609954833984 1624362059.450809 0.974
3.6341609954833984 1624362059.457801 0.974
3.6341609954833984 1624362059.464704 0.974
3.6341609954833984 1624362059.471782 0.974
3.6341609954833984 1624362059.478713 0.974
3.6341609954833984 1624362059.485707 0.974
3.6341609954833984 1624362059.492594 0.974
3.6341609954833984 1624362059.499621 0.974
3.6341609954833984 1624362059.506631 0.974
4.239854335784912 1624362059.513651 0.974
3.6341609954833984 1624362059.520632 0.974
3.6341609954833984 1624362059.527624 0.974
3.6341609954833984 1624362059.534583 0.974
3.6341609954833984 1624362059.541606 0.974
3.6341609954833984 1624362059.548631 0.974
3.6341609954833984 1624362059.555592 0.974
3.6341609954833984 1624362059.562646 0.974
3.6341609954833984 1624362059.569663 0.974
3.6341609954833984 1624362059.576655 0.974
3.6341609954833984 1624362059.583601 0.974
3.6341609954833984 1624362059.590664 0.974
3.6341609954833984 1624362059.597583 0.974
3.6341609954833984 1624362059.604593 0.974
3.6341609954833984 1624362059.61157 0.974
3.6341609954833984 1624362059.618629 0.974
3.6341609954833984 1624362059.625597 0.974
3.6341609954833984 1624362059.632669 0.974
3.6341609954833984 1624362059.639615 0.974
3.6341609954833984 1624362059.646688 0.974
3.6341609954833984 1624362059.65361 0.974
3.6341609954833984 1624362059.660587 0.974
3.6341609954833984 1624362059.667596 0.974
3.6363637447357178 1624362059.674603 0.974
3.6341609954833984 1624362059.681628 0.974
3.6341609954833984 1624362059.688606 0.974
