1.192052960395813 1623161202.445159
1.175461769104004 1623161202.445265
1.2678571939468384 1623161202.445338
1.2534246444702148 1623161202.445415
1.2798353433609009 1623161202.44549
1.3019390106201172 1623161202.445568
1.2932226657867432 1623161202.445615
1.3064067363739014 1623161202.445694
1.4331865310668945 1623161202.44577
1.4731342792510986 1623161202.445843
1.5052950382232666 1623161202.445928
1.510606050491333 1623161202.445972
1.5282442569732666 1623161202.446009
1.5383435487747192 1623161202.446044
1.4887218475341797 1623161202.44608
1.4812593460083008 1623161202.446131
1.4753363132476807 1623161202.446188
1.4694485664367676 1623161202.446227
1.515197515487671 1623161202.446262
1.487987995147705 1623161202.446298
1.4562963247299194 1623161202.446351
1.4439527988433838 1623161202.446418
1.476831078529358 1623161202.446466
1.4599406719207764 1623161202.446502
1.4977375268936157 1623161202.446537
1.4716417789459229 1623161202.446572
1.4842578172683716 1623161202.446628
1.4548147916793823 1623161202.44669
1.4210525751113892 1623161202.446763
1.3861671686172485 1623161202.446835
1.3916184902191162 1623161202.446902
1.397973895072937 1623161202.446944
1.4281524419784546 1623161202.44698
1.460624098777771 1623161202.447015
1.434654951095581 1623161202.447051
1.4454277753829956 1623161202.447086
1.4352941513061523 1623161202.44712
1.4397058486938477 1623161202.447178
1.4296187162399292 1623161202.447245
1.5015106201171875 1623161202.447283
1.4902255535125732 1623161202.447319
1.4533333778381348 1623161202.447371
1.4518518447875977 1623161202.447432
1.440353512763977 1623161202.447497
1.4195905923843384 1623161202.447563
1.4040697813034058 1623161202.447628
1.4104803800582886 1623161202.447669
1.3930635452270508 1623161202.447704
1.4063860177993774 1623161202.447742
1.397973895072937 1623161202.447808
1.367142915725708 1623161202.447862
1.4014493227005005 1623161202.447898
1.3773313760757446 1623161202.447945
1.3778735399246216 1623161202.448009
1.3910534381866455 1623161202.448074
1.4189780950546265 1623161202.44814
1.394508719444275 1623161202.448196
1.3676681518554688 1623161202.448234
1.3589743375778198 1623161202.44827
1.3930635452270508 1623161202.448305
1.3847261667251587 1623161202.44834
1.4189780950546265 1623161202.448375
1.39652681350708 1623161202.448411
1.3994210958480835 1623161202.448445
1.3988438844680786 1623161202.44848
1.3985507488250732 1623161202.448515
1.4028985500335693 1623161202.448549
1.4216691255569458 1623161202.448584
1.4664679765701294 1623161202.448619
1.4569733142852783 1623161202.448654
1.4562963247299194 1623161202.448688
1.4635958671569824 1623161202.448724
1.4218977689743042 1623161202.448758
1.4063860177993774 1623161202.448794
1.4374079704284668 1623161202.448835
1.4460856914520264 1623161202.448895
1.4281524419784546 1623161202.448963
1.4104803800582886 1623161202.44902
1.4331865310668945 1623161202.44906
1.4069766998291016 1623161202.44911
1.4388806819915771 1623161202.449168
1.4382352828979492 1623161202.449228
1.4410029649734497 1623161202.449288
1.4175182580947876 1623161202.449348
1.4374079704284668 1623161202.449386
1.4281524419784546 1623161202.449428
1.462109923362732 1623161202.449488
1.4511834383010864 1623161202.449551
1.4738415479660034 1623161202.449624
1.4548147916793823 1623161202.449733
1.4374079704284668 1623161202.449866
1.4554896354675293 1623161202.449941
1.4753363132476807 1623161202.450007
1.4731342792510986 1623161202.450067
1.4310849905014038 1623161202.450119
1.4210525751113892 1623161202.450182
1.399999976158142 1623161202.450247
1.4352941513061523 1623161202.450316
1.4490399360656738 1623161202.450385
1.4548147916793823 1623161202.450433
1.4446085691452026 1623161202.450468
1.4331865310668945 1623161202.450501
1.4245973825454712 1623161202.450534
1.4245973825454712 1623161202.45058
1.4584569931030273 1623161202.450638
1.4842578172683716 1623161202.450703
1.4672619104385376 1623161202.45076
1.4439527988433838 1623161202.450797
1.4225146770477295 1623161202.45084
1.4388806819915771 1623161202.4509
1.4439527988433838 1623161202.450964
1.4374079704284668 1623161202.451029
1.431718111038208 1623161202.451084
1.440353512763977 1623161202.451119
1.440353512763977 1623161202.451174
1.4352941513061523 1623161202.451233
1.4388806819915771 1623161202.451302
1.4352941513061523 1623161202.451361
1.4460856914520264 1623161202.451407
1.4584569931030273 1623161202.451453
1.4569733142852783 1623161202.451506
1.4195905923843384 1623161202.45154
1.4175182580947876 1623161202.451572
1.4063860177993774 1623161202.451604
1.4154518842697144 1623161202.451636
1.4260615110397339 1623161202.451668
1.3821839094161987 1623161202.4517
1.3744620084762573 1623161202.451732
1.3870503902435303 1623161202.451779
1.399999976158142 1623161202.451816
1.397973895072937 1623161202.451855
1.4119359254837036 1623161202.451888
1.399999976158142 1623161202.451921
1.4154518842697144 1623161202.451953
1.4281524419784546 1623161202.451987
1.4139941930770874 1623161202.452019
1.4119359254837036 1623161202.452052
1.4225146770477295 1623161202.452085
1.399999976158142 1623161202.452121
1.375896692276001 1623161202.452168
1.4020318984985352 1623161202.452204
1.397973895072937 1623161202.45226
1.3773313760757446 1623161202.452313
1.3861671686172485 1623161202.452348
1.3847261667251587 1623161202.45238
1.375896692276001 1623161202.452412
1.4063860177993774 1623161202.452443
1.4189780950546265 1623161202.452475
1.399999976158142 1623161202.452507
1.4160584211349487 1623161202.45254
1.4175182580947876 1623161202.452572
1.4163028001785278 1623161202.452605
1.3816355466842651 1623161202.452636
1.3841726779937744 1623161202.452668
1.4133915901184082 1623161202.452717
1.4296187162399292 1623161202.452752
1.4275256395339966 1623161202.452787
1.4533333778381348 1623161202.452842
1.4063860177993774 1623161202.452894
1.4388806819915771 1623161202.452929
1.4281524419784546 1623161202.452961
1.4119359254837036 1623161202.452992
1.42668616771698 1623161202.453024
1.4460856914520264 1623161202.453055
1.4296187162399292 1623161202.453089
1.442477822303772 1623161202.453121
1.4511834383010864 1623161202.453152
1.431718111038208 1623161202.453184
1.4584569931030273 1623161202.453222
1.4352941513061523 1623161202.453265
1.4410029649734497 1623161202.453303
1.4439527988433838 1623161202.453361
1.431718111038208 1623161202.453412
1.4189780950546265 1623161202.453447
1.4460856914520264 1623161202.453479
1.4331865310668945 1623161202.453511
1.4352941513061523 1623161202.453544
1.4281524419784546 1623161202.453578
1.4069766998291016 1623161202.45361
1.3910534381866455 1623161202.453709
1.3930635452270508 1623161202.453758
1.3924963474273682 1623161202.4538
1.4154518842697144 1623161202.453859
1.4014493227005005 1623161202.453902
1.4014493227005005 1623161202.453934
1.3890489339828491 1623161202.453967
1.3930635452270508 1623161202.453999
1.4005805253982544 1623161202.45403
1.3861671686172485 1623161202.454062
1.3812949657440186 1623161202.454093
1.3527737855911255 1623161202.454124
1.375896692276001 1623161202.454155
1.3470255136489868 1623161202.454187
1.3375706672668457 1623161202.454223
1.3773313760757446 1623161202.454269
1.4014493227005005 1623161202.454318
1.39652681350708 1623161202.454369
1.403483271598816 1623161202.454425
1.3890489339828491 1623161202.454486
1.3623394966125488 1623161202.454542
1.3603988885879517 1623161202.454578
1.3827338218688965 1623161202.45461
1.403483271598816 1623161202.454643
1.4014493227005005 1623161202.454675
1.3950796127319336 1623161202.454713
1.4055233001708984 1623161202.454756
1.4020318984985352 1623161202.45479
1.4204379320144653 1623161202.454824
1.4183673858642578 1623161202.454865
1.39652681350708 1623161202.454907
1.3910534381866455 1623161202.454953
1.3793103694915771 1623161202.455007
1.399999976158142 1623161202.455043
1.4175182580947876 1623161202.455078
1.4119359254837036 1623161202.455166
1.4133915901184082 1623161202.455203
1.4154518842697144 1623161202.455236
1.4055233001708984 1623161202.455278
1.3896104097366333 1623161202.455319
1.3861671686172485 1623161202.455349
1.399999976158142 1623161202.455376
1.4154518842697144 1623161202.455408
1.4084302186965942 1623161202.455449
1.3930635452270508 1623161202.455487
1.3807470798492432 1623161202.455615
1.3896104097366333 1623161202.455659
1.394508719444275 1623161202.455703
1.3876080513000488 1623161202.455748
1.4104803800582886 1623161202.455795
1.4175182580947876 1623161202.455844
1.3930635452270508 1623161202.455895
1.39652681350708 1623161202.455929
1.3744620084762573 1623161202.455957
1.375896692276001 1623161202.455994
1.3807470798492432 1623161202.456025
1.3651925325393677 1623161202.456065
1.3690986633300781 1623161202.456101
1.3508522510528564 1623161202.456133
1.3793103694915771 1623161202.456161
1.372492790222168 1623161202.456187
1.3522727489471436 1623161202.456214
1.3508522510528564 1623161202.45624
1.3623394966125488 1623161202.456267
1.3657143115997314 1623161202.456294
1.3807470798492432 1623161202.45632
1.3517730236053467 1623161202.456347
1.347517728805542 1623161202.456373
1.3536931276321411 1623161202.4564
1.350354552268982 1623161202.456426
1.3739254474639893 1623161202.456453
1.367142915725708 1623161202.456479
1.3657143115997314 1623161202.456505
1.3916184902191162 1623161202.456531
1.399999976158142 1623161202.456558
1.375896692276001 1623161202.456585
1.3651925325393677 1623161202.456611
1.375896692276001 1623161202.456637
1.375896692276001 1623161202.456663
1.3642857074737549 1623161202.45669
1.372492790222168 1623161202.456717
1.363766074180603 1623161202.456743
1.3690986633300781 1623161202.456769
1.367142915725708 1623161202.456796
1.3536931276321411 1623161202.456822
1.3623394966125488 1623161202.456848
1.3437057733535767 1623161202.456874
1.350354552268982 1623161202.456901
1.3570412397384644 1623161202.456928
1.3489362001419067 1623161202.456954
1.3305203914642334 1623161202.456981
1.3536931276321411 1623161202.457008
1.3522727489471436 1623161202.457035
1.3470255136489868 1623161202.457062
1.3338028192520142 1623161202.45709
1.3437057733535767 1623161202.457118
1.3277074098587036 1623161202.457146
1.3225806951522827 1623161202.457173
1.3489362001419067 1623161202.457201
1.3657143115997314 1623161202.45723
1.375896692276001 1623161202.457257
1.3744620084762573 1623161202.457286
1.371959924697876 1623161202.457316
1.3807470798492432 1623161202.457344
1.3930635452270508 1623161202.457373
1.3924963474273682 1623161202.4574
1.4104803800582886 1623161202.457429
1.3985507488250732 1623161202.457458
1.3930635452270508 1623161202.457503
1.3910534381866455 1623161202.45755
1.3896104097366333 1623161202.457593
1.3778735399246216 1623161202.457648
1.3662375211715698 1623161202.457697
1.3632478713989258 1623161202.457746
1.3489362001419067 1623161202.457795
1.370529294013977 1623161202.457838
1.3657143115997314 1623161202.457884
1.3536931276321411 1623161202.457927
1.3847261667251587 1623161202.457972
1.3739254474639893 1623161202.458019
1.3522727489471436 1623161202.458064
1.370529294013977 1623161202.458108
1.3536931276321411 1623161202.458152
1.3657143115997314 1623161202.458201
1.3793103694915771 1623161202.458249
1.370529294013977 1623161202.458297
1.3807470798492432 1623161202.458345
1.399999976158142 1623161202.458392
1.3910534381866455 1623161202.45844
1.3676681518554688 1623161202.458486
1.372492790222168 1623161202.458529
1.3827338218688965 1623161202.458574
1.4055233001708984 1623161202.458624
1.399999976158142 1623161202.45867
1.4084302186965942 1623161202.458716
1.4119359254837036 1623161202.458767
1.3876080513000488 1623161202.458817
1.371959924697876 1623161202.458868
1.3603988885879517 1623161202.458915
1.368571400642395 1623161202.458963
1.3451201915740967 1623161202.45901
1.3342735767364502 1623161202.459063
1.347517728805542 1623161202.459109
1.3690986633300781 1623161202.459155
1.3584637641906738 1623161202.459202
1.335684061050415 1623161202.459249
1.3323943614959717 1623161202.459298
1.354196310043335 1623161202.459344
1.3221288919448853 1623161202.459391
1.3142458200454712 1623161202.459439
1.3064067363739014 1623161202.459486
1.2922437191009521 1623161202.459534
1.3064067363739014 1623161202.459583
1.3077994585037231 1623161202.459629
1.3031989336013794 1623161202.459677
1.2868965864181519 1623161202.459725
1.299583911895752 1623161202.459773
1.2936288118362427 1623161202.459821
1.3064067363739014 1623161202.459868
1.3160839080810547 1623161202.459915
1.3207283020019531 1623161202.459963
1.3142458200454712 1623161202.460011
1.3225806951522827 1623161202.460058
1.340395450592041 1623161202.460106
1.327247142791748 1623161202.460165
1.3221288919448853 1623161202.460207
1.3291139602661133 1623161202.460251
1.3418079614639282 1623161202.460294
1.335684061050415 1623161202.460336
1.3291139602661133 1623161202.460382
1.3305203914642334 1623161202.460426
1.335684061050415 1623161202.460468
1.335684061050415 1623161202.460511
1.3338028192520142 1623161202.460553
1.327247142791748 1623161202.460596
1.3031989336013794 1623161202.460639
1.2986111640930176 1623161202.46068
1.3077994585037231 1623161202.460723
1.3013888597488403 1623161202.460768
1.3031989336013794 1623161202.460819
1.3064067363739014 1623161202.460865
1.2872928380966187 1623161202.460911
1.288673996925354 1623161202.460954
1.2904564142227173 1623161202.460996
1.3018081188201904 1623161202.461038
1.2936288118362427 1623161202.46108
1.3096234798431396 1623161202.461123
1.3064067363739014 1623161202.461165
1.3110181093215942 1623161202.461207
1.3045897483825684 1623161202.461249
1.327247142791748 1623161202.461291
1.319327712059021 1623161202.461334
1.3114525079727173 1623161202.461375
1.3059805631637573 1623161202.461417
1.2981969118118286 1623161202.46146
1.2872928380966187 1623161202.461502
1.279229760169983 1623161202.461545
1.2841379642486572 1623161202.461587
1.279229760169983 1623161202.461638
1.2904564142227173 1623161202.461682
1.3018081188201904 1623161202.461726
1.3160839080810547 1623161202.461769
1.3291139602661133 1623161202.461811
1.3225806951522827 1623161202.461853
1.3045897483825684 1623161202.461899
1.3077994585037231 1623161202.461934
1.3160839080810547 1623161202.461974
1.3110181093215942 1623161202.462002
1.3045897483825684 1623161202.462023
1.3031989336013794 1623161202.462044
1.3110181093215942 1623161202.462064
1.314685344696045 1623161202.462085
1.3225806951522827 1623161202.462105
1.3239831924438477 1623161202.462139
1.3277074098587036 1623161202.462168
1.3323943614959717 1623161202.46221
1.327247142791748 1623161202.462239
1.3225806951522827 1623161202.462274
1.3305203914642334 1623161202.462307
1.3258427381515503 1623161202.462335
1.3207283020019531 1623161202.46236
1.3207283020019531 1623161202.462388
1.3253856897354126 1623161202.462421
1.3225806951522827 1623161202.462457
1.3225806951522827 1623161202.462495
1.335684061050415 1623161202.462519
1.3291139602661133 1623161202.462543
1.324438214302063 1623161202.462567
1.3096234798431396 1623161202.462599
1.3342735767364502 1623161202.462627
1.319327712059021 1623161202.462669
1.3323943614959717 1623161202.462707
1.335684061050415 1623161202.462732
1.319327712059021 1623161202.462755
1.3239831924438477 1623161202.462779
1.3338028192520142 1623161202.462811
1.3456090688705444 1623161202.462838
1.3456090688705444 1623161202.462879
1.3570412397384644 1623161202.462906
1.354196310043335 1623161202.46293
1.3456090688705444 1623161202.462956
1.3389830589294434 1623161202.462987
1.3305203914642334 1623161202.463025
1.3323943614959717 1623161202.463061
1.3207283020019531 1623161202.463091
1.327247142791748 1623161202.463122
1.327247142791748 1623161202.463153
1.3291139602661133 1623161202.463189
1.319327712059021 1623161202.463218
1.3156424760818481 1623161202.463257
1.3174824714660645 1623161202.463284
1.3207283020019531 1623161202.463318
1.3128491640090942 1623161202.463355
1.3160839080810547 1623161202.463386
1.335684061050415 1623161202.46341
1.3456090688705444 1623161202.463433
1.3389830589294434 1623161202.463457
1.335684061050415 1623161202.463482
1.3225806951522827 1623161202.463506
1.3277074098587036 1623161202.463554
1.3338028192520142 1623161202.46358
1.3160839080810547 1623161202.463604
1.3225806951522827 1623161202.463627
1.3160839080810547 1623161202.463651
1.3142458200454712 1623161202.463674
1.3110181093215942 1623161202.463697
1.3291139602661133 1623161202.463721
1.3319268226623535 1623161202.463744
1.3437057733535767 1623161202.463768
1.340395450592041 1623161202.46383
1.3389830589294434 1623161202.463856
1.350354552268982 1623161202.46388
1.3589743375778198 1623161202.463905
1.3536931276321411 1623161202.463933
1.370529294013977 1623161202.463971
1.3623394966125488 1623161202.464004
1.350354552268982 1623161202.464028
1.3484419584274292 1623161202.464057
1.3536931276321411 1623161202.464089
1.361823320388794 1623161202.464123
1.3623394966125488 1623161202.464159
1.3609130382537842 1623161202.464184
1.367142915725708 1623161202.464208
1.3603988885879517 1623161202.464231
1.3589743375778198 1623161202.464255
1.354196310043335 1623161202.464278
1.3489362001419067 1623161202.464302
1.3517730236053467 1623161202.464326
1.372492790222168 1623161202.46435
1.3603988885879517 1623161202.464374
1.3603988885879517 1623161202.464397
1.3603988885879517 1623161202.46442
1.3642857074737549 1623161202.464444
1.3517730236053467 1623161202.464467
1.3389830589294434 1623161202.46449
1.3556188344955444 1623161202.464514
1.347517728805542 1623161202.464537
1.3422913551330566 1623161202.464561
1.3207283020019531 1623161202.464584
1.327247142791748 1623161202.464608
1.3142458200454712 1623161202.464631
1.3305203914642334 1623161202.464654
1.335684061050415 1623161202.464678
1.3338028192520142 1623161202.464701
1.3291139602661133 1623161202.464724
1.3370945453643799 1623161202.464748
1.3370945453643799 1623161202.464771
1.340395450592041 1623161202.464795
1.3375706672668457 1623161202.464818
1.3338028192520142 1623161202.464842
1.3338028192520142 1623161202.464865
1.3389830589294434 1623161202.464888
1.3291139602661133 1623161202.464912
1.324438214302063 1623161202.464935
1.3239831924438477 1623161202.464958
1.3323943614959717 1623161202.464982
1.3422913551330566 1623161202.465005
1.3456090688705444 1623161202.465029
1.3323943614959717 1623161202.465053
1.3305203914642334 1623161202.465076
1.3522727489471436 1623161202.4651
1.3456090688705444 1623161202.465123
1.3589743375778198 1623161202.465147
1.340395450592041 1623161202.46517
1.3370945453643799 1623161202.465193
1.3418079614639282 1623161202.465216
1.3389830589294434 1623161202.46524
1.340395450592041 1623161202.465263
1.3385049104690552 1623161202.465286
1.3437057733535767 1623161202.46531
1.3437057733535767 1623161202.465333
1.3338028192520142 1623161202.465357
1.335684061050415 1623161202.465381
1.3437057733535767 1623161202.465406
1.3489362001419067 1623161202.465429
1.340395450592041 1623161202.465453
1.344192624092102 1623161202.465476
1.3489362001419067 1623161202.4655
1.3623394966125488 1623161202.465523
1.3570412397384644 1623161202.465547
1.3522727489471436 1623161202.465571
1.350354552268982 1623161202.465594
1.3522727489471436 1623161202.465618
1.350354552268982 1623161202.465655
1.3338028192520142 1623161202.465681
1.3422913551330566 1623161202.465705
1.3522727489471436 1623161202.465729
1.354196310043335 1623161202.465752
1.3489362001419067 1623161202.465776
1.3536931276321411 1623161202.465799
1.3522727489471436 1623161202.465823
1.3536931276321411 1623161202.465846
1.3522727489471436 1623161202.46587
1.3609130382537842 1623161202.465893
1.3570412397384644 1623161202.465917
1.350354552268982 1623161202.46594
1.3589743375778198 1623161202.465964
1.3522727489471436 1623161202.465987
1.368571400642395 1623161202.466011
1.3623394966125488 1623161202.466034
1.3603988885879517 1623161202.466058
1.3657143115997314 1623161202.466082
1.3807470798492432 1623161202.466106
1.3793103694915771 1623161202.466129
1.375896692276001 1623161202.466152
1.3827338218688965 1623161202.466175
1.3753582239151 1623161202.466199
1.3710601329803467 1623161202.466223
1.367142915725708 1623161202.466246
1.368571400642395 1623161202.46627
1.363766074180603 1623161202.466293
1.3739254474639893 1623161202.466317
1.3861671686172485 1623161202.466341
1.3827338218688965 1623161202.466365
1.372492790222168 1623161202.466388
1.375896692276001 1623161202.466412
1.363766074180603 1623161202.466435
1.3589743375778198 1623161202.466458
1.372492790222168 1623161202.466481
1.3690986633300781 1623161202.466505
1.363766074180603 1623161202.466528
1.3570412397384644 1623161202.466551
1.3570412397384644 1623161202.466574
1.3522727489471436 1623161202.466597
1.3522727489471436 1623161202.466621
1.3489362001419067 1623161202.466644
1.3522727489471436 1623161202.466667
1.3456090688705444 1623161202.466691
1.350354552268982 1623161202.466714
1.3570412397384644 1623161202.466737
1.3623394966125488 1623161202.466761
1.3489362001419067 1623161202.466784
1.3603988885879517 1623161202.466807
1.3827338218688965 1623161202.466831
1.3807470798492432 1623161202.466854
1.3773313760757446 1623161202.466878
1.371959924697876 1623161202.466901
1.3773313760757446 1623161202.466924
1.3773313760757446 1623161202.466947
1.3657143115997314 1623161202.466971
1.370529294013977 1623161202.466994
1.3793103694915771 1623161202.467017
1.372492790222168 1623161202.46704
1.3773313760757446 1623161202.467063
1.3841726779937744 1623161202.467087
1.3916184902191162 1623161202.46711
1.39652681350708 1623161202.467133
1.3910534381866455 1623161202.46717
1.397973895072937 1623161202.467192
1.409024715423584 1623161202.467215
1.399999976158142 1623161202.467237
1.4154518842697144 1623161202.467259
1.4154518842697144 1623161202.467282
1.4104803800582886 1623161202.467304
1.4139941930770874 1623161202.467327
1.4139941930770874 1623161202.467349
1.4169095754623413 1623161202.467371
1.4069766998291016 1623161202.467394
1.3994210958480835 1623161202.467416
1.403483271598816 1623161202.467439
1.4084302186965942 1623161202.467461
1.4049346446990967 1623161202.467483
1.4154518842697144 1623161202.467506
1.4175182580947876 1623161202.467528
1.4104803800582886 1623161202.467551
1.4154518842697144 1623161202.467573
1.4119359254837036 1623161202.467595
1.3773313760757446 1623161202.467618
1.3710601329803467 1623161202.46764
1.3690986633300781 1623161202.467663
1.367142915725708 1623161202.467685
1.3827338218688965 1623161202.467707
1.399999976158142 1623161202.467729
1.39652681350708 1623161202.467751
1.4063860177993774 1623161202.467774
1.4084302186965942 1623161202.467796
1.4210525751113892 1623161202.467818
1.409883737564087 1623161202.467841
1.4119359254837036 1623161202.467863
1.4154518842697144 1623161202.467885
1.4139941930770874 1623161202.467908
1.4154518842697144 1623161202.46793
1.4069766998291016 1623161202.467953
1.4175182580947876 1623161202.467975
1.4139941930770874 1623161202.467997
1.4119359254837036 1623161202.46802
1.4119359254837036 1623161202.468042
1.4049346446990967 1623161202.468065
1.3930635452270508 1623161202.468087
1.3930635452270508 1623161202.46811
1.403483271598816 1623161202.468132
1.4084302186965942 1623161202.468154
1.4119359254837036 1623161202.468177
1.39652681350708 1623161202.468199
1.4069766998291016 1623161202.468221
1.4084302186965942 1623161202.468243
1.4084302186965942 1623161202.468265
1.4069766998291016 1623161202.468288
1.403483271598816 1623161202.46831
1.4014493227005005 1623161202.468333
1.3861671686172485 1623161202.468355
1.397973895072937 1623161202.468378
1.3861671686172485 1623161202.4684
1.39652681350708 1623161202.468422
1.399999976158142 1623161202.468445
1.4014493227005005 1623161202.468467
1.4014493227005005 1623161202.468489
1.397973895072937 1623161202.468512
1.3930635452270508 1623161202.468534
1.403483271598816 1623161202.468556
1.4069766998291016 1623161202.468579
1.4020318984985352 1623161202.468601
1.4014493227005005 1623161202.468624
1.39652681350708 1623161202.468646
1.4014493227005005 1623161202.468668
1.3890489339828491 1623161202.468691
1.3773313760757446 1623161202.468713
1.3739254474639893 1623161202.468736
1.3841726779937744 1623161202.468758
1.3807470798492432 1623161202.468781
1.3651925325393677 1623161202.468803
1.367142915725708 1623161202.468826
1.3690986633300781 1623161202.468848
1.3773313760757446 1623161202.468888
1.367142915725708 1623161202.468911
1.372492790222168 1623161202.468934
1.3657143115997314 1623161202.468957
1.3603988885879517 1623161202.468979
1.3827338218688965 1623161202.469002
1.3690986633300781 1623161202.469025
1.3651925325393677 1623161202.469048
1.3536931276321411 1623161202.46907
1.3603988885879517 1623161202.469093
1.367142915725708 1623161202.469143
1.3676681518554688 1623161202.469168
1.370529294013977 1623161202.469191
1.3793103694915771 1623161202.469214
1.367142915725708 1623161202.469237
1.3522727489471436 1623161202.46926
1.3623394966125488 1623161202.469283
1.370529294013977 1623161202.469306
1.3603988885879517 1623161202.469334
1.3657143115997314 1623161202.46936
1.3690986633300781 1623161202.469383
1.3773313760757446 1623161202.469415
1.372492790222168 1623161202.469439
1.3861671686172485 1623161202.469468
1.3793103694915771 1623161202.469493
1.3773313760757446 1623161202.469516
1.3657143115997314 1623161202.469538
1.3609130382537842 1623161202.469561
1.3589743375778198 1623161202.469583
1.3556188344955444 1623161202.469607
1.3739254474639893 1623161202.469638
1.3744620084762573 1623161202.469664
1.3690986633300781 1623161202.469686
1.3739254474639893 1623161202.469709
1.3603988885879517 1623161202.469731
1.3623394966125488 1623161202.469754
1.3623394966125488 1623161202.469777
1.3623394966125488 1623161202.469799
1.3556188344955444 1623161202.469822
1.3603988885879517 1623161202.469845
1.3536931276321411 1623161202.469867
1.3589743375778198 1623161202.46989
1.3657143115997314 1623161202.469912
1.3570412397384644 1623161202.469934
1.3623394966125488 1623161202.469957
1.3522727489471436 1623161202.469979
1.3603988885879517 1623161202.470002
1.3623394966125488 1623161202.470024
1.363766074180603 1623161202.470047
1.3609130382537842 1623161202.47007
1.372492790222168 1623161202.470092
1.375896692276001 1623161202.470115
1.3739254474639893 1623161202.470137
1.3690986633300781 1623161202.470159
1.367142915725708 1623161202.470182
1.3827338218688965 1623161202.470205
1.372492790222168 1623161202.470227
1.367142915725708 1623161202.47025
1.3657143115997314 1623161202.470272
1.3690986633300781 1623161202.470295
1.372492790222168 1623161202.470317
1.3773313760757446 1623161202.47034
1.3807470798492432 1623161202.470362
1.372492790222168 1623161202.470385
1.370529294013977 1623161202.470407
1.3690986633300781 1623161202.470429
1.3623394966125488 1623161202.470452
1.3570412397384644 1623161202.470474
1.3536931276321411 1623161202.470497
1.3676681518554688 1623161202.47052
1.3589743375778198 1623161202.470553
1.3609130382537842 1623161202.470582
1.3484419584274292 1623161202.470606
1.3470255136489868 1623161202.470629
1.3556188344955444 1623161202.470652
1.375896692276001 1623161202.470685
1.3807470798492432 1623161202.470709
1.3841726779937744 1623161202.470732
1.3744620084762573 1623161202.470754
1.372492790222168 1623161202.470777
1.372492790222168 1623161202.470799
1.3690986633300781 1623161202.470821
1.363766074180603 1623161202.470844
1.3807470798492432 1623161202.470869
1.3753582239151 1623161202.470916
1.370529294013977 1623161202.470952
1.367142915725708 1623161202.470983
1.3589743375778198 1623161202.471014
1.3589743375778198 1623161202.471044
1.3657143115997314 1623161202.471073
1.3827338218688965 1623161202.471102
1.3807470798492432 1623161202.471132
1.3847261667251587 1623161202.471161
1.394508719444275 1623161202.47119
1.39652681350708 1623161202.471219
1.3861671686172485 1623161202.471248
1.3876080513000488 1623161202.471276
1.3930635452270508 1623161202.471306
1.3861671686172485 1623161202.471336
1.3787661790847778 1623161202.471366
1.3793103694915771 1623161202.471395
1.3739254474639893 1623161202.471425
1.3827338218688965 1623161202.471455
1.3793103694915771 1623161202.471486
1.372492790222168 1623161202.471515
1.3657143115997314 1623161202.471545
1.3657143115997314 1623161202.471574
1.372492790222168 1623161202.471602
1.372492790222168 1623161202.471631
1.370529294013977 1623161202.47166
1.370529294013977 1623161202.471684
1.370529294013977 1623161202.471707
1.3690986633300781 1623161202.47173
1.3589743375778198 1623161202.471754
1.3522727489471436 1623161202.471779
1.3522727489471436 1623161202.471802
1.3470255136489868 1623161202.471825
1.3422913551330566 1623161202.471848
1.3437057733535767 1623161202.47187
1.3489362001419067 1623161202.471893
1.363766074180603 1623161202.471916
1.3623394966125488 1623161202.471939
1.3623394966125488 1623161202.471962
1.3623394966125488 1623161202.471985
1.3536931276321411 1623161202.472007
1.3570412397384644 1623161202.47203
1.3551136255264282 1623161202.472052
1.3489362001419067 1623161202.472077
1.3570412397384644 1623161202.472107
1.3470255136489868 1623161202.472136
1.3225806951522827 1623161202.472164
1.3225806951522827 1623161202.472194
1.3291139602661133 1623161202.472223
1.3342735767364502 1623161202.472251
1.319327712059021 1623161202.472281
1.3207283020019531 1623161202.47231
1.319327712059021 1623161202.47234
1.3174824714660645 1623161202.472368
1.3305203914642334 1623161202.472397
1.335684061050415 1623161202.472426
1.3323943614959717 1623161202.472455
1.3323943614959717 1623161202.472484
1.3338028192520142 1623161202.472513
1.3338028192520142 1623161202.472543
1.3305203914642334 1623161202.472572
1.335684061050415 1623161202.472601
1.340395450592041 1623161202.47263
1.335684061050415 1623161202.472658
1.3323943614959717 1623161202.472688
1.3408769369125366 1623161202.472717
1.347517728805542 1623161202.472746
1.3556188344955444 1623161202.472775
1.350354552268982 1623161202.472804
1.3522727489471436 1623161202.472833
1.3570412397384644 1623161202.472862
1.3570412397384644 1623161202.472892
1.3623394966125488 1623161202.472921
1.3623394966125488 1623161202.472951
1.370529294013977 1623161202.472983
1.370529294013977 1623161202.47302
1.3657143115997314 1623161202.47306
1.3657143115997314 1623161202.473108
1.3589743375778198 1623161202.473144
1.3589743375778198 1623161202.473174
1.3589743375778198 1623161202.473205
1.3603988885879517 1623161202.473234
1.3536931276321411 1623161202.473263
1.3657143115997314 1623161202.473292
1.3690986633300781 1623161202.473321
1.363766074180603 1623161202.473356
1.3690986633300781 1623161202.473388
1.3773313760757446 1623161202.473423
1.3739254474639893 1623161202.473449
1.3739254474639893 1623161202.473472
1.3744620084762573 1623161202.473495
1.3690986633300781 1623161202.473519
1.367142915725708 1623161202.473542
1.372492790222168 1623161202.473565
1.3793103694915771 1623161202.473588
1.3807470798492432 1623161202.473612
1.3841726779937744 1623161202.473659
1.375896692276001 1623161202.473698
1.375896692276001 1623161202.473725
1.375896692276001 1623161202.473749
1.3841726779937744 1623161202.473772
1.3876080513000488 1623161202.473795
1.3910534381866455 1623161202.473818
1.3910534381866455 1623161202.47384
1.3910534381866455 1623161202.473863
1.3793103694915771 1623161202.473887
1.3827338218688965 1623161202.47391
1.3876080513000488 1623161202.473933
1.3827338218688965 1623161202.473965
1.3876080513000488 1623161202.473996
1.3827338218688965 1623161202.474026
1.3739254474639893 1623161202.474054
1.3690986633300781 1623161202.474084
1.368571400642395 1623161202.474113
1.372492790222168 1623161202.474141
1.3793103694915771 1623161202.474171
1.3793103694915771 1623161202.474206
1.3827338218688965 1623161202.474233
1.3773313760757446 1623161202.474256
1.367142915725708 1623161202.474279
1.3623394966125488 1623161202.474302
1.363766074180603 1623161202.474324
1.3676681518554688 1623161202.474347
1.372492790222168 1623161202.474372
1.3739254474639893 1623161202.474395
1.3807470798492432 1623161202.474419
1.3773313760757446 1623161202.47445
1.3841726779937744 1623161202.474482
1.3812949657440186 1623161202.474513
1.3827338218688965 1623161202.474542
1.3861671686172485 1623161202.474572
1.3807470798492432 1623161202.4746
1.375896692276001 1623161202.474629
1.3807470798492432 1623161202.474658
1.3807470798492432 1623161202.474687
1.3773313760757446 1623161202.474716
1.375896692276001 1623161202.474744
1.375896692276001 1623161202.474772
1.3778735399246216 1623161202.4748
1.3739254474639893 1623161202.474829
1.3773313760757446 1623161202.474886
1.3793103694915771 1623161202.474917
1.3807470798492432 1623161202.474945
1.3773313760757446 1623161202.474974
1.375896692276001 1623161202.475003
1.3690986633300781 1623161202.475032
1.375896692276001 1623161202.47506
1.3690986633300781 1623161202.475089
1.363766074180603 1623161202.475118
1.375896692276001 1623161202.475147
1.3773313760757446 1623161202.475214
1.3739254474639893 1623161202.475245
1.370529294013977 1623161202.475275
1.3773313760757446 1623161202.475305
1.3793103694915771 1623161202.475334
1.3896104097366333 1623161202.475363
1.3896104097366333 1623161202.475398
1.3861671686172485 1623161202.475424
1.375896692276001 1623161202.475447
1.3812949657440186 1623161202.475473
1.3690986633300781 1623161202.475503
1.3876080513000488 1623161202.475531
1.3861671686172485 1623161202.475559
1.3827338218688965 1623161202.475582
1.3896104097366333 1623161202.475605
1.394508719444275 1623161202.475628
1.3930635452270508 1623161202.47565
1.39652681350708 1623161202.475673
1.3876080513000488 1623161202.475695
1.397973895072937 1623161202.475719
1.4014493227005005 1623161202.475742
1.397973895072937 1623161202.475767
1.394508719444275 1623161202.475791
1.4014493227005005 1623161202.475814
1.3896104097366333 1623161202.475837
1.3793103694915771 1623161202.475859
1.3861671686172485 1623161202.475882
1.3773313760757446 1623161202.475904
1.3793103694915771 1623161202.475927
1.367142915725708 1623161202.475949
1.3690986633300781 1623161202.475972
1.3690986633300781 1623161202.475994
1.3773313760757446 1623161202.476017
1.3773313760757446 1623161202.476039
1.3753582239151 1623161202.476062
1.367142915725708 1623161202.476084
1.3623394966125488 1623161202.476109
1.3676681518554688 1623161202.476132
1.3657143115997314 1623161202.476155
1.3690986633300781 1623161202.476177
1.3710601329803467 1623161202.4762
1.375896692276001 1623161202.476222
1.3690986633300781 1623161202.476244
1.3739254474639893 1623161202.476267
1.3589743375778198 1623161202.476289
1.3556188344955444 1623161202.476312
1.3551136255264282 1623161202.476334
1.3603988885879517 1623161202.476356
1.3623394966125488 1623161202.476379
1.367142915725708 1623161202.476402
1.3841726779937744 1623161202.476424
1.3690986633300781 1623161202.476446
1.3827338218688965 1623161202.476469
1.394508719444275 1623161202.476491
1.3827338218688965 1623161202.476514
1.3773313760757446 1623161202.476536
1.3690986633300781 1623161202.476558
1.3690986633300781 1623161202.476581
1.372492790222168 1623161202.476603
1.367142915725708 1623161202.476625
1.367142915725708 1623161202.476647
1.3623394966125488 1623161202.476669
1.372492790222168 1623161202.476692
1.375896692276001 1623161202.476714
1.3793103694915771 1623161202.476737
1.3739254474639893 1623161202.476759
1.371959924697876 1623161202.476781
1.3773313760757446 1623161202.476804
1.3773313760757446 1623161202.476826
1.3793103694915771 1623161202.476848
1.3807470798492432 1623161202.47687
1.394508719444275 1623161202.476893
1.3896104097366333 1623161202.476915
1.39652681350708 1623161202.476937
1.39652681350708 1623161202.47696
1.3861671686172485 1623161202.476982
1.3861671686172485 1623161202.477005
1.3861671686172485 1623161202.477027
1.3847261667251587 1623161202.47705
1.3807470798492432 1623161202.477072
1.39652681350708 1623161202.477097
1.399999976158142 1623161202.477127
1.403483271598816 1623161202.477149
1.4049346446990967 1623161202.477169
1.399999976158142 1623161202.477194
1.399999976158142 1623161202.477218
1.4069766998291016 1623161202.477241
1.399999976158142 1623161202.477263
1.399999976158142 1623161202.477286
1.4084302186965942 1623161202.477308
1.399999976158142 1623161202.47733
1.403483271598816 1623161202.477353
1.394508719444275 1623161202.477376
1.3910534381866455 1623161202.477398
1.4014493227005005 1623161202.477421
1.399999976158142 1623161202.477443
1.403483271598816 1623161202.477466
1.403483271598816 1623161202.477488
1.4104803800582886 1623161202.47751
1.3985507488250732 1623161202.477533
1.4175182580947876 1623161202.477555
1.4119359254837036 1623161202.477578
1.4169095754623413 1623161202.4776
1.4175182580947876 1623161202.477623
1.4210525751113892 1623161202.477654
1.4210525751113892 1623161202.477676
1.4245973825454712 1623161202.477698
1.431718111038208 1623161202.477719
1.4281524419784546 1623161202.477741
1.4245973825454712 1623161202.477762
1.4245973825454712 1623161202.477783
1.4245973825454712 1623161202.477804
1.4352941513061523 1623161202.477826
1.4388806819915771 1623161202.477847
1.4388806819915771 1623161202.477868
1.4352941513061523 1623161202.477889
1.4367647171020508 1623161202.477911
1.4460856914520264 1623161202.477932
1.4460856914520264 1623161202.477953
1.4439527988433838 1623161202.477975
1.44756281375885 1623161202.477996
1.4388806819915771 1623161202.478017
1.4367647171020508 1623161202.478039
1.4388806819915771 1623161202.47806
1.4374079704284668 1623161202.478081
1.4331865310668945 1623161202.478103
1.4367647171020508 1623161202.478124
1.4460856914520264 1623161202.478163
1.4497041702270508 1623161202.478187
1.44756281375885 1623161202.478209
1.4388806819915771 1623161202.478231
1.4533333778381348 1623161202.478252
1.442477822303772 1623161202.478273
1.4388806819915771 1623161202.478294
1.4460856914520264 1623161202.478314
1.4533333778381348 1623161202.478335
1.4569733142852783 1623161202.478356
1.4642857313156128 1623161202.478376
1.4642857313156128 1623161202.478397
1.4584569931030273 1623161202.478418
1.44756281375885 1623161202.478439
1.440353512763977 1623161202.47846
1.4460856914520264 1623161202.47848
1.442477822303772 1623161202.478501
1.4388806819915771 1623161202.478522
1.431718111038208 1623161202.478542
1.4210525751113892 1623161202.478563
1.4281524419784546 1623161202.478584
1.431718111038208 1623161202.478605
1.4388806819915771 1623161202.478626
1.442477822303772 1623161202.478646
1.4352941513061523 1623161202.478667
1.4331865310668945 1623161202.478687
1.4367647171020508 1623161202.478708
1.4388806819915771 1623161202.478729
1.4388806819915771 1623161202.47875
1.4245973825454712 1623161202.47877
1.4367647171020508 1623161202.478791
1.4388806819915771 1623161202.478812
1.4367647171020508 1623161202.478833
1.4388806819915771 1623161202.478853
1.4388806819915771 1623161202.478874
1.442477822303772 1623161202.478895
1.4374079704284668 1623161202.478916
1.4388806819915771 1623161202.478936
1.4460856914520264 1623161202.478957
1.4497041702270508 1623161202.478978
1.440353512763977 1623161202.478999
1.4439527988433838 1623161202.479019
1.440353512763977 1623161202.47904
1.4388806819915771 1623161202.479061
1.4439527988433838 1623161202.479082
1.4460856914520264 1623161202.479103
1.4460856914520264 1623161202.479124
1.4439527988433838 1623161202.479145
1.4352941513061523 1623161202.479165
1.4296187162399292 1623161202.479186
1.4210525751113892 1623161202.479207
1.4069766998291016 1623161202.479228
1.394508719444275 1623161202.479249
1.3876080513000488 1623161202.479269
1.3896104097366333 1623161202.47929
1.397973895072937 1623161202.479311
1.4069766998291016 1623161202.479332
1.4055233001708984 1623161202.479353
1.4175182580947876 1623161202.479373
1.4125365018844604 1623161202.479394
1.4014493227005005 1623161202.479415
1.394508719444275 1623161202.479436
1.3930635452270508 1623161202.479456
1.3841726779937744 1623161202.479477
1.375896692276001 1623161202.479498
1.3690986633300781 1623161202.479518
1.3623394966125488 1623161202.479539
1.3623394966125488 1623161202.47956
1.3778735399246216 1623161202.479588
1.375896692276001 1623161202.479622
1.3827338218688965 1623161202.479644
1.3739254474639893 1623161202.479665
1.3778735399246216 1623161202.479686
1.3778735399246216 1623161202.479707
1.3793103694915771 1623161202.479728
1.3812949657440186 1623161202.479749
1.375896692276001 1623161202.479769
1.370529294013977 1623161202.47979
1.3827338218688965 1623161202.479811
1.394508719444275 1623161202.479831
1.3985507488250732 1623161202.479852
1.399999976158142 1623161202.479873
1.4049346446990967 1623161202.479894
1.399999976158142 1623161202.479914
1.4104803800582886 1623161202.479935
1.4104803800582886 1623161202.479955
1.4055233001708984 1623161202.479974
1.4104803800582886 1623161202.48001
1.4084302186965942 1623161202.480031
1.3994210958480835 1623161202.480051
1.4154518842697144 1623161202.480072
1.4084302186965942 1623161202.480093
1.4014493227005005 1623161202.480114
1.4084302186965942 1623161202.480135
1.4104803800582886 1623161202.480155
1.4084302186965942 1623161202.480189
1.403483271598816 1623161202.48021
1.4175182580947876 1623161202.480257
1.4195905923843384 1623161202.480279
1.4189780950546265 1623161202.4803
1.4281524419784546 1623161202.480321
1.431718111038208 1623161202.480341
1.4296187162399292 1623161202.480361
1.433823585510254 1623161202.480381
1.4281524419784546 1623161202.480402
1.4331865310668945 1623161202.480422
1.431718111038208 1623161202.480442
1.4245973825454712 1623161202.480462
1.4139941930770874 1623161202.480482
1.4210525751113892 1623161202.480513
1.4296187162399292 1623161202.480547
1.4245973825454712 1623161202.480573
1.4189780950546265 1623161202.480594
1.4189780950546265 1623161202.480614
1.4104803800582886 1623161202.480641
1.4104803800582886 1623161202.480662
1.4139941930770874 1623161202.480691
1.4014493227005005 1623161202.480712
1.399999976158142 1623161202.480732
1.4020318984985352 1623161202.480752
1.39652681350708 1623161202.480772
1.4139941930770874 1623161202.480791
1.4119359254837036 1623161202.480811
1.4104803800582886 1623161202.480831
1.4119359254837036 1623161202.480851
1.4139941930770874 1623161202.480871
1.4210525751113892 1623161202.480891
1.4175182580947876 1623161202.480911
1.4260615110397339 1623161202.480931
1.4189780950546265 1623161202.48095
1.4063860177993774 1623161202.48097
1.4020318984985352 1623161202.48099
1.394508719444275 1623161202.48101
1.3959537744522095 1623161202.48103
1.4049346446990967 1623161202.481049
1.4014493227005005 1623161202.48107
1.4014493227005005 1623161202.481089
1.4063860177993774 1623161202.481123
1.4084302186965942 1623161202.481144
1.4014493227005005 1623161202.481165
1.39652681350708 1623161202.481185
1.403483271598816 1623161202.481205
1.4014493227005005 1623161202.481226
1.4069766998291016 1623161202.481246
1.403483271598816 1623161202.481267
1.399999976158142 1623161202.481287
1.3910534381866455 1623161202.481308
1.3861671686172485 1623161202.481328
1.3827338218688965 1623161202.481349
1.3827338218688965 1623161202.481369
1.3841726779937744 1623161202.48139
1.3896104097366333 1623161202.48141
1.3841726779937744 1623161202.481431
1.3861671686172485 1623161202.481451
1.3930635452270508 1623161202.481471
1.399999976158142 1623161202.481492
1.397973895072937 1623161202.481512
1.3910534381866455 1623161202.481532
1.403483271598816 1623161202.481553
1.403483271598816 1623161202.481573
1.4119359254837036 1623161202.481594
1.403483271598816 1623161202.481614
1.4104803800582886 1623161202.481645
1.4119359254837036 1623161202.481668
1.4069766998291016 1623161202.481689
1.4069766998291016 1623161202.481709
1.4139941930770874 1623161202.48173
1.4189780950546265 1623161202.48175
1.4281524419784546 1623161202.481771
1.4154518842697144 1623161202.481791
1.4139941930770874 1623161202.481812
1.4175182580947876 1623161202.481833
1.4210525751113892 1623161202.481854
1.4210525751113892 1623161202.481875
1.4189780950546265 1623161202.481896
1.4245973825454712 1623161202.481916
1.4245973825454712 1623161202.481937
1.4352941513061523 1623161202.481957
1.4352941513061523 1623161202.481978
1.4352941513061523 1623161202.481998
1.4388806819915771 1623161202.482019
1.4388806819915771 1623161202.482039
1.4388806819915771 1623161202.48206
1.442477822303772 1623161202.48208
1.44756281375885 1623161202.482101
1.4439527988433838 1623161202.482121
1.4388806819915771 1623161202.482155
1.442477822303772 1623161202.482175
1.4367647171020508 1623161202.482195
1.4367647171020508 1623161202.482215
1.4388806819915771 1623161202.482235
1.442477822303772 1623161202.482255
1.4374079704284668 1623161202.482275
1.4460856914520264 1623161202.482295
1.440353512763977 1623161202.482315
1.442477822303772 1623161202.482334
1.442477822303772 1623161202.482354
1.44756281375885 1623161202.482373
1.4497041702270508 1623161202.482393
1.4460856914520264 1623161202.482413
1.4439527988433838 1623161202.482433
1.4497041702270508 1623161202.482453
1.4460856914520264 1623161202.482472
1.4454277753829956 1623161202.482492
1.4511834383010864 1623161202.482512
1.4511834383010864 1623161202.482532
1.4554896354675293 1623161202.482551
1.44756281375885 1623161202.482571
1.4460856914520264 1623161202.48259
1.4460856914520264 1623161202.48261
1.4439527988433838 1623161202.48263
1.442477822303772 1623161202.48265
1.440353512763977 1623161202.482669
1.4367647171020508 1623161202.482689
1.4388806819915771 1623161202.482709
1.440353512763977 1623161202.482729
1.4388806819915771 1623161202.482748
1.440353512763977 1623161202.482768
1.44756281375885 1623161202.482787
1.4460856914520264 1623161202.482807
1.440353512763977 1623161202.482827
1.44756281375885 1623161202.482847
1.44756281375885 1623161202.482866
1.4497041702270508 1623161202.482886
1.4460856914520264 1623161202.482905
1.452662706375122 1623161202.482925
1.4584569931030273 1623161202.482945
1.4497041702270508 1623161202.482965
1.4497041702270508 1623161202.482985
1.440353512763977 1623161202.483004
1.4352941513061523 1623161202.483024
1.442477822303772 1623161202.483044
1.4388806819915771 1623161202.483063
1.442477822303772 1623161202.483083
1.4388806819915771 1623161202.483117
1.4388806819915771 1623161202.483137
1.4388806819915771 1623161202.483158
1.4352941513061523 1623161202.483178
1.4260615110397339 1623161202.483199
1.4281524419784546 1623161202.483219
1.4189780950546265 1623161202.48324
1.4281524419784546 1623161202.48326
1.431718111038208 1623161202.48328
1.4260615110397339 1623161202.4833
1.4260615110397339 1623161202.483321
1.4225146770477295 1623161202.483342
1.4245973825454712 1623161202.483362
1.4260615110397339 1623161202.483382
1.4367647171020508 1623161202.483402
1.4331865310668945 1623161202.483423
1.431718111038208 1623161202.483444
1.431718111038208 1623161202.483464
1.4296187162399292 1623161202.483484
1.4352941513061523 1623161202.483504
1.4281524419784546 1623161202.483525
1.4175182580947876 1623161202.483545
1.39652681350708 1623161202.483565
1.4014493227005005 1623161202.483586
1.403483271598816 1623161202.483607
1.4119359254837036 1623161202.483627
1.4204379320144653 1623161202.483647
1.4210525751113892 1623161202.483668
1.4175182580947876 1623161202.483688
1.4281524419784546 1623161202.483709
1.4175182580947876 1623161202.48373
1.42668616771698 1623161202.48375
1.4296187162399292 1623161202.48377
1.4296187162399292 1623161202.483791
1.4210525751113892 1623161202.483811
1.4296187162399292 1623161202.483832
1.4281524419784546 1623161202.483852
1.4296187162399292 1623161202.483872
1.4210525751113892 1623161202.483893
1.4154518842697144 1623161202.483914
1.4225146770477295 1623161202.483934
1.4189780950546265 1623161202.483954
1.4210525751113892 1623161202.483975
1.4160584211349487 1623161202.483996
1.4084302186965942 1623161202.484016
1.4014493227005005 1623161202.484036
1.4119359254837036 1623161202.484056
1.4175182580947876 1623161202.484077
1.4296187162399292 1623161202.484097
1.4260615110397339 1623161202.484118
1.4210525751113892 1623161202.484151
1.4281524419784546 1623161202.484171
1.4225146770477295 1623161202.484191
1.4296187162399292 1623161202.484211
1.4281524419784546 1623161202.48423
1.4296187162399292 1623161202.48425
1.4245973825454712 1623161202.48427
1.431718111038208 1623161202.484289
1.4281524419784546 1623161202.484309
1.4296187162399292 1623161202.484328
1.431718111038208 1623161202.484348
1.4331865310668945 1623161202.484368
1.431718111038208 1623161202.484387
1.4352941513061523 1623161202.484406
1.4281524419784546 1623161202.484426
1.4296187162399292 1623161202.484446
1.4210525751113892 1623161202.484465
1.4245973825454712 1623161202.484485
1.4260615110397339 1623161202.484505
1.4175182580947876 1623161202.484525
1.4210525751113892 1623161202.484545
1.4189780950546265 1623161202.484564
1.4225146770477295 1623161202.484584
1.4175182580947876 1623161202.484604
1.4260615110397339 1623161202.484624
1.4210525751113892 1623161202.484643
1.4189780950546265 1623161202.484663
1.4204379320144653 1623161202.484697
1.4245973825454712 1623161202.484718
1.4281524419784546 1623161202.484738
1.4245973825454712 1623161202.484758
1.431718111038208 1623161202.484778
1.4260615110397339 1623161202.484797
1.4245973825454712 1623161202.484817
1.4210525751113892 1623161202.484837
1.4189780950546265 1623161202.484856
1.4175182580947876 1623161202.484877
1.4139941930770874 1623161202.484921
1.4139941930770874 1623161202.484943
1.4195905923843384 1623161202.484964
1.4245973825454712 1623161202.484995
1.4245973825454712 1623161202.485023
1.4204379320144653 1623161202.485043
1.4225146770477295 1623161202.485067
1.4245973825454712 1623161202.485092
1.4189780950546265 1623161202.485121
1.4281524419784546 1623161202.485156
1.4260615110397339 1623161202.485175
1.4352941513061523 1623161202.485195
1.4331865310668945 1623161202.485214
1.4352941513061523 1623161202.485234
1.4388806819915771 1623161202.485253
1.4439527988433838 1623161202.485273
1.4460856914520264 1623161202.485293
1.4388806819915771 1623161202.485313
1.4439527988433838 1623161202.485332
1.4410029649734497 1623161202.485352
1.442477822303772 1623161202.485372
1.4511834383010864 1623161202.485391
1.4511834383010864 1623161202.48541
1.4548147916793823 1623161202.485429
1.4533333778381348 1623161202.485448
1.4511834383010864 1623161202.485468
1.442477822303772 1623161202.485487
1.4388806819915771 1623161202.485506
1.4352941513061523 1623161202.485526
1.4352941513061523 1623161202.485545
1.4388806819915771 1623161202.485564
1.442477822303772 1623161202.485583
1.4388806819915771 1623161202.485602
1.440353512763977 1623161202.485622
1.4367647171020508 1623161202.485649
1.440353512763977 1623161202.485669
1.4388806819915771 1623161202.485688
1.4439527988433838 1623161202.485708
1.4388806819915771 1623161202.485727
1.442477822303772 1623161202.485746
1.4460856914520264 1623161202.485765
1.440353512763977 1623161202.485785
1.4388806819915771 1623161202.485804
1.4439527988433838 1623161202.485823
1.4367647171020508 1623161202.485842
1.4497041702270508 1623161202.485862
1.4511834383010864 1623161202.485881
1.4511834383010864 1623161202.485901
1.44756281375885 1623161202.48592
1.4460856914520264 1623161202.48594
1.4497041702270508 1623161202.485959
1.4548147916793823 1623161202.485978
1.4584569931030273 1623161202.485998
1.460624098777771 1623161202.486017
1.4642857313156128 1623161202.486036
1.460624098777771 1623161202.486055
1.4584569931030273 1623161202.486074
1.4511834383010864 1623161202.486093
1.442477822303772 1623161202.486113
1.442477822303772 1623161202.486132
1.4388806819915771 1623161202.486151
1.4388806819915771 1623161202.48617
1.4352941513061523 1623161202.48619
1.4352941513061523 1623161202.486209
1.4260615110397339 1623161202.486228
1.4296187162399292 1623161202.486248
1.4331865310668945 1623161202.486267
1.4352941513061523 1623161202.486286
1.440353512763977 1623161202.486305
1.440353512763977 1623161202.486324
1.44756281375885 1623161202.486344
1.4533333778381348 1623161202.486363
1.4533333778381348 1623161202.486382
1.4569733142852783 1623161202.486401
1.4569733142852783 1623161202.48642
1.4548147916793823 1623161202.486439
1.4533333778381348 1623161202.486459
1.4569733142852783 1623161202.486479
1.4511834383010864 1623161202.486498
1.4533333778381348 1623161202.486517
1.4460856914520264 1623161202.486536
1.4439527988433838 1623161202.486555
1.4497041702270508 1623161202.486574
1.4533333778381348 1623161202.486594
1.4548147916793823 1623161202.486613
1.4533333778381348 1623161202.486632
1.4497041702270508 1623161202.486651
1.4460856914520264 1623161202.486671
1.4439527988433838 1623161202.48669
1.440353512763977 1623161202.486709
1.4439527988433838 1623161202.486728
1.4388806819915771 1623161202.486747
1.4439527988433838 1623161202.486767
1.4439527988433838 1623161202.486786
1.4460856914520264 1623161202.486805
1.4533333778381348 1623161202.486824
1.4439527988433838 1623161202.486844
1.4497041702270508 1623161202.486863
1.4497041702270508 1623161202.486882
1.4548147916793823 1623161202.486901
1.4584569931030273 1623161202.48692
1.4584569931030273 1623161202.486939
1.4569733142852783 1623161202.486959
1.4497041702270508 1623161202.486978
1.4511834383010864 1623161202.486997
1.4548147916793823 1623161202.487016
1.4533333778381348 1623161202.487035
1.4490399360656738 1623161202.487054
1.44756281375885 1623161202.487073
1.4533333778381348 1623161202.487093
1.4569733142852783 1623161202.487112
1.4569733142852783 1623161202.487132
1.4548147916793823 1623161202.487151
1.4511834383010864 1623161202.48717
1.4533333778381348 1623161202.487189
1.4511834383010864 1623161202.487208
1.4497041702270508 1623161202.487227
1.4533333778381348 1623161202.487247
1.4533333778381348 1623161202.487266
1.4569733142852783 1623161202.487294
1.460624098777771 1623161202.487349
1.4569733142852783 1623161202.487369
1.4533333778381348 1623161202.487389
1.4642857313156128 1623161202.487408
1.4584569931030273 1623161202.487427
1.460624098777771 1623161202.487447
1.462109923362732 1623161202.487466
1.4584569931030273 1623161202.487485
1.4584569931030273 1623161202.487504
1.4569733142852783 1623161202.487524
1.4642857313156128 1623161202.487551
1.4554896354675293 1623161202.487584
1.4533333778381348 1623161202.487613
1.4548147916793823 1623161202.487642
1.4533333778381348 1623161202.487663
1.4497041702270508 1623161202.487682
1.4511834383010864 1623161202.487701
1.4642857313156128 1623161202.48772
1.4657738208770752 1623161202.487739
1.4716417789459229 1623161202.487758
1.462109923362732 1623161202.487778
1.4679582118988037 1623161202.487797
1.4716417789459229 1623161202.487816
1.4642857313156128 1623161202.487835
1.460624098777771 1623161202.487854
1.4569733142852783 1623161202.487873
1.462109923362732 1623161202.487892
1.4584569931030273 1623161202.487911
1.4497041702270508 1623161202.487929
1.4584569931030273 1623161202.487948
1.4548147916793823 1623161202.487967
1.4548147916793823 1623161202.487987
1.4511834383010864 1623161202.488005
1.4533333778381348 1623161202.488025
1.4533333778381348 1623161202.488044
1.4591381549835205 1623161202.488063
1.462109923362732 1623161202.488082
1.4642857313156128 1623161202.488101
1.462109923362732 1623161202.48812
1.462109923362732 1623161202.488139
1.460624098777771 1623161202.488158
1.462109923362732 1623161202.488177
1.4569733142852783 1623161202.488196
1.4569733142852783 1623161202.488214
1.4642857313156128 1623161202.488233
1.4657738208770752 1623161202.488252
1.462109923362732 1623161202.488271
1.4569733142852783 1623161202.48829
1.460624098777771 1623161202.488309
1.4569733142852783 1623161202.488328
1.4533333778381348 1623161202.488347
1.4642857313156128 1623161202.488366
1.4642857313156128 1623161202.488386
1.4642857313156128 1623161202.488405
1.4679582118988037 1623161202.488424
1.4716417789459229 1623161202.488443
1.4694485664367676 1623161202.488462
1.4679582118988037 1623161202.488481
1.4642857313156128 1623161202.4885
1.4657738208770752 1623161202.488527
1.4694485664367676 1623161202.488556
1.4642857313156128 1623161202.488576
1.4657738208770752 1623161202.488595
1.4642857313156128 1623161202.488614
1.4716417789459229 1623161202.488633
1.4679582118988037 1623161202.488653
1.4584569931030273 1623161202.488672
1.4657738208770752 1623161202.488691
1.4657738208770752 1623161202.48871
1.462109923362732 1623161202.488729
1.4584569931030273 1623161202.488748
1.462109923362732 1623161202.488767
1.4584569931030273 1623161202.488786
1.460624098777771 1623161202.488805
1.462109923362732 1623161202.488824
1.4533333778381348 1623161202.488843
1.4497041702270508 1623161202.488862
1.4511834383010864 1623161202.488881
1.4511834383010864 1623161202.4889
1.4533333778381348 1623161202.488919
1.44756281375885 1623161202.488938
1.4533333778381348 1623161202.488957
1.44756281375885 1623161202.488977
1.4497041702270508 1623161202.488996
1.4569733142852783 1623161202.489015
1.4533333778381348 1623161202.489034
1.4533333778381348 1623161202.489053
1.44756281375885 1623161202.489072
1.4533333778381348 1623161202.489091
1.4497041702270508 1623161202.48911
1.44756281375885 1623161202.489129
1.4533333778381348 1623161202.489148
1.4511834383010864 1623161202.489167
1.4460856914520264 1623161202.489187
1.4460856914520264 1623161202.489221
1.44756281375885 1623161202.489241
1.4511834383010864 1623161202.489261
1.44756281375885 1623161202.48928
1.4548147916793823 1623161202.489299
1.4584569931030273 1623161202.489318
1.4569733142852783 1623161202.489337
1.4569733142852783 1623161202.489356
1.4511834383010864 1623161202.489375
1.4533333778381348 1623161202.489394
1.4569733142852783 1623161202.489438
1.4569733142852783 1623161202.48946
1.4679582118988037 1623161202.489479
1.4731342792510986 1623161202.4895
1.4731342792510986 1623161202.489518
1.4790419340133667 1623161202.489543
1.4753363132476807 1623161202.489563
1.482758641242981 1623161202.489587
1.476831078529358 1623161202.489617
1.4753363132476807 1623161202.489652
1.4790419340133667 1623161202.489675
1.476831078529358 1623161202.489694
1.4790419340133667 1623161202.489714
1.476831078529358 1623161202.489733
1.4716417789459229 1623161202.489753
1.4753363132476807 1623161202.489778
1.4694485664367676 1623161202.489813
1.476831078529358 1623161202.489847
1.4790419340133667 1623161202.489879
1.4790419340133667 1623161202.489915
1.4753363132476807 1623161202.489946
1.4642857313156128 1623161202.489971
1.4679582118988037 1623161202.48999
1.4694485664367676 1623161202.490009
1.4679582118988037 1623161202.490029
1.460624098777771 1623161202.490048
1.460624098777771 1623161202.490067
1.460624098777771 1623161202.490086
1.470149278640747 1623161202.490117
1.4716417789459229 1623161202.49015
1.4716417789459229 1623161202.490173
1.4679582118988037 1623161202.490192
1.4731342792510986 1623161202.490212
1.4584569931030273 1623161202.490232
1.4642857313156128 1623161202.490252
1.4548147916793823 1623161202.490271
1.4584569931030273 1623161202.490291
1.4642857313156128 1623161202.490315
1.476831078529358 1623161202.49034
1.4753363132476807 1623161202.490364
1.4805389642715454 1623161202.490387
1.4842578172683716 1623161202.490411
1.4842578172683716 1623161202.490433
1.4842578172683716 1623161202.490456
1.4812593460083008 1623161202.490481
1.4977375268936157 1623161202.490514
1.4954819679260254 1623161202.490544
1.4917293787002563 1623161202.490567
1.487987995147705 1623161202.490594
1.4977375268936157 1623161202.490629
1.4954819679260254 1623161202.490652
1.4954819679260254 1623161202.490671
1.4954819679260254 1623161202.490692
1.4977375268936157 1623161202.490712
1.5052950382232666 1623161202.490731
1.5052950382232666 1623161202.49075
1.5015106201171875 1623161202.490771
1.5015106201171875 1623161202.490804
1.5015106201171875 1623161202.490834
1.4992458820343018 1623161202.490861
1.4917293787002563 1623161202.490887
1.5068079233169556 1623161202.490914
1.4992458820343018 1623161202.490936
1.5030211210250854 1623161202.490955
1.5030211210250854 1623161202.490974
1.5037821531295776 1623161202.491
1.5015106201171875 1623161202.491027
1.4939758777618408 1623161202.491046
1.4977375268936157 1623161202.491066
1.5015106201171875 1623161202.491092
1.4954819679260254 1623161202.491112
1.4954819679260254 1623161202.491132
1.4954819679260254 1623161202.491151
1.4917293787002563 1623161202.49117
1.4902255535125732 1623161202.491189
1.4992458820343018 1623161202.491208
1.5030211210250854 1623161202.491228
1.4992458820343018 1623161202.491247
1.4992458820343018 1623161202.491267
1.4954819679260254 1623161202.491286
1.4977375268936157 1623161202.491305
1.5015106201171875 1623161202.491325
1.5030211210250854 1623161202.491344
1.5075757503509521 1623161202.491363
1.5015106201171875 1623161202.491383
1.4954819679260254 1623161202.491402
1.5015106201171875 1623161202.491421
1.5052950382232666 1623161202.49144
1.5068079233169556 1623161202.49146
1.5068079233169556 1623161202.49148
1.5015106201171875 1623161202.4915
1.4992458820343018 1623161202.491519
1.5068079233169556 1623161202.491548
1.4992458820343018 1623161202.491577
1.4977375268936157 1623161202.491604
1.4977375268936157 1623161202.491624
1.5030211210250854 1623161202.491644
1.510606050491333 1623161202.491663
1.5068079233169556 1623161202.491683
1.5030211210250854 1623161202.491702
1.5015106201171875 1623161202.491722
1.5052950382232666 1623161202.491741
1.4992458820343018 1623161202.491761
1.5030211210250854 1623161202.49178
1.5015106201171875 1623161202.4918
1.4992458820343018 1623161202.491819
1.5052950382232666 1623161202.491839
1.5090909004211426 1623161202.491858
1.5144157409667969 1623161202.491878
1.512898325920105 1623161202.491897
1.515197515487671 1623161202.491916
1.5167173147201538 1623161202.491936
1.5167173147201538 1623161202.491956
1.512898325920105 1623161202.491976
1.512898325920105 1623161202.491995
1.5144157409667969 1623161202.492015
1.512898325920105 1623161202.492035
1.512898325920105 1623161202.492055
1.5182371139526367 1623161202.492075
1.5159332752227783 1623161202.492094
1.5205479860305786 1623161202.492114
1.5182371139526367 1623161202.492133
1.5282442569732666 1623161202.492153
1.537519097328186 1623161202.492172
1.5336391925811768 1623161202.492192
1.5336391925811768 1623161202.492211
1.5336391925811768 1623161202.492236
1.5282442569732666 1623161202.492262
1.5282442569732666 1623161202.492283
1.5235921144485474 1623161202.492303
1.5297709703445435 1623161202.492323
1.5205479860305786 1623161202.492354
1.5243902206420898 1623161202.492383
1.5205479860305786 1623161202.492409
1.5205479860305786 1623161202.492446
1.5144157409667969 1623161202.49248
1.5182371139526367 1623161202.492502
1.512898325920105 1623161202.492522
1.510606050491333 1623161202.492541
1.512898325920105 1623161202.492568
1.5182371139526367 1623161202.492597
1.5182371139526367 1623161202.492625
1.5205479860305786 1623161202.492645
1.5243902206420898 1623161202.492664
1.5182371139526367 1623161202.492684
1.5182371139526367 1623161202.492703
1.5121212005615234 1623161202.492723
1.510606050491333 1623161202.492742
1.522070050239563 1623161202.492762
1.5182371139526367 1623161202.492781
1.5167173147201538 1623161202.4928
1.512898325920105 1623161202.49282
1.5090909004211426 1623161202.492839
1.512898325920105 1623161202.492858
1.510606050491333 1623161202.492877
1.5052950382232666 1623161202.492899
1.512898325920105 1623161202.492924
1.5090909004211426 1623161202.492947
1.5015106201171875 1623161202.492971
1.5015106201171875 1623161202.492995
1.4992458820343018 1623161202.493019
1.5068079233169556 1623161202.493042
1.504531741142273 1623161202.493066
1.5090909004211426 1623161202.493088
1.515197515487671 1623161202.493112
1.512898325920105 1623161202.493136
1.5090909004211426 1623161202.493159
1.5090909004211426 1623161202.493196
1.5144157409667969 1623161202.493219
1.4992458820343018 1623161202.493257
1.5068079233169556 1623161202.493281
1.5030211210250854 1623161202.493306
1.5030211210250854 1623161202.493331
1.4992458820343018 1623161202.493356
1.5030211210250854 1623161202.493381
1.4992458820343018 1623161202.493405
1.4954819679260254 1623161202.493428
1.482758641242981 1623161202.493452
1.4902255535125732 1623161202.493475
1.4864864349365234 1623161202.493499
1.4864864349365234 1623161202.493522
1.487987995147705 1623161202.493545
1.487987995147705 1623161202.49357
1.4864864349365234 1623161202.493593
1.4820358753204346 1623161202.493616
1.4864864349365234 1623161202.493648
1.4805389642715454 1623161202.493673
1.4917293787002563 1623161202.493697
1.4902255535125732 1623161202.49372
1.4864864349365234 1623161202.493742
1.4805389642715454 1623161202.493779
1.4864864349365234 1623161202.493802
1.4842578172683716 1623161202.493825
1.482758641242981 1623161202.493848
1.4842578172683716 1623161202.49387
1.4790419340133667 1623161202.493894
1.4753363132476807 1623161202.493917
1.4790419340133667 1623161202.49394
1.482758641242981 1623161202.493963
1.476831078529358 1623161202.493987
1.482758641242981 1623161202.49401
1.4753363132476807 1623161202.494034
1.4753363132476807 1623161202.494056
1.476831078529358 1623161202.494079
1.4805389642715454 1623161202.494102
1.4694485664367676 1623161202.494125
1.4731342792510986 1623161202.494148
1.4694485664367676 1623161202.494171
1.4731342792510986 1623161202.494194
1.4694485664367676 1623161202.494217
1.4657738208770752 1623161202.494241
1.4657738208770752 1623161202.494279
1.460624098777771 1623161202.494302
1.4591381549835205 1623161202.494324
1.4642857313156128 1623161202.494379
1.4569733142852783 1623161202.494404
1.4511834383010864 1623161202.494427
1.4533333778381348 1623161202.49445
1.4511834383010864 1623161202.494473
1.4460856914520264 1623161202.494497
1.4497041702270508 1623161202.49452
1.4533333778381348 1623161202.494544
1.462109923362732 1623161202.494567
1.462109923362732 1623161202.494591
1.4584569931030273 1623161202.494648
1.4584569931030273 1623161202.494689
1.4511834383010864 1623161202.494713
1.4460856914520264 1623161202.494735
1.44756281375885 1623161202.494761
1.4548147916793823 1623161202.494793
1.462109923362732 1623161202.49482
1.462109923362732 1623161202.494841
1.4584569931030273 1623161202.494867
1.4569733142852783 1623161202.494889
1.460624098777771 1623161202.494908
1.4657738208770752 1623161202.494928
1.4657738208770752 1623161202.494956
1.4657738208770752 1623161202.494978
1.4753363132476807 1623161202.495004
1.4731342792510986 1623161202.495025
1.4753363132476807 1623161202.495051
1.476831078529358 1623161202.495071
1.4731342792510986 1623161202.49509
1.4753363132476807 1623161202.49511
1.4753363132476807 1623161202.495129
1.476831078529358 1623161202.495149
1.476831078529358 1623161202.495168
1.4679582118988037 1623161202.495187
1.4716417789459229 1623161202.495206
1.4716417789459229 1623161202.495226
1.4753363132476807 1623161202.495245
1.4679582118988037 1623161202.495264
1.4716417789459229 1623161202.495283
1.460624098777771 1623161202.495303
1.460624098777771 1623161202.495322
1.4679582118988037 1623161202.495341
1.462109923362732 1623161202.495361
1.460624098777771 1623161202.49538
1.4642857313156128 1623161202.495399
1.4642857313156128 1623161202.495418
1.4657738208770752 1623161202.495437
1.4584569931030273 1623161202.495456
1.4584569931030273 1623161202.495475
1.4497041702270508 1623161202.495494
0.8863636255264282 1623161202.495513
1.1393548250198364 1623161202.495533
1.2605730295181274 1623161202.495552
1.2778542041778564 1623161202.495571
1.3277074098587036 1623161202.49559
1.319327712059021 1623161202.495609
1.2963988780975342 1623161202.495629
1.2106666564941406 1623161202.495648
1.139175295829773 1623161202.495667
1.0975918769836426 1623161202.495687
1.1364221572875977 1623161202.495706
1.1448900699615479 1623161202.495726
1.1340205669403076 1623161202.495745
1.1162196397781372 1623161202.495764
1.1688481569290161 1623161202.495783
1.1605744361877441 1623161202.495802
1.1629725694656372 1623161202.495822
1.2636611461639404 1623161202.495841
1.3522727489471436 1623161202.49586
1.3556188344955444 1623161202.495879
1.3045897483825684 1623161202.495898
1.3160839080810547 1623161202.495917
1.309192180633545 1623161202.495937
1.3142458200454712 1623161202.495957
1.1135203838348389 1623161202.495976
1.0907944440841675 1623161202.495995
1.1216388940811157 1623161202.496014
1.077791690826416 1623161202.496033
1.0545905828475952 1623161202.496052
1.0804020166397095 1623161202.496071
1.1071428060531616 1623161202.496091
1.1258022785186768 1623161202.49611
1.1773982048034668 1623161202.496129
1.1716907024383545 1623161202.496148
1.190224528312683 1623161202.496168
1.1478599309921265 1623161202.496188
1.1647058725357056 1623161202.496207
1.1631853580474854 1623161202.496227
1.1802631616592407 1623161202.496246
1.149156928062439 1623161202.496265
1.1789473295211792 1623161202.496284
1.1947020292282104 1623161202.496303
1.210947871208191 1623161202.496322
1.22880220413208 1623161202.496341
1.2422192096710205 1623161202.49636
1.2483038902282715 1623161202.496379
1.2486412525177002 1623161202.496398
1.2469470500946045 1623161202.496417
1.2391891479492188 1623161202.496436
1.2304582595825195 1623161202.496456
1.2274562120437622 1623161202.496475
1.2391891479492188 1623161202.496494
1.2653899192810059 1623161202.496514
1.2636611461639404 1623161202.496533
1.2716048955917358 1623161202.496552
1.2778542041778564 1623161202.496571
1.288673996925354 1623161202.49659
1.291839599609375 1623161202.496609
1.3077994585037231 1623161202.496628
1.3160839080810547 1623161202.496647
1.3142458200454712 1623161202.496666
1.319327712059021 1623161202.496685
1.3225806951522827 1623161202.496704
1.3291139602661133 1623161202.496723
1.3323943614959717 1623161202.496742
1.3323943614959717 1623161202.496761
1.335684061050415 1623161202.496781
1.3389830589294434 1623161202.4968
1.3489362001419067 1623161202.496819
1.3536931276321411 1623161202.496838
1.3489362001419067 1623161202.496857
1.350354552268982 1623161202.496876
1.3536931276321411 1623161202.496895
1.363766074180603 1623161202.496914
1.3690986633300781 1623161202.496933
1.3690986633300781 1623161202.496953
1.3690986633300781 1623161202.496972
1.372492790222168 1623161202.496991
1.3739254474639893 1623161202.49701
1.372492790222168 1623161202.497029
1.375896692276001 1623161202.497048
1.3793103694915771 1623161202.497067
1.3807470798492432 1623161202.497086
1.3827338218688965 1623161202.497105
1.3807470798492432 1623161202.497124
1.3793103694915771 1623161202.497143
1.3827338218688965 1623161202.497162
1.3861671686172485 1623161202.497181
1.3876080513000488 1623161202.4972
1.3876080513000488 1623161202.497219
1.3896104097366333 1623161202.497238
1.3896104097366333 1623161202.497257
1.3861671686172485 1623161202.497276
1.3896104097366333 1623161202.497295
1.3861671686172485 1623161202.497314
1.394508719444275 1623161202.497333
1.3910534381866455 1623161202.497352
1.1397154331207275 1623161202.497371
1.176084041595459 1623161202.49739
1.1647058725357056 1623161202.497409
1.1690694093704224 1623161202.497428
1.2231183052062988 1623161202.497447
1.2238606214523315 1623161202.497466
1.237837791442871 1623161202.497485
1.25 1623161202.497504
1.274725317955017 1623161202.497523
1.2932226657867432 1623161202.497543
1.288673996925354 1623161202.497562
1.2946058511734009 1623161202.49758
1.2588555812835693 1623161202.497599
1.2963988780975342 1623161202.497618
1.270233154296875 1623161202.497663
1.3160839080810547 1623161202.497683
1.3031989336013794 1623161202.497703
1.2999999523162842 1623161202.497722
1.2999999523162842 1623161202.497741
1.3082287311553955 1623161202.49776
1.3027777671813965 1623161202.497779
1.3295774459838867 1623161202.497798
1.3389830589294434 1623161202.497818
1.319327712059021 1623161202.497837
1.3105849027633667 1623161202.497856
1.3258427381515503 1623161202.497875
1.3380481004714966 1623161202.497894
1.3347457647323608 1623161202.497913
1.3045897483825684 1623161202.497933
1.2946058511734009 1623161202.497952
1.2963988780975342 1623161202.497971
1.3013888597488403 1623161202.49799
1.3277074098587036 1623161202.498009
1.3470255136489868 1623161202.498028
1.3248945474624634 1623161202.498047
1.335684061050415 1623161202.498066
1.3484419584274292 1623161202.498086
1.3422913551330566 1623161202.498105
1.350354552268982 1623161202.498124
1.3437057733535767 1623161202.498143
1.3517730236053467 1623161202.498162
1.354196310043335 1623161202.498181
1.347517728805542 1623161202.4982
1.3370945453643799 1623161202.498219
1.3370945453643799 1623161202.498239
1.3323943614959717 1623161202.498258
1.3342735767364502 1623161202.498277
1.340395450592041 1623161202.498297
1.363766074180603 1623161202.498316
1.350354552268982 1623161202.498335
1.375896692276001 1623161202.498354
1.3812949657440186 1623161202.498373
1.3793103694915771 1623161202.498392
1.3807470798492432 1623161202.498411
1.375896692276001 1623161202.498431
1.3841726779937744 1623161202.49845
1.3690986633300781 1623161202.498469
1.375896692276001 1623161202.498488
1.3807470798492432 1623161202.498508
1.3807470798492432 1623161202.498527
1.394508719444275 1623161202.498546
1.370529294013977 1623161202.498565
1.375896692276001 1623161202.498584
1.3916184902191162 1623161202.498603
1.367142915725708 1623161202.498622
1.370529294013977 1623161202.498641
1.3793103694915771 1623161202.49866
1.3778735399246216 1623161202.498679
1.3827338218688965 1623161202.498699
1.3930635452270508 1623161202.498718
1.3861671686172485 1623161202.498738
1.3841726779937744 1623161202.498757
1.4154518842697144 1623161202.498777
1.4154518842697144 1623161202.498796
1.4154518842697144 1623161202.498815
1.4084302186965942 1623161202.498834
1.4049346446990967 1623161202.498853
1.4055233001708984 1623161202.498872
1.4084302186965942 1623161202.498907
1.3910534381866455 1623161202.498928
1.397973895072937 1623161202.498947
1.3950796127319336 1623161202.498966
1.3924963474273682 1623161202.498985
1.39652681350708 1623161202.499004
1.3847261667251587 1623161202.499023
1.3773313760757446 1623161202.499042
1.370529294013977 1623161202.499061
1.3551136255264282 1623161202.499109
1.3536931276321411 1623161202.49913
1.363766074180603 1623161202.49915
1.3657143115997314 1623161202.49917
1.375896692276001 1623161202.499189
1.394508719444275 1623161202.49921
1.3807470798492432 1623161202.499229
1.3827338218688965 1623161202.581229
1.370529294013977 1623161202.686118
1.3739254474639893 1623161202.791106
1.3657143115997314 1623161202.896112
0.9038901329040527 1623161203.001145
0.7014634013175964 1623161203.106005
0.9058553576469421 1623161203.211105
0.9449648857116699 1623161203.316198
1.9715301990509033 1623161203.42114
235.57142639160156 1623161203.526121
551.0 1623161203.631133
275.0 1623161203.736105
275.0 1623161203.841061
330.20001220703125 1623161203.94585
330.20001220703125 1623161204.050925
330.20001220703125 1623161204.155929
117.35713958740234 1623161204.260834
1.1554404497146606 1623161204.365803
1.4331865310668945 1623161204.470776
1.3735631704330444 1623161204.575683
1.4040697813034058 1623161204.680724
1.440353512763977 1623161204.785709
1.3304964303970337 1623161204.890466
1.2969613075256348 1623161204.995571
1.2841379642486572 1623161205.100566
1.310489535331726 1623161205.205523
1.3526911735534668 1623161205.310612
1.371959924697876 1623161205.415519
1.3455570936203003 1623161205.520512
1.3991291522979736 1623161205.625252
1.399999976158142 1623161205.730306
1.4248175621032715 1623161205.835237
1.3859397172927856 1623161205.940203
1.405839443206787 1623161206.045152
1.397398829460144 1623161206.150144
1.3646724224090576 1623161206.255226
1.4419970512390137 1623161206.360194
1.3375706672668457 1623161206.465176
1.3427761793136597 1623161206.570143
1.2452574968338013 1623161206.675088
1.3291139602661133 1623161206.780026
1.4043477773666382 1623161206.884955
1.2111554145812988 1623161206.98994
41.02564239501953 1623161207.095082
551.0 1623161207.200035
330.3999938964844 1623161207.304997
275.0 1623161207.409872
330.20001220703125 1623161207.514896
413.0 1623161207.619694
413.0 1623161207.724878
183.11111450195312 1623161207.829752
60.407405853271484 1623161207.934705
1.3701015710830688 1623161208.039699
1.4434523582458496 1623161208.144649
1.4573529958724976 1623161208.249572
1.558642029762268 1623161208.354699
1.4591381549835205 1623161208.459599
1.397973895072937 1623161208.564543
1.4189780950546265 1623161208.669506
1.3856115341186523 1623161208.774452
1.3821839094161987 1623161208.879437
1.2849239110946655 1623161208.984389
1.3179271221160889 1623161209.0893
1.3005540370941162 1623161209.194188
1.3352192640304565 1623161209.299266
1.296244740486145 1623161209.404088
1.269493818283081 1623161209.509031
1.3221288919448853 1623161209.61423
1.3230336904525757 1623161209.719108
1.354196310043335 1623161209.824151
1.3380281925201416 1623161209.929013
1.3896104097366333 1623161210.034028
1.2595628499984741 1623161210.138979
1.3696274757385254 1623161210.243912
1.409024715423584 1623161210.348966
1.9728261232376099 1623161210.453913
330.20001220703125 1623161210.558924
413.0 1623161210.664015
206.125 1623161210.768956
275.0 1623161210.873914
275.1666564941406 1623161210.978667
330.20001220703125 1623161211.083749
235.7142791748047 1623161211.18871
37.55813980102539 1623161211.29378
1.2057220935821533 1623161211.398753
1.442136526107788 1623161211.503711
1.4250364303588867 1623161211.608647
1.5160796642303467 1623161211.713619
1.5837246179580688 1623161211.818559
1.4235807657241821 1623161211.923399
1.5259146690368652 1623161212.028534
1.4610778093338013 1623161212.133527
1.3489362001419067 1623161212.238475
1.3352112770080566 1623161212.343416
1.3852814435958862 1623161212.448355
1.3277074098587036 1623161212.553289
1.387930989265442 1623161212.658154
1.2981969118118286 1623161212.76322
1.3744620084762573 1623161212.868138
1.3389830589294434 1623161212.973153
1.3470255136489868 1623161213.078083
1.3780664205551147 1623161213.18306
1.3445850610733032 1623161213.288043
1.3863965272903442 1623161213.392963
1.367142915725708 1623161213.497901
1.3385049104690552 1623161213.602852
1.2813793420791626 1623161213.708019
1.3460452556610107 1623161213.813046
1.482758641242981 1623161213.917736
1.2334682941436768 1623161214.022894
149.36363220214844 1623161214.127746
551.0 1623161214.232787
413.0 1623161214.33777
413.0 1623161214.442647
413.0 1623161214.547711
413.0 1623161214.652461
413.0 1623161214.757618
206.125 1623161214.862497
2.2920892238616943 1623161214.967536
1.4650816917419434 1623161215.072513
1.4437869787216187 1623161215.177502
1.3696274757385254 1623161215.28263
1.3617020845413208 1623161215.387538
1.4363905191421509 1623161215.492326
1.4917043447494507 1623161215.597403
1.4917043447494507 1623161215.702396
1.4329897165298462 1623161215.807305
1.3864942789077759 1623161215.912166
1.4511834383010864 1623161216.017364
1.4057971239089966 1623161216.122311
1.3976777791976929 1623161216.22712
1.4061135053634644 1623161216.332084
1.3584637641906738 1623161216.437042
1.409883737564087 1623161216.541996
1.4482249021530151 1623161216.646925
1.388728380203247 1623161216.751843
1.3982558250427246 1623161216.856991
1.4002890586853027 1623161216.961984
1.457777738571167 1623161217.066898
1.4380531311035156 1623161217.171818
1.3532763719558716 1623161217.276847
1.397398829460144 1623161217.381801
1.44674551486969 1623161217.486678
1.290233850479126 1623161217.59185
2.036764621734619 1623161217.696728
551.0 1623161217.801719
551.0 1623161217.906815
330.20001220703125 1623161218.011721
413.0 1623161218.116783
413.0 1623161218.221522
413.25 1623161218.3266
275.1666564941406 1623161218.431585
86.21052551269531 1623161218.536483
1.2691256999969482 1623161218.641413
1.5144596099853516 1623161218.746441
1.4262773990631104 1623161218.85139
1.3456614017486572 1623161218.956247
1.3742774724960327 1623161219.06143
1.4738415479660034 1623161219.166222
1.4474073648452759 1623161219.271371
1.5022422075271606 1623161219.376425
1.489393949508667 1623161219.481262
1.4917043447494507 1623161219.586193
1.3942856788635254 1623161219.691141
1.411078691482544 1623161219.796012
1.474626898765564 1623161219.900969
1.442477822303772 1623161220.005924
1.3991354703903198 1623161220.110929
1.399999976158142 1623161220.216074
1.4049346446990967 1623161220.320909
1.4390602111816406 1623161220.425828
1.4264706373214722 1623161220.530803
1.461309552192688 1623161220.635734
1.4635958671569824 1623161220.740806
1.441176414489746 1623161220.845662
1.441176414489746 1623161220.950687
1.5060606002807617 1623161221.055541
1.5468510389328003 1623161221.160529
1.6351791620254517 1623161221.265671
275.0 1623161221.370741
551.0 1623161221.475688
330.20001220703125 1623161221.580623
330.20001220703125 1623161221.685606
413.0 1623161221.790451
413.0 1623161221.895452
413.0 1623161222.000463
183.0 1623161222.105382
1.3531914949417114 1623161222.210366
1.5538461208343506 1623161222.315327
1.5482865571975708 1623161222.420283
1.4541419744491577 1623161222.525239
1.4331865310668945 1623161222.630193
1.403762698173523 1623161222.735023
1.5397553443908691 1623161222.84021
1.585669755935669 1623161222.945131
1.6289808750152588 1623161223.050109
1.5672334432601929 1623161223.154936
1.5881434679031372 1623161223.259955
1.565015435218811 1623161223.364845
1.4273127317428589 1623161223.469855
1.4447717666625977 1623161223.574947
1.476190447807312 1623161223.679888
1.49323308467865 1623161223.784783
1.4518518447875977 1623161223.889789
1.4599406719207764 1623161223.99472
1.460624098777771 1623161224.099722
1.485029935836792 1623161224.204644
1.4336283206939697 1623161224.309534
1.4302496910095215 1623161224.41451
1.504531741142273 1623161224.519521
1.5507692098617554 1623161224.624473
1.3784172534942627 1623161224.729725
2.2391304969787598 1623161224.834686
826.5 1623161224.93956
551.0 1623161225.044417
413.0 1623161225.149524
413.0 1623161225.254395
550.6666870117188 1623161225.359218
551.0 1623161225.464443
275.1666564941406 1623161225.569445
126.46154022216797 1623161225.674365
1.437313437461853 1623161225.779299
1.5272727012634277 1623161225.884306
1.5185185670852661 1623161225.989233
1.4872180223464966 1623161226.094212
1.5698925256729126 1623161226.199111
1.5358778238296509 1623161226.303987
1.6078740358352661 1623161226.409128
1.5521472692489624 1623161226.5141
1.6248012781143188 1623161226.619088
1.5068285465240479 1623161226.724046
1.6512000560760498 1623161226.829033
1.6283891201019287 1623161226.933877
1.6709470748901367 1623161227.038845
1.6309903860092163 1623161227.143749
1.687196135520935 1623161227.248689
1.5569230318069458 1623161227.353706
1.6375198364257812 1623161227.458759
1.6078740358352661 1623161227.56373
1.5965462923049927 1623161227.668698
1.6006289720535278 1623161227.773646
1.5859375 1623161227.878588
1.5090909004211426 1623161227.983544
1.5045180320739746 1623161228.088476
1.580343246459961 1623161228.193407
1.5538461208343506 1623161228.298506
1.5727699995040894 1623161228.403508
330.20001220703125 1623161228.508494
551.0 1623161228.613426
275.0 1623161228.718436
275.0 1623161228.823388
330.20001220703125 1623161228.928258
330.20001220703125 1623161229.033275
275.1666564941406 1623161229.138261
102.5625 1623161229.24331
1.2687585353851318 1623161229.348209
1.4208998680114746 1623161229.453207
1.495468258857727 1623161229.558224
1.4414814710617065 1623161229.663224
1.504531741142273 1623161229.768191
1.5336391925811768 1623161229.872992
1.6323295831680298 1623161229.978089
1.5198776721954346 1623161230.082907
1.506079077720642 1623161230.187979
1.5909091234207153 1623161230.292887
1.6474359035491943 1623161230.397804
1.7063621282577515 1623161230.502788
1.6752411127090454 1623161230.607569
1.6122448444366455 1623161230.712645
1.6399999856948853 1623161230.817581
1.5437787771224976 1623161230.922604
1.587499976158142 1623161231.027587
1.4761193990707397 1623161231.132542
1.441176414489746 1623161231.23747
1.5468510389328003 1623161231.342599
1.504531741142273 1623161231.447567
1.572981357574463 1623161231.552578
1.3771675825119019 1623161231.657528
1.5 1623161231.762365
1.535168170928955 1623161231.867348
1.3876080513000488 1623161231.972366
17.170454025268555 1623161232.077349
551.0 1623161232.182317
330.20001220703125 1623161232.287277
275.0 1623161232.392261
330.20001220703125 1623161232.497194
413.0 1623161232.602082
413.0 1623161232.707066
183.0 1623161232.812153
2.434065818786621 1623161232.917131
1.3418803215026855 1623161233.022088
1.4583333730697632 1623161233.127073
1.5196374654769897 1623161233.232062
1.4879517555236816 1623161233.336998
1.5314899682998657 1623161233.441922
1.400291085243225 1623161233.54697
1.5114154815673828 1623161233.652012
1.4813710451126099 1623161233.756808
1.4451038837432861 1623161233.861822
1.4457652568817139 1623161233.966782
1.4856711626052856 1623161234.071796
1.4872944355010986 1623161234.176641
1.5275229215621948 1623161234.281682
1.5703245401382446 1623161234.386582
1.63132905960083 1623161234.491598
1.6155062913894653 1623161234.59652
1.5405819416046143 1623161234.701328
1.4333821535110474 1623161234.806361
1.5052950382232666 1623161234.911409
1.5965462923049927 1623161235.016389
1.5656877756118774 1623161235.121382
1.4432989358901978 1623161235.226329
1.5114154815673828 1623161235.331314
1.5723172426223755 1623161235.436178
1.4722638130187988 1623161235.541374
1.7180328369140625 1623161235.646336
413.0 1623161235.751369
413.0 1623161235.856243
275.0 1623161235.961171
275.1666564941406 1623161236.066245
330.20001220703125 1623161236.171033
330.3999938964844 1623161236.276109
330.20001220703125 1623161236.381126
330.3999938964844 1623161236.486133
330.3999938964844 1623161236.591149
330.3999938964844 1623161236.696029
413.0 1623161236.800921
413.0 1623161236.905878
330.3999938964844 1623161237.010864
413.0 1623161237.115862
413.0 1623161237.220759
413.0 1623161237.325812
413.0 1623161237.430768
413.0 1623161237.535775
413.0 1623161237.640739
413.0 1623161237.745692
413.0 1623161237.850688
413.0 1623161237.955629
413.0 1623161238.060651
413.0 1623161238.165608
413.0 1623161238.270515
413.0 1623161238.375514
413.0 1623161238.480474
413.0 1623161238.585417
413.0 1623161238.690433
413.0 1623161238.795305
413.0 1623161238.90037
413.0 1623161239.005308
413.0 1623161239.110302
413.0 1623161239.215251
413.0 1623161239.320254
413.0 1623161239.42522
413.0 1623161239.530206
413.0 1623161239.635136
413.0 1623161239.74019
413.0 1623161239.845071
413.0 1623161239.949984
413.0 1623161240.054981
413.0 1623161240.159993
413.0 1623161240.264927
413.0 1623161240.369862
413.0 1623161240.474847
413.0 1623161240.579826
413.0 1623161240.684933
413.0 1623161240.789954
413.0 1623161240.894661
413.0 1623161240.999671
413.0 1623161241.104719
413.0 1623161241.209735
413.0 1623161241.314637
413.0 1623161241.419681
413.0 1623161241.52443
413.0 1623161241.62944
413.0 1623161241.734571
413.0 1623161241.839545
413.0 1623161241.944338
413.0 1623161242.049325
413.0 1623161242.154228
413.0 1623161242.259293
413.0 1623161242.364235
413.0 1623161242.469215
413.0 1623161242.574159
413.0 1623161242.679169
413.0 1623161242.784248
413.0 1623161242.889204
413.0 1623161242.994055
413.0 1623161243.099101
413.0 1623161243.204062
550.6666870117188 1623161243.308975
413.0 1623161243.413947
413.0 1623161243.518899
413.0 1623161243.623881
413.0 1623161243.728803
413.0 1623161243.833782
413.0 1623161243.938702
413.0 1623161244.04372
413.0 1623161244.14868
413.0 1623161244.253694
413.0 1623161244.358602
413.25 1623161244.463773
413.0 1623161244.568671
413.0 1623161244.673682
413.0 1623161244.778657
413.0 1623161244.883575
413.0 1623161244.988497
413.0 1623161245.093522
413.0 1623161245.198434
