0 0 8032 0 1621442838.335269
0 0 8048 0 1621442838.33553
0 0 8048 0 1621442838.335704
0 0 8064 0 1621442838.335858
0 0 8064 0 1621442838.336015
0 0 8080 0 1621442838.336183
0 0 8080 0 1621442838.336305
0 0 8080 0 1621442838.336445
0 0 8080 0 1621442838.336572
0 0 8080 0 1621442838.336704
0 0 8080 0 1621442838.336833
0 0 8096 0 1621442838.336963
0 0 8096 0 1621442838.337099
0 0 8096 0 1621442838.337218
0 0 8096 0 1621442838.337345
0 0 8096 0 1621442838.337483
0 0 8096 0 1621442838.337609
0 0 8096 0 1621442838.337852
0 0 8096 0 1621442838.337991
0 0 8096 0 1621442838.338143
0 0 8112 0 1621442838.338296
0 0 8112 0 1621442838.338469
0 0 8128 0 1621442838.338619
0 0 8128 0 1621442838.338764
0 0 8128 0 1621442838.33899
0 0 8128 0 1621442838.339211
0 0 8128 0 1621442838.339371
0 0 8144 0 1621442838.339524
0 0 8144 0 1621442838.33977
0 0 8160 0 1621442838.340015
0 0 8144 0 1621442838.340284
0 0 8160 0 1621442838.340497
0 0 8160 0 1621442838.340725
0 0 8160 0 1621442838.340904
0 0 8160 0 1621442838.341089
0 0 8160 0 1621442838.341328
0 0 8160 0 1621442838.341526
0 0 8160 0 1621442838.341668
0 0 8160 0 1621442838.341807
0 0 8160 0 1621442838.341949
0 0 8160 0 1621442838.342093
0 0 8176 0 1621442838.342232
0 0 8176 0 1621442838.342367
0 0 8176 0 1621442838.342501
0 0 8176 0 1621442838.342639
0 0 8176 0 1621442838.342771
0 0 8176 0 1621442838.342929
0 0 8192 0 1621442838.34307
0 0 8192 0 1621442838.3432
0 0 8192 0 1621442838.343337
0 0 8192 0 1621442838.343466
0 0 8192 0 1621442838.34361
0 0 8192 0 1621442838.343745
0 0 8208 0 1621442838.343898
0 0 8208 0 1621442838.344046
0 0 8208 0 1621442838.344219
0 0 8208 0 1621442838.344363
0 0 8224 0 1621442838.344494
0 0 8224 0 1621442838.344622
0 0 8224 0 1621442838.34476
0 0 8224 0 1621442838.344899
0 0 8224 0 1621442838.392072
0 0 8224 0 1621442838.501253
0 0 8240 0 1621442838.610201
0 0 8240 0 1621442838.719293
0 0 8240 0 1621442838.828193
0 0 8256 0 1621442838.937198
0 0 8256 0 1621442839.046057
0 0 8256 0 1621442839.155146
0 0 8256 0 1621442839.264016
0 0 8256 0 1621442839.373044
0 0 8256 0 1621442839.481961
0 0 8256 0 1621442839.591015
0 0 8256 0 1621442839.699933
0 0 8256 0 1621442839.80889
0 0 8272 0 1621442839.91789
0 0 8272 0 1621442840.026789
0 0 8272 0 1621442840.135833
0 0 8272 0 1621442840.244706
0 0 8272 0 1621442840.353786
0 0 8272 0 1621442840.462627
0 0 8272 0 1621442840.571668
0 0 8272 0 1621442840.680525
0 0 8272 0 1621442840.789642
0 0 8288 0 1621442840.898678
0 0 8288 0 1621442841.007535
0 0 8288 0 1621442841.116692
0 0 8288 0 1621442841.225453
0 0 8288 0 1621442841.334412
0 0 8288 0 1621442841.443517
0 0 8304 0 1621442841.5524
0 0 8304 0 1621442841.661402
0 0 8304 0 1621442841.770376
0 0 8304 0 1621442841.879176
0 0 8320 0 1621442841.988279
0 0 8320 0 1621442842.097186
0 0 8320 0 1621442842.20621
0 0 8320 0 1621442842.315059
0 0 8320 0 1621442842.424136
0 0 8320 0 1621442842.533072
0 0 8320 0 1621442842.642139
0 0 8320 0 1621442842.750836
0 0 8320 0 1621442842.860134
0 0 8320 0 1621442842.968787
0 0 8320 0 1621442843.077888
0 0 8320 0 1621442843.186868
0 0 8320 0 1621442843.295913
0 0 8320 0 1621442843.404765
0 0 8320 0 1621442843.513849
0 0 8320 0 1621442843.622721
0 0 8320 0 1621442843.731766
0 0 8320 0 1621442843.840726
0 0 8320 0 1621442843.94964
0 0 8336 0 1621442844.058724
0 0 8320 0 1621442844.16762
0 0 8320 0 1621442844.276609
0 0 8320 0 1621442844.385377
0 0 8320 0 1621442844.494509
0 0 8320 0 1621442844.603243
0 0 8320 0 1621442844.712407
0 0 8320 0 1621442844.821515
0 0 8320 0 1621442844.930381
0 0 8320 0 1621442845.039424
0 0 8320 0 1621442845.148404
0 0 8320 0 1621442845.257271
0 0 8320 0 1621442845.36616
0 0 8320 0 1621442845.475135
0 0 8320 0 1621442845.584125
0 0 8320 0 1621442845.693108
0 0 8336 0 1621442845.802161
0 0 8336 0 1621442845.911066
0 0 8336 0 1621442846.020057
0 0 8336 0 1621442846.129066
0 0 8336 0 1621442846.238084
0 0 8336 0 1621442846.346915
0 0 8336 0 1621442846.455997
0 0 8336 0 1621442846.564862
0 0 8336 0 1621442846.673865
0 0 8336 0 1621442846.782892
0 0 8336 0 1621442846.891739
0 0 8352 0 1621442847.00081
0 0 8352 0 1621442847.109816
0 0 8352 0 1621442847.218727
0 0 8352 0 1621442847.327795
0 0 8352 0 1621442847.436688
0 0 8352 0 1621442847.545719
0 0 8352 0 1621442847.654586
0 0 8352 0 1621442847.76361
0 0 8352 0 1621442847.872531
0 0 8368 0 1621442847.98153
0 0 8368 0 1621442848.090526
0 0 8368 0 1621442848.19934
0 0 8368 0 1621442848.308413
0 0 8352 0 1621442848.417383
0 0 8368 0 1621442848.526269
0 0 8368 0 1621442848.635307
0 0 8368 0 1621442848.744311
0 0 8368 0 1621442848.853198
0 0 8368 0 1621442848.962244
0 0 8368 0 1621442849.071326
0 0 8384 0 1621442849.18007
0 0 8384 0 1621442849.289125
0 0 8384 0 1621442849.398102
0 0 8384 0 1621442849.506856
0 0 8384 0 1621442849.616069
0 0 8384 0 1621442849.724899
0 0 8384 0 1621442849.833924
0 0 8384 0 1621442849.942846
0 0 8384 0 1621442850.051908
0 0 8384 0 1621442850.160973
0 0 8384 0 1621442850.269717
0 0 8384 0 1621442850.378713
0 0 8384 0 1621442850.487673
0 0 8384 0 1621442850.596672
0 0 8384 0 1621442850.705562
0 0 8384 0 1621442850.814581
0 0 8384 0 1621442850.923481
0 0 8384 0 1621442851.032546
0 0 8384 0 1621442851.14157
0 0 8384 0 1621442851.250394
0 0 8384 0 1621442851.359429
0 0 8384 0 1621442851.468313
0 0 8384 0 1621442851.577223
0 0 8384 0 1621442851.686329
0 0 8384 0 1621442851.795265
0 0 8384 0 1621442851.904256
0 0 8400 0 1621442852.013226
0 0 8400 0 1621442852.122115
0 0 8400 0 1621442852.231166
0 0 8400 0 1621442852.340278
0 0 8400 0 1621442852.448977
0 0 8416 0 1621442852.558034
0 0 8400 0 1621442852.667003
0 0 8416 0 1621442852.775989
0 0 8416 0 1621442852.885019
0 0 8416 0 1621442852.993879
0 0 8416 0 1621442853.102904
0 0 8432 0 1621442853.211813
0 0 8432 0 1621442853.320827
0 0 8416 0 1621442853.429738
0 0 8432 0 1621442853.538741
0 0 8432 0 1621442853.647755
0 0 8432 0 1621442853.756605
0 0 8432 0 1621442853.865701
0 0 8432 0 1621442853.974712
0 0 8432 0 1621442854.083625
0 0 8416 0 1621442854.192667
0 0 8400 0 1621442854.301525
0 0 8400 0 1621442854.410629
0 0 8400 0 1621442854.519469
0 0 8400 0 1621442854.628425
0 0 8400 0 1621442854.737503
0 0 8400 0 1621442854.846341
0 0 8384 0 1621442854.955397
0 0 8400 0 1621442855.064232
0 0 8416 0 1621442855.173288
0 0 8400 0 1621442855.28235
0 0 8432 0 1621442855.391229
0 0 8432 0 1621442855.500399
0 0 8432 0 1621442855.609193
0 0 8448 0 1621442855.718185
0 0 8464 0 1621442855.827063
0 0 8480 0 1621442855.935963
0 0 8496 0 1621442856.045032
0 0 8496 0 1621442856.154072
0 0 8496 0 1621442856.262932
0 0 8512 0 1621442856.371999
0 0 8512 0 1621442856.480912
0 0 8528 0 1621442856.589907
0 0 8528 0 1621442856.698804
0 0 8544 0 1621442856.807832
0 0 8528 0 1621442856.91677
0 0 8544 0 1621442857.025773
0 0 8544 0 1621442857.134605
0 0 8544 0 1621442857.243673
0 0 8544 0 1621442857.352532
0 0 8544 0 1621442857.461591
0 0 8544 0 1621442857.57052
0 0 8544 0 1621442857.679573
0 0 8544 0 1621442857.788492
0 0 8544 0 1621442857.897496
0 0 8560 0 1621442858.006371
0 0 8560 0 1621442858.115448
0 0 8544 0 1621442858.224342
0 0 8560 0 1621442858.33339
0 0 8560 0 1621442858.442463
0 0 8560 0 1621442858.551291
0 0 8560 0 1621442858.660308
0 0 8560 0 1621442858.769132
0 0 8560 0 1621442858.87828
0 0 8576 0 1621442858.98712
0 0 8560 0 1621442859.096052
0 0 8560 0 1621442859.205115
0 0 8576 0 1621442859.314008
0 0 8576 0 1621442859.423031
0 0 8576 0 1621442859.531926
0 0 8576 0 1621442859.640978
0 0 8576 0 1621442859.750015
0 0 8576 0 1621442859.858918
0 0 8576 0 1621442859.967926
0 0 8576 0 1621442860.076794
0 0 8576 0 1621442860.18587
0 0 8576 0 1621442860.294726
0 0 8576 0 1621442860.403763
0 0 8576 0 1621442860.512701
0 0 8576 0 1621442860.621717
0 0 8576 0 1621442860.730706
0 0 8576 0 1621442860.8396
0 0 8576 0 1621442860.948473
0 0 8592 0 1621442861.057661
0 0 8592 0 1621442861.16658
0 0 8592 0 1621442861.275415
0 0 8592 0 1621442861.3845
0 0 8592 0 1621442861.493387
0 0 8592 0 1621442861.602601
0 0 8592 0 1621442861.711311
0 0 8528 0 1621442861.820441
0 0 9200 0 1621442861.929342
0 0 10000 0 1621442862.038383
0 0 10512 0 1621442862.14724
0 0 12960 0 1621442862.256269
0 0 15728 0 1621442862.365156
0 0 18176 0 1621442862.474085
0 0 21456 0 1621442862.583068
0 0 23360 0 1621442862.692186
0 0 24368 0 1621442862.801053
0 0 24528 0 1621442862.910085
0 0 22528 0 1621442863.019095
0 0 7088 0 1621442863.128111
0 0 7344 0 1621442863.236915
0 0 24416 0 1621442863.346048
0 0 23856 0 1621442863.455079
0 0 7760 0 1621442863.563917
0 0 7904 0 1621442863.672765
0 0 7968 0 1621442863.781799
0 0 25488 0 1621442863.890723
0 0 24544 0 1621442863.999817
0 0 25072 0 1621442864.108715
0 0 23184 0 1621442864.21779
0 0 24384 0 1621442864.326671
0 0 23776 0 1621442864.435673
0 0 25360 0 1621442864.544665
0 0 25232 0 1621442864.653663
0 0 25552 0 1621442864.762383
0 0 25488 0 1621442864.871479
0 0 23072 0 1621442864.980513
0 0 23568 0 1621442865.089386
0 0 23584 0 1621442865.198414
0 0 23968 0 1621442865.307294
0 0 23712 0 1621442865.416281
0 0 23648 0 1621442865.525281
0 0 23824 0 1621442865.634156
0 0 22688 0 1621442865.743239
0 0 24080 0 1621442865.852166
0 0 8240 0 1621442865.961206
0 0 8256 0 1621442866.070058
0 0 8272 0 1621442866.179074
0 0 8288 0 1621442866.288022
0 0 8288 0 1621442866.397042
0 0 8288 0 1621442866.505933
0 0 8304 0 1621442866.614981
0 0 8304 0 1621442866.723834
0 0 8304 0 1621442866.832836
0 0 8304 0 1621442866.941753
0 0 8304 0 1621442867.050812
0 0 8320 0 1621442867.159836
0 0 8320 0 1621442867.268721
0 0 8320 0 1621442867.377652
0 0 8320 0 1621442867.486664
0 0 8336 0 1621442867.595506
0 0 8352 0 1621442867.70458
0 0 8336 0 1621442867.813523
0 0 8336 0 1621442867.922677
0 0 8336 0 1621442868.031479
0 0 8352 0 1621442868.140524
0 0 8352 0 1621442868.249403
0 0 8352 0 1621442868.358488
0 0 8352 0 1621442868.467342
0 0 8368 0 1621442868.576507
0 0 8368 0 1621442868.685317
0 0 8368 0 1621442868.794243
0 0 8384 0 1621442868.903128
0 0 8384 0 1621442869.012288
0 0 8384 0 1621442869.121196
0 0 8384 0 1621442869.230251
0 0 8400 0 1621442869.339081
0 0 8400 0 1621442869.448111
0 0 8400 0 1621442869.557096
0 0 8400 0 1621442869.66595
0 0 8400 0 1621442869.774955
0 0 8400 0 1621442869.883876
0 0 8416 0 1621442869.993005
0 0 8416 0 1621442870.101868
0 0 8416 0 1621442870.210809
0 0 8416 0 1621442870.319803
0 0 8416 0 1621442870.428827
0 0 8416 0 1621442870.537672
0 0 8416 0 1621442870.646748
0 0 8416 0 1621442870.755714
0 0 8416 0 1621442870.864602
0 0 8432 0 1621442870.973638
0 0 8432 0 1621442871.082717
0 0 8432 0 1621442871.191536
0 0 8432 0 1621442871.300572
0 0 8432 0 1621442871.409624
0 0 8432 0 1621442871.518373
0 0 8432 0 1621442871.627408
0 0 8432 0 1621442871.736278
0 0 8448 0 1621442871.845396
0 0 8448 0 1621442871.954266
0 0 8448 0 1621442872.063298
0 0 8448 0 1621442872.17228
0 0 8448 0 1621442872.281288
0 0 8448 0 1621442872.39011
0 0 8448 0 1621442872.499164
0 0 8464 0 1621442872.60803
0 0 8464 0 1621442872.717117
0 0 8448 0 1621442872.826004
0 0 8448 0 1621442872.935039
0 0 8464 0 1621442873.043961
0 0 8464 0 1621442873.153098
0 0 8464 0 1621442873.26194
0 0 8464 0 1621442873.370968
0 0 8464 0 1621442873.479916
0 0 8480 0 1621442873.588715
0 0 8480 0 1621442873.697916
0 0 8480 0 1621442873.806813
0 0 8480 0 1621442873.915792
0 0 8480 0 1621442874.02471
0 0 8480 0 1621442874.133793
0 0 8480 0 1621442874.242782
0 0 8480 0 1621442874.351594
0 0 8496 0 1621442874.460674
0 0 8496 0 1621442874.569574
0 0 8496 0 1621442874.678604
0 0 8496 0 1621442874.787448
0 0 8496 0 1621442874.896524
0 0 8496 0 1621442875.005426
0 0 8496 0 1621442875.114518
0 0 8512 0 1621442875.223347
0 0 8512 0 1621442875.33232
0 0 8496 0 1621442875.441228
0 0 8512 0 1621442875.550155
0 0 8512 0 1621442875.6593
0 0 8512 0 1621442875.768209
0 0 8768 0 1621442875.877293
0 0 9536 0 1621442875.986065
0 0 10240 0 1621442876.095147
0 0 11712 0 1621442876.203991
0 0 14512 0 1621442876.313067
0 0 16608 0 1621442876.422081
0 0 19440 0 1621442876.531013
0 0 22608 0 1621442876.639876
0 0 23920 0 1621442876.748997
0 0 24112 0 1621442876.857872
0 0 18000 0 1621442876.96691
0 0 7344 0 1621442877.076056
0 0 7600 0 1621442877.184966
0 0 7792 0 1621442877.293997
0 0 7904 0 1621442877.402819
0 0 24496 0 1621442877.511883
0 0 16544 0 1621442877.620821
0 0 24912 0 1621442877.729744
0 0 25008 0 1621442877.838608
0 0 24976 0 1621442877.947719
0 0 25728 0 1621442878.056584
0 0 25680 0 1621442878.165511
0 0 25664 0 1621442878.274646
0 0 24240 0 1621442878.383465
0 0 24880 0 1621442878.492584
0 0 25344 0 1621442878.601522
0 0 25376 0 1621442878.710253
0 0 24352 0 1621442878.819496
0 0 24960 0 1621442878.928321
0 0 24672 0 1621442879.037241
0 0 25600 0 1621442879.146281
0 0 25600 0 1621442879.255189
0 0 25696 0 1621442879.364166
0 0 25680 0 1621442879.473149
0 0 25664 0 1621442879.582007
0 0 25696 0 1621442879.69108
0 0 25616 0 1621442879.800016
0 0 25600 0 1621442879.909089
0 0 25520 0 1621442880.017925
0 0 24704 0 1621442880.126976
0 0 24448 0 1621442880.235898
0 0 24560 0 1621442880.344818
0 0 24000 0 1621442880.45386
0 0 24256 0 1621442880.56274
0 0 24208 0 1621442880.671882
0 0 24176 0 1621442880.780817
0 0 23952 0 1621442880.889672
0 0 24288 0 1621442880.998744
0 0 24736 0 1621442881.107647
0 0 24016 0 1621442881.216573
0 0 23744 0 1621442881.325606
0 0 24176 0 1621442881.43453
0 0 24096 0 1621442881.543518
0 0 23456 0 1621442881.652375
0 0 23072 0 1621442881.761458
0 0 23184 0 1621442881.870405
0 0 24304 0 1621442881.979426
0 0 23856 0 1621442882.088314
0 0 23568 0 1621442882.197443
0 0 23664 0 1621442882.306277
0 0 23248 0 1621442882.415404
0 0 24048 0 1621442882.524177
0 0 24128 0 1621442882.63303
0 0 24064 0 1621442882.742821
0 0 23472 0 1621442882.851019
0 0 22736 0 1621442882.960107
0 0 23120 0 1621442883.069116
0 0 23984 0 1621442883.177991
0 0 23648 0 1621442883.287088
0 0 23696 0 1621442883.395938
0 0 24384 0 1621442883.505
0 0 24208 0 1621442883.613833
0 0 24368 0 1621442883.722907
0 0 23344 0 1621442883.831835
0 0 24144 0 1621442883.940924
0 0 24256 0 1621442884.049681
0 0 24032 0 1621442884.158727
0 0 8448 0 1621442884.267648
0 0 8464 0 1621442884.376706
0 0 9008 0 1621442884.485781
0 0 8464 0 1621442884.594615
0 0 8480 0 1621442884.703615
0 0 8480 0 1621442884.812603
0 0 8496 0 1621442884.921549
0 0 8480 0 1621442885.030452
0 0 8480 0 1621442885.139503
0 0 8496 0 1621442885.248353
0 0 8496 0 1621442885.357406
0 0 8496 0 1621442885.466389
0 0 8496 0 1621442885.575268
0 0 8496 0 1621442885.6844
0 0 8512 0 1621442885.793221
0 0 8512 0 1621442885.90234
0 0 8512 0 1621442886.011142
0 0 8512 0 1621442886.120209
0 0 8512 0 1621442886.229212
0 0 8528 0 1621442886.338153
0 0 8528 0 1621442886.447105
0 0 8512 0 1621442886.55595
0 0 8528 0 1621442886.665278
0 0 8528 0 1621442886.773974
0 0 8528 0 1621442886.88298
0 0 8528 0 1621442886.991856
0 0 8528 0 1621442887.100888
0 0 8528 0 1621442887.20996
0 0 8528 0 1621442887.318804
0 0 8528 0 1621442887.427851
0 0 8528 0 1621442887.536794
0 0 8544 0 1621442887.645637
0 0 8544 0 1621442887.754727
0 0 8544 0 1621442887.863616
0 0 8544 0 1621442887.972825
0 0 8528 0 1621442888.08157
0 0 8528 0 1621442888.190604
0 0 8544 0 1621442888.299517
0 0 8544 0 1621442888.408562
0 0 8544 0 1621442888.517415
0 0 8544 0 1621442888.626413
0 0 8544 0 1621442888.735357
0 0 8560 0 1621442888.844401
0 0 8544 0 1621442888.953244
0 0 8544 0 1621442889.062352
0 0 8560 0 1621442889.171198
0 0 8560 0 1621442889.280238
0 0 8560 0 1621442889.389311
0 0 8560 0 1621442889.498276
0 0 8576 0 1621442889.607128
0 0 8576 0 1621442889.716207
0 0 8880 0 1621442889.825114
0 0 9632 0 1621442889.933955
0 0 10384 0 1621442890.044191
0 0 11792 0 1621442890.151952
0 0 14544 0 1621442890.26103
0 0 16912 0 1621442890.369855
0 0 19792 0 1621442890.478907
0 0 22784 0 1621442890.587871
0 0 23968 0 1621442890.696808
0 0 24176 0 1621442890.80585
0 0 9968 0 1621442890.914831
0 0 7280 0 1621442891.023793
0 0 7600 0 1621442891.132823
0 0 7824 0 1621442891.2418
0 0 7936 0 1621442891.350738
0 0 8016 0 1621442891.459723
0 0 25360 0 1621442891.568606
0 0 24976 0 1621442891.677649
0 0 24624 0 1621442891.786757
0 0 24720 0 1621442891.895545
0 0 25424 0 1621442892.004681
0 0 24864 0 1621442892.113392
0 0 24640 0 1621442892.222471
0 0 24368 0 1621442892.33155
0 0 25520 0 1621442892.44028
0 0 23936 0 1621442892.549459
0 0 24304 0 1621442892.65825
0 0 25440 0 1621442892.767247
0 0 25024 0 1621442892.876385
0 0 25552 0 1621442892.985139
0 0 25168 0 1621442893.094306
0 0 25376 0 1621442893.203163
0 0 25584 0 1621442893.312369
0 0 25600 0 1621442893.421007
0 0 25440 0 1621442893.530167
0 0 25600 0 1621442893.63901
0 0 24832 0 1621442893.748032
0 0 25424 0 1621442893.856938
0 0 25456 0 1621442893.965952
0 0 25520 0 1621442894.074922
0 0 24240 0 1621442894.183794
0 0 24816 0 1621442894.292833
0 0 23968 0 1621442894.401948
0 0 24304 0 1621442894.51083
0 0 24208 0 1621442894.619742
0 0 23872 0 1621442894.728805
0 0 24272 0 1621442894.837665
0 0 24256 0 1621442894.946739
0 0 23968 0 1621442895.055614
0 0 23984 0 1621442895.164646
0 0 24160 0 1621442895.273521
0 0 24048 0 1621442895.382587
0 0 24240 0 1621442895.491643
0 0 24608 0 1621442895.600542
0 0 25344 0 1621442895.709443
0 0 25344 0 1621442895.81847
0 0 25328 0 1621442895.927371
0 0 25264 0 1621442896.036369
0 0 25280 0 1621442896.145301
0 0 25296 0 1621442896.254276
0 0 25232 0 1621442896.363218
0 0 25072 0 1621442896.472246
0 0 24816 0 1621442896.581297
0 0 24032 0 1621442896.690181
0 0 24400 0 1621442896.799221
0 0 24864 0 1621442896.908174
0 0 24704 0 1621442897.017067
0 0 24384 0 1621442897.126084
0 0 23440 0 1621442897.234982
0 0 23696 0 1621442897.344066
0 0 24416 0 1621442897.452879
0 0 24640 0 1621442897.561989
0 0 24896 0 1621442897.670832
0 0 24704 0 1621442897.779936
0 0 23920 0 1621442897.888729
0 0 24224 0 1621442897.997836
0 0 24256 0 1621442898.106689
0 0 23904 0 1621442898.215808
0 0 24144 0 1621442898.324622
0 0 23920 0 1621442898.433622
0 0 23872 0 1621442898.5426
0 0 22912 0 1621442898.651661
0 0 22736 0 1621442898.760536
0 0 8464 0 1621442898.869549
0 0 8464 0 1621442898.978612
0 0 8480 0 1621442899.087471
0 0 8480 0 1621442899.196456
0 0 8496 0 1621442899.305519
0 0 8496 0 1621442899.414343
0 0 8496 0 1621442899.523398
0 0 8512 0 1621442899.63227
0 0 8496 0 1621442899.741281
0 0 8512 0 1621442899.850336
0 0 8512 0 1621442899.959218
0 0 8512 0 1621442900.068074
0 0 8528 0 1621442900.177149
0 0 8528 0 1621442900.286142
0 0 8528 0 1621442900.395034
0 0 8528 0 1621442900.504062
0 0 8528 0 1621442900.61299
0 0 8528 0 1621442900.722006
0 0 8528 0 1621442900.83085
0 0 8528 0 1621442900.939903
0 0 8528 0 1621442901.048762
0 0 8528 0 1621442901.157853
0 0 8528 0 1621442901.266922
0 0 8528 0 1621442901.375784
0 0 8528 0 1621442901.484781
0 0 8528 0 1621442901.593689
0 0 8544 0 1621442901.702747
0 0 8544 0 1621442901.811624
0 0 8544 0 1621442901.920606
0 0 8560 0 1621442902.029484
0 0 8560 0 1621442902.138573
0 0 8576 0 1621442902.247479
0 0 8560 0 1621442902.356498
0 0 8576 0 1621442902.465289
0 0 8576 0 1621442902.574496
0 0 8576 0 1621442902.683388
0 0 8576 0 1621442902.792428
0 0 8576 0 1621442902.901459
0 0 8592 0 1621442903.010296
0 0 8592 0 1621442903.11931
0 0 8592 0 1621442903.228249
0 0 8592 0 1621442903.337187
0 0 8592 0 1621442903.446139
0 0 8592 0 1621442903.555141
0 0 8608 0 1621442903.664238
0 0 8608 0 1621442903.773107
0 0 8608 0 1621442903.882116
0 0 8608 0 1621442903.991028
0 0 8592 0 1621442904.100064
0 0 8592 0 1621442904.208961
0 0 8592 0 1621442904.318038
0 0 8592 0 1621442904.426897
0 0 8608 0 1621442904.535698
0 0 8608 0 1621442904.644897
0 0 8608 0 1621442904.753761
0 0 8608 0 1621442904.862871
0 0 8608 0 1621442904.971551
0 0 8608 0 1621442905.080595
0 0 8624 0 1621442905.189618
0 0 8608 0 1621442905.298583
0 0 8608 0 1621442905.407622
0 0 8608 0 1621442905.516691
0 0 8624 0 1621442905.625592
0 0 8608 0 1621442905.734651
0 0 8624 0 1621442905.84353
0 0 8624 0 1621442905.952284
0 0 8624 0 1621442906.06146
0 0 8624 0 1621442906.170222
0 0 8624 0 1621442906.279365
0 0 8640 0 1621442906.38819
0 0 8640 0 1621442906.497259
0 0 8624 0 1621442906.606174
0 0 8624 0 1621442906.71514
0 0 8624 0 1621442906.824104
0 0 8640 0 1621442906.933079
0 0 8624 0 1621442907.042012
0 0 8640 0 1621442907.151
0 0 8624 0 1621442907.259908
0 0 8624 0 1621442907.368981
0 0 8624 0 1621442907.477911
0 0 8624 0 1621442907.587028
0 0 8624 0 1621442907.695829
0 0 8640 0 1621442907.804731
0 0 8640 0 1621442907.913792
0 0 8640 0 1621442908.022691
0 0 8640 0 1621442908.13171
0 0 8640 0 1621442908.240674
0 0 8640 0 1621442908.349706
0 0 8640 0 1621442908.458684
0 0 8640 0 1621442908.5676
0 0 8640 0 1621442908.67647
0 0 8640 0 1621442908.785521
0 0 8640 0 1621442908.894552
0 0 8640 0 1621442909.003529
0 0 8640 0 1621442909.112411
0 0 8656 0 1621442909.221388
0 0 8656 0 1621442909.330299
0 0 8656 0 1621442909.439308
0 0 8656 0 1621442909.548253
0 0 8656 0 1621442909.657352
0 0 8656 0 1621442909.766213
0 0 8656 0 1621442909.87529
0 0 8672 0 1621442909.984222
0 0 8656 0 1621442910.093192
0 0 8656 0 1621442910.202181
0 0 8656 0 1621442910.311023
0 0 8672 0 1621442910.420122
0 0 8656 0 1621442910.52901
0 0 8672 0 1621442910.637957
0 0 8672 0 1621442910.747192
0 0 8672 0 1621442910.85588
0 0 8656 0 1621442910.96503
0 0 8656 0 1621442911.073895
0 0 8656 0 1621442911.182781
0 0 8656 0 1621442911.291908
0 0 8672 0 1621442911.400662
0 0 8656 0 1621442911.509727
0 0 8672 0 1621442911.618582
0 0 8656 0 1621442911.727671
0 0 8672 0 1621442911.836549
0 0 8672 0 1621442911.94566
0 0 8672 0 1621442912.054509
0 0 8672 0 1621442912.163536
0 0 8672 0 1621442912.272446
0 0 8672 0 1621442912.381483
0 0 8688 0 1621442912.49037
0 0 8672 0 1621442912.599459
0 0 8688 0 1621442912.708351
0 0 8688 0 1621442912.817327
0 0 8672 0 1621442912.92633
0 0 8688 0 1621442913.035276
0 0 8688 0 1621442913.144209
0 0 8688 0 1621442913.253298
0 0 8688 0 1621442913.36212
0 0 8688 0 1621442913.471215
0 0 8704 0 1621442913.580046
0 0 8688 0 1621442913.689149
0 0 8688 0 1621442913.797968
0 0 8688 0 1621442913.907053
0 0 8688 0 1621442914.016
0 0 8688 0 1621442914.124901
0 0 8688 0 1621442914.233973
0 0 8688 0 1621442914.34288
0 0 8688 0 1621442914.45179
0 0 8688 0 1621442914.560791
0 0 8688 0 1621442914.669804
0 0 8688 0 1621442914.778871
0 0 8688 0 1621442914.887748
0 0 8688 0 1621442914.996759
0 0 8688 0 1621442915.105688
0 0 8688 0 1621442915.214583
0 0 8688 0 1621442915.323686
0 0 8688 0 1621442915.432594
0 0 8704 0 1621442915.541622
0 0 8704 0 1621442915.650562
0 0 8704 0 1621442915.759442
0 0 8704 0 1621442915.868477
0 0 8704 0 1621442915.977397
0 0 8704 0 1621442916.086396
0 0 8704 0 1621442916.19534
0 0 8704 0 1621442916.304355
0 0 8704 0 1621442916.413354
0 0 8704 0 1621442916.5223
0 0 8720 0 1621442916.631154
0 0 8720 0 1621442916.740221
0 0 8720 0 1621442916.849103
0 0 8720 0 1621442916.958147
0 0 8720 0 1621442917.066964
0 0 8720 0 1621442917.176017
0 0 8720 0 1621442917.285039
0 0 8720 0 1621442917.394034
0 0 8720 0 1621442917.502899
0 0 8720 0 1621442917.611958
0 0 8720 0 1621442917.720853
0 0 8720 0 1621442917.829922
0 0 8720 0 1621442917.938745
0 0 8720 0 1621442918.047725
0 0 8720 0 1621442918.156783
0 0 8736 0 1621442918.265694
0 0 8720 0 1621442918.374805
0 0 8720 0 1621442918.483637
0 0 8720 0 1621442918.59257
0 0 8720 0 1621442918.701745
0 0 8736 0 1621442918.810566
0 0 8720 0 1621442918.919638
0 0 8736 0 1621442919.028549
0 0 8736 0 1621442919.137571
0 0 8736 0 1621442919.24687
0 0 8736 0 1621442919.355472
0 0 8736 0 1621442919.464375
0 0 8736 0 1621442919.573399
0 0 8736 0 1621442919.682393
0 0 8736 0 1621442919.791311
0 0 8736 0 1621442919.900366
0 0 8736 0 1621442920.00924
0 0 8736 0 1621442920.118217
0 0 8736 0 1621442920.227281
0 0 8736 0 1621442920.336131
0 0 8736 0 1621442920.445116
0 0 8736 0 1621442920.554117
0 0 8736 0 1621442920.663011
0 0 8736 0 1621442920.772
0 0 8736 0 1621442920.881093
0 0 8736 0 1621442920.989911
0 0 8736 0 1621442921.09891
0 0 8736 0 1621442921.207973
0 0 8736 0 1621442921.317516
0 0 8736 0 1621442921.425912
0 0 8736 0 1621442921.534704
0 0 8736 0 1621442921.643707
0 0 8736 0 1621442921.752701
0 0 8736 0 1621442921.861676
0 0 8752 0 1621442921.970793
0 0 8736 0 1621442922.079644
0 0 8736 0 1621442922.188601
0 0 8736 0 1621442922.297457
0 0 8736 0 1621442922.406532
0 0 8736 0 1621442922.515493
0 0 8736 0 1621442922.624459
0 0 8752 0 1621442922.733425
0 0 8752 0 1621442922.84248
0 0 8752 0 1621442922.951359
0 0 8752 0 1621442923.060437
0 0 8736 0 1621442923.16932
0 0 8736 0 1621442923.278367
0 0 8752 0 1621442923.387207
0 0 8752 0 1621442923.496315
0 0 8736 0 1621442923.605155
0 0 8736 0 1621442923.714188
0 0 8752 0 1621442923.823089
0 0 8736 0 1621442923.932147
0 0 8736 0 1621442924.040993
0 0 8736 0 1621442924.149997
0 0 8752 0 1621442924.259084
0 0 8752 0 1621442924.367893
0 0 8752 0 1621442924.47695
0 0 8752 0 1621442924.585802
0 0 8752 0 1621442924.694883
0 0 8752 0 1621442924.803767
0 0 8752 0 1621442924.912861
0 0 8736 0 1621442925.021721
0 0 8752 0 1621442925.130743
0 0 8752 0 1621442925.239621
0 0 8752 0 1621442925.348675
0 0 8752 0 1621442925.457741
0 0 8752 0 1621442925.566584
0 0 8752 0 1621442925.67557
0 0 8752 0 1621442925.784482
0 0 8752 0 1621442925.893561
0 0 8752 0 1621442926.002418
0 0 8752 0 1621442926.111373
0 0 8752 0 1621442926.220498
0 0 8752 0 1621442926.329329
0 0 8752 0 1621442926.438403
0 0 8752 0 1621442926.547342
0 0 8752 0 1621442926.656381
0 0 8752 0 1621442926.765287
0 0 8752 0 1621442926.874163
0 0 8752 0 1621442926.983197
0 0 8752 0 1621442927.092068
0 0 8752 0 1621442927.201233
0 0 9104 0 1621442927.310045
0 0 9712 0 1621442927.419257
0 0 10384 0 1621442927.527987
0 0 12064 0 1621442927.637058
0 0 14688 0 1621442927.745921
0 0 17120 0 1621442927.854902
0 0 20448 0 1621442927.963744
0 0 23104 0 1621442928.072855
0 0 24256 0 1621442928.181876
0 0 24736 0 1621442928.290789
0 0 25024 0 1621442928.399842
0 0 25200 0 1621442928.508758
0 0 25264 0 1621442928.617914
0 0 24896 0 1621442928.726732
0 0 6896 0 1621442928.835905
0 0 7344 0 1621442928.944719
0 0 7504 0 1621442929.053803
0 0 7664 0 1621442929.162633
0 0 7712 0 1621442929.271658
0 0 25344 0 1621442929.380535
0 0 24720 0 1621442929.489561
0 0 25264 0 1621442929.598375
0 0 25312 0 1621442929.70739
0 0 25264 0 1621442929.816443
0 0 24880 0 1621442929.925427
0 0 24832 0 1621442930.034411
0 0 23504 0 1621442930.143433
0 0 24000 0 1621442930.252257
0 0 23584 0 1621442930.361393
0 0 23344 0 1621442930.470181
0 0 22960 0 1621442930.57924
0 0 23120 0 1621442930.68811
0 0 8064 0 1621442930.797127
0 0 8096 0 1621442930.905997
0 0 8128 0 1621442931.015055
0 0 8176 0 1621442931.123983
0 0 8208 0 1621442931.232973
0 0 8208 0 1621442931.341933
0 0 8208 0 1621442931.450834
0 0 8208 0 1621442931.559868
0 0 8240 0 1621442931.668781
0 0 8240 0 1621442931.777785
0 0 8272 0 1621442931.886671
0 0 8272 0 1621442931.995693
0 0 8272 0 1621442932.10474
0 0 8272 0 1621442932.213649
0 0 8272 0 1621442932.322621
0 0 8288 0 1621442932.43154
0 0 8288 0 1621442932.540595
0 0 8304 0 1621442932.649432
0 0 8320 0 1621442932.75853
0 0 8336 0 1621442932.867544
0 0 8352 0 1621442932.976406
0 0 8352 0 1621442933.085471
0 0 8352 0 1621442933.194276
0 0 8352 0 1621442933.303304
0 0 8368 0 1621442933.412348
0 0 8368 0 1621442933.521252
0 0 8368 0 1621442933.630277
0 0 8384 0 1621442933.739134
0 0 8400 0 1621442933.848216
0 0 8400 0 1621442933.957901
0 0 8416 0 1621442934.065989
0 0 8432 0 1621442934.175016
0 0 8432 0 1621442934.284074
0 0 8432 0 1621442934.393006
0 0 8432 0 1621442934.502037
0 0 8432 0 1621442934.610919
0 0 8432 0 1621442934.719922
0 0 8432 0 1621442934.829027
0 0 8448 0 1621442934.93781
0 0 8448 0 1621442935.046936
0 0 8448 0 1621442935.155728
0 0 8448 0 1621442935.264804
0 0 8464 0 1621442935.373722
0 0 8464 0 1621442935.482703
0 0 8464 0 1621442935.591704
0 0 8464 0 1621442935.700502
0 0 8464 0 1621442935.809566
0 0 8464 0 1621442935.918582
0 0 8464 0 1621442936.027454
0 0 8464 0 1621442936.136516
0 0 8464 0 1621442936.245525
0 0 8464 0 1621442936.354487
0 0 8464 0 1621442936.463281
0 0 8464 0 1621442936.572867
0 0 8480 0 1621442936.681402
0 0 8480 0 1621442936.790269
0 0 8480 0 1621442936.8993
0 0 8496 0 1621442937.008241
0 0 8480 0 1621442937.117284
0 0 8480 0 1621442937.226159
0 0 8480 0 1621442937.335101
0 0 8496 0 1621442937.444217
0 0 8496 0 1621442937.553101
0 0 8480 0 1621442937.662195
0 0 8480 0 1621442937.770923
0 0 8480 0 1621442937.880035
0 0 8480 0 1621442937.988959
0 0 8480 0 1621442938.097974
0 0 8480 0 1621442938.206882
0 0 8464 0 1621442938.315955
0 0 8464 0 1621442938.424816
0 0 8480 0 1621442938.533753
0 0 8480 0 1621442938.642796
0 0 8480 0 1621442938.751722
0 0 8496 0 1621442938.860796
0 0 8496 0 1621442938.969734
0 0 8464 0 1621442939.078638
0 0 8448 0 1621442939.187631
0 0 8448 0 1621442939.296492
0 0 8464 0 1621442939.405562
0 0 8448 0 1621442939.514412
0 0 8448 0 1621442939.623521
0 0 8448 0 1621442939.732336
0 0 8464 0 1621442939.841389
0 0 8464 0 1621442939.950426
0 0 8464 0 1621442940.059328
0 0 8448 0 1621442940.168407
0 0 8464 0 1621442940.277271
0 0 8448 0 1621442940.386145
0 0 8464 0 1621442940.495193
0 0 8448 0 1621442940.604117
0 0 8464 0 1621442940.713241
0 0 8464 0 1621442940.822078
0 0 8464 0 1621442940.931091
0 0 8464 0 1621442941.039991
0 0 8464 0 1621442941.149053
0 0 8480 0 1621442941.258124
0 0 8464 0 1621442941.36696
0 0 8464 0 1621442941.476012
0 0 8464 0 1621442941.584848
0 0 8464 0 1621442941.693858
0 0 8464 0 1621442941.802784
0 0 8480 0 1621442941.911801
0 0 8480 0 1621442942.020674
0 0 8480 0 1621442942.129737
0 0 8480 0 1621442942.238776
0 0 8480 0 1621442942.34769
0 0 8480 0 1621442942.456768
0 0 8464 0 1621442942.565595
0 0 8480 0 1621442942.674669
0 0 8480 0 1621442942.783554
0 0 8480 0 1621442942.892609
0 0 8496 0 1621442943.001491
0 0 8496 0 1621442943.110495
0 0 8496 0 1621442943.219413
0 0 8496 0 1621442943.328449
0 0 8496 0 1621442943.437342
0 0 8496 0 1621442943.546411
0 0 8496 0 1621442943.655239
0 0 8480 0 1621442943.764291
0 0 8496 0 1621442943.873294
0 0 8496 0 1621442943.982102
0 0 8496 0 1621442944.091226
0 0 8496 0 1621442944.200012
0 0 8512 0 1621442944.309144
0 0 8512 0 1621442944.418127
0 0 8512 0 1621442944.527118
0 0 8512 0 1621442944.635941
0 0 8512 0 1621442944.74488
0 0 8512 0 1621442944.853947
0 0 8512 0 1621442944.962996
0 0 8496 0 1621442945.071879
0 0 8512 0 1621442945.180892
0 0 8496 0 1621442945.28993
0 0 8512 0 1621442945.398781
0 0 8512 0 1621442945.507778
0 0 8512 0 1621442945.616813
0 0 8512 0 1621442945.72563
0 0 8512 0 1621442945.83464
0 0 8512 0 1621442945.94366
0 0 8512 0 1621442946.052682
0 0 8512 0 1621442946.161468
0 0 8512 0 1621442946.270525
0 0 8512 0 1621442946.379533
0 0 8512 0 1621442946.488459
0 0 8528 0 1621442946.597514
0 0 8528 0 1621442946.706273
0 0 8528 0 1621442946.815334
0 0 8528 0 1621442946.924476
0 0 8528 0 1621442947.033281
0 0 8528 0 1621442947.142292
0 0 8528 0 1621442947.25129
0 0 8528 0 1621442947.360192
0 0 8528 0 1621442947.470895
0 0 8528 0 1621442947.57814
0 0 8528 0 1621442947.686984
0 0 8528 0 1621442947.796037
0 0 8544 0 1621442947.904991
0 0 8544 0 1621442948.014013
0 0 8544 0 1621442948.12308
0 0 8544 0 1621442948.231923
0 0 8544 0 1621442948.340988
0 0 8544 0 1621442948.44997
0 0 8544 0 1621442948.558846
0 0 8544 0 1621442948.668048
0 0 8544 0 1621442948.776836
0 0 8544 0 1621442948.88567
0 0 8544 0 1621442948.994743
0 0 8544 0 1621442949.103852
0 0 8544 0 1621442949.212581
0 0 8544 0 1621442949.32166
0 0 8544 0 1621442949.430708
0 0 8560 0 1621442949.539501
0 0 8560 0 1621442949.648556
0 0 8560 0 1621442949.757458
0 0 8560 0 1621442949.866463
0 0 8560 0 1621442949.975444
0 0 8560 0 1621442950.084423
0 0 8576 0 1621442950.193319
0 0 8576 0 1621442950.302318
0 0 8576 0 1621442950.411362
0 0 8576 0 1621442950.520225
0 0 8576 0 1621442950.629258
0 0 8576 0 1621442950.738271
0 0 8576 0 1621442950.847125
0 0 8576 0 1621442950.956218
0 0 8576 0 1621442951.064991
0 0 8560 0 1621442951.174109
0 0 8576 0 1621442951.282971
0 0 8560 0 1621442951.391941
0 0 8576 0 1621442951.501093
0 0 8576 0 1621442951.609901
0 0 8544 0 1621442951.71891
0 0 9056 0 1621442951.827838
0 0 9648 0 1621442951.93689
0 0 10448 0 1621442952.0459
0 0 12816 0 1621442952.154813
0 0 15408 0 1621442952.263811
0 0 17872 0 1621442952.372732
0 0 21424 0 1621442952.481766
0 0 23584 0 1621442952.590665
0 0 24464 0 1621442952.699695
0 0 24880 0 1621442952.808562
0 0 25120 0 1621442952.917612
0 0 25232 0 1621442953.026537
0 0 25280 0 1621442953.135614
0 0 19584 0 1621442953.244707
0 0 7088 0 1621442953.353546
0 0 17216 0 1621442953.462622
0 0 24960 0 1621442953.571615
0 0 25536 0 1621442953.680449
0 0 24016 0 1621442953.789555
0 0 23648 0 1621442953.898318
0 0 7872 0 1621442954.007417
0 0 25408 0 1621442954.116407
0 0 24608 0 1621442954.225158
0 0 23616 0 1621442954.334373
0 0 25232 0 1621442954.443273
0 0 23712 0 1621442954.552235
0 0 8128 0 1621442954.661174
0 0 25568 0 1621442954.770146
0 0 24080 0 1621442954.879117
0 0 23568 0 1621442954.988181
0 0 23952 0 1621442955.096881
0 0 23488 0 1621442955.205987
0 0 22656 0 1621442955.314857
0 0 8080 0 1621442955.423936
0 0 8112 0 1621442955.532768
0 0 8208 0 1621442955.641894
0 0 8208 0 1621442955.750699
0 0 8208 0 1621442955.859753
0 0 8240 0 1621442955.968647
0 0 8240 0 1621442956.077693
0 0 8240 0 1621442956.186702
0 0 8272 0 1621442956.295599
0 0 8304 0 1621442956.404666
0 0 8336 0 1621442956.513517
0 0 8352 0 1621442956.622526
0 0 8336 0 1621442956.731412
0 0 8352 0 1621442956.840476
0 0 8336 0 1621442956.949354
0 0 8336 0 1621442957.058309
0 0 8336 0 1621442957.167396
0 0 8368 0 1621442957.276235
0 0 8368 0 1621442957.385231
0 0 8368 0 1621442957.494162
0 0 8384 0 1621442957.6032
0 0 8384 0 1621442957.712045
0 0 8384 0 1621442957.82126
0 0 8400 0 1621442957.930163
0 0 8416 0 1621442958.039125
0 0 8432 0 1621442958.14797
0 0 8432 0 1621442958.257036
0 0 8464 0 1621442958.365973
0 0 8464 0 1621442958.475025
0 0 8480 0 1621442958.583879
0 0 8480 0 1621442958.692918
0 0 8480 0 1621442958.80178
0 0 8496 0 1621442958.910907
0 0 8496 0 1621442959.019777
0 0 8496 0 1621442959.128777
0 0 8496 0 1621442959.237655
0 0 8496 0 1621442959.346718
0 0 8496 0 1621442959.455647
0 0 8496 0 1621442959.564682
0 0 8496 0 1621442959.673486
0 0 8496 0 1621442959.782573
0 0 8496 0 1621442959.891603
0 0 8512 0 1621442960.000501
0 0 8512 0 1621442960.109774
0 0 8512 0 1621442960.21846
0 0 8512 0 1621442960.327453
0 0 8528 0 1621442960.436378
0 0 8528 0 1621442960.545416
0 0 8544 0 1621442960.654234
0 0 8544 0 1621442960.763283
0 0 8544 0 1621442960.872132
0 0 8544 0 1621442960.981223
0 0 8544 0 1621442961.090259
0 0 8560 0 1621442961.199077
0 0 8560 0 1621442961.308067
0 0 8560 0 1621442961.417171
0 0 8576 0 1621442961.526037
0 0 8576 0 1621442961.634962
0 0 8576 0 1621442961.744008
0 0 8576 0 1621442961.852943
0 0 8576 0 1621442961.96194
0 0 8592 0 1621442962.070796
0 0 8592 0 1621442962.180185
0 0 8592 0 1621442962.288889
0 0 8592 0 1621442962.397755
0 0 8592 0 1621442962.506825
0 0 8608 0 1621442962.615663
0 0 8608 0 1621442962.724664
0 0 8608 0 1621442962.833774
0 0 8608 0 1621442962.942607
0 0 8608 0 1621442963.051705
0 0 8624 0 1621442963.16055
0 0 8624 0 1621442963.26963
0 0 8624 0 1621442963.378411
0 0 8624 0 1621442963.487762
0 0 8624 0 1621442963.596378
0 0 8624 0 1621442963.705366
0 0 8624 0 1621442963.814276
0 0 8624 0 1621442963.923326
0 0 8640 0 1621442964.032314
0 0 8640 0 1621442964.141279
0 0 8640 0 1621442964.250214
0 0 8640 0 1621442964.3592
0 0 8640 0 1621442964.468245
0 0 8656 0 1621442964.577166
0 0 8656 0 1621442964.686222
0 0 8656 0 1621442964.795005
0 0 8656 0 1621442964.90405
0 0 8656 0 1621442965.013051
0 0 8672 0 1621442965.122034
0 0 8672 0 1621442965.230951
0 0 8672 0 1621442965.339969
0 0 8688 0 1621442965.448811
0 0 8688 0 1621442965.557886
0 0 8688 0 1621442965.666843
0 0 8704 0 1621442965.776198
0 0 8688 0 1621442965.884752
0 0 8688 0 1621442965.993669
0 0 8688 0 1621442966.102736
0 0 8688 0 1621442966.211748
0 0 8688 0 1621442966.320653
0 0 8688 0 1621442966.429625
0 0 8688 0 1621442966.538482
0 0 8688 0 1621442966.647495
0 0 8704 0 1621442966.756518
0 0 8704 0 1621442966.865472
0 0 8688 0 1621442966.974494
0 0 8688 0 1621442967.083376
0 0 8688 0 1621442967.192431
0 0 8688 0 1621442967.301448
0 0 8704 0 1621442967.41025
0 0 8704 0 1621442967.5193
0 0 8704 0 1621442967.628303
0 0 8704 0 1621442967.737096
0 0 8704 0 1621442967.846239
0 0 8704 0 1621442967.95518
0 0 8704 0 1621442968.06407
0 0 8720 0 1621442968.173107
0 0 8720 0 1621442968.282029
0 0 8720 0 1621442968.391008
0 0 8704 0 1621442968.499976
0 0 8720 0 1621442968.608893
0 0 8720 0 1621442968.71791
0 0 8720 0 1621442968.826896
0 0 8736 0 1621442968.935822
0 0 8720 0 1621442969.044855
0 0 8736 0 1621442969.153924
0 0 8720 0 1621442969.262743
0 0 8736 0 1621442969.371786
0 0 8736 0 1621442969.480687
0 0 8736 0 1621442969.589661
0 0 8736 0 1621442969.698509
0 0 8736 0 1621442969.807518
0 0 8736 0 1621442969.916669
0 0 8752 0 1621442970.025495
0 0 8752 0 1621442970.134536
0 0 8752 0 1621442970.243548
0 0 8752 0 1621442970.352394
0 0 8752 0 1621442970.461456
0 0 8752 0 1621442970.5705
0 0 8752 0 1621442970.679305
0 0 8752 0 1621442970.788411
0 0 8752 0 1621442970.897351
0 0 8752 0 1621442971.006243
0 0 8752 0 1621442971.11528
0 0 8752 0 1621442971.224268
0 0 8752 0 1621442971.333218
0 0 8752 0 1621442971.442173
0 0 8752 0 1621442971.551127
0 0 8752 0 1621442971.659996
0 0 8752 0 1621442971.769043
0 0 8768 0 1621442971.878099
0 0 8752 0 1621442971.987005
0 0 8752 0 1621442972.095851
0 0 8768 0 1621442972.20495
0 0 8768 0 1621442972.313801
0 0 8768 0 1621442972.422874
0 0 8768 0 1621442972.531886
0 0 8768 0 1621442972.640736
0 0 8768 0 1621442972.74978
0 0 8768 0 1621442972.858703
0 0 8768 0 1621442972.96777
0 0 8784 0 1621442973.076609
0 0 8784 0 1621442973.185642
0 0 8768 0 1621442973.29449
0 0 8784 0 1621442973.403453
0 0 8784 0 1621442973.51251
0 0 8768 0 1621442973.621562
0 0 8784 0 1621442973.730394
0 0 8784 0 1621442973.83944
0 0 8784 0 1621442973.948327
0 0 8784 0 1621442974.057345
0 0 8784 0 1621442974.166367
0 0 8784 0 1621442974.275374
0 0 8784 0 1621442974.384251
0 0 8784 0 1621442974.49321
0 0 8784 0 1621442974.602287
0 0 8784 0 1621442974.711125
0 0 8784 0 1621442974.820172
0 0 8784 0 1621442974.929184
0 0 8784 0 1621442975.03799
0 0 8800 0 1621442975.147084
0 0 8784 0 1621442975.25606
0 0 8784 0 1621442975.364934
0 0 8784 0 1621442975.473992
0 0 8784 0 1621442975.583042
0 0 8784 0 1621442975.691874
0 0 8784 0 1621442975.800896
0 0 8800 0 1621442975.909767
0 0 8784 0 1621442976.018887
0 0 8800 0 1621442976.127702
0 0 8576 0 1621442976.236767
0 0 9456 0 1621442976.345826
0 0 9856 0 1621442976.45461
0 0 11024 0 1621442976.563681
0 0 13456 0 1621442976.672576
0 0 16688 0 1621442976.781596
0 0 19488 0 1621442976.890606
0 0 22528 0 1621442976.999449
0 0 23952 0 1621442977.108548
0 0 24608 0 1621442977.217554
0 0 24960 0 1621442977.326386
0 0 25152 0 1621442977.435427
0 0 25232 0 1621442977.544306
0 0 25216 0 1621442977.653332
0 0 6720 0 1621442977.762393
0 0 7392 0 1621442977.871354
0 0 7648 0 1621442977.980415
0 0 24496 0 1621442978.089309
0 0 7904 0 1621442978.198276
0 0 7936 0 1621442978.307251
0 0 8032 0 1621442978.416173
0 0 8096 0 1621442978.525124
0 0 8096 0 1621442978.634254
0 0 8096 0 1621442978.743103
0 0 8144 0 1621442978.852188
0 0 8144 0 1621442978.961016
0 0 8192 0 1621442979.070054
0 0 8224 0 1621442979.178927
0 0 8192 0 1621442979.287955
0 0 8224 0 1621442979.39696
0 0 8208 0 1621442979.50586
0 0 8240 0 1621442979.614903
0 0 8256 0 1621442979.723657
0 0 8288 0 1621442979.832752
0 0 8288 0 1621442979.941795
0 0 8288 0 1621442980.050658
0 0 8304 0 1621442980.15963
0 0 8304 0 1621442980.268741
0 0 8304 0 1621442980.37759
0 0 8304 0 1621442980.486579
0 0 8288 0 1621442980.595676
0 0 8304 0 1621442980.704462
0 0 8320 0 1621442980.813558
0 0 8320 0 1621442980.922362
0 0 8336 0 1621442981.031422
0 0 8336 0 1621442981.140469
0 0 8400 0 1621442981.249371
0 0 8416 0 1621442981.358371
0 0 8416 0 1621442981.467292
0 0 8432 0 1621442981.576316
0 0 8432 0 1621442981.685286
0 0 8432 0 1621442981.794302
0 0 8432 0 1621442981.903148
0 0 8432 0 1621442982.012273
0 0 8432 0 1621442982.12108
0 0 8448 0 1621442982.230184
0 0 8448 0 1621442982.339004
0 0 8464 0 1621442982.447954
0 0 8464 0 1621442982.556904
0 0 8464 0 1621442982.665877
0 0 8480 0 1621442982.774959
0 0 8480 0 1621442982.883821
0 0 8480 0 1621442982.992864
0 0 8496 0 1621442983.101894
0 0 8496 0 1621442983.210712
0 0 8496 0 1621442983.31979
0 0 8496 0 1621442983.428663
0 0 8496 0 1621442983.537687
0 0 8496 0 1621442983.646535
0 0 8496 0 1621442983.755617
0 0 8480 0 1621442983.864488
0 0 8496 0 1621442983.973607
0 0 8480 0 1621442984.0825
0 0 8480 0 1621442984.191585
0 0 8480 0 1621442984.300424
0 0 8480 0 1621442984.409431
0 0 8480 0 1621442984.518323
0 0 8512 0 1621442984.627426
0 0 8496 0 1621442984.736301
0 0 8496 0 1621442984.845155
0 0 8512 0 1621442984.954228
0 0 8512 0 1621442985.063304
0 0 8528 0 1621442985.172193
0 0 8528 0 1621442985.28125
0 0 8528 0 1621442985.39004
0 0 8544 0 1621442985.499156
0 0 8544 0 1621442985.608194
0 0 8544 0 1621442985.716977
0 0 8544 0 1621442985.826071
0 0 8544 0 1621442985.935032
0 0 8544 0 1621442986.04405
0 0 8560 0 1621442986.152926
0 0 8576 0 1621442986.261961
0 0 8560 0 1621442986.370832
0 0 8576 0 1621442986.479813
0 0 8560 0 1621442986.588736
0 0 8560 0 1621442986.697752
0 0 8576 0 1621442986.806756
0 0 8560 0 1621442986.915671
0 0 8560 0 1621442987.024692
0 0 8560 0 1621442987.133576
0 0 8560 0 1621442987.242618
0 0 8560 0 1621442987.351671
0 0 8560 0 1621442987.460536
0 0 8560 0 1621442987.569448
0 0 8560 0 1621442987.678396
0 0 8576 0 1621442987.78741
0 0 8576 0 1621442987.896353
0 0 8576 0 1621442988.005399
0 0 8592 0 1621442988.114459
0 0 8576 0 1621442988.22331
0 0 8576 0 1621442988.332349
0 0 8576 0 1621442988.441361
0 0 8576 0 1621442988.55013
0 0 8576 0 1621442988.659214
0 0 8592 0 1621442988.768112
0 0 8576 0 1621442988.877247
0 0 8576 0 1621442988.986029
0 0 8576 0 1621442989.095134
0 0 8576 0 1621442989.204005
0 0 8576 0 1621442989.313048
0 0 8592 0 1621442989.422061
0 0 8592 0 1621442989.53089
0 0 8608 0 1621442989.639943
0 0 8608 0 1621442989.748775
0 0 8608 0 1621442989.857899
0 0 8608 0 1621442989.966751
0 0 8608 0 1621442990.07585
0 0 8608 0 1621442990.184748
0 0 8608 0 1621442990.293791
0 0 8608 0 1621442990.40263
0 0 8608 0 1621442990.511742
0 0 8608 0 1621442990.620446
0 0 8608 0 1621442990.729643
0 0 8608 0 1621442990.838475
0 0 8608 0 1621442990.947559
0 0 8608 0 1621442991.056456
0 0 8608 0 1621442991.165478
0 0 8608 0 1621442991.274352
0 0 8608 0 1621442991.38343
0 0 8608 0 1621442991.492319
0 0 8608 0 1621442991.601192
0 0 8608 0 1621442991.710313
0 0 8608 0 1621442991.819278
0 0 8608 0 1621442991.928141
0 0 8608 0 1621442992.037198
0 0 8608 0 1621442992.14627
0 0 8608 0 1621442992.255151
0 0 8624 0 1621442992.36417
0 0 8624 0 1621442992.473044
0 0 8624 0 1621442992.582085
0 0 8624 0 1621442992.690933
0 0 8624 0 1621442992.799858
0 0 8608 0 1621442992.908821
0 0 8608 0 1621442993.017767
0 0 8608 0 1621442993.126886
0 0 8608 0 1621442993.23573
0 0 8608 0 1621442993.344801
0 0 8624 0 1621442993.453699
0 0 8624 0 1621442993.562591
0 0 8608 0 1621442993.671637
0 0 8608 0 1621442993.780522
0 0 8608 0 1621442993.889423
0 0 8608 0 1621442993.998543
0 0 8608 0 1621442994.107438
0 0 8608 0 1621442994.21652
0 0 8608 0 1621442994.325377
0 0 8624 0 1621442994.434296
0 0 8624 0 1621442994.54337
0 0 8608 0 1621442994.652249
0 0 8608 0 1621442994.761337
0 0 8608 0 1621442994.870178
0 0 8608 0 1621442994.979229
0 0 8608 0 1621442995.088271
0 0 8608 0 1621442995.197173
0 0 8608 0 1621442995.306224
0 0 8624 0 1621442995.415107
0 0 8608 0 1621442995.524136
0 0 8624 0 1621442995.632997
0 0 8624 0 1621442995.741884
0 0 8624 0 1621442995.851038
0 0 8624 0 1621442995.959905
0 0 8624 0 1621442996.06892
0 0 8624 0 1621442996.177832
0 0 8640 0 1621442996.286906
0 0 8640 0 1621442996.395786
0 0 8640 0 1621442996.504753
0 0 8624 0 1621442996.613772
0 0 8624 0 1621442996.722708
0 0 8624 0 1621442996.831613
0 0 8624 0 1621442996.940767
0 0 8640 0 1621442997.049571
0 0 8624 0 1621442997.158519
0 0 8624 0 1621442997.267655
0 0 8624 0 1621442997.376538
0 0 8624 0 1621442997.485588
0 0 8624 0 1621442997.594439
0 0 8640 0 1621442997.703464
0 0 8640 0 1621442997.812358
0 0 8640 0 1621442997.921455
0 0 8640 0 1621442998.030329
0 0 8640 0 1621442998.13923
0 0 8640 0 1621442998.248293
0 0 8640 0 1621442998.357142
0 0 8640 0 1621442998.466193
0 0 8656 0 1621442998.575113
0 0 8656 0 1621442998.684172
0 0 8656 0 1621442998.793083
0 0 8656 0 1621442998.902181
0 0 8640 0 1621442999.010947
0 0 8640 0 1621442999.119999
0 0 8640 0 1621442999.228951
0 0 8640 0 1621442999.337976
0 0 8656 0 1621442999.446922
0 0 8656 0 1621442999.555941
0 0 8656 0 1621442999.664746
0 0 8656 0 1621442999.773877
0 0 8656 0 1621442999.882836
0 0 8656 0 1621442999.991691
0 0 8640 0 1621443000.10082
0 0 8656 0 1621443000.209621
0 0 8656 0 1621443000.318688
0 0 8640 0 1621443000.427546
0 0 8640 0 1621443000.536602
0 0 8640 0 1621443000.645602
0 0 8640 0 1621443000.754459
0 0 8640 0 1621443000.863452
0 0 8640 0 1621443000.972527
0 0 8640 0 1621443001.08135
0 0 8656 0 1621443001.190348
0 0 8656 0 1621443001.299463
0 0 8656 0 1621443001.408329
0 0 8656 0 1621443001.517368
0 0 8656 0 1621443001.626306
0 0 8656 0 1621443001.735332
0 0 8672 0 1621443001.844118
0 0 8672 0 1621443001.953168
0 0 8672 0 1621443002.062136
0 0 8656 0 1621443002.171229
0 0 8672 0 1621443002.280125
0 0 8656 0 1621443002.389085
0 0 8672 0 1621443002.497971
0 0 8672 0 1621443002.606997
0 0 8672 0 1621443002.71592
0 0 8688 0 1621443002.824962
0 0 8688 0 1621443002.933816
0 0 8672 0 1621443003.042901
0 0 8672 0 1621443003.151744
0 0 8672 0 1621443003.261623
0 0 8672 0 1621443003.369867
0 0 8672 0 1621443003.478719
0 0 8688 0 1621443003.587764
0 0 8688 0 1621443003.696673
0 0 8688 0 1621443003.805723
0 0 8672 0 1621443003.914603
0 0 8672 0 1621443004.023635
0 0 8688 0 1621443004.132478
0 0 8672 0 1621443004.24152
0 0 8672 0 1621443004.350459
0 0 8672 0 1621443004.459377
0 0 8672 0 1621443004.568454
0 0 8672 0 1621443004.677378
0 0 8688 0 1621443004.786413
0 0 8672 0 1621443004.895295
0 0 8688 0 1621443005.004368
0 0 8688 0 1621443005.113261
0 0 8688 0 1621443005.222167
0 0 8688 0 1621443005.331215
0 0 8688 0 1621443005.440021
0 0 8688 0 1621443005.549127
0 0 8688 0 1621443005.65808
0 0 8688 0 1621443005.766994
0 0 8688 0 1621443005.876109
0 0 8704 0 1621443005.984949
0 0 8688 0 1621443006.094097
0 0 8688 0 1621443006.203017
0 0 8704 0 1621443006.311854
0 0 8704 0 1621443006.420919
0 0 8688 0 1621443006.529786
0 0 8704 0 1621443006.638852
0 0 8704 0 1621443006.747838
0 0 8704 0 1621443006.856778
0 0 8720 0 1621443006.965762
0 0 8720 0 1621443007.074958
0 0 8720 0 1621443007.183657
0 0 8704 0 1621443007.292634
0 0 8704 0 1621443007.401573
0 0 8704 0 1621443007.510575
0 0 8704 0 1621443007.61939
0 0 8704 0 1621443007.728534
0 0 8704 0 1621443007.8374
0 0 8704 0 1621443007.946532
0 0 8720 0 1621443008.055401
0 0 8704 0 1621443008.164424
0 0 8704 0 1621443008.273226
0 0 8704 0 1621443008.382259
0 0 8720 0 1621443008.491119
0 0 8720 0 1621443008.600327
0 0 8720 0 1621443008.70921
0 0 8720 0 1621443008.818112
0 0 8720 0 1621443008.927272
0 0 8720 0 1621443009.036052
0 0 8720 0 1621443009.145136
0 0 8720 0 1621443009.254009
0 0 8720 0 1621443009.363099
0 0 8720 0 1621443009.471919
0 0 8720 0 1621443009.581102
0 0 8720 0 1621443009.689976
0 0 8720 0 1621443009.798946
0 0 8720 0 1621443009.90786
0 0 8720 0 1621443010.01686
0 0 8720 0 1621443010.125783
0 0 8720 0 1621443010.234857
0 0 8720 0 1621443010.343726
0 0 8720 0 1621443010.452629
0 0 8720 0 1621443010.561679
0 0 8736 0 1621443010.670481
0 0 8720 0 1621443010.779524
0 0 8720 0 1621443010.888564
0 0 8720 0 1621443010.997448
0 0 8720 0 1621443011.106573
0 0 8720 0 1621443011.215429
0 0 8720 0 1621443011.32462
0 0 8720 0 1621443011.433335
0 0 8720 0 1621443011.542328
0 0 8720 0 1621443011.651276
0 0 8720 0 1621443011.760201
0 0 8736 0 1621443011.86929
0 0 8736 0 1621443011.978157
0 0 8736 0 1621443012.08715
0 0 8736 0 1621443012.19618
0 0 8736 0 1621443012.305166
0 0 8736 0 1621443012.4141
0 0 8736 0 1621443012.523078
0 0 8736 0 1621443012.631988
0 0 8752 0 1621443012.74104
0 0 8752 0 1621443012.849947
0 0 8752 0 1621443012.959084
0 0 8752 0 1621443013.067933
0 0 8752 0 1621443013.176877
0 0 8752 0 1621443013.285876
0 0 8752 0 1621443013.394747
0 0 8752 0 1621443013.503832
0 0 8752 0 1621443013.612665
0 0 8752 0 1621443013.721673
0 0 8752 0 1621443013.830574
0 0 8752 0 1621443013.939759
0 0 8752 0 1621443014.048617
0 0 8752 0 1621443014.157661
0 0 8768 0 1621443014.266547
0 0 8752 0 1621443014.375588
0 0 8752 0 1621443014.484444
0 0 8768 0 1621443014.593472
0 0 8752 0 1621443014.702457
0 0 8752 0 1621443014.811436
0 0 8752 0 1621443014.920463
0 0 8752 0 1621443015.029272
0 0 8752 0 1621443015.138373
0 0 8752 0 1621443015.247383
0 0 8768 0 1621443015.356363
0 0 8752 0 1621443015.465235
0 0 8752 0 1621443015.574105
0 0 8752 0 1621443015.68314
0 0 8768 0 1621443015.792048
0 0 8752 0 1621443015.901103
0 0 8752 0 1621443016.010099
0 0 8752 0 1621443016.119029
0 0 8768 0 1621443016.22803
0 0 8768 0 1621443016.336993
0 0 8752 0 1621443016.446042
0 0 8752 0 1621443016.554914
0 0 8752 0 1621443016.663935
0 0 8752 0 1621443016.772804
0 0 8768 0 1621443016.881902
0 0 8768 0 1621443016.990669
0 0 8768 0 1621443017.099766
0 0 8768 0 1621443017.208633
0 0 8768 0 1621443017.317648
0 0 8768 0 1621443017.426561
0 0 8768 0 1621443017.535669
0 0 8768 0 1621443017.644451
0 0 8768 0 1621443017.753655
0 0 8768 0 1621443017.86248
0 0 8768 0 1621443017.97157
0 0 8768 0 1621443018.080481
0 0 8768 0 1621443018.189467
0 0 8768 0 1621443018.298396
0 0 8768 0 1621443018.407386
0 0 8768 0 1621443018.516318
0 0 8768 0 1621443018.625333
0 0 8768 0 1621443018.734276
0 0 8768 0 1621443018.843133
0 0 8768 0 1621443018.952116
0 0 8768 0 1621443019.060991
0 0 8768 0 1621443019.170047
0 0 8768 0 1621443019.279116
0 0 8768 0 1621443019.388055
0 0 8768 0 1621443019.49707
0 0 8768 0 1621443019.606006
0 0 8768 0 1621443019.715005
0 0 8768 0 1621443019.823895
0 0 8768 0 1621443019.932986
0 0 8768 0 1621443020.041844
0 0 8768 0 1621443020.150816
0 0 8768 0 1621443020.259891
0 0 8768 0 1621443020.368806
0 0 8768 0 1621443020.477756
0 0 8768 0 1621443020.586733
0 0 8784 0 1621443020.695686
0 0 8768 0 1621443020.804691
0 0 8768 0 1621443020.913634
0 0 8768 0 1621443021.022516
0 0 8768 0 1621443021.131553
0 0 8768 0 1621443021.240549
0 0 8768 0 1621443021.349449
0 0 8768 0 1621443021.458368
0 0 8784 0 1621443021.567488
0 0 8784 0 1621443021.676344
0 0 8784 0 1621443021.785429
0 0 8784 0 1621443021.894277
0 0 8784 0 1621443022.003346
0 0 8784 0 1621443022.112156
0 0 8784 0 1621443022.221296
0 0 8800 0 1621443022.3302
0 0 8784 0 1621443022.43925
0 0 8784 0 1621443022.548112
0 0 8784 0 1621443022.657217
0 0 8784 0 1621443022.765987
0 0 8784 0 1621443022.875042
0 0 8784 0 1621443022.983932
0 0 8784 0 1621443023.093021
0 0 8784 0 1621443023.201988
0 0 8784 0 1621443023.310861
0 0 8784 0 1621443023.419933
0 0 8784 0 1621443023.52878
0 0 8784 0 1621443023.637809
0 0 8784 0 1621443023.746763
0 0 8784 0 1621443023.85576
0 0 9088 0 1621443023.964645
0 0 9440 0 1621443024.073679
0 0 10096 0 1621443024.182659
0 0 10832 0 1621443024.291768
0 0 12336 0 1621443024.400528
0 0 14144 0 1621443024.509614
0 0 18096 0 1621443024.618885
0 0 22048 0 1621443024.727369
0 0 23760 0 1621443024.83643
0 0 24496 0 1621443024.94552
0 0 24896 0 1621443025.054366
0 0 25136 0 1621443025.163386
0 0 25280 0 1621443025.272378
0 0 25376 0 1621443025.381299
0 0 25440 0 1621443025.490268
0 0 25504 0 1621443025.599281
0 0 25520 0 1621443025.708235
0 0 25536 0 1621443025.817306
0 0 25440 0 1621443025.926199
0 0 5904 0 1621443026.035305
0 0 7088 0 1621443026.144202
0 0 7424 0 1621443026.253018
0 0 7552 0 1621443026.361999
0 0 7664 0 1621443026.471035
0 0 7728 0 1621443026.580074
0 0 7808 0 1621443026.689066
0 0 7856 0 1621443026.79801
0 0 7920 0 1621443026.907012
0 0 7904 0 1621443027.015832
0 0 7888 0 1621443027.124772
0 0 7984 0 1621443027.233699
0 0 8000 0 1621443027.342907
0 0 7984 0 1621443027.451877
0 0 7984 0 1621443027.560726
0 0 7984 0 1621443027.669785
0 0 8000 0 1621443027.778682
0 0 8048 0 1621443027.8877
0 0 8032 0 1621443027.996578
0 0 8064 0 1621443028.105592
0 0 8032 0 1621443028.214463
0 0 8032 0 1621443028.32351
0 0 8064 0 1621443028.432509
0 0 8080 0 1621443028.541308
0 0 8080 0 1621443028.650301
0 0 8096 0 1621443028.759195
0 0 8128 0 1621443028.868271
0 0 8112 0 1621443028.977222
0 0 8096 0 1621443029.086312
0 0 8096 0 1621443029.195145
0 0 8096 0 1621443029.304259
0 0 8112 0 1621443029.413103
0 0 8128 0 1621443029.522208
0 0 8160 0 1621443029.630991
0 0 8192 0 1621443029.740074
0 0 8176 0 1621443029.848978
0 0 8192 0 1621443029.958033
0 0 8192 0 1621443030.066933
0 0 8192 0 1621443030.17587
0 0 8208 0 1621443030.284717
0 0 8224 0 1621443030.393744
0 0 8224 0 1621443030.50284
0 0 8224 0 1621443030.611861
0 0 8240 0 1621443030.720721
0 0 8224 0 1621443030.8296
0 0 8240 0 1621443030.93875
0 0 8240 0 1621443031.04761
0 0 8224 0 1621443031.156697
0 0 8240 0 1621443031.265573
0 0 8256 0 1621443031.374595
0 0 8256 0 1621443031.483484
0 0 8256 0 1621443031.592565
0 0 8272 0 1621443031.701545
0 0 8240 0 1621443031.810336
0 0 8240 0 1621443031.919442
0 0 8240 0 1621443032.02836
0 0 8240 0 1621443032.13735
0 0 8256 0 1621443032.246273
0 0 8240 0 1621443032.355309
0 0 8272 0 1621443032.464203
0 0 8272 0 1621443032.573262
0 0 8272 0 1621443032.682004
0 0 8272 0 1621443032.791035
0 0 8272 0 1621443032.900166
0 0 8272 0 1621443033.008997
0 0 8272 0 1621443033.118101
0 0 8288 0 1621443033.226941
0 0 8272 0 1621443033.336046
0 0 8288 0 1621443033.444878
0 0 8288 0 1621443033.553925
0 0 8288 0 1621443033.662766
0 0 8272 0 1621443033.77185
0 0 8272 0 1621443033.880749
0 0 8272 0 1621443033.989785
0 0 8272 0 1621443034.09865
0 0 8288 0 1621443034.207696
0 0 8288 0 1621443034.316844
0 0 8288 0 1621443034.425637
0 0 8304 0 1621443034.534681
0 0 8304 0 1621443034.643472
0 0 8304 0 1621443034.752551
0 0 8304 0 1621443034.861421
0 0 8304 0 1621443034.97051
0 0 8320 0 1621443035.07938
0 0 8320 0 1621443035.188404
0 0 8336 0 1621443035.29744
0 0 8336 0 1621443035.406368
0 0 8336 0 1621443035.515358
0 0 8336 0 1621443035.624225
0 0 8336 0 1621443035.733258
0 0 8336 0 1621443035.842325
0 0 8336 0 1621443035.951242
0 0 8336 0 1621443036.060274
0 0 8336 0 1621443036.169138
0 0 8336 0 1621443036.27816
0 0 8320 0 1621443036.387041
0 0 8336 0 1621443036.496022
0 0 8352 0 1621443036.604949
0 0 8368 0 1621443036.713995
0 0 8368 0 1621443036.822867
0 0 8352 0 1621443036.931872
0 0 8352 0 1621443037.040899
0 0 8352 0 1621443037.150041
0 0 8336 0 1621443037.258846
0 0 8352 0 1621443037.367774
0 0 8352 0 1621443037.476802
0 0 8368 0 1621443037.585685
0 0 8336 0 1621443037.694696
0 0 8336 0 1621443037.803569
0 0 8352 0 1621443037.912655
0 0 8352 0 1621443038.021732
0 0 8368 0 1621443038.130549
0 0 8368 0 1621443038.239578
0 0 8368 0 1621443038.348457
0 0 8368 0 1621443038.457476
0 0 8368 0 1621443038.566393
0 0 8352 0 1621443038.675493
0 0 8384 0 1621443038.784406
0 0 8384 0 1621443038.893243
0 0 8384 0 1621443039.002306
0 0 8384 0 1621443039.111356
0 0 8384 0 1621443039.220192
0 0 8384 0 1621443039.32924
0 0 8384 0 1621443039.438171
0 0 8384 0 1621443039.547168
0 0 8368 0 1621443039.656
0 0 8384 0 1621443039.765084
0 0 8400 0 1621443039.874176
0 0 8400 0 1621443039.983023
0 0 8400 0 1621443040.092037
0 0 8400 0 1621443040.200918
0 0 8384 0 1621443040.309959
0 0 8384 0 1621443040.419022
0 0 8400 0 1621443040.527794
0 0 8400 0 1621443040.6368
0 0 8384 0 1621443040.745756
0 0 8400 0 1621443040.854771
0 0 8400 0 1621443040.963697
0 0 8400 0 1621443041.072789
0 0 8400 0 1621443041.181624
0 0 8400 0 1621443041.290666
0 0 8400 0 1621443041.399542
0 0 8400 0 1621443041.508576
0 0 8400 0 1621443041.617453
0 0 8400 0 1621443041.726523
0 0 8400 0 1621443041.835492
0 0 8400 0 1621443041.94444
0 0 8400 0 1621443042.053489
0 0 8400 0 1621443042.162301
0 0 8400 0 1621443042.271356
0 0 8400 0 1621443042.380235
0 0 8400 0 1621443042.489324
0 0 8368 0 1621443042.598348
0 0 8368 0 1621443042.707232
0 0 8368 0 1621443042.816255
0 0 8384 0 1621443042.925171
0 0 8384 0 1621443043.034162
0 0 8384 0 1621443043.14307
0 0 8384 0 1621443043.252061
0 0 8384 0 1621443043.360994
0 0 8384 0 1621443043.470047
0 0 8384 0 1621443043.578906
0 0 8384 0 1621443043.687957
0 0 8384 0 1621443043.797005
0 0 8384 0 1621443043.905835
0 0 8400 0 1621443044.014846
0 0 8400 0 1621443044.12372
0 0 8400 0 1621443044.232821
0 0 8400 0 1621443044.341686
0 0 8400 0 1621443044.450699
0 0 8400 0 1621443044.559751
0 0 8400 0 1621443044.668621
0 0 8400 0 1621443044.777543
0 0 8384 0 1621443044.886538
0 0 8400 0 1621443044.995583
0 0 8384 0 1621443045.104643
0 0 8400 0 1621443045.213492
0 0 8384 0 1621443045.322612
0 0 8384 0 1621443045.431404
0 0 8384 0 1621443045.540466
0 0 8384 0 1621443045.649343
0 0 8400 0 1621443045.758403
0 0 8400 0 1621443045.86725
0 0 8400 0 1621443045.976288
0 0 8400 0 1621443046.085199
0 0 8400 0 1621443046.194186
0 0 8400 0 1621443046.303276
0 0 8416 0 1621443046.412135
0 0 8416 0 1621443046.521167
0 0 8416 0 1621443046.630021
0 0 8416 0 1621443046.7391
0 0 8416 0 1621443046.84798
0 0 8416 0 1621443046.956981
0 0 8432 0 1621443047.065928
0 0 8432 0 1621443047.174746
0 0 8432 0 1621443047.28377
0 0 8432 0 1621443047.39296
0 0 8432 0 1621443047.501767
0 0 8432 0 1621443047.61078
0 0 8416 0 1621443047.71967
0 0 8416 0 1621443047.828766
0 0 8432 0 1621443047.937678
0 0 8432 0 1621443048.046623
0 0 8432 0 1621443048.155591
0 0 8432 0 1621443048.264625
0 0 8432 0 1621443048.373488
0 0 8432 0 1621443048.482635
0 0 8432 0 1621443048.591367
0 0 8432 0 1621443048.700438
0 0 8432 0 1621443048.809431
0 0 8432 0 1621443048.918394
0 0 8432 0 1621443049.027321
0 0 8432 0 1621443049.136344
0 0 8432 0 1621443049.245258
0 0 8432 0 1621443049.354267
0 0 8448 0 1621443049.463182
0 0 8432 0 1621443049.572326
0 0 8448 0 1621443049.681117
0 0 8448 0 1621443049.790021
0 0 8448 0 1621443049.899163
0 0 8448 0 1621443050.008047
0 0 8448 0 1621443050.117102
0 0 8448 0 1621443050.226028
0 0 8464 0 1621443050.335024
0 0 8448 0 1621443050.443981
0 0 8448 0 1621443050.552971
0 0 8448 0 1621443050.66182
0 0 8448 0 1621443050.770883
0 0 8448 0 1621443050.879743
0 0 8448 0 1621443050.988873
0 0 8448 0 1621443051.097811
0 0 8448 0 1621443051.206795
0 0 8448 0 1621443051.315677
0 0 8448 0 1621443051.42453
0 0 8448 0 1621443051.533697
0 0 8448 0 1621443051.642529
0 0 8448 0 1621443051.751511
0 0 8448 0 1621443051.86059
0 0 8448 0 1621443051.969452
0 0 8448 0 1621443052.078567
0 0 8448 0 1621443052.187354
0 0 8448 0 1621443052.296433
0 0 8448 0 1621443052.405383
0 0 8448 0 1621443052.514359
0 0 8448 0 1621443052.623246
0 0 8448 0 1621443052.732301
0 0 8448 0 1621443052.841157
0 0 8464 0 1621443052.950202
0 0 8448 0 1621443053.059071
0 0 8448 0 1621443053.168282
0 0 8448 0 1621443053.277086
0 0 8448 0 1621443053.386065
0 0 8448 0 1621443053.49514
0 0 8448 0 1621443053.604
0 0 8448 0 1621443053.712969
0 0 8448 0 1621443053.821848
0 0 8448 0 1621443053.930895
0 0 8448 0 1621443054.039872
0 0 8448 0 1621443054.14883
0 0 8464 0 1621443054.257944
0 0 8464 0 1621443054.366755
0 0 8464 0 1621443054.475853
0 0 8464 0 1621443054.584633
0 0 8464 0 1621443054.693749
0 0 8464 0 1621443054.802661
0 0 8464 0 1621443054.911703
0 0 8464 0 1621443055.020604
0 0 8464 0 1621443055.129704
0 0 8464 0 1621443055.238567
0 0 8480 0 1621443055.347584
0 0 8480 0 1621443055.456491
0 0 8480 0 1621443055.565471
0 0 8480 0 1621443055.674369
0 0 8480 0 1621443055.783396
0 0 8480 0 1621443055.89222
0 0 8480 0 1621443056.0013
0 0 8480 0 1621443056.110317
0 0 8480 0 1621443056.219365
0 0 8480 0 1621443056.328248
0 0 8480 0 1621443056.437193
0 0 8480 0 1621443056.546198
0 0 8480 0 1621443056.655008
0 0 8480 0 1621443056.764054
0 0 8496 0 1621443056.873155
0 0 8496 0 1621443056.982004
0 0 8480 0 1621443057.091024
0 0 8480 0 1621443057.199877
0 0 8480 0 1621443057.308972
0 0 8480 0 1621443057.417784
0 0 8496 0 1621443057.526851
0 0 8496 0 1621443057.635871
0 0 8496 0 1621443057.744705
0 0 8480 0 1621443057.853818
0 0 8496 0 1621443057.962623
0 0 8496 0 1621443058.071687
0 0 8496 0 1621443058.180687
0 0 8480 0 1621443058.289566
0 0 8496 0 1621443058.398613
0 0 8480 0 1621443058.507547
0 0 8496 0 1621443058.616529
0 0 8496 0 1621443058.725462
0 0 8480 0 1621443058.834507
0 0 8496 0 1621443058.943469
0 0 8496 0 1621443059.052417
0 0 8512 0 1621443059.161337
0 0 8992 0 1621443059.270512
0 0 9504 0 1621443059.379297
0 0 11520 0 1621443059.488207
0 0 13920 0 1621443059.597343
0 0 15120 0 1621443059.706218
0 0 15776 0 1621443059.815216
0 0 19968 0 1621443059.924071
0 0 22640 0 1621443060.033139
0 0 23888 0 1621443060.142164
0 0 24592 0 1621443060.251008
0 0 24944 0 1621443060.360052
0 0 25152 0 1621443060.468966
0 0 25280 0 1621443060.577983
0 0 25360 0 1621443060.687028
0 0 25424 0 1621443060.795911
0 0 25472 0 1621443060.904875
0 0 25488 0 1621443061.013802
0 0 25408 0 1621443061.122991
0 0 13536 0 1621443061.231919
0 0 7440 0 1621443061.340951
0 0 7648 0 1621443061.449827
0 0 7776 0 1621443061.558872
0 0 7856 0 1621443061.667607
0 0 7920 0 1621443061.776683
0 0 7984 0 1621443061.885724
0 0 8016 0 1621443061.994666
0 0 8064 0 1621443062.103669
0 0 8064 0 1621443062.212729
0 0 8096 0 1621443062.321472
0 0 8112 0 1621443062.430489
0 0 8192 0 1621443062.539427
0 0 8240 0 1621443062.648446
0 0 8240 0 1621443062.757326
0 0 8224 0 1621443062.866423
0 0 8240 0 1621443062.975507
0 0 8256 0 1621443063.084316
0 0 8256 0 1621443063.193408
0 0 8272 0 1621443063.302056
0 0 8272 0 1621443063.411179
0 0 8256 0 1621443063.520021
0 0 8256 0 1621443063.629074
0 0 8272 0 1621443063.738047
0 0 8288 0 1621443063.847062
0 0 8272 0 1621443063.955977
0 0 8304 0 1621443064.065019
0 0 8304 0 1621443064.173853
0 0 8320 0 1621443064.282973
0 0 8336 0 1621443064.391758
0 0 8352 0 1621443064.500855
0 0 8384 0 1621443064.609837
0 0 8384 0 1621443064.718693
0 0 8384 0 1621443064.827805
0 0 8400 0 1621443064.936754
0 0 8400 0 1621443065.045587
0 0 8400 0 1621443065.15457
0 0 8400 0 1621443065.263451
0 0 8400 0 1621443065.372645
0 0 8400 0 1621443065.48139
0 0 8400 0 1621443065.590526
0 0 8416 0 1621443065.699349
0 0 8432 0 1621443065.808393
0 0 8416 0 1621443065.917315
0 0 8416 0 1621443066.026358
0 0 8416 0 1621443066.135312
0 0 8416 0 1621443066.244389
0 0 8432 0 1621443066.353213
0 0 8432 0 1621443066.462305
0 0 8448 0 1621443066.571225
0 0 8432 0 1621443066.680223
0 0 8432 0 1621443066.78922
0 0 8432 0 1621443066.898037
0 0 8432 0 1621443067.007162
0 0 8432 0 1621443067.115989
0 0 8432 0 1621443067.22498
0 0 8432 0 1621443067.33406
0 0 8432 0 1621443067.442884
0 0 8432 0 1621443067.551964
0 0 8416 0 1621443067.660836
0 0 8432 0 1621443067.769919
0 0 8432 0 1621443067.878951
0 0 8432 0 1621443067.987747
0 0 8432 0 1621443068.096759
0 0 8432 0 1621443068.205629
0 0 8432 0 1621443068.314664
0 0 8432 0 1621443068.423603
0 0 8432 0 1621443068.532599
0 0 8448 0 1621443068.641625
0 0 8448 0 1621443068.750585
0 0 8448 0 1621443068.859509
0 0 8448 0 1621443068.96854
0 0 8464 0 1621443069.077404
0 0 8480 0 1621443069.186445
0 0 8480 0 1621443069.295548
0 0 8480 0 1621443069.404337
0 0 8496 0 1621443069.513431
0 0 8480 0 1621443069.622256
0 0 8480 0 1621443069.731302
0 0 8480 0 1621443069.840269
0 0 8496 0 1621443069.949258
0 0 8496 0 1621443070.058249
0 0 8496 0 1621443070.167079
0 0 8496 0 1621443070.27617
0 0 8496 0 1621443070.385157
0 0 8496 0 1621443070.494042
0 0 8496 0 1621443070.603088
0 0 8496 0 1621443070.711929
0 0 8512 0 1621443070.821003
0 0 8496 0 1621443070.930023
0 0 8512 0 1621443071.038961
0 0 8512 0 1621443071.147976
0 0 8512 0 1621443071.256765
0 0 8512 0 1621443071.365801
0 0 8528 0 1621443071.474855
0 0 8528 0 1621443071.583621
0 0 8528 0 1621443071.692729
0 0 8544 0 1621443071.801781
0 0 8544 0 1621443071.910588
0 0 8544 0 1621443072.019666
0 0 8544 0 1621443072.128686
0 0 8544 0 1621443072.237521
0 0 8560 0 1621443072.346384
0 0 8560 0 1621443072.455448
0 0 8560 0 1621443072.564515
0 0 8576 0 1621443072.673306
0 0 8560 0 1621443072.782332
0 0 8576 0 1621443072.891439
0 0 8576 0 1621443073.000284
0 0 8576 0 1621443073.109337
0 0 8576 0 1621443073.218198
0 0 8592 0 1621443073.327245
0 0 8576 0 1621443073.436205
0 0 8576 0 1621443073.545156
0 0 8576 0 1621443073.654152
0 0 8576 0 1621443073.763109
0 0 8592 0 1621443073.872163
0 0 8576 0 1621443073.980985
0 0 8576 0 1621443074.089962
0 0 8576 0 1621443074.199017
0 0 8576 0 1621443074.307889
0 0 8576 0 1621443074.416846
0 0 8576 0 1621443074.525918
0 0 8576 0 1621443074.634777
0 0 8576 0 1621443074.743901
0 0 8592 0 1621443074.852699
0 0 8592 0 1621443074.961756
0 0 8592 0 1621443075.070625
0 0 8592 0 1621443075.179679
0 0 8592 0 1621443075.288703
0 0 8592 0 1621443075.397567
0 0 8608 0 1621443075.506611
0 0 8592 0 1621443075.615481
0 0 8608 0 1621443075.724521
0 0 8608 0 1621443075.833524
0 0 8624 0 1621443075.942447
0 0 8624 0 1621443076.051466
0 0 8608 0 1621443076.160394
0 0 8608 0 1621443076.269357
0 0 8608 0 1621443076.378234
0 0 8624 0 1621443076.487284
0 0 8608 0 1621443076.596338
0 0 8608 0 1621443076.70514
0 0 8608 0 1621443076.814261
0 0 8608 0 1621443076.92315
0 0 8608 0 1621443077.03212
0 0 8608 0 1621443077.14107
0 0 8608 0 1621443077.250083
0 0 8608 0 1621443077.359112
0 0 8608 0 1621443077.467997
0 0 8608 0 1621443077.577074
0 0 8608 0 1621443077.685898
0 0 8624 0 1621443077.79496
0 0 8624 0 1621443077.903911
0 0 8624 0 1621443078.012875
0 0 8624 0 1621443078.121793
0 0 8624 0 1621443078.230805
0 0 8624 0 1621443078.339726
0 0 8624 0 1621443078.448747
0 0 8640 0 1621443078.557713
0 0 8640 0 1621443078.666697
0 0 8640 0 1621443078.775574
0 0 8640 0 1621443078.884702
0 0 8640 0 1621443078.993517
0 0 8640 0 1621443079.10259
0 0 8656 0 1621443079.2115
0 0 8640 0 1621443079.320534
0 0 8656 0 1621443079.429424
0 0 8640 0 1621443079.538461
0 0 8656 0 1621443079.647375
0 0 8656 0 1621443079.756375
0 0 8656 0 1621443079.865199
0 0 8672 0 1621443079.974211
0 0 8672 0 1621443080.083122
0 0 8672 0 1621443080.192333
0 0 8672 0 1621443080.301104
0 0 8688 0 1621443080.410173
0 0 8672 0 1621443080.519063
0 0 8672 0 1621443080.628338
0 0 8672 0 1621443080.737012
0 0 8672 0 1621443080.846149
0 0 8672 0 1621443080.954948
0 0 8672 0 1621443081.06398
0 0 8672 0 1621443081.172866
0 0 8672 0 1621443081.281956
0 0 8688 0 1621443081.390895
0 0 8688 0 1621443081.499935
0 0 8688 0 1621443081.608772
0 0 8672 0 1621443081.717879
0 0 8672 0 1621443081.826701
0 0 8672 0 1621443081.935743
0 0 8672 0 1621443082.044635
0 0 8672 0 1621443082.153687
0 0 8672 0 1621443082.262602
0 0 8688 0 1621443082.371593
0 0 8688 0 1621443082.480498
0 0 8688 0 1621443082.589549
0 0 8688 0 1621443082.698472
0 0 8688 0 1621443082.807398
0 0 8688 0 1621443082.916294
0 0 8704 0 1621443083.025438
0 0 8640 0 1621443083.134236
0 0 8656 0 1621443083.243283
0 0 8656 0 1621443083.352223
0 0 8672 0 1621443083.461317
0 0 8672 0 1621443083.570212
0 0 8672 0 1621443083.679302
0 0 8672 0 1621443083.78813
0 0 8688 0 1621443083.89716
0 0 8672 0 1621443084.006049
0 0 8688 0 1621443084.115013
0 0 8672 0 1621443084.223972
0 0 8672 0 1621443084.333088
0 0 8688 0 1621443084.44191
0 0 8688 0 1621443084.550805
0 0 8688 0 1621443084.659891
0 0 8688 0 1621443084.76878
0 0 8688 0 1621443084.877792
0 0 8688 0 1621443084.986642
0 0 8704 0 1621443085.095745
0 0 8704 0 1621443085.204643
0 0 8704 0 1621443085.313665
0 0 8720 0 1621443085.422517
0 0 8720 0 1621443085.531566
0 0 8720 0 1621443085.640644
0 0 8720 0 1621443085.749528
0 0 8720 0 1621443085.85865
0 0 8720 0 1621443085.967397
0 0 8720 0 1621443086.076495
0 0 8736 0 1621443086.185266
0 0 8720 0 1621443086.294358
0 0 8720 0 1621443086.403262
0 0 8720 0 1621443086.512379
0 0 8736 0 1621443086.621185
0 0 8736 0 1621443086.730254
0 0 8736 0 1621443086.83914
0 0 8736 0 1621443086.948192
0 0 8736 0 1621443087.057027
0 0 8736 0 1621443087.166088
0 0 8736 0 1621443087.275132
0 0 8736 0 1621443087.383956
0 0 8736 0 1621443087.492956
0 0 8736 0 1621443087.602005
0 0 8736 0 1621443087.710864
0 0 8736 0 1621443087.819911
0 0 8736 0 1621443087.928891
0 0 8736 0 1621443088.037921
0 0 8736 0 1621443088.146928
0 0 8736 0 1621443088.255854
0 0 8736 0 1621443088.364848
0 0 8736 0 1621443088.473641
0 0 8736 0 1621443088.582741
0 0 8736 0 1621443088.691678
0 0 8736 0 1621443088.800598
0 0 8752 0 1621443088.909665
0 0 8736 0 1621443089.018502
0 0 8736 0 1621443089.127544
0 0 8752 0 1621443089.236407
0 0 8752 0 1621443089.34545
0 0 8752 0 1621443089.454528
0 0 8752 0 1621443089.563434
0 0 8752 0 1621443089.67242
0 0 8752 0 1621443089.781335
0 0 8752 0 1621443089.890403
0 0 8752 0 1621443089.999298
0 0 8752 0 1621443090.108219
0 0 8752 0 1621443090.217183
0 0 8752 0 1621443090.326238
0 0 8752 0 1621443090.435103
0 0 8768 0 1621443090.544033
0 0 8752 0 1621443090.653042
0 0 8768 0 1621443090.761927
0 0 8768 0 1621443090.870976
0 0 8752 0 1621443090.980024
0 0 8752 0 1621443091.089048
0 0 8752 0 1621443091.197982
0 0 8768 0 1621443091.30689
0 0 8768 0 1621443091.415934
0 0 8768 0 1621443091.524942
0 0 8768 0 1621443091.633752
0 0 8768 0 1621443091.742778
0 0 8768 0 1621443091.851645
0 0 8752 0 1621443091.960671
0 0 8752 0 1621443092.069584
0 0 8752 0 1621443092.178652
0 0 8752 0 1621443092.287529
0 0 8752 0 1621443092.396604
0 0 8752 0 1621443092.505498
0 0 8752 0 1621443092.614511
0 0 8752 0 1621443092.723381
0 0 8768 0 1621443092.832436
0 0 8768 0 1621443092.941316
0 0 8768 0 1621443093.050426
0 0 8768 0 1621443093.159326
0 0 8752 0 1621443093.268383
0 0 8768 0 1621443093.377402
0 0 8752 0 1621443093.486276
0 0 8768 0 1621443093.595258
0 0 8768 0 1621443093.704239
0 0 8752 0 1621443093.813153
0 0 8768 0 1621443093.922201
0 0 8768 0 1621443094.031117
0 0 8768 0 1621443094.140149
0 0 8768 0 1621443094.249144
0 0 8672 0 1621443094.358006
0 0 8560 0 1621443094.467
0 0 9760 0 1621443094.576048
0 0 25296 0 1621443094.684951
0 0 25696 0 1621443094.793963
0 0 25744 0 1621443094.90284
0 0 25744 0 1621443095.011862
0 0 25744 0 1621443095.12087
0 0 25744 0 1621443095.229692
0 0 25760 0 1621443095.338765
0 0 25760 0 1621443095.44775
0 0 25776 0 1621443095.556592
0 0 25760 0 1621443095.665692
0 0 25776 0 1621443095.774776
0 0 25776 0 1621443095.883523
0 0 25776 0 1621443095.99257
0 0 25776 0 1621443096.101656
0 0 25776 0 1621443096.21057
0 0 25376 0 1621443096.319668
0 0 24368 0 1621443096.428467
0 0 7232 0 1621443096.537555
0 0 7632 0 1621443096.646367
0 0 7856 0 1621443096.755404
0 0 7856 0 1621443096.864423
0 0 7936 0 1621443096.973322
0 0 8000 0 1621443097.082358
0 0 8064 0 1621443097.191402
0 0 8144 0 1621443097.300233
0 0 8160 0 1621443097.409221
0 0 8208 0 1621443097.518255
0 0 8272 0 1621443097.627277
0 0 8272 0 1621443097.736096
0 0 8240 0 1621443097.845174
0 0 8320 0 1621443097.954165
0 0 8320 0 1621443098.063001
0 0 8320 0 1621443098.172062
0 0 8336 0 1621443098.281093
0 0 8384 0 1621443098.38993
0 0 8416 0 1621443098.498938
0 0 8400 0 1621443098.607955
0 0 8368 0 1621443098.716811
0 0 8336 0 1621443098.825795
0 0 8352 0 1621443098.934856
0 0 8368 0 1621443099.043765
0 0 8352 0 1621443099.152782
0 0 8368 0 1621443099.26161
0 0 8384 0 1621443099.370705
0 0 8384 0 1621443099.479705
0 0 8400 0 1621443099.588526
0 0 8384 0 1621443099.697542
0 0 8352 0 1621443099.806626
0 0 8368 0 1621443099.915419
0 0 8384 0 1621443100.024417
0 0 8384 0 1621443100.133532
0 0 8400 0 1621443100.242364
0 0 8384 0 1621443100.35146
0 0 8400 0 1621443100.460278
0 0 8400 0 1621443100.569358
0 0 8416 0 1621443100.678347
0 0 8416 0 1621443100.787185
0 0 8432 0 1621443100.896307
0 0 8432 0 1621443101.005086
0 0 8432 0 1621443101.114217
0 0 8432 0 1621443101.223223
0 0 8416 0 1621443101.331999
0 0 8416 0 1621443101.441089
0 0 8448 0 1621443101.550083
0 0 8464 0 1621443101.658915
0 0 8448 0 1621443101.76794
0 0 8464 0 1621443101.877014
0 0 8480 0 1621443101.985942
0 0 8464 0 1621443102.094959
0 0 8480 0 1621443102.203954
0 0 8480 0 1621443102.31279
0 0 8480 0 1621443102.421785
0 0 8496 0 1621443102.530845
0 0 8512 0 1621443102.639667
0 0 8496 0 1621443102.748689
0 0 8512 0 1621443102.857699
0 0 8512 0 1621443102.96661
0 0 8528 0 1621443103.075668
0 0 8528 0 1621443103.184549
0 0 8528 0 1621443103.293577
0 0 8528 0 1621443103.402378
0 0 8544 0 1621443103.511365
0 0 8544 0 1621443103.620401
0 0 8544 0 1621443103.729414
0 0 8544 0 1621443103.838318
0 0 8560 0 1621443103.947289
0 0 8560 0 1621443104.056212
0 0 8560 0 1621443104.165295
0 0 8560 0 1621443104.27424
0 0 8560 0 1621443104.38321
0 0 8544 0 1621443104.492223
0 0 8544 0 1621443104.601104
0 0 8560 0 1621443104.709982
0 0 8560 0 1621443104.819159
0 0 8560 0 1621443104.928029
0 0 8576 0 1621443105.037038
0 0 8560 0 1621443105.145949
0 0 8560 0 1621443105.254933
0 0 8576 0 1621443105.364027
0 0 8592 0 1621443105.472799
0 0 8576 0 1621443105.581964
0 0 8592 0 1621443105.690773
0 0 8592 0 1621443105.799872
0 0 8608 0 1621443105.908733
0 0 8592 0 1621443106.017747
0 0 8592 0 1621443106.12662
0 0 8592 0 1621443106.235677
0 0 8592 0 1621443106.344632
0 0 8592 0 1621443106.453569
0 0 8592 0 1621443106.56265
0 0 8592 0 1621443106.671477
0 0 8592 0 1621443106.780439
0 0 8592 0 1621443106.889394
0 0 8592 0 1621443106.998468
0 0 8592 0 1621443107.107498
0 0 8592 0 1621443107.216377
0 0 8608 0 1621443107.325419
0 0 8592 0 1621443107.4343
0 0 8592 0 1621443107.543309
0 0 8608 0 1621443107.652223
0 0 8608 0 1621443107.761204
0 0 8608 0 1621443107.870167
0 0 8592 0 1621443107.97924
0 0 8592 0 1621443108.088074
0 0 8592 0 1621443108.197095
0 0 8592 0 1621443108.306055
0 0 8608 0 1621443108.415121
0 0 8608 0 1621443108.523989
0 0 8608 0 1621443108.632927
0 0 8608 0 1621443108.741894
0 0 8608 0 1621443108.850909
0 0 8608 0 1621443108.959852
0 0 8624 0 1621443109.068727
0 0 8624 0 1621443109.177833
0 0 8624 0 1621443109.286727
0 0 8608 0 1621443109.395726
0 0 8624 0 1621443109.504722
0 0 8624 0 1621443109.613574
0 0 8624 0 1621443109.722567
0 0 8640 0 1621443109.831525
0 0 8640 0 1621443109.940585
0 0 8640 0 1621443110.049477
0 0 8640 0 1621443110.158545
0 0 8640 0 1621443110.267395
0 0 8640 0 1621443110.376449
0 0 8640 0 1621443110.485205
0 0 8640 0 1621443110.594264
0 0 8640 0 1621443110.703392
0 0 8640 0 1621443110.812244
0 0 8640 0 1621443110.921334
0 0 8656 0 1621443111.03015
0 0 8640 0 1621443111.139235
0 0 8640 0 1621443111.248138
0 0 8640 0 1621443111.357193
0 0 8640 0 1621443111.466115
0 0 8656 0 1621443111.575164
0 0 8656 0 1621443111.683993
0 0 8656 0 1621443111.792946
0 0 8656 0 1621443111.901938
0 0 8672 0 1621443112.011035
0 0 8656 0 1621443112.119889
0 0 8656 0 1621443112.229
0 0 8672 0 1621443112.337891
0 0 8672 0 1621443112.446926
0 0 8672 0 1621443112.555831
0 0 8672 0 1621443112.664629
0 0 8672 0 1621443112.773713
0 0 8672 0 1621443112.88281
0 0 8672 0 1621443112.991707
0 0 8672 0 1621443113.100714
0 0 8672 0 1621443113.209632
0 0 8672 0 1621443113.318696
0 0 8688 0 1621443113.427565
0 0 8688 0 1621443113.536459
0 0 8672 0 1621443113.645395
0 0 8672 0 1621443113.754316
0 0 8688 0 1621443113.863299
0 0 8688 0 1621443113.972379
0 0 8688 0 1621443114.081141
0 0 8688 0 1621443114.190204
0 0 8688 0 1621443114.299254
0 0 8688 0 1621443114.4082
0 0 8688 0 1621443114.517233
0 0 8688 0 1621443114.626182
0 0 8688 0 1621443114.735102
0 0 8688 0 1621443114.844074
0 0 8688 0 1621443114.953023
0 0 8688 0 1621443115.062089
0 0 8688 0 1621443115.171133
0 0 8688 0 1621443115.279994
0 0 8688 0 1621443115.389067
0 0 8688 0 1621443115.497879
0 0 8704 0 1621443115.606968
0 0 8688 0 1621443115.715891
0 0 8688 0 1621443115.824875
0 0 8688 0 1621443115.933803
0 0 8688 0 1621443116.042859
0 0 8688 0 1621443116.151683
0 0 8688 0 1621443116.260787
0 0 8688 0 1621443116.369647
0 0 8704 0 1621443116.478759
