10864 0 0 2128 1621443924.43323
10864 0 0 2080 1621443924.433448
10864 0 0 2096 1621443924.433626
10864 0 0 2144 1621443924.433812
10864 0 0 2128 1621443924.433951
10864 0 0 2128 1621443924.434086
10864 0 0 2160 1621443924.434227
10864 0 0 2160 1621443924.434373
10864 0 0 2144 1621443924.434522
10864 0 0 2144 1621443924.434666
10864 0 0 2096 1621443924.434811
10864 0 0 2096 1621443924.434959
10864 0 0 2128 1621443924.435104
10864 0 0 2144 1621443924.435259
10864 0 0 2160 1621443924.435412
10864 0 0 2208 1621443924.4356
10864 0 0 2144 1621443924.435785
10864 0 0 2128 1621443924.435931
10864 0 0 2128 1621443924.436078
10864 0 0 2144 1621443924.436274
10864 0 0 2144 1621443924.436419
10864 0 0 2144 1621443924.436562
10864 0 0 2192 1621443924.436713
10864 0 0 2144 1621443924.436864
10864 0 0 2192 1621443924.437012
10864 0 0 2176 1621443924.437157
10864 0 0 2160 1621443924.437305
10864 0 0 2144 1621443924.437465
10864 0 0 2176 1621443924.437631
10864 0 0 2160 1621443924.437779
10848 0 0 2176 1621443924.437921
10864 0 0 2144 1621443924.438062
10864 0 0 2112 1621443924.438202
10864 0 0 2176 1621443924.438342
10864 0 0 2224 1621443924.438473
10864 0 0 2240 1621443924.438658
10864 0 0 2224 1621443924.438804
10864 0 0 2192 1621443924.438956
10864 0 0 2160 1621443924.439111
10864 0 0 2208 1621443924.439258
10864 0 0 2176 1621443924.439442
10864 0 0 2208 1621443924.439596
10864 0 0 2208 1621443924.439739
10864 0 0 2144 1621443924.439883
10864 0 0 2128 1621443924.440032
10864 0 0 2192 1621443924.440214
10864 0 0 2160 1621443924.440362
10864 0 0 2176 1621443924.440511
10864 0 0 2128 1621443924.440655
10864 0 0 2160 1621443924.440797
10864 0 0 2144 1621443924.440938
10880 0 0 2224 1621443924.441093
10880 0 0 2144 1621443924.441237
10880 0 0 2208 1621443924.441377
10880 0 0 2192 1621443924.441535
10880 0 0 2160 1621443924.441677
10864 0 0 2176 1621443924.441822
10864 0 0 2160 1621443924.441955
10864 0 0 2128 1621443924.4421
10864 0 0 2144 1621443924.442237
10864 0 0 2144 1621443924.442374
10864 0 0 2224 1621443924.44251
10864 0 0 2192 1621443924.442655
10864 0 0 2160 1621443924.442789
10864 0 0 2144 1621443924.442928
10864 0 0 2192 1621443924.443064
23936 0 0 2112 1621443924.443276
23760 0 0 2160 1621443924.443421
23824 0 0 2176 1621443924.443638
23376 0 0 2160 1621443924.443786
23200 0 0 2176 1621443924.443932
17920 0 0 2192 1621443924.444069
15056 0 0 2352 1621443924.444234
11888 0 0 2512 1621443924.444378
8560 0 0 2416 1621443924.444526
8944 0 0 2352 1621443924.444664
9008 0 0 2480 1621443924.444817
9088 0 0 2416 1621443924.444959
9152 0 0 2448 1621443924.445103
9328 0 0 2464 1621443924.445242
9408 0 0 2448 1621443924.44539
9504 0 0 2464 1621443924.445533
9488 0 0 2448 1621443924.44567
9488 0 0 2480 1621443924.445807
9536 0 0 2528 1621443924.445949
9568 0 0 2416 1621443924.446086
9616 0 0 2560 1621443924.446222
9648 0 0 2496 1621443924.446358
9632 0 0 2576 1621443924.446494
9680 0 0 2576 1621443924.446631
9728 0 0 2544 1621443924.446767
9728 0 0 2592 1621443924.4469
9744 0 0 2624 1621443924.447038
9776 0 0 2608 1621443924.447193
9776 0 0 2576 1621443924.447335
9712 0 0 2576 1621443924.447472
9712 0 0 2576 1621443924.447615
9776 0 0 2592 1621443924.447751
9824 0 0 2480 1621443924.44789
9824 0 0 2560 1621443924.448023
9808 0 0 2544 1621443924.44819
9792 0 0 2576 1621443924.448327
9808 0 0 2528 1621443924.448459
9824 0 0 2496 1621443924.448596
9856 0 0 2496 1621443924.448728
9888 0 0 2416 1621443924.448864
9920 0 0 2384 1621443924.448998
9952 0 0 2432 1621443924.449129
9952 0 0 2448 1621443924.449257
9984 0 0 2432 1621443924.449388
9984 0 0 2448 1621443924.449529
10000 0 0 2416 1621443924.449665
10016 0 0 2448 1621443924.449801
10016 0 0 2448 1621443924.449949
10032 0 0 2400 1621443924.450085
10048 0 0 2400 1621443924.450215
10048 0 0 2400 1621443924.450351
10032 0 0 2368 1621443924.450491
10032 0 0 2368 1621443924.45063
10032 0 0 2400 1621443924.450768
10048 0 0 2400 1621443924.450903
10048 0 0 2432 1621443924.451043
10048 0 0 2448 1621443924.451182
10064 0 0 2448 1621443924.451316
10048 0 0 2448 1621443924.451449
10048 0 0 2432 1621443924.451583
10064 0 0 2448 1621443924.451715
10064 0 0 2416 1621443924.45185
10080 0 0 2400 1621443924.451984
10096 0 0 2384 1621443924.452148
10096 0 0 2416 1621443924.452288
10096 0 0 2480 1621443924.452418
10112 0 0 2416 1621443924.452553
10128 0 0 2448 1621443924.452684
10144 0 0 2352 1621443924.452818
10144 0 0 2464 1621443924.452953
10160 0 0 2448 1621443924.453088
10160 0 0 2448 1621443924.453235
10192 0 0 2432 1621443924.453371
10192 0 0 2416 1621443924.453504
10176 0 0 2432 1621443924.453636
10176 0 0 2400 1621443924.453769
10208 0 0 2432 1621443924.453903
10208 0 0 2416 1621443924.454035
10208 0 0 2416 1621443924.454169
10224 0 0 2400 1621443924.454302
10240 0 0 2416 1621443924.454436
10256 0 0 2416 1621443924.45457
10240 0 0 2416 1621443924.454702
10224 0 0 2432 1621443924.454835
10240 0 0 2464 1621443924.454969
10240 0 0 2448 1621443924.455103
10240 0 0 2432 1621443924.455235
10240 0 0 2416 1621443924.45537
10240 0 0 2464 1621443924.455502
10256 0 0 2432 1621443924.455637
10256 0 0 2464 1621443924.455767
10256 0 0 2416 1621443924.455899
10272 0 0 2480 1621443924.456031
10272 0 0 2480 1621443924.456189
10272 0 0 2464 1621443924.456325
10272 0 0 2448 1621443924.456459
10288 0 0 2416 1621443924.456591
10272 0 0 2432 1621443924.456723
10272 0 0 2416 1621443924.456853
10272 0 0 2400 1621443924.456984
10288 0 0 2400 1621443924.457113
10288 0 0 2432 1621443924.457246
10304 0 0 2432 1621443924.45738
10272 0 0 2416 1621443924.457512
10288 0 0 2432 1621443924.457644
10288 0 0 2448 1621443924.457777
10288 0 0 2464 1621443924.457907
10288 0 0 2448 1621443924.458044
10288 0 0 2464 1621443924.458173
10288 0 0 2432 1621443924.458303
10304 0 0 2432 1621443924.458436
10288 0 0 2416 1621443924.458567
10288 0 0 2432 1621443924.458699
10304 0 0 2416 1621443924.458933
10304 0 0 2432 1621443924.459082
10304 0 0 2416 1621443924.459219
10304 0 0 2448 1621443924.459354
10304 0 0 2448 1621443924.459487
10304 0 0 2448 1621443924.45962
10304 0 0 2448 1621443924.459756
10304 0 0 2416 1621443924.459888
10304 0 0 2432 1621443924.460027
10320 0 0 2416 1621443924.460193
10320 0 0 2384 1621443924.460329
10320 0 0 2400 1621443924.460475
10320 0 0 2384 1621443924.460617
10320 0 0 2432 1621443924.460751
10320 0 0 2432 1621443924.460884
10320 0 0 2464 1621443924.461017
10336 0 0 2448 1621443924.461148
10336 0 0 2432 1621443924.461288
10320 0 0 2464 1621443924.461421
10336 0 0 2464 1621443924.461553
10336 0 0 2464 1621443924.461691
10336 0 0 2432 1621443924.46183
10336 0 0 2400 1621443924.461961
10336 0 0 2400 1621443924.462094
10336 0 0 2416 1621443924.462227
10336 0 0 2400 1621443924.462362
10336 0 0 2416 1621443924.462494
10336 0 0 2400 1621443924.462625
10336 0 0 2368 1621443924.462758
10352 0 0 2400 1621443924.462894
10352 0 0 2368 1621443924.463024
10352 0 0 2384 1621443924.463154
10352 0 0 2352 1621443924.463284
10352 0 0 2384 1621443924.463411
10352 0 0 2384 1621443924.463542
10368 0 0 2400 1621443924.463672
10352 0 0 2368 1621443924.463801
10352 0 0 2384 1621443924.46393
10352 0 0 2400 1621443924.464061
10352 0 0 2368 1621443924.464221
10352 0 0 2400 1621443924.464357
10336 0 0 2384 1621443924.46449
10352 0 0 2400 1621443924.464637
10352 0 0 2384 1621443924.464774
10352 0 0 2384 1621443924.464908
10352 0 0 2336 1621443924.465046
10352 0 0 2320 1621443924.465178
10352 0 0 2304 1621443924.465324
10368 0 0 2304 1621443924.465468
10368 0 0 2352 1621443924.465604
10352 0 0 2368 1621443924.46574
10368 0 0 2368 1621443924.465883
10368 0 0 2336 1621443924.466029
10368 0 0 2400 1621443924.466207
10384 0 0 2416 1621443924.466347
10384 0 0 2432 1621443924.466487
10400 0 0 2448 1621443924.466626
10400 0 0 2368 1621443924.466763
10416 0 0 2448 1621443924.466908
10416 0 0 2368 1621443924.467053
10416 0 0 2368 1621443924.46719
10416 0 0 2336 1621443924.467339
10416 0 0 2320 1621443924.467478
10416 0 0 2320 1621443924.467626
10416 0 0 2336 1621443924.467768
10416 0 0 2320 1621443924.467895
10416 0 0 2304 1621443924.467986
10416 0 0 2368 1621443924.468058
10416 0 0 2368 1621443924.468187
10416 0 0 2368 1621443924.468324
10416 0 0 2368 1621443924.468459
10416 0 0 2336 1621443924.468619
10416 0 0 2336 1621443924.468934
10416 0 0 2368 1621443924.46909
10432 0 0 2352 1621443924.469232
10432 0 0 2320 1621443924.469385
10432 0 0 2352 1621443924.46953
10432 0 0 2352 1621443924.469666
10432 0 0 2336 1621443924.469811
10448 0 0 2336 1621443924.470017
10448 0 0 2336 1621443924.47015
10448 0 0 2320 1621443924.470298
10448 0 0 2320 1621443924.470432
10448 0 0 2288 1621443924.470575
10448 0 0 2336 1621443924.470693
10448 0 0 2320 1621443924.470814
10448 0 0 2336 1621443924.470931
10448 0 0 2336 1621443924.471065
10464 0 0 2320 1621443924.471206
10464 0 0 2352 1621443924.47136
10464 0 0 2336 1621443924.471496
10464 0 0 2320 1621443924.471636
10464 0 0 2304 1621443924.471776
10464 0 0 2352 1621443924.477017
10464 0 0 2368 1621443924.585839
10464 0 0 2352 1621443924.694893
10464 0 0 2352 1621443924.803889
10464 0 0 2256 1621443924.912868
10464 0 0 2272 1621443925.021724
10448 0 0 2272 1621443925.130729
10448 0 0 2224 1621443925.239691
10448 0 0 2256 1621443925.348687
10448 0 0 2256 1621443925.45758
10448 0 0 2224 1621443925.56664
10464 0 0 2256 1621443925.675557
10464 0 0 2256 1621443925.784466
10464 0 0 2256 1621443925.893492
10464 0 0 2288 1621443926.002393
10464 0 0 2304 1621443926.111485
10464 0 0 2272 1621443926.220352
10464 0 0 2320 1621443926.329431
10464 0 0 2336 1621443926.438303
10464 0 0 2336 1621443926.547405
10464 0 0 2368 1621443926.656262
10464 0 0 2416 1621443926.765161
10464 0 0 2320 1621443926.874275
10464 0 0 2368 1621443926.983124
10464 0 0 2352 1621443927.092231
10480 0 0 2320 1621443927.201085
10480 0 0 2320 1621443927.310031
10480 0 0 2288 1621443927.418964
10480 0 0 2304 1621443927.528225
10480 0 0 2304 1621443927.636942
10480 0 0 2272 1621443927.745934
10480 0 0 2304 1621443927.854817
10480 0 0 2272 1621443927.964018
10496 0 0 2272 1621443928.072861
10496 0 0 2272 1621443928.181865
10496 0 0 2288 1621443928.290935
10496 0 0 2272 1621443928.399779
10496 0 0 2272 1621443928.508829
10512 0 0 2272 1621443928.617687
10496 0 0 2304 1621443928.726754
10512 0 0 2336 1621443928.83559
10512 0 0 2336 1621443928.944516
10512 0 0 2320 1621443929.053668
10512 0 0 2320 1621443929.162497
10512 0 0 2320 1621443929.271536
10512 0 0 2320 1621443929.380582
10512 0 0 2336 1621443929.489459
10528 0 0 2304 1621443929.598503
10528 0 0 2352 1621443929.707408
10528 0 0 2336 1621443929.816356
10528 0 0 2352 1621443929.925236
10528 0 0 2320 1621443930.03432
10528 0 0 2336 1621443930.143388
10528 0 0 2336 1621443930.252203
10528 0 0 2320 1621443930.36125
10528 0 0 2320 1621443930.470131
10528 0 0 2352 1621443930.579143
10528 0 0 2336 1621443930.688117
10528 0 0 2384 1621443930.796934
10528 0 0 2352 1621443930.906042
10528 0 0 2352 1621443931.015045
10528 0 0 2320 1621443931.124152
10528 0 0 2320 1621443931.232846
10528 0 0 2416 1621443931.341854
10528 0 0 2400 1621443931.450871
10544 0 0 2400 1621443931.55986
10544 0 0 2416 1621443931.66891
10544 0 0 2416 1621443931.777733
10560 0 0 2432 1621443931.886838
10544 0 0 2448 1621443931.995744
10560 0 0 2448 1621443932.104625
10560 0 0 2448 1621443932.213561
10560 0 0 2432 1621443932.322602
10560 0 0 2464 1621443932.431575
10560 0 0 2480 1621443932.540608
10560 0 0 2480 1621443932.649586
10560 0 0 2480 1621443932.758483
10560 0 0 2448 1621443932.867424
10560 0 0 2224 1621443932.976534
10560 0 0 2384 1621443933.085387
10560 0 0 2384 1621443933.194468
10560 0 0 2320 1621443933.303491
10560 0 0 2320 1621443933.412301
10544 0 0 2208 1621443933.521348
10544 0 0 2304 1621443933.630187
10544 0 0 2272 1621443933.739235
10544 0 0 2336 1621443933.848301
10560 0 0 2320 1621443933.957119
10560 0 0 2272 1621443934.066137
10544 0 0 2240 1621443934.174993
10544 0 0 2224 1621443934.284067
10528 0 0 2192 1621443934.393097
10528 0 0 2176 1621443934.501988
10528 0 0 2192 1621443934.611033
10528 0 0 2192 1621443934.719793
10528 0 0 2240 1621443934.828833
10512 0 0 2304 1621443934.937839
10512 0 0 2272 1621443935.046837
10512 0 0 2288 1621443935.155776
10512 0 0 2288 1621443935.264786
10512 0 0 2304 1621443935.373782
10512 0 0 2304 1621443935.48269
10528 0 0 2320 1621443935.591719
10512 0 0 2320 1621443935.700587
10512 0 0 2304 1621443935.809638
16608 0 0 2320 1621443935.918586
19952 0 0 2272 1621443936.027446
21056 0 0 2304 1621443936.13668
21072 0 0 2208 1621443936.245523
21072 0 0 2256 1621443936.35457
21088 0 0 2272 1621443936.463559
21120 0 0 2304 1621443936.572478
21136 0 0 2240 1621443936.681507
21168 0 0 2208 1621443936.790482
21216 0 0 2192 1621443936.899364
21248 0 0 2272 1621443937.008354
21264 0 0 2256 1621443937.117337
21296 0 0 2192 1621443937.22621
9760 0 0 2256 1621443937.335302
10048 0 0 2352 1621443937.444315
10144 0 0 2304 1621443937.553309
10224 0 0 2320 1621443937.662046
10240 0 0 2336 1621443937.771157
10272 0 0 2288 1621443937.880043
10304 0 0 2336 1621443937.989016
10320 0 0 2320 1621443938.098048
10352 0 0 2320 1621443938.207122
10352 0 0 2208 1621443938.315845
10368 0 0 2192 1621443938.424852
10368 0 0 2224 1621443938.533674
10384 0 0 2048 1621443938.642755
10384 0 0 2064 1621443938.751766
10400 0 0 2048 1621443938.860795
10416 0 0 2096 1621443938.969714
10416 0 0 2032 1621443939.078595
10432 0 0 2032 1621443939.187621
10432 0 0 2000 1621443939.29666
10432 0 0 1952 1621443939.405641
10432 0 0 1920 1621443939.514501
10448 0 0 1952 1621443939.623518
10448 0 0 1984 1621443939.732338
10464 0 0 2000 1621443939.841401
10480 0 0 1952 1621443939.950452
10464 0 0 2064 1621443940.059462
10464 0 0 1952 1621443940.168326
10464 0 0 1968 1621443940.277325
10480 0 0 1984 1621443940.386243
10464 0 0 2160 1621443940.495216
10464 0 0 2144 1621443940.604288
10464 0 0 2112 1621443940.713191
10464 0 0 2144 1621443940.822152
10480 0 0 2144 1621443940.931045
10464 0 0 2160 1621443941.04029
10480 0 0 2144 1621443941.148962
10496 0 0 2144 1621443941.258047
10496 0 0 2144 1621443941.366927
10496 0 0 2176 1621443941.476031
10496 0 0 2192 1621443941.584854
10512 0 0 2192 1621443941.693909
10528 0 0 2192 1621443941.802945
10528 0 0 2224 1621443941.911756
10528 0 0 2224 1621443942.020792
10544 0 0 2240 1621443942.129807
10528 0 0 2160 1621443942.238677
10528 0 0 2192 1621443942.34771
10544 0 0 2192 1621443942.456734
10544 0 0 2176 1621443942.565599
10544 0 0 2160 1621443942.674527
10544 0 0 2128 1621443942.783528
10544 0 0 2160 1621443942.892523
10544 0 0 2176 1621443943.00152
10560 0 0 2144 1621443943.110539
10560 0 0 2240 1621443943.219455
10544 0 0 2224 1621443943.328426
10560 0 0 2240 1621443943.437386
10560 0 0 2288 1621443943.546341
10560 0 0 2224 1621443943.655864
10560 0 0 2224 1621443943.764118
10560 0 0 2272 1621443943.873153
10576 0 0 2272 1621443943.982293
10560 0 0 2176 1621443944.091298
10560 0 0 2240 1621443944.200108
10560 0 0 2224 1621443944.309209
10560 0 0 2288 1621443944.418056
10560 0 0 2256 1621443944.527098
10560 0 0 2208 1621443944.636054
10560 0 0 2160 1621443944.744879
10560 0 0 2320 1621443944.853934
10576 0 0 2336 1621443944.962879
10592 0 0 2368 1621443945.071936
10592 0 0 2448 1621443945.180942
10576 0 0 2432 1621443945.289726
10576 0 0 2384 1621443945.398726
10576 0 0 2400 1621443945.50775
10576 0 0 2336 1621443945.616814
10592 0 0 2400 1621443945.725663
10576 0 0 2448 1621443945.834735
10576 0 0 2448 1621443945.943707
10576 0 0 2400 1621443946.052616
10576 0 0 2528 1621443946.161709
10576 0 0 2400 1621443946.27051
10592 0 0 2288 1621443946.379605
10592 0 0 2400 1621443946.488425
10592 0 0 2240 1621443946.597522
10608 0 0 2224 1621443946.706365
10592 0 0 2448 1621443946.815314
10576 0 0 2464 1621443946.924402
10592 0 0 2480 1621443947.033279
10592 0 0 2352 1621443947.142292
10592 0 0 2304 1621443947.2514
10592 0 0 2400 1621443947.360161
10608 0 0 2368 1621443947.469235
10608 0 0 2368 1621443947.578233
10592 0 0 2480 1621443947.686991
10592 0 0 2416 1621443947.796018
10576 0 0 2416 1621443947.905126
10592 0 0 2400 1621443948.013978
10576 0 0 2368 1621443948.123062
10576 0 0 2352 1621443948.232032
10576 0 0 2368 1621443948.340876
10576 0 0 2384 1621443948.44991
10576 0 0 2352 1621443948.558923
10576 0 0 2384 1621443948.667796
10560 0 0 2336 1621443948.776806
10576 0 0 2336 1621443948.885806
10560 0 0 2336 1621443948.994853
10560 0 0 2112 1621443949.103619
10560 0 0 2112 1621443949.212704
16160 0 0 2176 1621443949.321688
19488 0 0 2128 1621443949.430586
21328 0 0 2144 1621443949.539628
21376 0 0 2096 1621443949.648625
21376 0 0 2160 1621443949.757528
21392 0 0 2128 1621443949.866654
21392 0 0 2160 1621443949.975676
21424 0 0 2128 1621443950.084483
21456 0 0 2080 1621443950.193599
21472 0 0 2064 1621443950.30249
21504 0 0 2032 1621443950.411403
21536 0 0 2096 1621443950.520469
21552 0 0 2096 1621443950.629391
20944 0 0 2080 1621443950.738215
9792 0 0 2096 1621443950.847336
9920 0 0 2112 1621443950.956401
9984 0 0 2048 1621443951.065261
10032 0 0 2032 1621443951.174314
10064 0 0 1984 1621443951.283139
10096 0 0 2048 1621443951.3922
10128 0 0 2016 1621443951.500993
10160 0 0 2064 1621443951.609933
10176 0 0 2000 1621443951.718932
10208 0 0 2080 1621443951.827853
10224 0 0 2048 1621443951.936953
10240 0 0 2064 1621443952.04586
10240 0 0 2080 1621443952.154876
10240 0 0 2080 1621443952.263744
10256 0 0 2048 1621443952.372777
10272 0 0 2048 1621443952.481773
10288 0 0 2048 1621443952.590728
10288 0 0 2080 1621443952.699696
10304 0 0 2096 1621443952.808505
10304 0 0 2112 1621443952.917635
10320 0 0 2112 1621443953.026593
10320 0 0 2064 1621443953.135457
10320 0 0 2064 1621443953.244509
10320 0 0 2032 1621443953.353527
10336 0 0 2032 1621443953.462389
10336 0 0 2112 1621443953.57145
10352 0 0 2064 1621443953.680438
10352 0 0 2048 1621443953.789328
10352 0 0 2112 1621443953.898325
10352 0 0 2144 1621443954.007254
10368 0 0 2064 1621443954.116188
10368 0 0 2080 1621443954.225234
10384 0 0 2096 1621443954.334226
10400 0 0 2128 1621443954.443134
10400 0 0 2064 1621443954.552151
10400 0 0 2080 1621443954.661139
10400 0 0 2064 1621443954.770049
10400 0 0 2048 1621443954.879094
10416 0 0 2096 1621443954.988107
10416 0 0 2048 1621443955.096937
10416 0 0 2032 1621443955.205973
10432 0 0 2128 1621443955.314783
10432 0 0 2144 1621443955.423832
10432 0 0 2128 1621443955.532769
10432 0 0 2064 1621443955.641797
10432 0 0 2064 1621443955.750636
10432 0 0 2064 1621443955.859765
10448 0 0 2080 1621443955.968791
10464 0 0 1984 1621443956.077568
10464 0 0 2000 1621443956.186604
10464 0 0 2000 1621443956.295606
10464 0 0 2016 1621443956.404542
10464 0 0 2064 1621443956.513468
10464 0 0 2080 1621443956.622548
10464 0 0 2128 1621443956.731552
10464 0 0 2064 1621443956.840367
10464 0 0 2000 1621443956.94942
10464 0 0 1968 1621443957.058389
10464 0 0 1920 1621443957.167285
10464 0 0 1952 1621443957.276353
10464 0 0 1936 1621443957.38535
10464 0 0 1952 1621443957.494225
10480 0 0 1984 1621443957.603283
10480 0 0 2000 1621443957.712282
10480 0 0 2000 1621443957.821095
10496 0 0 1968 1621443957.930085
10496 0 0 1936 1621443958.039171
10496 0 0 1888 1621443958.148035
10496 0 0 1968 1621443958.257059
10496 0 0 1968 1621443958.365967
10496 0 0 2000 1621443958.474986
10496 0 0 2000 1621443958.583929
10496 0 0 1984 1621443958.692938
10496 0 0 1968 1621443958.801863
10496 0 0 1984 1621443958.910754
10512 0 0 1968 1621443959.019884
10512 0 0 2000 1621443959.128714
10512 0 0 1984 1621443959.237789
10512 0 0 2032 1621443959.346714
10512 0 0 2032 1621443959.455706
10512 0 0 2032 1621443959.564732
10512 0 0 1936 1621443959.673649
10512 0 0 1952 1621443959.782658
10512 0 0 2064 1621443959.891541
10512 0 0 2048 1621443960.000588
10512 0 0 2064 1621443960.109464
10512 0 0 1952 1621443960.218523
10528 0 0 2032 1621443960.327394
10528 0 0 2096 1621443960.436416
10528 0 0 1984 1621443960.545381
10544 0 0 2064 1621443960.654363
10544 0 0 1984 1621443960.763289
10544 0 0 2016 1621443960.872346
10544 0 0 1936 1621443960.981188
10544 0 0 1760 1621443961.090248
10544 0 0 1904 1621443961.1992
10544 0 0 1888 1621443961.308292
10544 0 0 1856 1621443961.417096
10544 0 0 1856 1621443961.526122
10544 0 0 1856 1621443961.635123
10560 0 0 1840 1621443961.74407
10560 0 0 1792 1621443961.853055
10560 0 0 1712 1621443961.961999
10560 0 0 1696 1621443962.070855
10560 0 0 1648 1621443962.179925
10560 0 0 1712 1621443962.288821
10560 0 0 1712 1621443962.397826
10560 0 0 1680 1621443962.506692
10560 0 0 1680 1621443962.6158
13904 0 0 1632 1621443962.724725
18368 0 0 1632 1621443962.833869
21120 0 0 1632 1621443962.942698
21520 0 0 1584 1621443963.051764
21504 0 0 1312 1621443963.160655
21472 0 0 1296 1621443963.269726
21520 0 0 1456 1621443963.378545
21584 0 0 1392 1621443963.487727
21648 0 0 1344 1621443963.596506
21712 0 0 1408 1621443963.705528
21744 0 0 1392 1621443963.814413
21760 0 0 1248 1621443963.923556
21776 0 0 1264 1621443964.032412
21776 0 0 1280 1621443964.141459
9168 0 0 1216 1621443964.25033
9648 0 0 1232 1621443964.359385
9872 0 0 1168 1621443964.46831
9984 0 0 1280 1621443964.57721
10048 0 0 1264 1621443964.686243
10144 0 0 1248 1621443964.795325
10176 0 0 1232 1621443964.904242
10224 0 0 1248 1621443965.013167
10256 0 0 1248 1621443965.122149
10288 0 0 1280 1621443965.231196
10304 0 0 1280 1621443965.340153
10320 0 0 1200 1621443965.44906
10320 0 0 1088 1621443965.557974
10320 0 0 1072 1621443965.667013
10320 0 0 1088 1621443965.775886
10336 0 0 1120 1621443965.884983
10368 0 0 1136 1621443965.993936
10368 0 0 1152 1621443966.102786
10384 0 0 1152 1621443966.211876
10400 0 0 1152 1621443966.320714
10400 0 0 1152 1621443966.429855
10416 0 0 1136 1621443966.53858
10416 0 0 1152 1621443966.647674
10432 0 0 1136 1621443966.756696
10432 0 0 1152 1621443966.865661
10448 0 0 1136 1621443966.974533
10448 0 0 1136 1621443967.083557
10464 0 0 1136 1621443967.192453
10464 0 0 1120 1621443967.301547
10464 0 0 1136 1621443967.410459
10480 0 0 1136 1621443967.519454
10496 0 0 1056 1621443967.628484
10496 0 0 1088 1621443967.73738
10496 0 0 1072 1621443967.846428
10512 0 0 1216 1621443967.955298
10496 0 0 1232 1621443968.064315
10512 0 0 1136 1621443968.173215
10512 0 0 928 1621443968.282276
10528 0 0 944 1621443968.391116
10528 0 0 960 1621443968.500211
10528 0 0 944 1621443968.609131
10528 0 0 928 1621443968.718005
10528 0 0 976 1621443968.827128
10528 0 0 928 1621443968.936029
10528 0 0 944 1621443969.04507
10528 0 0 928 1621443969.153893
10528 0 0 896 1621443969.263052
10544 0 0 944 1621443969.371871
10544 0 0 944 1621443969.480947
10544 0 0 944 1621443969.589837
10544 0 0 928 1621443969.698821
10544 0 0 944 1621443969.807727
10544 0 0 944 1621443969.916803
10544 0 0 912 1621443970.025675
10544 0 0 992 1621443970.134734
10560 0 0 928 1621443970.243585
10560 0 0 976 1621443970.352697
10560 0 0 960 1621443970.461587
10560 0 0 1040 1621443970.570643
10576 0 0 1024 1621443970.679539
10576 0 0 1040 1621443970.788302
10576 0 0 1008 1621443970.897512
10576 0 0 992 1621443971.00636
10576 0 0 1072 1621443971.115321
10592 0 0 1184 1621443971.22437
10592 0 0 1216 1621443971.333305
10592 0 0 1152 1621443971.442303
10592 0 0 1200 1621443971.551207
10592 0 0 1184 1621443971.660204
10592 0 0 1184 1621443971.769089
10592 0 0 1200 1621443971.878188
10592 0 0 1168 1621443971.987078
10608 0 0 1168 1621443972.096209
10608 0 0 1184 1621443972.205063
10608 0 0 1152 1621443972.314113
10624 0 0 1184 1621443972.422994
10624 0 0 1200 1621443972.532066
10624 0 0 1152 1621443972.640922
10624 0 0 1152 1621443972.74983
10624 0 0 1152 1621443972.858794
10624 0 0 1152 1621443972.967866
10624 0 0 1136 1621443973.076922
10624 0 0 1136 1621443973.185794
10624 0 0 1152 1621443973.294806
10640 0 0 1136 1621443973.403705
10640 0 0 1168 1621443973.512762
10640 0 0 1168 1621443973.621637
