8944 0 0 0 1621445429.480449
8960 0 0 0 1621445429.480686
8960 0 0 0 1621445429.480858
8960 0 0 0 1621445429.481022
8944 0 0 0 1621445429.481171
8960 0 0 0 1621445429.481315
8960 0 0 0 1621445429.481462
8960 0 0 0 1621445429.481597
8960 0 0 0 1621445429.481727
8960 0 0 0 1621445429.481834
8960 0 0 0 1621445429.481972
8960 0 0 0 1621445429.482115
8976 0 0 0 1621445429.482246
8976 0 0 0 1621445429.482332
8976 0 0 0 1621445429.482428
8976 0 0 0 1621445429.482539
8992 0 0 0 1621445429.482613
8992 0 0 0 1621445429.482682
8992 0 0 0 1621445429.48275
8992 0 0 0 1621445429.482819
8976 0 0 0 1621445429.482886
8992 0 0 0 1621445429.482956
8992 0 0 0 1621445429.483054
8976 0 0 0 1621445429.483187
8976 0 0 0 1621445429.483332
8976 0 0 0 1621445429.483466
8976 0 0 0 1621445429.483646
8976 0 0 0 1621445429.483812
8976 0 0 0 1621445429.483954
8992 0 0 0 1621445429.484049
8976 0 0 0 1621445429.484185
8960 0 0 0 1621445429.484284
8976 0 0 0 1621445429.484375
8992 0 0 0 1621445429.484503
8992 0 0 0 1621445429.484716
8992 0 0 0 1621445429.484858
8992 0 0 0 1621445429.484937
8976 0 0 0 1621445429.485019
8992 0 0 0 1621445429.485097
9008 0 0 0 1621445429.485176
9008 0 0 0 1621445429.485252
8992 0 0 0 1621445429.485327
8992 0 0 0 1621445429.48541
8992 0 0 0 1621445429.485504
8992 0 0 0 1621445429.485599
8992 0 0 0 1621445429.485694
8976 0 0 0 1621445429.485795
8976 0 0 0 1621445429.485917
8976 0 0 0 1621445429.486042
8976 0 0 0 1621445429.486156
8960 0 0 0 1621445429.486253
8976 0 0 0 1621445429.486344
8976 0 0 0 1621445429.486438
8960 0 0 0 1621445429.486529
8976 0 0 0 1621445429.486623
8976 0 0 0 1621445429.486734
8960 0 0 0 1621445429.486843
8976 0 0 0 1621445429.486942
8992 0 0 0 1621445429.487031
8992 0 0 0 1621445429.487165
8992 0 0 0 1621445429.48725
8976 0 0 0 1621445429.48739
8976 0 0 0 1621445429.48749
8976 0 0 0 1621445429.48758
8976 0 0 0 1621445429.4877
8976 0 0 0 1621445429.487816
8976 0 0 0 1621445429.487938
8976 0 0 0 1621445429.48803
8976 0 0 0 1621445429.488138
8976 0 0 0 1621445429.488221
8992 0 0 0 1621445429.488297
8992 0 0 0 1621445429.488381
8992 0 0 0 1621445429.488472
8992 0 0 0 1621445429.488567
8992 0 0 0 1621445429.48866
8992 0 0 0 1621445429.488739
8992 0 0 0 1621445429.488817
8992 0 0 0 1621445429.488894
8992 0 0 0 1621445429.48897
8992 0 0 0 1621445429.489044
8992 0 0 0 1621445429.48913
9008 0 0 0 1621445429.489221
8992 0 0 0 1621445429.489312
8992 0 0 0 1621445429.489405
9008 0 0 0 1621445429.489496
9008 0 0 0 1621445429.48959
9008 0 0 0 1621445429.48968
9008 0 0 0 1621445429.489765
9008 0 0 0 1621445429.489841
9008 0 0 0 1621445429.489911
9008 0 0 0 1621445429.48998
9008 0 0 0 1621445429.490073
9008 0 0 0 1621445429.490198
9008 0 0 0 1621445429.490421
9008 0 0 0 1621445429.490597
9008 0 0 0 1621445429.490729
8992 0 0 0 1621445429.490945
9008 0 0 0 1621445429.491094
8992 0 0 0 1621445429.491226
8992 0 0 0 1621445429.491373
8992 0 0 0 1621445429.491521
8992 0 0 0 1621445429.491679
9008 0 0 0 1621445429.491819
9008 0 0 0 1621445429.491949
9008 0 0 0 1621445429.492127
9008 0 0 0 1621445429.492341
9008 0 0 0 1621445429.492525
9024 0 0 0 1621445429.49266
9024 0 0 0 1621445429.492786
9024 0 0 0 1621445429.492924
8992 0 0 0 1621445429.49305
8992 0 0 0 1621445429.493171
8992 0 0 0 1621445429.493344
9008 0 0 0 1621445429.493485
8992 0 0 0 1621445429.493621
8992 0 0 0 1621445429.493769
8992 0 0 0 1621445429.493923
9008 0 0 0 1621445429.494081
9008 0 0 0 1621445429.494213
9008 0 0 0 1621445429.494328
9024 0 0 0 1621445429.494409
9024 0 0 0 1621445429.494541
9024 0 0 0 1621445429.494681
9040 0 0 0 1621445429.494822
9040 0 0 0 1621445429.494963
9040 0 0 0 1621445429.495097
9040 0 0 0 1621445429.495219
9056 0 0 0 1621445429.495345
9056 0 0 0 1621445429.495471
9040 0 0 0 1621445429.495637
9040 0 0 0 1621445429.495771
9040 0 0 0 1621445429.495904
9040 0 0 0 1621445429.496026
9056 0 0 0 1621445429.496173
9040 0 0 0 1621445429.496302
9040 0 0 0 1621445429.496427
9056 0 0 0 1621445429.496552
9056 0 0 0 1621445429.496689
9056 0 0 0 1621445429.496822
9040 0 0 0 1621445429.496954
9040 0 0 0 1621445429.497083
9024 0 0 0 1621445429.497214
9024 0 0 0 1621445429.497347
9008 0 0 0 1621445429.497469
9008 0 0 0 1621445429.497589
9008 0 0 0 1621445429.497712
9008 0 0 0 1621445429.497829
9008 0 0 0 1621445429.497948
9008 0 0 0 1621445429.498065
8992 0 0 0 1621445429.498186
9008 0 0 0 1621445429.498307
8992 0 0 0 1621445429.498436
8992 0 0 0 1621445429.498565
8992 0 0 0 1621445429.498692
9008 0 0 0 1621445429.49881
9008 0 0 0 1621445429.498936
9008 0 0 0 1621445429.499066
9008 0 0 0 1621445429.499193
9008 0 0 0 1621445429.499321
9024 0 0 0 1621445429.499515
9024 0 0 0 1621445429.499726
9024 0 0 0 1621445429.499939
9008 0 0 0 1621445429.500073
9024 0 0 0 1621445429.500231
9024 0 0 0 1621445429.500354
9008 0 0 0 1621445429.500476
9008 0 0 0 1621445429.500606
9008 0 0 0 1621445429.500738
9008 0 0 0 1621445429.500864
9008 0 0 0 1621445429.500989
9040 0 0 0 1621445429.501121
9040 0 0 0 1621445429.501255
9040 0 0 0 1621445429.501448
9040 0 0 0 1621445429.501574
9040 0 0 0 1621445429.50171
9040 0 0 0 1621445429.501852
9040 0 0 0 1621445429.50197
9040 0 0 0 1621445429.502086
9040 0 0 0 1621445429.502203
9056 0 0 0 1621445429.502323
9056 0 0 0 1621445429.502444
9056 0 0 0 1621445429.502564
9056 0 0 0 1621445429.502688
9056 0 0 0 1621445429.502805
9040 0 0 0 1621445429.502925
9040 0 0 0 1621445429.503051
9040 0 0 0 1621445429.503165
9056 0 0 0 1621445429.503282
9056 0 0 0 1621445429.503393
9040 0 0 0 1621445429.503508
9024 0 0 0 1621445429.503627
9024 0 0 0 1621445429.503752
8976 0 0 0 1621445429.50387
8848 0 0 0 1621445429.503983
8624 0 0 0 1621445429.504121
8608 0 0 0 1621445429.504262
8624 0 0 0 1621445429.504392
8672 0 0 0 1621445429.504521
8752 0 0 0 1621445429.504655
8800 0 0 0 1621445429.504773
8832 0 0 0 1621445429.504889
8832 0 0 0 1621445429.505005
8720 0 0 0 1621445429.505119
8688 0 0 0 1621445429.505222
8576 0 0 0 1621445429.505296
8624 0 0 0 1621445429.50537
8624 0 0 0 1621445429.505522
8688 0 0 0 1621445429.505612
8688 0 0 0 1621445429.505696
8688 0 0 0 1621445429.505777
8736 0 0 0 1621445429.505854
8736 0 0 0 1621445429.505932
8768 0 0 0 1621445429.506013
8816 0 0 0 1621445429.506099
8800 0 0 0 1621445429.506184
8816 0 0 0 1621445429.506272
8832 0 0 0 1621445429.506357
8784 0 0 0 1621445429.506429
8816 0 0 0 1621445429.506506
8832 0 0 0 1621445429.506586
8816 0 0 0 1621445429.50666
8816 0 0 0 1621445429.50673
8800 0 0 0 1621445429.506806
8816 0 0 0 1621445429.506883
8816 0 0 0 1621445429.506957
8816 0 0 0 1621445429.507035
8832 0 0 0 1621445429.507111
8816 0 0 0 1621445429.507187
8816 0 0 0 1621445429.507264
8816 0 0 0 1621445429.507342
8832 0 0 0 1621445429.507423
8816 0 0 0 1621445429.507507
8816 0 0 0 1621445429.507589
8800 0 0 0 1621445429.507663
8800 0 0 0 1621445429.507736
8800 0 0 0 1621445429.507813
8784 0 0 0 1621445429.507893
8800 0 0 0 1621445429.507975
8784 0 0 0 1621445429.508057
8800 0 0 0 1621445429.508164
8784 0 0 0 1621445429.508248
8800 0 0 0 1621445429.508326
8816 0 0 0 1621445429.508403
8816 0 0 0 1621445429.508478
8816 0 0 0 1621445429.508551
8816 0 0 0 1621445429.508619
8832 0 0 0 1621445429.508699
8832 0 0 0 1621445429.50879
8832 0 0 0 1621445429.508867
8832 0 0 0 1621445429.508946
8816 0 0 0 1621445429.509082
8832 0 0 0 1621445429.509164
8848 0 0 0 1621445429.509244
8848 0 0 0 1621445429.509327
8848 0 0 0 1621445429.50941
8832 0 0 0 1621445429.509496
8832 0 0 0 1621445429.509594
8832 0 0 0 1621445429.509674
8832 0 0 0 1621445429.509747
8816 0 0 0 1621445429.509823
8832 0 0 0 1621445429.509902
8832 0 0 0 1621445429.50998
8832 0 0 0 1621445429.510056
8848 0 0 0 1621445429.510144
8832 0 0 0 1621445429.510202
8832 0 0 0 1621445429.510261
8816 0 0 0 1621445429.510322
8832 0 0 0 1621445429.510384
8816 0 0 0 1621445429.510443
8784 0 0 0 1621445429.510502
8768 0 0 0 1621445429.510557
8816 0 0 0 1621445429.51061
8832 0 0 0 1621445429.510664
8864 0 0 0 1621445429.51072
8880 0 0 0 1621445429.510783
8912 0 0 0 1621445429.510847
8912 0 0 0 1621445429.510912
8912 0 0 0 1621445429.510975
8912 0 0 0 1621445429.51104
8912 0 0 0 1621445429.511096
8896 0 0 0 1621445429.51115
8896 0 0 0 1621445429.511208
8896 0 0 0 1621445429.511267
8896 0 0 0 1621445429.511324
8912 0 0 0 1621445429.511489
8912 0 0 0 1621445429.511555
8912 0 0 0 1621445429.511621
8912 0 0 0 1621445429.511683
8912 0 0 0 1621445429.511743
8912 0 0 0 1621445429.511801
8928 0 0 0 1621445429.511864
8928 0 0 0 1621445429.51193
8928 0 0 0 1621445429.512018
8944 0 0 0 1621445429.512071
8944 0 0 0 1621445429.512164
8944 0 0 0 1621445429.512229
8944 0 0 0 1621445429.512287
8928 0 0 0 1621445429.512354
8928 0 0 0 1621445429.51242
8928 0 0 0 1621445429.512491
8928 0 0 0 1621445429.512557
8928 0 0 0 1621445429.512618
8928 0 0 0 1621445429.512676
8928 0 0 0 1621445429.512746
8912 0 0 0 1621445429.512809
8928 0 0 0 1621445429.512872
8928 0 0 0 1621445429.512935
8960 0 0 0 1621445429.512999
8944 0 0 0 1621445429.513063
8944 0 0 0 1621445429.513125
8944 0 0 0 1621445429.513216
8944 0 0 0 1621445429.513298
8944 0 0 0 1621445429.513372
8960 0 0 0 1621445429.513444
8944 0 0 0 1621445429.513488
8960 0 0 0 1621445429.513524
8976 0 0 0 1621445429.513582
8960 0 0 0 1621445429.513647
8976 0 0 0 1621445429.51371
8960 0 0 0 1621445429.513777
8960 0 0 0 1621445429.513842
8976 0 0 0 1621445429.513905
8960 0 0 0 1621445429.513974
8976 0 0 0 1621445429.514034
8960 0 0 0 1621445429.514073
8960 0 0 0 1621445429.514128
8960 0 0 0 1621445429.51419
8960 0 0 0 1621445429.514254
8960 0 0 0 1621445429.514312
8960 0 0 0 1621445429.514396
8960 0 0 0 1621445429.514472
8960 0 0 0 1621445429.514536
8976 0 0 0 1621445429.514603
8992 0 0 0 1621445429.51467
8976 0 0 0 1621445429.514742
8992 0 0 0 1621445429.514847
9008 0 0 0 1621445429.514922
8992 0 0 0 1621445429.514971
9008 0 0 0 1621445429.515011
9008 0 0 0 1621445429.515049
9008 0 0 0 1621445429.515088
9024 0 0 0 1621445429.51513
9024 0 0 0 1621445429.515188
9024 0 0 0 1621445429.515284
9024 0 0 0 1621445429.515348
9024 0 0 0 1621445429.515387
9024 0 0 0 1621445429.515426
9024 0 0 0 1621445429.515477
9024 0 0 0 1621445429.515523
9024 0 0 0 1621445429.515572
9008 0 0 0 1621445429.515611
9008 0 0 0 1621445429.51565
9024 0 0 0 1621445429.515688
9040 0 0 0 1621445429.515738
9024 0 0 0 1621445429.515789
9024 0 0 0 1621445429.515841
9040 0 0 0 1621445429.515896
9024 0 0 0 1621445429.515953
9024 0 0 0 1621445429.515984
9024 0 0 0 1621445429.516011
9024 0 0 0 1621445429.51604
9024 0 0 0 1621445429.516093
9040 0 0 0 1621445429.51614
9040 0 0 0 1621445429.516177
9040 0 0 0 1621445429.516217
9040 0 0 0 1621445429.516255
9040 0 0 0 1621445429.516299
9040 0 0 0 1621445429.51635
9056 0 0 0 1621445429.516398
9072 0 0 0 1621445429.516452
9072 0 0 0 1621445429.516512
9072 0 0 0 1621445429.516555
9072 0 0 0 1621445429.516592
9072 0 0 0 1621445429.516723
9072 0 0 0 1621445429.51678
9072 0 0 0 1621445429.516837
9072 0 0 0 1621445429.516897
9072 0 0 0 1621445429.516955
9088 0 0 0 1621445429.596386
9088 0 0 0 1621445429.70521
9104 0 0 0 1621445429.814118
9104 0 0 0 1621445429.923267
9104 0 0 0 1621445430.03215
9104 0 0 0 1621445430.141083
9088 0 0 0 1621445430.249994
9104 0 0 0 1621445430.358896
9088 0 0 0 1621445430.467887
9088 0 0 0 1621445430.577021
9104 0 0 0 1621445430.685899
9104 0 0 0 1621445430.794876
9104 0 0 0 1621445430.903886
9104 0 0 0 1621445431.012753
9104 0 0 0 1621445431.121757
9104 0 0 0 1621445431.230627
9088 0 0 0 1621445431.339761
9104 0 0 0 1621445431.448688
9088 0 0 0 1621445431.557532
9088 0 0 0 1621445431.666555
9104 0 0 0 1621445431.775631
9104 0 0 0 1621445431.88446
9120 0 0 0 1621445431.993371
9136 0 0 0 1621445432.102469
9072 0 0 0 1621445432.211475
9040 0 0 0 1621445432.320371
8960 0 0 0 1621445432.429444
8928 0 0 0 1621445432.538325
8864 0 0 0 1621445432.647293
8704 0 0 0 1621445432.756387
8112 0 0 0 1621445432.865263
8128 0 0 0 1621445432.974314
8288 0 0 0 1621445433.083167
8320 0 0 0 1621445433.192267
6464 0 0 0 1621445433.301211
5088 0 0 0 1621445433.410199
25632 0 0 0 1621445433.519083
25856 0 0 0 1621445433.628206
25856 0 0 0 1621445433.736998
25872 0 0 0 1621445433.846093
25920 0 0 0 1621445433.954952
25952 0 0 0 1621445434.064023
25952 0 0 0 1621445434.172965
25456 0 0 0 1621445434.281791
21104 0 0 0 1621445434.390906
3888 0 0 0 1621445434.499761
4608 0 0 0 1621445434.608815
5024 0 0 0 1621445434.717844
5136 0 0 0 1621445434.826674
5408 0 0 0 1621445434.935696
5536 0 0 0 1621445435.04468
5712 0 0 0 1621445435.153578
5648 0 0 0 1621445435.262627
5888 0 0 0 1621445435.371641
5936 0 0 0 1621445435.480409
6096 0 0 0 1621445435.589523
6176 0 0 0 1621445435.698531
6224 0 0 0 1621445435.807354
6320 0 0 0 1621445435.916274
6368 0 0 0 1621445436.025273
6464 0 0 0 1621445436.134266
6624 0 0 0 1621445436.243132
6720 0 0 0 1621445436.352254
6768 0 0 0 1621445436.461144
6928 0 0 0 1621445436.570113
6896 0 0 0 1621445436.67908
6832 0 0 0 1621445436.788078
6848 0 0 0 1621445436.896964
6640 0 0 0 1621445437.005907
6592 0 0 0 1621445437.11496
6640 0 0 0 1621445437.224051
6672 0 0 0 1621445437.333083
6608 0 0 0 1621445437.441872
5744 0 0 0 1621445437.550947
24912 0 0 0 1621445437.659872
25952 0 0 0 1621445437.768842
26000 0 0 0 1621445437.877846
25984 0 0 0 1621445437.986843
26032 0 0 0 1621445438.095798
26048 0 0 0 1621445438.204638
26064 0 0 0 1621445438.313638
26048 0 0 0 1621445438.422649
25824 0 0 0 1621445438.531725
22592 0 0 0 1621445438.640533
4528 0 0 0 1621445438.749582
5088 0 0 0 1621445438.858485
5296 0 0 0 1621445438.967539
5536 0 0 0 1621445439.076528
5696 0 0 0 1621445439.185551
5856 0 0 0 1621445439.294245
6016 0 0 0 1621445439.403324
6208 0 0 0 1621445439.512364
6352 0 0 0 1621445439.621342
6480 0 0 0 1621445439.730366
6432 0 0 0 1621445439.839196
6544 0 0 0 1621445439.948267
6512 0 0 0 1621445440.056958
6464 0 0 0 1621445440.166173
6624 0 0 0 1621445440.275152
6576 0 0 0 1621445440.383926
6608 0 0 0 1621445440.49303
6704 0 0 0 1621445440.602039
6752 0 0 0 1621445440.710937
6736 0 0 0 1621445440.819942
6800 0 0 0 1621445440.928948
6768 0 0 0 1621445441.037802
6848 0 0 0 1621445441.146901
6496 0 0 0 1621445441.255748
6528 0 0 0 1621445441.36478
6624 0 0 0 1621445441.473551
6672 0 0 0 1621445441.582817
5696 0 0 0 1621445441.69185
6112 0 0 0 1621445441.800625
25792 0 0 0 1621445441.909694
26016 0 0 0 1621445442.018739
26064 0 0 0 1621445442.127571
26032 0 0 0 1621445442.236546
26080 0 0 0 1621445442.345569
26096 0 0 0 1621445442.454294
26112 0 0 0 1621445442.563535
26064 0 0 0 1621445442.672274
25712 0 0 0 1621445442.781403
4080 0 0 0 1621445442.890417
5008 0 0 0 1621445442.999291
5408 0 0 0 1621445443.108376
5680 0 0 0 1621445443.217366
5904 0 0 0 1621445443.326209
6016 0 0 0 1621445443.4352
6112 0 0 0 1621445443.544141
6208 0 0 0 1621445443.653158
6288 0 0 0 1621445443.762172
6432 0 0 0 1621445443.871163
6352 0 0 0 1621445443.98004
6608 0 0 0 1621445444.08905
6928 0 0 0 1621445444.197993
6832 0 0 0 1621445444.306854
6752 0 0 0 1621445444.415865
6768 0 0 0 1621445444.524723
6768 0 0 0 1621445444.633755
6720 0 0 0 1621445444.742792
6816 0 0 0 1621445444.851808
6768 0 0 0 1621445444.960631
6784 0 0 0 1621445445.069574
6864 0 0 0 1621445445.178677
6736 0 0 0 1621445445.287538
6688 0 0 0 1621445445.396631
6592 0 0 0 1621445445.505404
6592 0 0 0 1621445445.614471
6736 0 0 0 1621445445.723569
6752 0 0 0 1621445445.832409
6064 0 0 0 1621445445.941471
5600 0 0 0 1621445446.05048
25936 0 0 0 1621445446.159516
26048 0 0 0 1621445446.268367
26080 0 0 0 1621445446.377359
26080 0 0 0 1621445446.48635
26112 0 0 0 1621445446.59513
26128 0 0 0 1621445446.704254
26128 0 0 0 1621445446.813276
26032 0 0 0 1621445446.922144
24640 0 0 0 1621445447.031169
4704 0 0 0 1621445447.140264
5344 0 0 0 1621445447.249071
5728 0 0 0 1621445447.358112
5664 0 0 0 1621445447.466975
5728 0 0 0 1621445447.575957
5984 0 0 0 1621445447.684847
6032 0 0 0 1621445447.793933
6288 0 0 0 1621445447.902849
6304 0 0 0 1621445448.01193
6384 0 0 0 1621445448.120806
6464 0 0 0 1621445448.229846
6432 0 0 0 1621445448.338734
6560 0 0 0 1621445448.447634
6656 0 0 0 1621445448.556491
6768 0 0 0 1621445448.665585
6800 0 0 0 1621445448.774612
6800 0 0 0 1621445448.883456
6736 0 0 0 1621445448.992559
6832 0 0 0 1621445449.101402
6848 0 0 0 1621445449.210425
6944 0 0 0 1621445449.319299
7040 0 0 0 1621445449.428356
6992 0 0 0 1621445449.537424
6688 0 0 0 1621445449.646293
6688 0 0 0 1621445449.755346
6704 0 0 0 1621445449.864251
6752 0 0 0 1621445449.973341
6672 0 0 0 1621445450.082191
6256 0 0 0 1621445450.191268
25360 0 0 0 1621445450.300303
26048 0 0 0 1621445450.409152
26096 0 0 0 1621445450.518143
26064 0 0 0 1621445450.626923
26096 0 0 0 1621445450.735985
26112 0 0 0 1621445450.844855
26128 0 0 0 1621445450.954022
26112 0 0 0 1621445451.063016
25984 0 0 0 1621445451.171924
5952 0 0 0 1621445451.280961
4880 0 0 0 1621445451.3899
5344 0 0 0 1621445451.498787
5664 0 0 0 1621445451.607885
5776 0 0 0 1621445451.716718
5936 0 0 0 1621445451.825765
6016 0 0 0 1621445451.934649
6064 0 0 0 1621445452.043626
6144 0 0 0 1621445452.152637
6416 0 0 0 1621445452.261558
6400 0 0 0 1621445452.370621
6576 0 0 0 1621445452.479548
6496 0 0 0 1621445452.5886
6672 0 0 0 1621445452.697254
6576 0 0 0 1621445452.806401
6704 0 0 0 1621445452.915354
6736 0 0 0 1621445453.024265
6848 0 0 0 1621445453.133291
6864 0 0 0 1621445453.242286
6928 0 0 0 1621445453.351246
6864 0 0 0 1621445453.460288
6864 0 0 0 1621445453.569066
6960 0 0 0 1621445453.678045
6928 0 0 0 1621445453.787098
6704 0 0 0 1621445453.895956
6704 0 0 0 1621445454.005036
6784 0 0 0 1621445454.114094
6816 0 0 0 1621445454.223166
5792 0 0 0 1621445454.332139
6288 0 0 0 1621445454.440938
25872 0 0 0 1621445454.549994
26016 0 0 0 1621445454.659003
26064 0 0 0 1621445454.767838
26032 0 0 0 1621445454.876859
26080 0 0 0 1621445454.985707
26096 0 0 0 1621445455.094705
26096 0 0 0 1621445455.203713
26048 0 0 0 1621445455.31278
25680 0 0 0 1621445455.421791
4240 0 0 0 1621445455.530657
4976 0 0 0 1621445455.639729
5552 0 0 0 1621445455.74851
5600 0 0 0 1621445455.857551
5792 0 0 0 1621445455.966568
5968 0 0 0 1621445456.075578
6112 0 0 0 1621445456.184449
6224 0 0 0 1621445456.293429
6400 0 0 0 1621445456.402417
6400 0 0 0 1621445456.511443
6560 0 0 0 1621445456.620364
6576 0 0 0 1621445456.72928
6672 0 0 0 1621445456.838202
6656 0 0 0 1621445456.947034
6688 0 0 0 1621445457.056225
6752 0 0 0 1621445457.165038
6848 0 0 0 1621445457.27407
6784 0 0 0 1621445457.383137
6896 0 0 0 1621445457.492009
6928 0 0 0 1621445457.601043
6960 0 0 0 1621445457.709795
7088 0 0 0 1621445457.81891
7024 0 0 0 1621445457.927725
7008 0 0 0 1621445458.036814
6912 0 0 0 1621445458.145651
6960 0 0 0 1621445458.254719
6976 0 0 0 1621445458.363604
7072 0 0 0 1621445458.472754
6064 0 0 0 1621445458.581806
5888 0 0 0 1621445458.690737
25968 0 0 0 1621445458.799773
25968 0 0 0 1621445458.90858
25920 0 0 0 1621445459.017762
25968 0 0 0 1621445459.126501
26000 0 0 0 1621445459.23544
26032 0 0 0 1621445459.344573
26032 0 0 0 1621445459.453523
25824 0 0 0 1621445459.562522
23904 0 0 0 1621445459.67154
4496 0 0 0 1621445459.780287
5056 0 0 0 1621445459.889405
5408 0 0 0 1621445459.998436
5728 0 0 0 1621445460.10734
5936 0 0 0 1621445460.216371
6128 0 0 0 1621445460.325318
6144 0 0 0 1621445460.434195
6336 0 0 0 1621445460.54333
6384 0 0 0 1621445460.652254
6528 0 0 0 1621445460.761226
6608 0 0 0 1621445460.870067
6704 0 0 0 1621445460.979022
6784 0 0 0 1621445461.087982
6768 0 0 0 1621445461.19682
6784 0 0 0 1621445461.305862
6864 0 0 0 1621445461.414896
6800 0 0 0 1621445461.523748
6944 0 0 0 1621445461.632798
6944 0 0 0 1621445461.741787
6960 0 0 0 1621445461.850619
6992 0 0 0 1621445461.95972
7120 0 0 0 1621445462.068711
6992 0 0 0 1621445462.177627
6944 0 0 0 1621445462.286692
6960 0 0 0 1621445462.395569
7088 0 0 0 1621445462.504518
7040 0 0 0 1621445462.613475
6992 0 0 0 1621445462.722621
6432 0 0 0 1621445462.831481
25488 0 0 0 1621445462.940529
25904 0 0 0 1621445463.049528
25936 0 0 0 1621445463.158392
25904 0 0 0 1621445463.267426
25952 0 0 0 1621445463.376256
25968 0 0 0 1621445463.485194
25984 0 0 0 1621445463.594355
25968 0 0 0 1621445463.70321
25696 0 0 0 1621445463.812263
4192 0 0 0 1621445463.921207
4720 0 0 0 1621445464.030241
5392 0 0 0 1621445464.139112
5648 0 0 0 1621445464.248192
5872 0 0 0 1621445464.357182
5968 0 0 0 1621445464.465951
6224 0 0 0 1621445464.57482
6352 0 0 0 1621445464.683977
6368 0 0 0 1621445464.79304
6512 0 0 0 1621445464.901863
6512 0 0 0 1621445465.010852
6688 0 0 0 1621445465.11979
6704 0 0 0 1621445465.22875
6848 0 0 0 1621445465.337604
6928 0 0 0 1621445465.446661
6960 0 0 0 1621445465.555695
6944 0 0 0 1621445465.664542
6960 0 0 0 1621445465.773615
6976 0 0 0 1621445465.882464
6976 0 0 0 1621445465.991545
6944 0 0 0 1621445466.100588
6992 0 0 0 1621445466.209436
6960 0 0 0 1621445466.318479
6896 0 0 0 1621445466.427442
6864 0 0 0 1621445466.536266
6896 0 0 0 1621445466.645301
6928 0 0 0 1621445466.75434
6976 0 0 0 1621445466.86349
6112 0 0 0 1621445466.972231
6384 0 0 0 1621445467.081315
25776 0 0 0 1621445467.190352
25904 0 0 0 1621445467.299258
25984 0 0 0 1621445467.408263
25984 0 0 0 1621445467.516972
26032 0 0 0 1621445467.626155
26048 0 0 0 1621445467.734913
26048 0 0 0 1621445467.84405
25936 0 0 0 1621445467.953016
25376 0 0 0 1621445468.06211
4656 0 0 0 1621445468.17105
5376 0 0 0 1621445468.279863
5696 0 0 0 1621445468.388879
5952 0 0 0 1621445468.497866
6064 0 0 0 1621445468.606778
6272 0 0 0 1621445468.715774
6432 0 0 0 1621445468.824588
6624 0 0 0 1621445468.93377
6672 0 0 0 1621445469.042707
6640 0 0 0 1621445469.151673
6880 0 0 0 1621445469.260697
6960 0 0 0 1621445469.36957
7056 0 0 0 1621445469.478446
7072 0 0 0 1621445469.587427
7104 0 0 0 1621445469.69841
7168 0 0 0 1621445469.805416
7152 0 0 0 1621445469.914379
7232 0 0 0 1621445470.023173
7312 0 0 0 1621445470.132278
7280 0 0 0 1621445470.241315
7328 0 0 0 1621445470.350228
7296 0 0 0 1621445470.459161
7264 0 0 0 1621445470.568193
7152 0 0 0 1621445470.677098
7136 0 0 0 1621445470.786221
7168 0 0 0 1621445470.894937
7136 0 0 0 1621445471.004078
7200 0 0 0 1621445471.113009
6464 0 0 0 1621445471.222057
8096 0 0 0 1621445471.33111
25856 0 0 0 1621445471.440063
25856 0 0 0 1621445471.54893
25872 0 0 0 1621445471.657904
25920 0 0 0 1621445471.766985
25952 0 0 0 1621445471.875836
25968 0 0 0 1621445471.984653
25984 0 0 0 1621445472.093778
25984 0 0 0 1621445472.202745
26000 0 0 0 1621445472.311772
26000 0 0 0 1621445472.42065
26000 0 0 0 1621445472.529622
26000 0 0 0 1621445472.638702
26016 0 0 0 1621445472.747664
26016 0 0 0 1621445472.856502
