10352 0 0 0 1621444520.717755
10352 0 0 0 1621444520.717984
10368 0 0 0 1621444520.718128
10352 0 0 0 1621444520.718217
10512 0 0 0 1621444520.718294
10512 0 0 0 1621444520.718367
10512 0 0 0 1621444520.718444
10512 0 0 0 1621444520.718583
10512 0 0 0 1621444520.718701
10512 0 0 0 1621444520.718836
10512 0 0 0 1621444520.718925
10512 0 0 0 1621444520.718998
10512 0 0 0 1621444520.719068
10512 0 0 0 1621444520.719137
10528 0 0 0 1621444520.719206
10512 0 0 0 1621444520.719278
10528 0 0 0 1621444520.719346
10512 0 0 0 1621444520.719413
10528 0 0 0 1621444520.719481
10512 0 0 0 1621444520.719549
10528 0 0 0 1621444520.719617
10528 0 0 0 1621444520.719685
10528 0 0 0 1621444520.719754
10528 0 0 0 1621444520.719822
10528 0 0 0 1621444520.71989
10528 0 0 0 1621444520.719958
10528 0 0 0 1621444520.72003
10528 0 0 0 1621444520.720141
10528 0 0 0 1621444520.720279
10528 0 0 0 1621444520.720365
10528 0 0 0 1621444520.72046
10528 0 0 0 1621444520.72059
10528 0 0 0 1621444520.720695
10528 0 0 0 1621444520.720802
10528 0 0 0 1621444520.72092
10528 0 0 0 1621444520.721026
10528 0 0 0 1621444520.721136
10528 0 0 0 1621444520.721251
10528 0 0 0 1621444520.721395
10528 0 0 0 1621444520.721609
10528 0 0 0 1621444520.721714
10528 0 0 0 1621444520.721803
10528 0 0 0 1621444520.721906
10528 0 0 0 1621444520.722003
10528 0 0 0 1621444520.722119
10528 0 0 0 1621444520.72223
10528 0 0 0 1621444520.722353
10528 0 0 0 1621444520.722475
10528 0 0 0 1621444520.722595
10528 0 0 0 1621444520.722732
10528 0 0 0 1621444520.722862
10528 0 0 0 1621444520.722995
10528 0 0 0 1621444520.7231
10544 0 0 0 1621444520.723189
10528 0 0 0 1621444520.723326
10528 0 0 0 1621444520.723461
10528 0 0 0 1621444520.723578
10544 0 0 0 1621444520.723692
10544 0 0 0 1621444520.723801
10544 0 0 0 1621444520.7239
10544 0 0 0 1621444520.723977
10544 0 0 0 1621444520.724131
10544 0 0 0 1621444520.724274
10544 0 0 0 1621444520.72441
10544 0 0 0 1621444520.724506
10544 0 0 0 1621444520.724594
10544 0 0 0 1621444520.724689
10544 0 0 0 1621444520.724779
10544 0 0 0 1621444520.7249
10544 0 0 0 1621444520.725006
10544 0 0 0 1621444520.725084
10544 0 0 0 1621444520.725178
10544 0 0 0 1621444520.72527
10544 0 0 0 1621444520.725356
10544 0 0 0 1621444520.72545
10544 0 0 0 1621444520.725551
10544 0 0 0 1621444520.725674
10544 0 0 0 1621444520.725791
10544 0 0 0 1621444520.725904
10544 0 0 0 1621444520.725997
10544 0 0 0 1621444520.726109
10544 0 0 0 1621444520.726205
10544 0 0 0 1621444520.726279
10544 0 0 0 1621444520.72636
10544 0 0 0 1621444520.726452
10544 0 0 0 1621444520.726537
10544 0 0 0 1621444520.726643
10544 0 0 0 1621444520.726751
10544 0 0 0 1621444520.726829
10544 0 0 0 1621444520.72693
10544 0 0 0 1621444520.727042
10544 0 0 0 1621444520.727119
10544 0 0 0 1621444520.727227
10544 0 0 0 1621444520.727345
10544 0 0 0 1621444520.727464
10544 0 0 0 1621444520.727582
10544 0 0 0 1621444520.727662
10544 0 0 0 1621444520.727747
10544 0 0 0 1621444520.727858
10544 0 0 0 1621444520.727964
10544 0 0 0 1621444520.728073
10544 0 0 0 1621444520.728286
10544 0 0 0 1621444520.728464
10544 0 0 0 1621444520.728625
10560 0 0 0 1621444520.728802
10560 0 0 0 1621444520.728966
10560 0 0 0 1621444520.729157
10560 0 0 0 1621444520.729302
10544 0 0 0 1621444520.729441
10560 0 0 0 1621444520.72956
10544 0 0 0 1621444520.729646
10560 0 0 0 1621444520.729725
10560 0 0 0 1621444520.729806
10560 0 0 0 1621444520.729898
10544 0 0 0 1621444520.730055
10560 0 0 0 1621444520.73015
10560 0 0 0 1621444520.730226
10560 0 0 0 1621444520.73031
10560 0 0 0 1621444520.730427
10544 0 0 0 1621444520.730512
10560 0 0 0 1621444520.730623
10544 0 0 0 1621444520.730745
10560 0 0 0 1621444520.730864
10560 0 0 0 1621444520.730981
10560 0 0 0 1621444520.731101
10544 0 0 0 1621444520.73119
10544 0 0 0 1621444520.731268
10544 0 0 0 1621444520.731381
10544 0 0 0 1621444520.731496
10544 0 0 0 1621444520.731613
10544 0 0 0 1621444520.731695
10544 0 0 0 1621444520.731771
10544 0 0 0 1621444520.731856
10544 0 0 0 1621444520.731967
10544 0 0 0 1621444520.732048
10544 0 0 0 1621444520.732343
10544 0 0 0 1621444520.732502
10544 0 0 0 1621444520.732681
10544 0 0 0 1621444520.732844
10544 0 0 0 1621444520.732957
10544 0 0 0 1621444520.73308
10544 0 0 0 1621444520.733188
10560 0 0 0 1621444520.733323
10544 0 0 0 1621444520.733418
10560 0 0 0 1621444520.733504
10544 0 0 0 1621444520.733646
10560 0 0 0 1621444520.73374
10560 0 0 0 1621444520.733824
17072 0 0 0 1621444520.733915
22944 0 0 0 1621444520.734035
22784 0 0 0 1621444520.734132
22560 0 0 0 1621444520.73421
21984 0 0 0 1621444520.734295
20480 0 0 0 1621444520.734369
20224 0 0 0 1621444520.734459
20496 0 0 0 1621444520.734537
19744 0 0 0 1621444520.734614
19216 0 0 0 1621444520.734689
17984 0 0 0 1621444520.734766
14448 0 0 0 1621444520.734863
13968 0 0 0 1621444520.73496
12544 0 0 0 1621444520.735041
11776 0 0 0 1621444520.73512
10336 0 0 0 1621444520.735215
10688 0 0 0 1621444520.735331
10544 0 0 0 1621444520.735424
9168 0 0 0 1621444520.735503
9408 0 0 0 1621444520.735615
8640 0 0 0 1621444520.735701
7312 0 0 0 1621444520.735777
7568 0 0 0 1621444520.735853
7616 0 0 0 1621444520.73593
7904 0 0 0 1621444520.736007
7984 0 0 0 1621444520.736491
8480 0 0 0 1621444520.736675
8240 0 0 0 1621444520.736803
8336 0 0 0 1621444520.736931
8256 0 0 0 1621444520.737061
8272 0 0 0 1621444520.737194
8304 0 0 0 1621444520.737337
8416 0 0 0 1621444520.737464
8464 0 0 0 1621444520.737583
8512 0 0 0 1621444520.737721
8272 0 0 0 1621444520.73785
8432 0 0 0 1621444520.737975
9136 0 0 0 1621444520.738095
8688 0 0 0 1621444520.738289
8656 0 0 0 1621444520.738494
8656 0 0 0 1621444520.738621
8576 0 0 0 1621444520.73875
8672 0 0 0 1621444520.738854
8672 0 0 0 1621444520.738937
8960 0 0 0 1621444520.739063
9216 0 0 0 1621444520.739192
9280 0 0 0 1621444520.739286
9328 0 0 0 1621444520.739464
9440 0 0 0 1621444520.739671
9520 0 0 0 1621444520.739941
9536 0 0 0 1621444520.740268
9616 0 0 0 1621444520.740486
9552 0 0 0 1621444520.740651
9616 0 0 0 1621444520.740848
9648 0 0 0 1621444520.741015
9328 0 0 0 1621444520.741152
9328 0 0 0 1621444520.741398
9360 0 0 0 1621444520.741546
9536 0 0 0 1621444520.741678
9584 0 0 0 1621444520.741815
9536 0 0 0 1621444520.74195
9552 0 0 0 1621444520.742081
9536 0 0 0 1621444520.74221
9584 0 0 0 1621444520.742345
9584 0 0 0 1621444520.742475
9552 0 0 0 1621444520.742609
9520 0 0 0 1621444520.742736
9536 0 0 0 1621444520.742871
9504 0 0 0 1621444520.742989
9472 0 0 0 1621444520.743116
9520 0 0 0 1621444520.74325
9584 0 0 0 1621444520.743385
9488 0 0 0 1621444520.74351
9568 0 0 0 1621444520.743597
9552 0 0 0 1621444520.743675
9568 0 0 0 1621444520.743752
9600 0 0 0 1621444520.743829
9600 0 0 0 1621444520.7439
9616 0 0 0 1621444520.743979
9648 0 0 0 1621444520.744058
9616 0 0 0 1621444520.744183
9632 0 0 0 1621444520.744265
9600 0 0 0 1621444520.744341
9632 0 0 0 1621444520.744416
9648 0 0 0 1621444520.744503
9680 0 0 0 1621444520.744583
9712 0 0 0 1621444520.744665
9696 0 0 0 1621444520.744742
9728 0 0 0 1621444520.744818
9680 0 0 0 1621444520.744899
9712 0 0 0 1621444520.74498
9680 0 0 0 1621444520.745058
8944 0 0 0 1621444520.745152
6528 0 0 0 1621444520.745254
6800 0 0 0 1621444520.745371
7008 0 0 0 1621444520.7455
7200 0 0 0 1621444520.745596
7376 0 0 0 1621444520.745691
7360 0 0 0 1621444520.745784
7312 0 0 0 1621444520.745872
7488 0 0 0 1621444520.745956
7632 0 0 0 1621444520.746032
7712 0 0 0 1621444520.746108
7744 0 0 0 1621444520.746182
7776 0 0 0 1621444520.746258
7840 0 0 0 1621444520.746346
7904 0 0 0 1621444520.746447
7952 0 0 0 1621444520.746525
8048 0 0 0 1621444520.746606
7904 0 0 0 1621444520.746693
7984 0 0 0 1621444520.746779
8000 0 0 0 1621444520.746863
8048 0 0 0 1621444520.746959
8096 0 0 0 1621444520.747051
8128 0 0 0 1621444520.747166
8064 0 0 0 1621444520.747277
8032 0 0 0 1621444520.74735
8080 0 0 0 1621444520.747419
8208 0 0 0 1621444520.747486
8304 0 0 0 1621444520.747576
8224 0 0 0 1621444520.74767
8144 0 0 0 1621444520.747765
8208 0 0 0 1621444520.747857
8240 0 0 0 1621444520.747965
8368 0 0 0 1621444520.748066
8272 0 0 0 1621444520.748187
8368 0 0 0 1621444520.748297
8352 0 0 0 1621444520.748391
8240 0 0 0 1621444520.7485
8288 0 0 0 1621444520.748609
8304 0 0 0 1621444520.748716
8400 0 0 0 1621444520.748994
8368 0 0 0 1621444520.749112
8448 0 0 0 1621444520.749205
8464 0 0 0 1621444520.749298
8400 0 0 0 1621444520.749392
8336 0 0 0 1621444520.749509
8272 0 0 0 1621444520.74963
8256 0 0 0 1621444520.749738
8224 0 0 0 1621444520.749831
8256 0 0 0 1621444520.749924
8224 0 0 0 1621444520.75003
8368 0 0 0 1621444520.750132
8336 0 0 0 1621444520.750252
8368 0 0 0 1621444520.750347
8384 0 0 0 1621444520.75044
8480 0 0 0 1621444520.750533
8480 0 0 0 1621444520.750627
8384 0 0 0 1621444520.750717
8528 0 0 0 1621444520.750808
8544 0 0 0 1621444520.750903
8528 0 0 0 1621444520.750993
8496 0 0 0 1621444520.751088
8512 0 0 0 1621444520.751183
8464 0 0 0 1621444520.751315
8416 0 0 0 1621444520.75146
8400 0 0 0 1621444520.751604
8432 0 0 0 1621444520.751749
8432 0 0 0 1621444520.751901
8448 0 0 0 1621444520.752043
8448 0 0 0 1621444520.752217
8448 0 0 0 1621444520.752361
8480 0 0 0 1621444520.752498
8496 0 0 0 1621444520.752686
8560 0 0 0 1621444520.752863
8544 0 0 0 1621444520.753106
8544 0 0 0 1621444520.753316
8576 0 0 0 1621444520.753486
8624 0 0 0 1621444520.753641
8672 0 0 0 1621444520.753809
8688 0 0 0 1621444520.754003
8720 0 0 0 1621444520.754252
8640 0 0 0 1621444520.754459
8592 0 0 0 1621444520.754695
8624 0 0 0 1621444520.754917
8592 0 0 0 1621444520.75517
8656 0 0 0 1621444520.755312
8688 0 0 0 1621444520.755389
8752 0 0 0 1621444520.755462
8688 0 0 0 1621444520.75555
8720 0 0 0 1621444520.755641
8752 0 0 0 1621444520.755727
8720 0 0 0 1621444520.755811
8720 0 0 0 1621444520.755904
8752 0 0 0 1621444520.75599
8736 0 0 0 1621444520.756076
8736 0 0 0 1621444520.756195
8704 0 0 0 1621444520.756329
8720 0 0 0 1621444520.756444
8704 0 0 0 1621444520.756556
8752 0 0 0 1621444520.756663
8768 0 0 0 1621444520.756768
8784 0 0 0 1621444520.756881
8720 0 0 0 1621444520.757016
8736 0 0 0 1621444520.757225
8768 0 0 0 1621444520.757322
8784 0 0 0 1621444520.757415
8768 0 0 0 1621444520.757502
8768 0 0 0 1621444520.757594
8816 0 0 0 1621444520.757686
8800 0 0 0 1621444520.757777
8832 0 0 0 1621444520.757862
8848 0 0 0 1621444520.75795
8880 0 0 0 1621444520.75802
8864 0 0 0 1621444520.758074
8832 0 0 0 1621444520.758127
8848 0 0 0 1621444520.758178
8832 0 0 0 1621444520.758233
8816 0 0 0 1621444520.75829
8816 0 0 0 1621444520.758353
8800 0 0 0 1621444520.758419
8784 0 0 0 1621444520.758484
8816 0 0 0 1621444520.758547
8768 0 0 0 1621444520.758612
8784 0 0 0 1621444520.758673
8848 0 0 0 1621444520.758739
8848 0 0 0 1621444520.758804
8800 0 0 0 1621444520.758866
8832 0 0 0 1621444520.758929
8832 0 0 0 1621444520.758982
8816 0 0 0 1621444520.759039
8800 0 0 0 1621444520.759123
8832 0 0 0 1621444520.759181
8896 0 0 0 1621444520.759233
8864 0 0 0 1621444520.759285
8848 0 0 0 1621444520.75934
8880 0 0 0 1621444520.759396
8880 0 0 0 1621444520.759448
8912 0 0 0 1621444520.759501
8896 0 0 0 1621444520.759556
8944 0 0 0 1621444520.759619
8944 0 0 0 1621444520.759687
8960 0 0 0 1621444520.759749
8928 0 0 0 1621444520.759806
8912 0 0 0 1621444520.759866
8960 0 0 0 1621444520.759934
8976 0 0 0 1621444520.759995
8992 0 0 0 1621444520.760052
9024 0 0 0 1621444520.760144
9024 0 0 0 1621444520.760232
9008 0 0 0 1621444520.760324
9024 0 0 0 1621444520.760417
8976 0 0 0 1621444520.802712
9008 0 0 0 1621444520.9116
8992 0 0 0 1621444521.020691
8992 0 0 0 1621444521.129692
8976 0 0 0 1621444521.238591
9024 0 0 0 1621444521.347636
9024 0 0 0 1621444521.45665
9040 0 0 0 1621444521.565507
9040 0 0 0 1621444521.674493
9024 0 0 0 1621444521.783322
8992 0 0 0 1621444521.89236
9056 0 0 0 1621444522.001399
9040 0 0 0 1621444522.11044
9024 0 0 0 1621444522.219284
9040 0 0 0 1621444522.328266
9056 0 0 0 1621444522.437283
9072 0 0 0 1621444522.546333
9088 0 0 0 1621444522.655276
9104 0 0 0 1621444522.764207
9136 0 0 0 1621444522.873044
9088 0 0 0 1621444522.982114
9136 0 0 0 1621444523.090982
9152 0 0 0 1621444523.199999
9168 0 0 0 1621444523.309013
9184 0 0 0 1621444523.418067
9200 0 0 0 1621444523.526953
9184 0 0 0 1621444523.635901
9168 0 0 0 1621444523.744928
9136 0 0 0 1621444523.853885
9136 0 0 0 1621444523.96272
9104 0 0 0 1621444524.071769
9136 0 0 0 1621444524.180744
9120 0 0 0 1621444524.289778
9104 0 0 0 1621444524.398666
9088 0 0 0 1621444524.507653
9120 0 0 0 1621444524.616697
9120 0 0 0 1621444524.725575
9120 0 0 0 1621444524.8345
9104 0 0 0 1621444524.943539
9120 0 0 0 1621444525.052486
9120 0 0 0 1621444525.161533
9136 0 0 0 1621444525.270352
9104 0 0 0 1621444525.379455
9088 0 0 0 1621444525.48832
9136 0 0 0 1621444525.597332
9104 0 0 0 1621444525.706231
9088 0 0 0 1621444525.815373
9072 0 0 0 1621444525.924204
9072 0 0 0 1621444526.033172
9104 0 0 0 1621444526.142305
9120 0 0 0 1621444526.251099
9120 0 0 0 1621444526.360147
9136 0 0 0 1621444526.469199
9120 0 0 0 1621444526.578077
9136 0 0 0 1621444526.686977
9168 0 0 0 1621444526.795973
9200 0 0 0 1621444526.904947
9200 0 0 0 1621444527.014737
9200 0 0 0 1621444527.123005
9216 0 0 0 1621444527.232072
9184 0 0 0 1621444527.340928
9200 0 0 0 1621444527.449836
9216 0 0 0 1621444527.558873
9200 0 0 0 1621444527.66768
9200 0 0 0 1621444527.776762
9152 0 0 0 1621444527.885755
9200 0 0 0 1621444527.994624
9200 0 0 0 1621444528.103632
9216 0 0 0 1621444528.212553
9216 0 0 0 1621444528.321538
10016 0 0 0 1621444528.43056
17248 0 0 0 1621444528.539457
20400 0 0 0 1621444528.648501
10624 0 0 0 1621444528.757539
8560 0 0 0 1621444528.8664
8880 0 0 0 1621444528.975431
8864 0 0 0 1621444529.08454
8944 0 0 0 1621444529.193375
8960 0 0 0 1621444529.302342
8928 0 0 0 1621444529.411101
9056 0 0 0 1621444529.520175
9008 0 0 0 1621444529.629317
9024 0 0 0 1621444529.738089
9056 0 0 0 1621444529.847119
9040 0 0 0 1621444529.955988
9088 0 0 0 1621444530.065031
9104 0 0 0 1621444530.1741
9104 0 0 0 1621444530.282885
9104 0 0 0 1621444530.39199
9136 0 0 0 1621444530.500965
9120 0 0 0 1621444530.609893
9168 0 0 0 1621444530.718908
9152 0 0 0 1621444530.827767
9152 0 0 0 1621444530.936855
9168 0 0 0 1621444531.045683
9168 0 0 0 1621444531.154718
9184 0 0 0 1621444531.264078
9216 0 0 0 1621444531.372528
9216 0 0 0 1621444531.481561
9232 0 0 0 1621444531.590677
9264 0 0 0 1621444531.699506
9248 0 0 0 1621444531.808623
9248 0 0 0 1621444531.917556
9264 0 0 0 1621444532.02648
9264 0 0 0 1621444532.135482
9296 0 0 0 1621444532.244338
9296 0 0 0 1621444532.353272
9280 0 0 0 1621444532.462306
9280 0 0 0 1621444532.571403
9280 0 0 0 1621444532.680268
9296 0 0 0 1621444532.789183
9280 0 0 0 1621444532.898301
9296 0 0 0 1621444533.007115
9328 0 0 0 1621444533.116198
9312 0 0 0 1621444533.225068
9296 0 0 0 1621444533.334184
9312 0 0 0 1621444533.443096
9328 0 0 0 1621444533.55195
9344 0 0 0 1621444533.661024
9344 0 0 0 1621444533.769914
9344 0 0 0 1621444533.878917
9328 0 0 0 1621444533.987963
9328 0 0 0 1621444534.096774
9344 0 0 0 1621444534.205864
9344 0 0 0 1621444534.314857
9328 0 0 0 1621444534.423609
9344 0 0 0 1621444534.53276
9344 0 0 0 1621444534.641742
9328 0 0 0 1621444534.750609
9344 0 0 0 1621444534.85962
9328 0 0 0 1621444534.968618
9312 0 0 0 1621444535.077666
9296 0 0 0 1621444535.186454
9328 0 0 0 1621444535.295492
9296 0 0 0 1621444535.404561
9312 0 0 0 1621444535.513327
9312 0 0 0 1621444535.622455
9296 0 0 0 1621444535.731294
9328 0 0 0 1621444535.840325
9328 0 0 0 1621444535.949384
9344 0 0 0 1621444536.058263
9376 0 0 0 1621444536.167315
9344 0 0 0 1621444536.276174
9344 0 0 0 1621444536.385232
9360 0 0 0 1621444536.494206
9376 0 0 0 1621444536.603009
9376 0 0 0 1621444536.712043
9392 0 0 0 1621444536.821115
9376 0 0 0 1621444536.930051
9392 0 0 0 1621444537.038939
9408 0 0 0 1621444537.147917
9408 0 0 0 1621444537.256965
9392 0 0 0 1621444537.36592
9440 0 0 0 1621444537.474764
9424 0 0 0 1621444537.583747
9424 0 0 0 1621444537.69282
9440 0 0 0 1621444537.80188
9440 0 0 0 1621444537.910651
9440 0 0 0 1621444538.0197
9408 0 0 0 1621444538.128685
9440 0 0 0 1621444538.237669
9424 0 0 0 1621444538.346678
9424 0 0 0 1621444538.45571
9424 0 0 0 1621444538.564501
9424 0 0 0 1621444538.673571
9568 0 0 0 1621444538.782602
16464 0 0 0 1621444538.891386
22608 0 0 0 1621444539.000447
23040 0 0 0 1621444539.109471
8688 0 0 0 1621444539.21855
8960 0 0 0 1621444539.327337
9040 0 0 0 1621444539.436417
9072 0 0 0 1621444539.545329
9136 0 0 0 1621444539.654185
9184 0 0 0 1621444539.763321
9248 0 0 0 1621444539.872182
9216 0 0 0 1621444539.981135
9248 0 0 0 1621444540.090126
9248 0 0 0 1621444540.198994
9264 0 0 0 1621444540.308004
9280 0 0 0 1621444540.416942
9312 0 0 0 1621444540.525826
9296 0 0 0 1621444540.634931
9296 0 0 0 1621444540.743967
9312 0 0 0 1621444540.852808
9328 0 0 0 1621444540.961885
9328 0 0 0 1621444541.070752
9360 0 0 0 1621444541.179741
9392 0 0 0 1621444541.288821
9392 0 0 0 1621444541.397652
9376 0 0 0 1621444541.506728
9408 0 0 0 1621444541.615704
9408 0 0 0 1621444541.726111
9440 0 0 0 1621444541.833524
9456 0 0 0 1621444541.942506
9472 0 0 0 1621444542.051528
9472 0 0 0 1621444542.16047
9472 0 0 0 1621444542.269496
9472 0 0 0 1621444542.378358
9472 0 0 0 1621444542.487329
9504 0 0 0 1621444542.59641
9520 0 0 0 1621444542.70539
9520 0 0 0 1621444542.814256
9536 0 0 0 1621444542.923257
9536 0 0 0 1621444543.032313
9520 0 0 0 1621444543.141167
9536 0 0 0 1621444543.250237
9552 0 0 0 1621444543.359093
9568 0 0 0 1621444543.468067
9584 0 0 0 1621444543.577164
9584 0 0 0 1621444543.686008
9552 0 0 0 1621444543.795008
9584 0 0 0 1621444543.903902
9568 0 0 0 1621444544.012938
9552 0 0 0 1621444544.121869
9552 0 0 0 1621444544.230897
9568 0 0 0 1621444544.339894
9568 0 0 0 1621444544.44875
9552 0 0 0 1621444544.557861
9568 0 0 0 1621444544.666674
9568 0 0 0 1621444544.775734
9568 0 0 0 1621444544.884756
9568 0 0 0 1621444544.993697
9552 0 0 0 1621444545.102726
9568 0 0 0 1621444545.211542
9568 0 0 0 1621444545.320609
9552 0 0 0 1621444545.429601
9552 0 0 0 1621444545.538509
9552 0 0 0 1621444545.647497
9552 0 0 0 1621444545.756377
9584 0 0 0 1621444545.865328
9600 0 0 0 1621444545.974385
9600 0 0 0 1621444546.083208
9616 0 0 0 1621444546.192336
9616 0 0 0 1621444546.301333
9616 0 0 0 1621444546.410204
9600 0 0 0 1621444546.519237
9600 0 0 0 1621444546.628258
9616 0 0 0 1621444546.737094
9616 0 0 0 1621444546.846163
9616 0 0 0 1621444546.955023
9616 0 0 0 1621444547.064031
9616 0 0 0 1621444547.1731
9616 0 0 0 1621444547.281961
9600 0 0 0 1621444547.390922
9632 0 0 0 1621444547.499908
9632 0 0 0 1621444547.608963
9632 0 0 0 1621444547.717806
9632 0 0 0 1621444547.826897
9648 0 0 0 1621444547.935862
9648 0 0 0 1621444548.045255
9632 0 0 0 1621444548.153804
9632 0 0 0 1621444548.262672
9648 0 0 0 1621444548.371721
9664 0 0 0 1621444548.480616
9648 0 0 0 1621444548.589628
9664 0 0 0 1621444548.698614
9664 0 0 0 1621444548.807534
9680 0 0 0 1621444548.916603
9664 0 0 0 1621444549.025442
9664 0 0 0 1621444549.134518
10864 0 0 0 1621444549.243316
19024 0 0 0 1621444549.35241
21968 0 0 0 1621444549.461361
22192 0 0 0 1621444549.570365
8864 0 0 0 1621444549.679434
8992 0 0 0 1621444549.788406
9152 0 0 0 1621444549.897349
9248 0 0 0 1621444550.006367
9264 0 0 0 1621444550.11511
9312 0 0 0 1621444550.224208
9344 0 0 0 1621444550.333111
9376 0 0 0 1621444550.441956
9392 0 0 0 1621444550.551062
9440 0 0 0 1621444550.660052
9456 0 0 0 1621444550.768875
9488 0 0 0 1621444550.877894
9488 0 0 0 1621444550.986926
9520 0 0 0 1621444551.095931
9520 0 0 0 1621444551.204938
9520 0 0 0 1621444551.313774
9536 0 0 0 1621444551.422689
9552 0 0 0 1621444551.531705
9552 0 0 0 1621444551.640796
9584 0 0 0 1621444551.749604
9600 0 0 0 1621444551.858644
9600 0 0 0 1621444551.967645
9584 0 0 0 1621444552.076454
9584 0 0 0 1621444552.185453
9600 0 0 0 1621444552.294575
9584 0 0 0 1621444552.403589
9616 0 0 0 1621444552.512498
9616 0 0 0 1621444552.621391
9632 0 0 0 1621444552.730483
9648 0 0 0 1621444552.839432
9648 0 0 0 1621444552.948247
9632 0 0 0 1621444553.057282
9616 0 0 0 1621444553.166264
9616 0 0 0 1621444553.275248
9616 0 0 0 1621444553.384166
9616 0 0 0 1621444553.493192
9632 0 0 0 1621444553.602172
9616 0 0 0 1621444553.711048
9632 0 0 0 1621444553.820133
9648 0 0 0 1621444553.929172
9632 0 0 0 1621444554.037968
9648 0 0 0 1621444554.147012
9632 0 0 0 1621444554.255854
9648 0 0 0 1621444554.364972
9632 0 0 0 1621444554.473757
9648 0 0 0 1621444554.582801
9648 0 0 0 1621444554.691818
9680 0 0 0 1621444554.80071
9680 0 0 0 1621444554.90976
9680 0 0 0 1621444555.018639
9680 0 0 0 1621444555.127709
9680 0 0 0 1621444555.236585
9680 0 0 0 1621444555.345644
9680 0 0 0 1621444555.454657
9680 0 0 0 1621444555.563508
9680 0 0 0 1621444555.672509
9680 0 0 0 1621444555.781416
9680 0 0 0 1621444555.890485
9664 0 0 0 1621444555.999577
9696 0 0 0 1621444556.108361
9696 0 0 0 1621444556.217381
9696 0 0 0 1621444556.326428
9696 0 0 0 1621444556.435164
9696 0 0 0 1621444556.54429
9696 0 0 0 1621444556.653252
9696 0 0 0 1621444556.762284
9728 0 0 0 1621444556.871238
9728 0 0 0 1621444556.980264
9744 0 0 0 1621444557.089095
9744 0 0 0 1621444557.198059
9744 0 0 0 1621444557.307093
9744 0 0 0 1621444557.416138
9744 0 0 0 1621444557.524925
9712 0 0 0 1621444557.634029
9712 0 0 0 1621444557.742904
9728 0 0 0 1621444557.851741
9744 0 0 0 1621444557.960847
9744 0 0 0 1621444558.069844
9744 0 0 0 1621444558.178753
9744 0 0 0 1621444558.287746
9744 0 0 0 1621444558.396771
9744 0 0 0 1621444558.505784
9744 0 0 0 1621444558.614652
9744 0 0 0 1621444558.723642
9760 0 0 0 1621444558.832719
9744 0 0 0 1621444558.941521
9744 0 0 0 1621444559.050547
9760 0 0 0 1621444559.159574
9760 0 0 0 1621444559.268435
9760 0 0 0 1621444559.377422
9760 0 0 0 1621444559.486487
9776 0 0 0 1621444559.595451
16032 0 0 0 1621444559.704585
19888 0 0 0 1621444559.813375
20080 0 0 0 1621444559.922364
8768 0 0 0 1621444560.031377
9040 0 0 0 1621444560.14026
9216 0 0 0 1621444560.249363
9312 0 0 0 1621444560.35827
9360 0 0 0 1621444560.467367
9440 0 0 0 1621444560.576209
9408 0 0 0 1621444560.685173
9408 0 0 0 1621444560.794004
9456 0 0 0 1621444560.902992
9472 0 0 0 1621444561.012129
9472 0 0 0 1621444561.120879
9504 0 0 0 1621444561.229896
9504 0 0 0 1621444561.338927
9552 0 0 0 1621444561.447741
9568 0 0 0 1621444561.556807
9600 0 0 0 1621444561.66581
9600 0 0 0 1621444561.774822
9584 0 0 0 1621444561.883648
9616 0 0 0 1621444561.992692
9616 0 0 0 1621444562.101698
9616 0 0 0 1621444562.210656
9632 0 0 0 1621444562.319573
9616 0 0 0 1621444562.4285
9632 0 0 0 1621444562.537483
9632 0 0 0 1621444562.646484
9616 0 0 0 1621444562.755428
9616 0 0 0 1621444562.864462
9632 0 0 0 1621444562.97349
9616 0 0 0 1621444563.082323
9632 0 0 0 1621444563.191387
9632 0 0 0 1621444563.300441
9632 0 0 0 1621444563.409236
9648 0 0 0 1621444563.518259
9632 0 0 0 1621444563.627267
9648 0 0 0 1621444563.736139
9664 0 0 0 1621444563.845113
9664 0 0 0 1621444563.95409
9664 0 0 0 1621444564.063123
9680 0 0 0 1621444564.171927
9696 0 0 0 1621444564.281089
9696 0 0 0 1621444564.38992
9696 0 0 0 1621444564.498862
9696 0 0 0 1621444564.607825
9712 0 0 0 1621444564.716907
9712 0 0 0 1621444564.825893
9728 0 0 0 1621444564.934785
9728 0 0 0 1621444565.043772
9744 0 0 0 1621444565.15282
9744 0 0 0 1621444565.261721
9744 0 0 0 1621444565.370756
9760 0 0 0 1621444565.479734
9776 0 0 0 1621444565.588533
9776 0 0 0 1621444565.697568
9776 0 0 0 1621444565.806562
9760 0 0 0 1621444565.915472
9776 0 0 0 1621444566.024487
9760 0 0 0 1621444566.133483
9776 0 0 0 1621444566.242495
9776 0 0 0 1621444566.351349
9776 0 0 0 1621444566.460352
9760 0 0 0 1621444566.569424
9792 0 0 0 1621444566.678214
9776 0 0 0 1621444566.78726
9776 0 0 0 1621444566.896151
9776 0 0 0 1621444567.005185
9776 0 0 0 1621444567.114322
9792 0 0 0 1621444567.223091
9792 0 0 0 1621444567.332205
9776 0 0 0 1621444567.440988
9792 0 0 0 1621444567.549997
9808 0 0 0 1621444567.659177
9808 0 0 0 1621444567.767912
9808 0 0 0 1621444567.877026
9808 0 0 0 1621444567.985981
9808 0 0 0 1621444568.094865
9824 0 0 0 1621444568.20387
9840 0 0 0 1621444568.312745
9824 0 0 0 1621444568.421849
9824 0 0 0 1621444568.531218
9824 0 0 0 1621444568.639735
9840 0 0 0 1621444568.74879
9840 0 0 0 1621444568.857569
9824 0 0 0 1621444568.966641
9824 0 0 0 1621444569.075727
9840 0 0 0 1621444569.184519
9840 0 0 0 1621444569.293566
9840 0 0 0 1621444569.402578
9856 0 0 0 1621444569.511468
9856 0 0 0 1621444569.620472
9856 0 0 0 1621444569.729316
9856 0 0 0 1621444569.838465
9872 0 0 0 1621444569.947425
9856 0 0 0 1621444570.056351
9856 0 0 0 1621444570.165309
9824 0 0 0 1621444570.274208
19088 0 0 0 1621444570.383245
20432 0 0 0 1621444570.4923
7936 0 0 0 1621444570.601165
8784 0 0 0 1621444570.710373
9056 0 0 0 1621444570.819148
9136 0 0 0 1621444570.928245
9168 0 0 0 1621444571.037081
9216 0 0 0 1621444571.146145
9280 0 0 0 1621444571.254877
9344 0 0 0 1621444571.363926
9328 0 0 0 1621444571.472866
9360 0 0 0 1621444571.581861
9392 0 0 0 1621444571.690887
9440 0 0 0 1621444571.799713
9472 0 0 0 1621444571.908746
9488 0 0 0 1621444572.017793
9504 0 0 0 1621444572.12661
9504 0 0 0 1621444572.235663
9520 0 0 0 1621444572.344717
9568 0 0 0 1621444572.453568
9568 0 0 0 1621444572.56262
9584 0 0 0 1621444572.671416
9600 0 0 0 1621444572.780583
9616 0 0 0 1621444572.889537
9584 0 0 0 1621444572.998314
9584 0 0 0 1621444573.107395
9600 0 0 0 1621444573.21643
9616 0 0 0 1621444573.325431
9616 0 0 0 1621444573.434442
9616 0 0 0 1621444573.543282
9616 0 0 0 1621444573.652256
9616 0 0 0 1621444573.761114
9616 0 0 0 1621444573.87013
9616 0 0 0 1621444573.97921
9648 0 0 0 1621444574.088222
9648 0 0 0 1621444574.197127
9648 0 0 0 1621444574.306149
9648 0 0 0 1621444574.41491
9648 0 0 0 1621444574.523885
9680 0 0 0 1621444574.632935
9680 0 0 0 1621444574.74196
9680 0 0 0 1621444574.850969
9664 0 0 0 1621444574.959814
9680 0 0 0 1621444575.068856
9696 0 0 0 1621444575.177849
9712 0 0 0 1621444575.28674
9696 0 0 0 1621444575.395761
9712 0 0 0 1621444575.504716
9696 0 0 0 1621444575.613637
9696 0 0 0 1621444575.722629
9712 0 0 0 1621444575.831631
9696 0 0 0 1621444575.940655
9712 0 0 0 1621444576.049493
9712 0 0 0 1621444576.158618
9696 0 0 0 1621444576.267583
9712 0 0 0 1621444576.376472
9728 0 0 0 1621444576.485513
9728 0 0 0 1621444576.594333
9728 0 0 0 1621444576.703333
9744 0 0 0 1621444576.81237
9744 0 0 0 1621444576.921292
9728 0 0 0 1621444577.030247
9744 0 0 0 1621444577.139289
9744 0 0 0 1621444577.248628
9728 0 0 0 1621444577.357083
9744 0 0 0 1621444577.466159
9760 0 0 0 1621444577.574992
9760 0 0 0 1621444577.683972
9792 0 0 0 1621444577.793048
9792 0 0 0 1621444577.902075
9792 0 0 0 1621444578.010951
9808 0 0 0 1621444578.119934
9792 0 0 0 1621444578.228991
9808 0 0 0 1621444578.337862
9808 0 0 0 1621444578.446829
9808 0 0 0 1621444578.55587
9824 0 0 0 1621444578.664731
9824 0 0 0 1621444578.773763
9824 0 0 0 1621444578.882818
9824 0 0 0 1621444578.991648
9824 0 0 0 1621444579.100643
9808 0 0 0 1621444579.209617
9808 0 0 0 1621444579.318621
9808 0 0 0 1621444579.427603
9824 0 0 0 1621444579.536473
9824 0 0 0 1621444579.645473
9808 0 0 0 1621444579.754533
9808 0 0 0 1621444579.863502
9808 0 0 0 1621444579.972383
9808 0 0 0 1621444580.081396
9808 0 0 0 1621444580.190229
9808 0 0 0 1621444580.29935
9792 0 0 0 1621444580.408308
9792 0 0 0 1621444580.517193
9792 0 0 0 1621444580.626223
17328 0 0 0 1621444580.735325
21984 0 0 0 1621444580.844228
22320 0 0 0 1621444580.953215
8736 0 0 0 1621444581.062294
9104 0 0 0 1621444581.171129
9200 0 0 0 1621444581.280142
9312 0 0 0 1621444581.389069
9344 0 0 0 1621444581.498068
9376 0 0 0 1621444581.606868
9424 0 0 0 1621444581.715842
9440 0 0 0 1621444581.824821
9456 0 0 0 1621444581.933716
9472 0 0 0 1621444582.042732
9488 0 0 0 1621444582.151769
9504 0 0 0 1621444582.260847
9536 0 0 0 1621444582.3698
9568 0 0 0 1621444582.478738
9584 0 0 0 1621444582.587597
9584 0 0 0 1621444582.696652
9600 0 0 0 1621444582.80549
9584 0 0 0 1621444582.914481
9600 0 0 0 1621444583.023544
9632 0 0 0 1621444583.132519
9632 0 0 0 1621444583.241503
9648 0 0 0 1621444583.350492
9664 0 0 0 1621444583.459352
9664 0 0 0 1621444583.568377
9664 0 0 0 1621444583.677191
9680 0 0 0 1621444583.786292
9696 0 0 0 1621444583.895282
9696 0 0 0 1621444584.004207
9696 0 0 0 1621444584.113112
9680 0 0 0 1621444584.222111
9680 0 0 0 1621444584.331191
9696 0 0 0 1621444584.439985
9696 0 0 0 1621444584.549019
9696 0 0 0 1621444584.658099
9712 0 0 0 1621444584.76697
9712 0 0 0 1621444584.875969
9728 0 0 0 1621444584.985064
9728 0 0 0 1621444585.093881
9776 0 0 0 1621444585.202908
9776 0 0 0 1621444585.311843
9792 0 0 0 1621444585.420819
9760 0 0 0 1621444585.529843
9792 0 0 0 1621444585.638746
9792 0 0 0 1621444585.747648
9792 0 0 0 1621444585.856598
9792 0 0 0 1621444585.965641
9808 0 0 0 1621444586.074695
9808 0 0 0 1621444586.183584
9808 0 0 0 1621444586.292554
9824 0 0 0 1621444586.401653
9824 0 0 0 1621444586.510463
9824 0 0 0 1621444586.619394
9824 0 0 0 1621444586.728409
9824 0 0 0 1621444586.837446
9824 0 0 0 1621444586.946347
9824 0 0 0 1621444587.055347
9840 0 0 0 1621444587.164232
9840 0 0 0 1621444587.273257
9824 0 0 0 1621444587.382278
9840 0 0 0 1621444587.491095
9824 0 0 0 1621444587.600239
9824 0 0 0 1621444587.709109
9824 0 0 0 1621444587.818198
9824 0 0 0 1621444587.927014
9824 0 0 0 1621444588.036065
9840 0 0 0 1621444588.144951
9856 0 0 0 1621444588.253974
9840 0 0 0 1621444588.362998
9856 0 0 0 1621444588.471935
9840 0 0 0 1621444588.580938
9840 0 0 0 1621444588.689719
9840 0 0 0 1621444588.798827
9840 0 0 0 1621444588.907844
9856 0 0 0 1621444589.016693
9840 0 0 0 1621444589.125728
9856 0 0 0 1621444589.234567
9856 0 0 0 1621444589.343592
9856 0 0 0 1621444589.452553
9856 0 0 0 1621444589.561584
9872 0 0 0 1621444589.670599
9872 0 0 0 1621444589.7795
9872 0 0 0 1621444589.888543
9888 0 0 0 1621444589.997535
9888 0 0 0 1621444590.106391
9872 0 0 0 1621444590.215486
9872 0 0 0 1621444590.324332
9872 0 0 0 1621444590.433364
9872 0 0 0 1621444590.54227
9872 0 0 0 1621444590.651248
9888 0 0 0 1621444590.76032
9888 0 0 0 1621444590.869204
9888 0 0 0 1621444590.978187
10624 0 0 0 1621444591.087077
20960 0 0 0 1621444591.196164
22800 0 0 0 1621444591.305188
22976 0 0 0 1621444591.414041
9216 0 0 0 1621444591.523167
9360 0 0 0 1621444591.63217
9472 0 0 0 1621444591.741046
9536 0 0 0 1621444591.850069
9568 0 0 0 1621444591.959027
9600 0 0 0 1621444592.067765
9616 0 0 0 1621444592.176773
9648 0 0 0 1621444592.285852
9680 0 0 0 1621444592.394735
9696 0 0 0 1621444592.503701
9696 0 0 0 1621444592.612553
9728 0 0 0 1621444592.721629
9744 0 0 0 1621444592.830626
9744 0 0 0 1621444592.939747
9760 0 0 0 1621444593.048629
9776 0 0 0 1621444593.15748
9792 0 0 0 1621444593.266484
9792 0 0 0 1621444593.375477
9808 0 0 0 1621444593.484431
9808 0 0 0 1621444593.593451
9824 0 0 0 1621444593.702307
9824 0 0 0 1621444593.811292
9840 0 0 0 1621444593.920342
9840 0 0 0 1621444594.029326
9856 0 0 0 1621444594.138093
9856 0 0 0 1621444594.247158
9872 0 0 0 1621444594.356103
9888 0 0 0 1621444594.465206
9872 0 0 0 1621444594.574117
9888 0 0 0 1621444594.682954
9888 0 0 0 1621444594.792068
9888 0 0 0 1621444594.900858
9888 0 0 0 1621444595.009925
9888 0 0 0 1621444595.118917
9904 0 0 0 1621444595.228023
9904 0 0 0 1621444595.336826
9888 0 0 0 1621444595.445874
9904 0 0 0 1621444595.554903
9904 0 0 0 1621444595.663893
9904 0 0 0 1621444595.772766
9920 0 0 0 1621444595.88178
9920 0 0 0 1621444595.990743
9904 0 0 0 1621444596.099693
9920 0 0 0 1621444596.208574
9920 0 0 0 1621444596.317574
9920 0 0 0 1621444596.426613
9920 0 0 0 1621444596.535497
9936 0 0 0 1621444596.64451
9920 0 0 0 1621444596.753526
9936 0 0 0 1621444596.862444
9936 0 0 0 1621444596.971478
9952 0 0 0 1621444597.080431
9936 0 0 0 1621444597.189405
9936 0 0 0 1621444597.298317
9936 0 0 0 1621444597.407355
9936 0 0 0 1621444597.516172
9952 0 0 0 1621444597.625303
9936 0 0 0 1621444597.734159
9952 0 0 0 1621444597.84345
9952 0 0 0 1621444597.952064
9952 0 0 0 1621444598.061076
9952 0 0 0 1621444598.170191
9952 0 0 0 1621444598.279027
9968 0 0 0 1621444598.38804
9968 0 0 0 1621444598.496972
9952 0 0 0 1621444598.605971
9968 0 0 0 1621444598.714867
9952 0 0 0 1621444598.823838
9968 0 0 0 1621444598.932917
9968 0 0 0 1621444599.041801
9968 0 0 0 1621444599.150847
9968 0 0 0 1621444599.259749
9968 0 0 0 1621444599.36875
9952 0 0 0 1621444599.477783
9968 0 0 0 1621444599.586611
9968 0 0 0 1621444599.695553
9968 0 0 0 1621444599.80465
9968 0 0 0 1621444599.913516
9968 0 0 0 1621444600.022494
9968 0 0 0 1621444600.131615
9968 0 0 0 1621444600.240539
9952 0 0 0 1621444600.349352
9968 0 0 0 1621444600.458452
9968 0 0 0 1621444600.567463
9968 0 0 0 1621444600.676334
9968 0 0 0 1621444600.785341
9968 0 0 0 1621444600.894176
9968 0 0 0 1621444601.003215
9968 0 0 0 1621444601.112049
9968 0 0 0 1621444601.221196
9968 0 0 0 1621444601.330238
9792 0 0 0 1621444601.439012
17488 0 0 0 1621444601.548132
22880 0 0 0 1621444601.656996
23664 0 0 0 1621444601.766123
23632 0 0 0 1621444601.875131
8544 0 0 0 1621444601.984016
8800 0 0 0 1621444602.093007
8992 0 0 0 1621444602.201941
9136 0 0 0 1621444602.310923
9216 0 0 0 1621444602.41982
9264 0 0 0 1621444602.528772
9296 0 0 0 1621444602.637768
9344 0 0 0 1621444602.746706
9376 0 0 0 1621444602.855772
9424 0 0 0 1621444602.964735
9456 0 0 0 1621444603.073592
9488 0 0 0 1621444603.182678
9504 0 0 0 1621444603.291665
9504 0 0 0 1621444603.400505
9520 0 0 0 1621444603.509549
9536 0 0 0 1621444603.618497
9568 0 0 0 1621444603.727348
9584 0 0 0 1621444603.836415
9616 0 0 0 1621444603.945358
9648 0 0 0 1621444604.054407
9648 0 0 0 1621444604.163347
9664 0 0 0 1621444604.272276
9664 0 0 0 1621444604.381336
9664 0 0 0 1621444604.490494
9680 0 0 0 1621444604.599257
9696 0 0 0 1621444604.70816
9696 0 0 0 1621444604.817137
9712 0 0 0 1621444604.926143
9712 0 0 0 1621444605.034924
9712 0 0 0 1621444605.143988
9712 0 0 0 1621444605.253002
9728 0 0 0 1621444605.36187
9728 0 0 0 1621444605.470829
9744 0 0 0 1621444605.579873
9760 0 0 0 1621444605.688803
9760 0 0 0 1621444605.797775
9776 0 0 0 1621444605.906837
9776 0 0 0 1621444606.015829
9776 0 0 0 1621444606.124825
9792 0 0 0 1621444606.233681
9792 0 0 0 1621444606.342657
9792 0 0 0 1621444606.451706
9808 0 0 0 1621444606.560487
9808 0 0 0 1621444606.669514
9808 0 0 0 1621444606.778579
9808 0 0 0 1621444606.887499
9840 0 0 0 1621444606.996597
9824 0 0 0 1621444607.105366
9840 0 0 0 1621444607.214391
9840 0 0 0 1621444607.323348
9840 0 0 0 1621444607.432365
9840 0 0 0 1621444607.541383
9856 0 0 0 1621444607.650376
9856 0 0 0 1621444607.759205
9872 0 0 0 1621444607.868236
9872 0 0 0 1621444607.977228
9872 0 0 0 1621444608.086208
9872 0 0 0 1621444608.195054
9872 0 0 0 1621444608.30402
9888 0 0 0 1621444608.413106
9888 0 0 0 1621444608.522124
9888 0 0 0 1621444608.631015
9888 0 0 0 1621444608.739954
9888 0 0 0 1621444608.848981
9904 0 0 0 1621444608.957908
9904 0 0 0 1621444609.066862
9920 0 0 0 1621444609.175877
9920 0 0 0 1621444609.284719
9920 0 0 0 1621444609.393763
9920 0 0 0 1621444609.502829
9936 0 0 0 1621444609.611675
9920 0 0 0 1621444609.720733
9936 0 0 0 1621444609.829637
9936 0 0 0 1621444609.938632
9936 0 0 0 1621444610.04766
9952 0 0 0 1621444610.156531
9936 0 0 0 1621444610.265546
9936 0 0 0 1621444610.374567
9952 0 0 0 1621444610.483556
9936 0 0 0 1621444610.59242
9952 0 0 0 1621444610.701422
9952 0 0 0 1621444610.810405
9936 0 0 0 1621444610.919407
9952 0 0 0 1621444611.028262
9952 0 0 0 1621444611.137352
9952 0 0 0 1621444611.246188
9952 0 0 0 1621444611.355153
9952 0 0 0 1621444611.464224
9952 0 0 0 1621444611.573158
9968 0 0 0 1621444611.68208
9968 0 0 0 1621444611.791085
9968 0 0 0 1621444611.90015
9968 0 0 0 1621444612.008968
9776 0 0 0 1621444612.118049
13680 0 0 0 1621444612.226987
19904 0 0 0 1621444612.335902
20448 0 0 0 1621444612.444892
8544 0 0 0 1621444612.554061
9184 0 0 0 1621444612.662892
9328 0 0 0 1621444612.771937
9392 0 0 0 1621444612.880853
9456 0 0 0 1621444612.989741
9488 0 0 0 1621444613.098707
9552 0 0 0 1621444613.207607
9600 0 0 0 1621444613.316678
9632 0 0 0 1621444613.425548
9664 0 0 0 1621444613.534497
9664 0 0 0 1621444613.643573
9696 0 0 0 1621444613.752438
9712 0 0 0 1621444613.861403
9728 0 0 0 1621444613.970452
9728 0 0 0 1621444614.079374
9744 0 0 0 1621444614.188282
9760 0 0 0 1621444614.29737
9776 0 0 0 1621444614.406342
9776 0 0 0 1621444614.515323
9776 0 0 0 1621444614.624115
9776 0 0 0 1621444614.733083
9792 0 0 0 1621444614.842178
9808 0 0 0 1621444614.951177
9808 0 0 0 1621444615.060217
9824 0 0 0 1621444615.168975
9840 0 0 0 1621444615.278053
9840 0 0 0 1621444615.386981
9840 0 0 0 1621444615.495999
9856 0 0 0 1621444615.604988
9872 0 0 0 1621444615.713826
9872 0 0 0 1621444615.82289
9872 0 0 0 1621444615.931887
9872 0 0 0 1621444616.040755
9888 0 0 0 1621444616.149763
9904 0 0 0 1621444616.258898
9888 0 0 0 1621444616.367697
9904 0 0 0 1621444616.476743
9904 0 0 0 1621444616.585708
9904 0 0 0 1621444616.694652
9904 0 0 0 1621444616.803614
9904 0 0 0 1621444616.91251
9920 0 0 0 1621444617.021691
9920 0 0 0 1621444617.130514
9920 0 0 0 1621444617.239458
9936 0 0 0 1621444617.348459
9936 0 0 0 1621444617.457547
9936 0 0 0 1621444617.566271
9936 0 0 0 1621444617.675348
9936 0 0 0 1621444617.784425
9952 0 0 0 1621444617.893216
9952 0 0 0 1621444618.002245
9952 0 0 0 1621444618.111324
9952 0 0 0 1621444618.220157
9952 0 0 0 1621444618.329198
9936 0 0 0 1621444618.438196
9952 0 0 0 1621444618.546973
9952 0 0 0 1621444618.656008
9952 0 0 0 1621444618.765033
9968 0 0 0 1621444618.874111
9984 0 0 0 1621444618.982942
9968 0 0 0 1621444619.091916
9984 0 0 0 1621444619.200978
9984 0 0 0 1621444619.309825
9984 0 0 0 1621444619.41882
9984 0 0 0 1621444619.527851
10000 0 0 0 1621444619.636813
9984 0 0 0 1621444619.745767
9984 0 0 0 1621444619.854779
9984 0 0 0 1621444619.963639
10000 0 0 0 1621444620.072638
10000 0 0 0 1621444620.181495
10000 0 0 0 1621444620.290474
10000 0 0 0 1621444620.399515
10000 0 0 0 1621444620.508633
10016 0 0 0 1621444620.617407
10016 0 0 0 1621444620.726392
10016 0 0 0 1621444620.835463
10016 0 0 0 1621444620.944487
10016 0 0 0 1621444621.053323
10016 0 0 0 1621444621.162391
10016 0 0 0 1621444621.271326
10016 0 0 0 1621444621.380227
10032 0 0 0 1621444621.489246
10032 0 0 0 1621444621.598078
10032 0 0 0 1621444621.70713
10032 0 0 0 1621444621.816134
10032 0 0 0 1621444621.925145
10032 0 0 0 1621444622.034104
10032 0 0 0 1621444622.143037
10032 0 0 0 1621444622.252079
10032 0 0 0 1621444622.360868
10032 0 0 0 1621444622.469921
9936 0 0 0 1621444622.578897
18128 0 0 0 1621444622.687936
21072 0 0 0 1621444622.796932
21392 0 0 0 1621444622.905958
9200 0 0 0 1621444623.014781
9360 0 0 0 1621444623.1239
9488 0 0 0 1621444623.232948
9552 0 0 0 1621444623.341792
9584 0 0 0 1621444623.450721
9648 0 0 0 1621444623.559713
9680 0 0 0 1621444623.668494
9696 0 0 0 1621444623.777533
9728 0 0 0 1621444623.886597
9728 0 0 0 1621444623.995336
9744 0 0 0 1621444624.104526
9760 0 0 0 1621444624.213578
9792 0 0 0 1621444624.322308
9872 0 0 0 1621444624.431385
9872 0 0 0 1621444624.54039
9872 0 0 0 1621444624.649294
9888 0 0 0 1621444624.758277
9904 0 0 0 1621444624.867279
9936 0 0 0 1621444624.976186
9936 0 0 0 1621444625.085186
9952 0 0 0 1621444625.194228
9968 0 0 0 1621444625.303032
9968 0 0 0 1621444625.412
9968 0 0 0 1621444625.521018
9984 0 0 0 1621444625.63002
9984 0 0 0 1621444625.738991
10000 0 0 0 1621444625.847997
10000 0 0 0 1621444625.956959
10016 0 0 0 1621444626.065969
10016 0 0 0 1621444626.174873
10000 0 0 0 1621444626.283856
10000 0 0 0 1621444626.392835
10000 0 0 0 1621444626.501864
10000 0 0 0 1621444626.610592
10016 0 0 0 1621444626.719745
10016 0 0 0 1621444626.828575
10032 0 0 0 1621444626.937793
10032 0 0 0 1621444627.046633
10048 0 0 0 1621444627.155472
10048 0 0 0 1621444627.264515
10064 0 0 0 1621444627.373508
10048 0 0 0 1621444627.482522
10064 0 0 0 1621444627.591344
10048 0 0 0 1621444627.700413
10048 0 0 0 1621444627.80946
10048 0 0 0 1621444627.918267
10048 0 0 0 1621444628.027395
10048 0 0 0 1621444628.136344
10032 0 0 0 1621444628.245197
10064 0 0 0 1621444628.354259
10064 0 0 0 1621444628.463242
10064 0 0 0 1621444628.57225
10064 0 0 0 1621444628.681145
10064 0 0 0 1621444628.790116
10080 0 0 0 1621444628.899104
10080 0 0 0 1621444629.007993
10096 0 0 0 1621444629.11697
10096 0 0 0 1621444629.225959
10096 0 0 0 1621444629.335044
10080 0 0 0 1621444629.44392
10080 0 0 0 1621444629.552872
10080 0 0 0 1621444629.661888
10096 0 0 0 1621444629.77069
10112 0 0 0 1621444629.879744
10096 0 0 0 1621444629.988828
10112 0 0 0 1621444630.097622
10112 0 0 0 1621444630.206723
10128 0 0 0 1621444630.315729
10128 0 0 0 1621444630.424498
10144 0 0 0 1621444630.533534
10144 0 0 0 1621444630.642536
10160 0 0 0 1621444630.751662
10160 0 0 0 1621444630.86043
10160 0 0 0 1621444630.969484
10160 0 0 0 1621444631.078505
10160 0 0 0 1621444631.187325
10160 0 0 0 1621444631.296377
10176 0 0 0 1621444631.40533
10176 0 0 0 1621444631.514315
10176 0 0 0 1621444631.623397
10176 0 0 0 1621444631.732172
10176 0 0 0 1621444631.841204
10176 0 0 0 1621444631.950253
10176 0 0 0 1621444632.059104
10192 0 0 0 1621444632.16808
10192 0 0 0 1621444632.277065
10192 0 0 0 1621444632.386087
10192 0 0 0 1621444632.49507
10160 0 0 0 1621444632.603932
10176 0 0 0 1621444632.712986
10176 0 0 0 1621444632.821971
10192 0 0 0 1621444632.930972
15568 0 0 0 1621444633.039934
20752 0 0 0 1621444633.148812
21920 0 0 0 1621444633.257714
21008 0 0 0 1621444633.366889
9424 0 0 0 1621444633.475622
9568 0 0 0 1621444633.584725
9696 0 0 0 1621444633.69372
9760 0 0 0 1621444633.802706
9776 0 0 0 1621444633.911572
9824 0 0 0 1621444634.020492
9872 0 0 0 1621444634.129579
9872 0 0 0 1621444634.238391
9888 0 0 0 1621444634.347503
9920 0 0 0 1621444634.456301
9968 0 0 0 1621444634.565375
9984 0 0 0 1621444634.674412
9968 0 0 0 1621444634.783378
9984 0 0 0 1621444634.892361
10016 0 0 0 1621444635.001266
10032 0 0 0 1621444635.110263
10048 0 0 0 1621444635.219299
10064 0 0 0 1621444635.328079
10080 0 0 0 1621444635.437178
10080 0 0 0 1621444635.54609
10080 0 0 0 1621444635.655111
10096 0 0 0 1621444635.76412
10096 0 0 0 1621444635.873296
10096 0 0 0 1621444635.981982
10112 0 0 0 1621444636.090882
10096 0 0 0 1621444636.199958
10112 0 0 0 1621444636.308855
10112 0 0 0 1621444636.417728
10128 0 0 0 1621444636.526739
10128 0 0 0 1621444636.635879
10144 0 0 0 1621444636.744674
10144 0 0 0 1621444636.853734
10160 0 0 0 1621444636.962635
10160 0 0 0 1621444637.07166
10176 0 0 0 1621444637.180752
10176 0 0 0 1621444637.28953
10192 0 0 0 1621444637.398599
10192 0 0 0 1621444637.507543
10192 0 0 0 1621444637.616601
10208 0 0 0 1621444637.725454
10208 0 0 0 1621444637.834437
10224 0 0 0 1621444637.943502
10224 0 0 0 1621444638.052387
10224 0 0 0 1621444638.164223
10224 0 0 0 1621444638.270201
10224 0 0 0 1621444638.379252
10224 0 0 0 1621444638.488195
10240 0 0 0 1621444638.597141
10224 0 0 0 1621444638.70622
10240 0 0 0 1621444638.815184
10240 0 0 0 1621444638.923994
10224 0 0 0 1621444639.033121
10240 0 0 0 1621444639.142049
10224 0 0 0 1621444639.25109
10240 0 0 0 1621444639.359915
10240 0 0 0 1621444639.469009
10240 0 0 0 1621444639.577869
10256 0 0 0 1621444639.686772
10256 0 0 0 1621444639.795832
10256 0 0 0 1621444639.904872
10256 0 0 0 1621444640.013683
10272 0 0 0 1621444640.122771
10256 0 0 0 1621444640.231745
10256 0 0 0 1621444640.340735
10272 0 0 0 1621444640.449671
10256 0 0 0 1621444640.558639
10256 0 0 0 1621444640.667685
10256 0 0 0 1621444640.776505
10272 0 0 0 1621444640.885548
10272 0 0 0 1621444640.994546
10288 0 0 0 1621444641.103529
10272 0 0 0 1621444641.212447
10272 0 0 0 1621444641.321372
10272 0 0 0 1621444641.430428
10288 0 0 0 1621444641.539379
10272 0 0 0 1621444641.648319
10288 0 0 0 1621444641.757401
10288 0 0 0 1621444641.866201
10288 0 0 0 1621444641.975226
10288 0 0 0 1621444642.084123
10288 0 0 0 1621444642.193147
10288 0 0 0 1621444642.30206
10304 0 0 0 1621444642.411141
10304 0 0 0 1621444642.51989
10304 0 0 0 1621444642.629019
10304 0 0 0 1621444642.73788
10304 0 0 0 1621444642.846983
10304 0 0 0 1621444642.955869
10304 0 0 0 1621444643.064937
10304 0 0 0 1621444643.173842
10288 0 0 0 1621444643.282875
9584 0 0 0 1621444643.391711
17824 0 0 0 1621444643.500759
22256 0 0 0 1621444643.609762
22736 0 0 0 1621444643.718817
20512 0 0 0 1621444643.827822
8480 0 0 0 1621444643.936669
8944 0 0 0 1621444644.045721
9072 0 0 0 1621444644.154736
9280 0 0 0 1621444644.263633
9392 0 0 0 1621444644.372574
9440 0 0 0 1621444644.481646
9520 0 0 0 1621444644.590512
9536 0 0 0 1621444644.699402
9600 0 0 0 1621444644.808403
9600 0 0 0 1621444644.917358
9616 0 0 0 1621444645.026387
9648 0 0 0 1621444645.1353
9664 0 0 0 1621444645.244265
9664 0 0 0 1621444645.353175
9680 0 0 0 1621444645.462194
9712 0 0 0 1621444645.571145
9712 0 0 0 1621444645.680112
9728 0 0 0 1621444645.789083
9744 0 0 0 1621444645.898191
9760 0 0 0 1621444646.00709
9760 0 0 0 1621444646.116062
9760 0 0 0 1621444646.224996
9776 0 0 0 1621444646.334009
9792 0 0 0 1621444646.442895
9792 0 0 0 1621444646.551821
9808 0 0 0 1621444646.660679
9808 0 0 0 1621444646.769851
9824 0 0 0 1621444646.878754
9824 0 0 0 1621444646.987822
9824 0 0 0 1621444647.096746
9824 0 0 0 1621444647.205562
9840 0 0 0 1621444647.314708
9840 0 0 0 1621444647.42357
9856 0 0 0 1621444647.532552
9872 0 0 0 1621444647.641469
9872 0 0 0 1621444647.750516
9872 0 0 0 1621444647.85939
9872 0 0 0 1621444647.968583
9872 0 0 0 1621444648.077501
9888 0 0 0 1621444648.186404
9888 0 0 0 1621444648.295421
9888 0 0 0 1621444648.40436
9888 0 0 0 1621444648.513356
9904 0 0 0 1621444648.62227
9904 0 0 0 1621444648.731209
9904 0 0 0 1621444648.840218
9920 0 0 0 1621444648.949089
9920 0 0 0 1621444649.058162
9920 0 0 0 1621444649.1672
9920 0 0 0 1621444649.276206
9920 0 0 0 1621444649.385103
9920 0 0 0 1621444649.494074
9936 0 0 0 1621444649.603019
9936 0 0 0 1621444649.711974
9936 0 0 0 1621444649.820856
9936 0 0 0 1621444649.929876
9936 0 0 0 1621444650.038991
9936 0 0 0 1621444650.14781
9952 0 0 0 1621444650.25686
9936 0 0 0 1621444650.365782
9936 0 0 0 1621444650.47475
9952 0 0 0 1621444650.58366
9952 0 0 0 1621444650.692729
9952 0 0 0 1621444650.801646
9968 0 0 0 1621444650.910634
9968 0 0 0 1621444651.019538
9984 0 0 0 1621444651.12865
9984 0 0 0 1621444651.237505
9984 0 0 0 1621444651.346425
9984 0 0 0 1621444651.455364
9984 0 0 0 1621444651.564478
9984 0 0 0 1621444651.673293
10000 0 0 0 1621444651.782351
10000 0 0 0 1621444651.891339
10000 0 0 0 1621444652.000157
10000 0 0 0 1621444652.109174
10000 0 0 0 1621444652.218339
10000 0 0 0 1621444652.32714
10000 0 0 0 1621444652.436202
10000 0 0 0 1621444652.54511
10000 0 0 0 1621444652.654093
10016 0 0 0 1621444652.762975
10000 0 0 0 1621444652.872006
10016 0 0 0 1621444652.981042
10048 0 0 0 1621444653.089953
10048 0 0 0 1621444653.19904
10048 0 0 0 1621444653.307889
10048 0 0 0 1621444653.416918
10064 0 0 0 1621444653.525845
10064 0 0 0 1621444653.634767
10064 0 0 0 1621444653.74363
10080 0 0 0 1621444653.852726
10080 0 0 0 1621444653.961815
10112 0 0 0 1621444654.070651
17920 0 0 0 1621444654.179652
21440 0 0 0 1621444654.28859
21648 0 0 0 1621444654.397743
9056 0 0 0 1621444654.506544
9328 0 0 0 1621444654.615678
9456 0 0 0 1621444654.724641
9568 0 0 0 1621444654.833528
9616 0 0 0 1621444654.94252
9696 0 0 0 1621444655.05137
9760 0 0 0 1621444655.160296
9792 0 0 0 1621444655.269429
9808 0 0 0 1621444655.378222
9840 0 0 0 1621444655.487271
9840 0 0 0 1621444655.596296
9856 0 0 0 1621444655.705306
9888 0 0 0 1621444655.814145
9888 0 0 0 1621444655.923178
9904 0 0 0 1621444656.032049
9920 0 0 0 1621444656.141145
9936 0 0 0 1621444656.25009
9952 0 0 0 1621444656.358919
9952 0 0 0 1621444656.468041
9968 0 0 0 1621444656.576883
9968 0 0 0 1621444656.685995
9984 0 0 0 1621444656.794839
9984 0 0 0 1621444656.903956
10000 0 0 0 1621444657.013692
10000 0 0 0 1621444657.121859
10016 0 0 0 1621444657.230741
10016 0 0 0 1621444657.339665
10032 0 0 0 1621444657.448688
10032 0 0 0 1621444657.557611
10032 0 0 0 1621444657.666552
10048 0 0 0 1621444657.775473
10048 0 0 0 1621444657.884576
10064 0 0 0 1621444657.99347
10064 0 0 0 1621444658.102513
10064 0 0 0 1621444658.211435
10080 0 0 0 1621444658.320484
10080 0 0 0 1621444658.429489
10080 0 0 0 1621444658.538391
10080 0 0 0 1621444658.647282
10080 0 0 0 1621444658.756278
10096 0 0 0 1621444658.865215
10096 0 0 0 1621444658.974345
10096 0 0 0 1621444659.083192
10096 0 0 0 1621444659.192232
10096 0 0 0 1621444659.301049
10112 0 0 0 1621444659.410168
10112 0 0 0 1621444659.519027
10112 0 0 0 1621444659.628045
10128 0 0 0 1621444659.73704
10112 0 0 0 1621444659.846032
10128 0 0 0 1621444659.954905
10128 0 0 0 1621444660.064029
10128 0 0 0 1621444660.172891
10128 0 0 0 1621444660.281777
10144 0 0 0 1621444660.39086
10144 0 0 0 1621444660.499758
10144 0 0 0 1621444660.608719
10144 0 0 0 1621444660.71769
10144 0 0 0 1621444660.826732
10144 0 0 0 1621444660.935651
10144 0 0 0 1621444661.044744
10144 0 0 0 1621444661.153572
10160 0 0 0 1621444661.26258
10144 0 0 0 1621444661.371536
10160 0 0 0 1621444661.480523
10160 0 0 0 1621444661.58938
10160 0 0 0 1621444661.698427
10176 0 0 0 1621444661.807367
10176 0 0 0 1621444661.9164
10176 0 0 0 1621444662.025334
10176 0 0 0 1621444662.134334
10176 0 0 0 1621444662.243303
10176 0 0 0 1621444662.352272
10192 0 0 0 1621444662.461338
10176 0 0 0 1621444662.57018
10176 0 0 0 1621444662.679233
10176 0 0 0 1621444662.788053
10176 0 0 0 1621444662.897046
10176 0 0 0 1621444663.006079
10176 0 0 0 1621444663.115022
10176 0 0 0 1621444663.223941
10192 0 0 0 1621444663.333083
10192 0 0 0 1621444663.441915
10192 0 0 0 1621444663.550934
10192 0 0 0 1621444663.65981
10192 0 0 0 1621444663.768858
10192 0 0 0 1621444663.877725
10192 0 0 0 1621444663.986792
10192 0 0 0 1621444664.095731
10192 0 0 0 1621444664.20482
10192 0 0 0 1621444664.313619
10192 0 0 0 1621444664.42269
15168 0 0 0 1621444664.531517
19024 0 0 0 1621444664.640589
17600 0 0 0 1621444664.749757
9568 0 0 0 1621444664.858562
9760 0 0 0 1621444664.967618
9872 0 0 0 1621444665.076506
9952 0 0 0 1621444665.185635
9968 0 0 0 1621444665.294517
10048 0 0 0 1621444665.403252
10080 0 0 0 1621444665.51241
10128 0 0 0 1621444665.621233
10144 0 0 0 1621444665.730312
10160 0 0 0 1621444665.839112
10176 0 0 0 1621444665.948149
10176 0 0 0 1621444666.057261
10192 0 0 0 1621444666.166086
10192 0 0 0 1621444666.275137
10208 0 0 0 1621444666.384
10224 0 0 0 1621444666.493061
10208 0 0 0 1621444666.602
10240 0 0 0 1621444666.710986
10240 0 0 0 1621444666.819859
10256 0 0 0 1621444666.928933
10272 0 0 0 1621444667.03775
10272 0 0 0 1621444667.146769
10272 0 0 0 1621444667.255725
10288 0 0 0 1621444667.364799
10288 0 0 0 1621444667.473832
10288 0 0 0 1621444667.582606
10304 0 0 0 1621444667.691669
10304 0 0 0 1621444667.800621
10304 0 0 0 1621444667.909717
10304 0 0 0 1621444668.018563
10320 0 0 0 1621444668.127583
10320 0 0 0 1621444668.236616
10320 0 0 0 1621444668.345477
10336 0 0 0 1621444668.454419
10336 0 0 0 1621444668.563297
10336 0 0 0 1621444668.672333
10336 0 0 0 1621444668.781364
10336 0 0 0 1621444668.89033
10352 0 0 0 1621444668.999131
10352 0 0 0 1621444669.108324
10352 0 0 0 1621444669.217195
10352 0 0 0 1621444669.326227
10352 0 0 0 1621444669.435075
10368 0 0 0 1621444669.544072
10352 0 0 0 1621444669.653073
10352 0 0 0 1621444669.7621
10368 0 0 0 1621444669.870981
10352 0 0 0 1621444669.980006
10352 0 0 0 1621444670.089016
10352 0 0 0 1621444670.197955
10352 0 0 0 1621444670.306951
10368 0 0 0 1621444670.41592
10384 0 0 0 1621444670.524945
10368 0 0 0 1621444670.633791
10384 0 0 0 1621444670.742932
10384 0 0 0 1621444670.851735
10384 0 0 0 1621444670.960655
10384 0 0 0 1621444671.069707
10384 0 0 0 1621444671.179576
10384 0 0 0 1621444671.287681
10384 0 0 0 1621444671.396584
10384 0 0 0 1621444671.505653
10384 0 0 0 1621444671.614398
10400 0 0 0 1621444671.72344
10384 0 0 0 1621444671.832353
10400 0 0 0 1621444671.941397
10400 0 0 0 1621444672.050438
10400 0 0 0 1621444672.159323
10416 0 0 0 1621444672.268395
10416 0 0 0 1621444672.377225
10400 0 0 0 1621444672.486319
10416 0 0 0 1621444672.595312
10416 0 0 0 1621444672.704149
10416 0 0 0 1621444672.8132
10416 0 0 0 1621444672.922158
10416 0 0 0 1621444673.031155
10416 0 0 0 1621444673.140054
10416 0 0 0 1621444673.249091
10416 0 0 0 1621444673.358005
10416 0 0 0 1621444673.467047
10416 0 0 0 1621444673.576014
10432 0 0 0 1621444673.685331
10432 0 0 0 1621444673.793929
10432 0 0 0 1621444673.902783
10432 0 0 0 1621444674.011856
10448 0 0 0 1621444674.120732
10448 0 0 0 1621444674.229764
10432 0 0 0 1621444674.33879
10448 0 0 0 1621444674.447673
10448 0 0 0 1621444674.556781
10448 0 0 0 1621444674.665529
10400 0 0 0 1621444674.774658
16848 0 0 0 1621444674.883608
19328 0 0 0 1621444674.992556
9168 0 0 0 1621444675.101679
9824 0 0 0 1621444675.210582
9936 0 0 0 1621444675.31955
10016 0 0 0 1621444675.42846
10080 0 0 0 1621444675.537549
10112 0 0 0 1621444675.646487
10144 0 0 0 1621444675.755314
10176 0 0 0 1621444675.864261
10208 0 0 0 1621444675.973303
10240 0 0 0 1621444676.082231
10240 0 0 0 1621444676.191176
10256 0 0 0 1621444676.300157
10272 0 0 0 1621444676.409161
10272 0 0 0 1621444676.518068
10288 0 0 0 1621444676.627072
10288 0 0 0 1621444676.735972
10288 0 0 0 1621444676.845066
10288 0 0 0 1621444676.953997
10288 0 0 0 1621444677.062997
10288 0 0 0 1621444677.171825
10304 0 0 0 1621444677.280924
10288 0 0 0 1621444677.389899
10304 0 0 0 1621444677.498786
10320 0 0 0 1621444677.607716
10320 0 0 0 1621444677.716691
10336 0 0 0 1621444677.825725
10320 0 0 0 1621444677.934678
10336 0 0 0 1621444678.043631
10352 0 0 0 1621444678.152554
10352 0 0 0 1621444678.261572
10352 0 0 0 1621444678.370508
10336 0 0 0 1621444678.479505
10352 0 0 0 1621444678.588581
10352 0 0 0 1621444678.697441
10368 0 0 0 1621444678.806431
10368 0 0 0 1621444678.915301
10368 0 0 0 1621444679.0244
10368 0 0 0 1621444679.133221
10368 0 0 0 1621444679.242291
10384 0 0 0 1621444679.351152
10384 0 0 0 1621444679.460169
10400 0 0 0 1621444679.569111
10400 0 0 0 1621444679.67817
10400 0 0 0 1621444679.787285
10400 0 0 0 1621444679.896057
10416 0 0 0 1621444680.005062
10416 0 0 0 1621444680.113933
10416 0 0 0 1621444680.223092
10416 0 0 0 1621444680.331883
10416 0 0 0 1621444680.440942
10416 0 0 0 1621444680.549933
10416 0 0 0 1621444680.658846
10416 0 0 0 1621444680.76782
10432 0 0 0 1621444680.876773
10432 0 0 0 1621444680.985789
10432 0 0 0 1621444681.094736
10448 0 0 0 1621444681.203718
10448 0 0 0 1621444681.312744
10448 0 0 0 1621444681.421656
10448 0 0 0 1621444681.530656
10448 0 0 0 1621444681.639587
10448 0 0 0 1621444681.748571
10464 0 0 0 1621444681.857457
10464 0 0 0 1621444681.96652
10464 0 0 0 1621444682.075413
10464 0 0 0 1621444682.18444
10464 0 0 0 1621444682.293494
10464 0 0 0 1621444682.402304
10480 0 0 0 1621444682.51132
10480 0 0 0 1621444682.620352
10480 0 0 0 1621444682.729208
10480 0 0 0 1621444682.838288
10480 0 0 0 1621444682.947115
10480 0 0 0 1621444683.05614
10480 0 0 0 1621444683.165082
10496 0 0 0 1621444683.274111
10480 0 0 0 1621444683.383043
10496 0 0 0 1621444683.49216
10496 0 0 0 1621444683.601367
10496 0 0 0 1621444683.709986
10496 0 0 0 1621444683.818984
10496 0 0 0 1621444683.927983
10496 0 0 0 1621444684.036985
10496 0 0 0 1621444684.14588
10496 0 0 0 1621444684.254699
10496 0 0 0 1621444684.363737
10496 0 0 0 1621444684.472627
10496 0 0 0 1621444684.581821
10496 0 0 0 1621444684.690556
10496 0 0 0 1621444684.79975
10496 0 0 0 1621444684.908651
9808 0 0 0 1621444685.017687
15040 0 0 0 1621444685.12656
21456 0 0 0 1621444685.235453
22160 0 0 0 1621444685.344548
8624 0 0 0 1621444685.45349
9344 0 0 0 1621444685.562502
9360 0 0 0 1621444685.671474
9472 0 0 0 1621444685.780301
9552 0 0 0 1621444685.889429
9552 0 0 0 1621444685.998345
9616 0 0 0 1621444686.107381
9664 0 0 0 1621444686.216244
9712 0 0 0 1621444686.325233
9744 0 0 0 1621444686.434257
9792 0 0 0 1621444686.543115
9792 0 0 0 1621444686.652154
9840 0 0 0 1621444686.761229
9840 0 0 0 1621444686.870016
9856 0 0 0 1621444686.979044
9888 0 0 0 1621444687.088053
9904 0 0 0 1621444687.197072
9920 0 0 0 1621444687.306075
9920 0 0 0 1621444687.41498
9936 0 0 0 1621444687.523821
9936 0 0 0 1621444687.632897
9936 0 0 0 1621444687.741785
9936 0 0 0 1621444687.850878
9920 0 0 0 1621444687.959778
9952 0 0 0 1621444688.068847
9968 0 0 0 1621444688.177754
9984 0 0 0 1621444688.286606
9968 0 0 0 1621444688.395737
9968 0 0 0 1621444688.504555
9984 0 0 0 1621444688.613609
9984 0 0 0 1621444688.722486
10000 0 0 0 1621444688.831582
10000 0 0 0 1621444688.940599
10000 0 0 0 1621444689.049474
10016 0 0 0 1621444689.15852
10016 0 0 0 1621444689.267396
10016 0 0 0 1621444689.376381
10016 0 0 0 1621444689.485301
10032 0 0 0 1621444689.59429
10032 0 0 0 1621444689.703373
10032 0 0 0 1621444689.812224
10032 0 0 0 1621444689.921293
10048 0 0 0 1621444690.030182
10064 0 0 0 1621444690.139225
10064 0 0 0 1621444690.248133
10064 0 0 0 1621444690.357116
10080 0 0 0 1621444690.466061
10096 0 0 0 1621444690.575014
10096 0 0 0 1621444690.683941
10096 0 0 0 1621444690.79304
10096 0 0 0 1621444690.901879
10112 0 0 0 1621444691.010945
10112 0 0 0 1621444691.12002
10128 0 0 0 1621444691.228843
10128 0 0 0 1621444691.337731
10112 0 0 0 1621444691.446787
10112 0 0 0 1621444691.555692
10128 0 0 0 1621444691.664801
10128 0 0 0 1621444691.773812
10128 0 0 0 1621444691.882651
10128 0 0 0 1621444691.991674
10128 0 0 0 1621444692.10072
10112 0 0 0 1621444692.20955
10128 0 0 0 1621444692.31847
10128 0 0 0 1621444692.427571
10128 0 0 0 1621444692.536388
10128 0 0 0 1621444692.64555
10128 0 0 0 1621444692.754289
10144 0 0 0 1621444692.863303
10128 0 0 0 1621444692.972354
