3.0 1623932530.657222 0.652
3.0096852779388428 1623932530.657431 0.652
3.0 1623932530.657604 0.652
3.0 1623932530.657757 0.652
2.997584581375122 1623932530.657892 0.652
2.997584581375122 1623932530.658042 0.652
2.990361452102661 1623932530.65819 0.652
2.9927711486816406 1623932530.658341 0.652
3.0 1623932530.658483 0.652
3.0 1623932530.65863 0.652
3.002415418624878 1623932530.658765 0.652
3.002415418624878 1623932530.658914 0.652
3.002415418624878 1623932530.659062 0.652
3.0096852779388428 1623932530.659204 0.652
2.9927711486816406 1623932530.65935 0.652
2.9927711486816406 1623932530.659491 0.652
2.990361452102661 1623932530.659694 0.652
2.990361452102661 1623932530.659836 0.652
2.997584581375122 1623932530.659975 0.652
3.0 1623932530.66011 0.652
2.990361452102661 1623932530.660256 0.652
2.9927711486816406 1623932530.660393 0.652
2.9927711486816406 1623932530.660538 0.652
2.983173131942749 1623932530.660678 0.652
2.990361452102661 1623932530.660828 0.652
2.983173131942749 1623932530.660969 0.652
2.983173131942749 1623932530.661128 0.652
2.990361452102661 1623932530.661267 0.652
2.9927711486816406 1623932530.661415 0.652
2.980769157409668 1623932530.661553 0.652
2.980769157409668 1623932530.661738 0.652
2.978365421295166 1623932530.661799 0.652
2.980769157409668 1623932530.661846 0.652
2.990361452102661 1623932530.661894 0.652
2.9879517555236816 1623932530.661939 0.652
2.9712231159210205 1623932530.661988 0.652
2.9712231159210205 1623932530.662043 0.652
2.9712231159210205 1623932530.662091 0.652
2.9712231159210205 1623932530.662137 0.652
2.980769157409668 1623932530.662181 0.652
2.973621129989624 1623932530.662228 0.652
2.9712231159210205 1623932530.66227 0.652
2.9712231159210205 1623932530.662317 0.652
2.980769157409668 1623932530.662361 0.652
2.9641149044036865 1623932530.662404 0.652
2.9712231159210205 1623932530.662446 0.652
2.9712231159210205 1623932530.662491 0.652
2.9712231159210205 1623932530.662536 0.652
2.9712231159210205 1623932530.662579 0.652
2.968824863433838 1623932530.662625 0.652
2.9712231159210205 1623932530.662668 0.652
2.9712231159210205 1623932530.662712 0.652
2.9712231159210205 1623932530.662752 0.652
2.9712231159210205 1623932530.6628 0.652
2.978365421295166 1623932530.66285 0.652
2.980769157409668 1623932530.662894 0.652
2.973621129989624 1623932530.662949 0.652
2.9641149044036865 1623932530.662987 0.652
2.9641149044036865 1623932530.663029 0.652
2.9641149044036865 1623932530.663075 0.652
2.968824863433838 1623932530.663126 0.652
2.9712231159210205 1623932530.663176 0.652
2.980769157409668 1623932530.663244 0.652
2.980769157409668 1623932530.663293 0.652
2.980769157409668 1623932530.66334 0.652
2.980769157409668 1623932530.663387 0.652
2.980769157409668 1623932530.663436 0.652
2.980769157409668 1623932530.66348 0.652
2.990361452102661 1623932530.663534 0.652
2.9927711486816406 1623932530.663578 0.652
2.990361452102661 1623932530.663627 0.652
2.990361452102661 1623932530.663668 0.652
2.990361452102661 1623932530.663713 0.652
3.0 1623932530.663757 0.652
2.990361452102661 1623932530.663804 0.652
2.990361452102661 1623932530.663848 0.652
2.9927711486816406 1623932530.663894 0.652
3.0 1623932530.663938 0.652
2.990361452102661 1623932530.66398 0.652
2.990361452102661 1623932530.664026 0.652
2.990361452102661 1623932530.66407 0.652
2.9879517555236816 1623932530.664114 0.652
2.990361452102661 1623932530.664157 0.652
2.980769157409668 1623932530.664201 0.652
2.980769157409668 1623932530.664245 0.652
2.978365421295166 1623932530.664289 0.652
2.973621129989624 1623932530.664333 0.652
2.973621129989624 1623932530.664376 0.652
2.9641149044036865 1623932530.664421 0.652
2.9617223739624023 1623932530.664466 0.652
2.9712231159210205 1623932530.664509 0.652
2.9712231159210205 1623932530.664554 0.652
2.9712231159210205 1623932530.664597 0.652
2.973621129989624 1623932530.664642 0.652
2.980769157409668 1623932530.664686 0.652
2.9712231159210205 1623932530.66473 0.652
2.9641149044036865 1623932530.664773 0.652
2.9617223739624023 1623932530.664819 0.652
2.9712231159210205 1623932530.664863 0.652
2.9617223739624023 1623932530.664908 0.652
2.9712231159210205 1623932530.664955 0.652
2.980769157409668 1623932530.664994 0.652
2.980769157409668 1623932530.665035 0.652
2.980769157409668 1623932530.665072 0.652
2.9879517555236816 1623932530.665106 0.652
2.983173131942749 1623932530.665129 0.652
2.990361452102661 1623932530.665152 0.652
2.990361452102661 1623932530.665174 0.652
2.990361452102661 1623932530.665211 0.652
3.0 1623932530.665262 0.652
3.0169901847839355 1623932530.665309 0.652
3.0096852779388428 1623932530.665356 0.652
3.0096852779388428 1623932530.665397 0.652
3.0169901847839355 1623932530.66544 0.652
3.0169901847839355 1623932530.665487 0.652
3.0096852779388428 1623932530.665539 0.652
3.0096852779388428 1623932530.665587 0.652
3.002415418624878 1623932530.665631 0.652
3.002415418624878 1623932530.665673 0.652
3.0 1623932530.665716 0.652
3.0169901847839355 1623932530.665756 0.652
3.0096852779388428 1623932530.665802 0.652
3.0194175243377686 1623932530.665846 0.652
3.0194175243377686 1623932530.665888 0.652
3.0194175243377686 1623932530.665931 0.652
3.0194175243377686 1623932530.665973 0.652
3.0194175243377686 1623932530.666014 0.652
3.0194175243377686 1623932530.666058 0.652
3.0218446254730225 1623932530.666103 0.652
3.0291969776153564 1623932530.666151 0.652
3.0218446254730225 1623932530.666201 0.652
3.0291969776153564 1623932530.666247 0.652
3.0194175243377686 1623932530.66629 0.652
3.0291969776153564 1623932530.666351 0.652
3.031630277633667 1623932530.6664 0.652
3.0390243530273438 1623932530.666445 0.652
3.0218446254730225 1623932530.666492 0.652
3.0291969776153564 1623932530.666539 0.652
3.0291969776153564 1623932530.666591 0.652
3.0365853309631348 1623932530.666637 0.652
3.0291969776153564 1623932530.666675 0.652
3.0365853309631348 1623932530.66671 0.652
3.0390243530273438 1623932530.666735 0.652
3.0390243530273438 1623932530.666759 0.652
3.031630277633667 1623932530.666782 0.652
3.0390243530273438 1623932530.66682 0.652
3.0488996505737305 1623932530.666866 0.652
3.0414633750915527 1623932530.666915 0.652
3.0488996505737305 1623932530.666962 0.652
3.046454668045044 1623932530.667012 0.652
3.0488996505737305 1623932530.667054 0.652
3.058823585510254 1623932530.667096 0.652
3.058823585510254 1623932530.66714 0.652
3.05637264251709 1623932530.667184 0.652
3.051344633102417 1623932530.66723 0.652
3.0488996505737305 1623932530.667274 0.652
3.058823585510254 1623932530.667318 0.652
3.0488996505737305 1623932530.667361 0.652
3.0390243530273438 1623932530.6674 0.652
3.0488996505737305 1623932530.667438 0.652
3.0488996505737305 1623932530.667471 0.652
3.058823585510254 1623932530.667495 0.652
3.058823585510254 1623932530.667533 0.652
3.051344633102417 1623932530.667558 0.652
3.0414633750915527 1623932530.66758 0.652
3.0488996505737305 1623932530.667603 0.652
3.058823585510254 1623932530.667624 0.652
3.051344633102417 1623932530.667646 0.652
3.05637264251709 1623932530.667668 0.652
3.058823585510254 1623932530.667689 0.652
3.0488996505737305 1623932530.667711 0.652
3.0663390159606934 1623932530.667732 0.652
3.058823585510254 1623932530.667754 0.652
3.0488996505737305 1623932530.667776 0.652
3.051344633102417 1623932530.667798 0.652
3.0488996505737305 1623932530.66782 0.652
3.058823585510254 1623932530.667841 0.652
3.058823585510254 1623932530.667863 0.652
3.051344633102417 1623932530.667884 0.652
3.051344633102417 1623932530.667906 0.652
3.0488996505737305 1623932530.667929 0.652
3.05637264251709 1623932530.667953 0.652
3.058823585510254 1623932530.667989 0.652
3.058823585510254 1623932530.668028 0.652
3.05637264251709 1623932530.668058 0.652
3.0488996505737305 1623932530.668081 0.652
3.0390243530273438 1623932530.668103 0.652
3.0488996505737305 1623932530.668125 0.652
3.0488996505737305 1623932530.668147 0.652
3.0488996505737305 1623932530.668171 0.652
3.0488996505737305 1623932530.668199 0.652
3.0488996505737305 1623932530.668221 0.652
3.0390243530273438 1623932530.668243 0.652
3.0390243530273438 1623932530.668265 0.652
3.0390243530273438 1623932530.668287 0.652
3.0488996505737305 1623932530.668309 0.652
3.058823585510254 1623932530.66833 0.652
3.0488996505737305 1623932530.668411 0.652
3.0488996505737305 1623932530.66845 0.652
3.0390243530273438 1623932530.668486 0.652
3.0414633750915527 1623932530.668524 0.652
3.0390243530273438 1623932530.668562 0.652
3.0291969776153564 1623932530.668601 0.652
3.0291969776153564 1623932530.668643 0.652
3.0390243530273438 1623932530.668686 0.652
3.0291969776153564 1623932530.668728 0.652
3.031630277633667 1623932530.668769 0.652
3.0291969776153564 1623932530.668809 0.652
3.031630277633667 1623932530.66885 0.652
3.0365853309631348 1623932530.66889 0.652
3.0291969776153564 1623932530.66893 0.652
3.0291969776153564 1623932530.668969 0.652
3.0365853309631348 1623932530.669011 0.652
3.0390243530273438 1623932530.669051 0.652
3.0488996505737305 1623932530.669093 0.652
3.0488996505737305 1623932530.669136 0.652
3.0390243530273438 1623932530.669178 0.652
3.0390243530273438 1623932530.669216 0.652
3.0390243530273438 1623932530.669257 0.652
3.0291969776153564 1623932530.669298 0.652
3.031630277633667 1623932530.66934 0.652
3.0390243530273438 1623932530.669382 0.652
3.0390243530273438 1623932530.669423 0.652
3.0291969776153564 1623932530.669465 0.652
3.0291969776153564 1623932530.669507 0.652
3.0291969776153564 1623932530.669549 0.652
3.0218446254730225 1623932530.669592 0.652
3.0194175243377686 1623932530.669634 0.652
3.026763916015625 1623932530.669676 0.652
3.0194175243377686 1623932530.669713 0.652
3.0194175243377686 1623932530.669738 0.652
3.026763916015625 1623932530.669761 0.652
3.0194175243377686 1623932530.669783 0.652
3.0194175243377686 1623932530.669805 0.652
3.0218446254730225 1623932530.669827 0.652
3.0194175243377686 1623932530.66985 0.652
3.0194175243377686 1623932530.669872 0.652
3.0194175243377686 1623932530.669893 0.652
3.0194175243377686 1623932530.669915 0.652
3.0291969776153564 1623932530.669937 0.652
3.0291969776153564 1623932530.669958 0.652
3.0291969776153564 1623932530.66998 0.652
3.0365853309631348 1623932530.670002 0.652
3.0291969776153564 1623932530.670023 0.652
3.0291969776153564 1623932530.670045 0.652
3.031630277633667 1623932530.670067 0.652
3.0291969776153564 1623932530.670089 0.652
3.0291969776153564 1623932530.67011 0.652
3.0291969776153564 1623932530.670132 0.652
3.0291969776153564 1623932530.670154 0.652
3.0291969776153564 1623932530.670175 0.652
3.0291969776153564 1623932530.670197 0.652
3.0291969776153564 1623932530.670218 0.652
3.0291969776153564 1623932530.67024 0.652
3.0365853309631348 1623932530.670262 0.652
3.0390243530273438 1623932530.670283 0.652
3.0291969776153564 1623932530.670305 0.652
3.0390243530273438 1623932530.670326 0.652
3.0390243530273438 1623932530.670347 0.652
3.0390243530273438 1623932530.67037 0.652
3.0414633750915527 1623932530.670391 0.652
3.0390243530273438 1623932530.670413 0.652
3.0390243530273438 1623932530.670434 0.652
3.0390243530273438 1623932530.670456 0.652
3.031630277633667 1623932530.67048 0.652
3.031630277633667 1623932530.670501 0.652
3.0291969776153564 1623932530.670523 0.652
3.0291969776153564 1623932530.670544 0.652
3.0390243530273438 1623932530.670566 0.652
3.0390243530273438 1623932530.670587 0.652
3.0390243530273438 1623932530.670609 0.652
3.0291969776153564 1623932530.670631 0.652
3.0390243530273438 1623932530.670652 0.652
3.0390243530273438 1623932530.670675 0.652
3.0218446254730225 1623932530.670697 0.652
3.0291969776153564 1623932530.670718 0.652
3.0291969776153564 1623932530.67074 0.652
3.0390243530273438 1623932530.670761 0.652
3.0390243530273438 1623932530.670783 0.652
3.0414633750915527 1623932530.670804 0.652
3.0488996505737305 1623932530.670825 0.652
3.0488996505737305 1623932530.670847 0.652
3.0390243530273438 1623932530.670869 0.652
3.0390243530273438 1623932530.67089 0.652
3.046454668045044 1623932530.670912 0.652
3.0390243530273438 1623932530.670933 0.652
3.046454668045044 1623932530.670955 0.652
3.0390243530273438 1623932530.670976 0.652
3.0390243530273438 1623932530.670998 0.652
3.0488996505737305 1623932530.67102 0.652
3.0390243530273438 1623932530.671042 0.652
3.0414633750915527 1623932530.671064 0.652
3.0488996505737305 1623932530.671085 0.652
3.031630277633667 1623932530.671107 0.652
3.031630277633667 1623932530.671129 0.652
3.0390243530273438 1623932530.67115 0.652
3.046454668045044 1623932530.671172 0.652
3.0414633750915527 1623932530.671193 0.652
3.05637264251709 1623932530.671215 0.652
3.058823585510254 1623932530.671236 0.652
3.0488996505737305 1623932530.671258 0.652
3.046454668045044 1623932530.671279 0.652
3.0414633750915527 1623932530.671301 0.652
3.0414633750915527 1623932530.671322 0.652
3.0488996505737305 1623932530.671344 0.652
3.0488996505737305 1623932530.671366 0.652
3.0390243530273438 1623932530.671388 0.652
3.046454668045044 1623932530.67141 0.652
3.0414633750915527 1623932530.671431 0.652
3.0390243530273438 1623932530.671453 0.652
3.0488996505737305 1623932530.671475 0.652
3.0488996505737305 1623932530.671496 0.652
3.0390243530273438 1623932530.671532 0.652
3.0390243530273438 1623932530.671574 0.652
3.0414633750915527 1623932530.671615 0.652
3.046454668045044 1623932530.671655 0.652
3.058823585510254 1623932530.671696 0.652
3.0488996505737305 1623932530.671735 0.652
3.0390243530273438 1623932530.671773 0.652
3.051344633102417 1623932530.671814 0.652
3.0488996505737305 1623932530.671851 0.652
3.0488996505737305 1623932530.67189 0.652
3.0488996505737305 1623932530.671926 0.652
3.0488996505737305 1623932530.671973 0.652
3.0488996505737305 1623932530.672018 0.652
3.058823585510254 1623932530.672056 0.652
3.0488996505737305 1623932530.672095 0.652
3.0663390159606934 1623932530.672129 0.652
3.061274528503418 1623932530.672162 0.652
3.0663390159606934 1623932530.672196 0.652
3.058823585510254 1623932530.67223 0.652
3.05637264251709 1623932530.672268 0.652
3.05637264251709 1623932530.672307 0.652
3.058823585510254 1623932530.672344 0.652
3.058823585510254 1623932530.672384 0.652
3.058823585510254 1623932530.672424 0.652
3.058823585510254 1623932530.672462 0.652
3.068796157836914 1623932530.672505 0.652
3.0712530612945557 1623932530.672547 0.652
3.068796157836914 1623932530.672588 0.652
3.068796157836914 1623932530.672624 0.652
3.061274528503418 1623932530.672664 0.652
3.061274528503418 1623932530.672702 0.652
3.068796157836914 1623932530.672741 0.652
3.078817844390869 1623932530.672779 0.652
3.068796157836914 1623932530.672812 0.652
3.068796157836914 1623932530.672846 0.652
3.068796157836914 1623932530.672882 0.652
3.068796157836914 1623932530.67292 0.652
3.0663390159606934 1623932530.672961 0.652
3.0663390159606934 1623932530.672999 0.652
3.068796157836914 1623932530.673039 0.652
3.068796157836914 1623932530.673077 0.652
3.061274528503418 1623932530.673115 0.652
3.068796157836914 1623932530.673153 0.652
3.068796157836914 1623932530.67319 0.652
3.0712530612945557 1623932530.673229 0.652
3.0712530612945557 1623932530.673267 0.652
3.068796157836914 1623932530.673307 0.652
3.068796157836914 1623932530.673347 0.652
3.078817844390869 1623932530.673386 0.652
3.068796157836914 1623932530.673426 0.652
3.078817844390869 1623932530.673464 0.652
3.068796157836914 1623932530.673501 0.652
3.068796157836914 1623932530.673539 0.652
3.0864198207855225 1623932530.673576 0.652
3.078817844390869 1623932530.673615 0.652
3.0888888835906982 1623932530.673654 0.652
3.0965347290039062 1623932530.67369 0.652
3.0812807083129883 1623932530.673729 0.652
3.078817844390869 1623932530.673771 0.652
3.0888888835906982 1623932530.673811 0.652
3.0888888835906982 1623932530.673851 0.652
3.0888888835906982 1623932530.67389 0.652
3.0965347290039062 1623932530.673928 0.652
3.0888888835906982 1623932530.673965 0.652
3.0990099906921387 1623932530.674002 0.652
3.0990099906921387 1623932530.674042 0.652
3.0990099906921387 1623932530.674081 0.652
3.101485252380371 1623932530.674118 0.652
3.0990099906921387 1623932530.674158 0.652
3.0990099906921387 1623932530.674198 0.652
3.0990099906921387 1623932530.674236 0.652
3.0990099906921387 1623932530.674276 0.652
3.1066997051239014 1623932530.674315 0.652
3.1091811656951904 1623932530.674354 0.652
3.116915464401245 1623932530.674393 0.652
3.1091811656951904 1623932530.674432 0.652
3.1091811656951904 1623932530.674473 0.652
3.101485252380371 1623932530.674511 0.652
3.101485252380371 1623932530.674602 0.652
3.0990099906921387 1623932530.674645 0.652
3.091357946395874 1623932530.674687 0.652
3.078817844390869 1623932530.67473 0.652
3.068796157836914 1623932530.67477 0.652
3.0096852779388428 1623932530.674809 0.652
2.983173131942749 1623932530.674851 0.652
2.9617223739624023 1623932530.674892 0.652
2.9617223739624023 1623932530.674932 0.652
2.8668224811553955 1623932530.674974 0.652
2.78947377204895 1623932530.675015 0.652
2.702460765838623 1623932530.675059 0.652
2.6315789222717285 1623932530.6751 0.652
2.6777777671813965 1623932530.675142 0.652
2.7130045890808105 1623932530.675181 0.652
2.6904232501983643 1623932530.67522 0.652
2.6881959438323975 1623932530.675254 0.652
2.704698085784912 1623932530.675294 0.652
2.7085201740264893 1623932530.675336 0.652
2.6941964626312256 1623932530.675372 0.652
2.6919643878936768 1623932530.675407 0.652
2.729729652404785 1623932530.675446 0.652
2.73423433303833 1623932530.675489 0.652
2.7590909004211426 1623932530.675557 0.652
2.7404062747955322 1623932530.675605 0.652
2.7130045890808105 1623932530.675659 0.652
2.772209644317627 1623932530.675699 0.652
2.791762113571167 1623932530.67574 0.652
2.8004586696624756 1623932530.675779 0.652
2.7981650829315186 1623932530.675819 0.652
2.791762113571167 1623932530.675861 0.652
2.7699315547943115 1623932530.675899 0.652
2.751131296157837 1623932530.675939 0.652
2.704698085784912 1623932530.67598 0.652
2.5316455364227295 1623932530.67602 0.652
9.623376846313477 1623932530.676067 0.652
2.7218542098999023 1623932530.676108 0.652
11.13432788848877 1623932530.67615 0.652
21.630136489868164 1623932530.676191 0.652
30.188678741455078 1623932530.676232 0.652
40.375 1623932530.676272 0.652
42.578948974609375 1623932530.676311 0.652
54.13333511352539 1623932530.67635 0.652
74.2727279663086 1623932530.676389 0.652
77.85713958740234 1623932530.676431 0.652
74.2727279663086 1623932530.676475 0.652
81.75 1623932530.676516 0.652
96.35294342041016 1623932530.676558 0.652
102.5 1623932530.676613 0.652
102.5 1623932530.676653 0.652
86.15789794921875 1623932530.676691 0.652
86.15789794921875 1623932530.676727 0.652
81.80000305175781 1623932530.676769 0.652
86.15789794921875 1623932530.676808 0.652
91.0 1623932530.676845 0.652
91.0 1623932530.676886 0.652
96.4117660522461 1623932530.676929 0.652
109.33333587646484 1623932530.676974 0.652
109.4000015258789 1623932530.677015 0.652
117.28571319580078 1623932530.677055 0.652
117.28571319580078 1623932530.677096 0.652
126.30769348144531 1623932530.677133 0.652
126.30769348144531 1623932530.677176 0.652
117.28571319580078 1623932530.677216 0.652
117.28571319580078 1623932530.677255 0.652
117.21428680419922 1623932530.677293 0.652
109.4000015258789 1623932530.677334 0.652
109.4000015258789 1623932530.677374 0.652
96.4117660522461 1623932530.677413 0.652
102.4375 1623932530.677455 0.652
96.4117660522461 1623932530.677494 0.652
96.47058868408203 1623932530.677545 0.652
117.28571319580078 1623932530.677588 0.652
109.4000015258789 1623932530.677627 0.652
102.5 1623932530.677668 0.652
96.4117660522461 1623932530.677711 0.652
96.4117660522461 1623932530.677753 0.652
86.10526275634766 1623932530.677795 0.652
81.80000305175781 1623932530.677838 0.652
86.10526275634766 1623932530.677878 0.652
81.80000305175781 1623932530.67792 0.652
86.10526275634766 1623932530.677962 0.652
96.4117660522461 1623932530.678005 0.652
109.33333587646484 1623932530.678046 0.652
117.28571319580078 1623932530.678089 0.652
109.4000015258789 1623932530.67813 0.652
102.5 1623932530.678173 0.652
109.4000015258789 1623932530.678212 0.652
117.28571319580078 1623932530.67828 0.652
117.28571319580078 1623932530.678326 0.652
96.4117660522461 1623932530.678367 0.652
109.33333587646484 1623932530.67841 0.652
102.4375 1623932530.67845 0.652
117.21428680419922 1623932530.678492 0.652
109.46666717529297 1623932530.678532 0.652
86.15789794921875 1623932530.678572 0.652
81.80000305175781 1623932530.678614 0.652
86.15789794921875 1623932530.678653 0.652
96.4117660522461 1623932530.678696 0.652
102.5 1623932530.678736 0.652
109.4000015258789 1623932530.678781 0.652
117.28571319580078 1623932530.678822 0.652
109.4000015258789 1623932530.678878 0.652
126.38461303710938 1623932530.678919 0.652
136.9166717529297 1623932530.678962 0.652
137.0 1623932530.679005 0.652
117.28571319580078 1623932530.679044 0.652
102.5 1623932530.679087 0.652
91.0 1623932530.679127 0.652
90.94444274902344 1623932530.679171 0.652
102.4375 1623932530.679213 0.652
117.21428680419922 1623932530.679254 0.652
117.28571319580078 1623932530.679294 0.652
126.30769348144531 1623932530.679334 0.652
136.9166717529297 1623932530.67937 0.652
126.46154022216797 1623932530.679402 0.652
90.94444274902344 1623932530.679425 0.652
96.4117660522461 1623932530.679447 0.652
96.47058868408203 1623932530.679469 0.652
39.4878044128418 1623932530.679491 0.652
24.96875 1623932530.679536 0.652
11.086956977844238 1623932530.679563 0.652
4.649831771850586 1623932530.679587 0.652
2.804100275039673 1623932530.679609 0.652
2.5813448429107666 1623932530.679631 0.652
2.49682879447937 1623932530.679653 0.652
2.765909194946289 1623932530.679675 0.652
3.615819215774536 1623932530.679697 0.652
7.552083492279053 1623932530.679719 0.652
11.8828125 1623932530.67974 0.652
12.590164184570312 1623932530.679763 0.652
9.605095863342285 1623932530.679785 0.652
7.829787254333496 1623932530.679807 0.652
8.428571701049805 1623932530.679829 0.652
10.155405044555664 1623932530.679851 0.652
11.530303001403809 1623932530.679873 0.652
11.274073600769043 1623932530.679895 0.652
9.830065727233887 1623932530.679917 0.652
9.670968055725098 1623932530.679939 0.652
10.321917533874512 1623932530.679961 0.652
10.992753982543945 1623932530.679985 0.652
11.82945728302002 1623932530.680027 0.652
12.248000144958496 1623932530.68006 0.652
11.028985977172852 1623932530.680095 0.652
6.515695095062256 1623932530.680127 0.652
3.5726027488708496 1623932530.68015 0.652
3.456756830215454 1623932530.680173 0.652
4.242038249969482 1623932530.680195 0.652
5.519841194152832 1623932530.680217 0.652
9.256250381469727 1623932530.68024 0.652
18.783132553100586 1623932530.680262 0.652
37.41860580444336 1623932530.680284 0.652
45.05555725097656 1623932530.680307 0.652
54.099998474121094 1623932530.680329 0.652
96.35294342041016 1623932530.68036 0.652
126.30769348144531 1623932530.680396 0.652
91.11111450195312 1623932530.680427 0.652
71.0 1623932530.680465 0.652
77.80952453613281 1623932530.680497 0.652
102.4375 1623932530.680529 0.652
126.30769348144531 1623932530.680553 0.652
126.38461303710938 1623932530.680575 0.652
117.28571319580078 1623932530.680597 0.652
91.05555725097656 1623932530.68062 0.652
68.04166412353516 1623932530.680642 0.652
65.23999786376953 1623932530.680665 0.652
68.0 1623932530.680694 0.652
74.2727279663086 1623932530.680729 0.652
96.35294342041016 1623932530.680771 0.652
117.21428680419922 1623932530.680812 0.652
126.38461303710938 1623932530.680842 0.652
117.28571319580078 1623932530.680875 0.652
109.4000015258789 1623932530.680919 0.652
117.28571319580078 1623932530.680954 0.652
126.38461303710938 1623932530.680989 0.652
126.38461303710938 1623932530.681024 0.652
117.28571319580078 1623932530.681059 0.652
109.33333587646484 1623932530.681098 0.652
109.33333587646484 1623932530.681133 0.652
117.21428680419922 1623932530.68117 0.652
126.30769348144531 1623932530.681208 0.652
126.38461303710938 1623932530.681243 0.652
126.38461303710938 1623932530.68128 0.652
136.9166717529297 1623932530.681316 0.652
137.0 1623932530.681357 0.652
137.0 1623932530.681397 0.652
137.0 1623932530.681433 0.652
136.9166717529297 1623932530.681469 0.652
136.9166717529297 1623932530.681506 0.652
136.9166717529297 1623932530.681544 0.652
137.0 1623932530.68158 0.652
137.0 1623932530.681619 0.652
137.0 1623932530.681659 0.652
149.4545440673828 1623932530.681699 0.652
149.4545440673828 1623932530.681727 0.652
149.4545440673828 1623932530.681751 0.652
149.4545440673828 1623932530.681774 0.652
149.4545440673828 1623932530.681796 0.652
137.0 1623932530.681818 0.652
137.0 1623932530.68184 0.652
137.0 1623932530.681881 0.652
137.0 1623932530.681918 0.652
149.4545440673828 1623932530.681954 0.652
149.4545440673828 1623932530.682058 0.652
149.4545440673828 1623932530.68211 0.652
149.5454559326172 1623932530.682151 0.652
149.4545440673828 1623932530.68219 0.652
149.4545440673828 1623932530.68223 0.652
149.4545440673828 1623932530.682269 0.652
149.4545440673828 1623932530.682309 0.652
149.5454559326172 1623932530.682345 0.652
149.4545440673828 1623932530.682384 0.652
149.5454559326172 1623932530.682421 0.652
149.5454559326172 1623932530.68246 0.652
149.5454559326172 1623932530.682501 0.652
149.5454559326172 1623932530.682541 0.652
149.5454559326172 1623932530.682583 0.652
149.5454559326172 1623932530.682643 0.652
149.5454559326172 1623932530.682703 0.652
149.5454559326172 1623932530.682747 0.652
149.5454559326172 1623932530.682788 0.652
149.5454559326172 1623932530.682829 0.652
149.5454559326172 1623932530.682872 0.652
149.5454559326172 1623932530.682912 0.652
149.5454559326172 1623932530.682954 0.652
149.5454559326172 1623932530.682992 0.652
149.5454559326172 1623932530.683035 0.652
149.5454559326172 1623932530.683075 0.652
149.5454559326172 1623932530.683124 0.652
149.5454559326172 1623932530.683165 0.652
149.5454559326172 1623932530.683207 0.652
149.5454559326172 1623932530.683247 0.652
149.5454559326172 1623932530.683292 0.652
149.5454559326172 1623932530.683335 0.652
149.5454559326172 1623932530.683378 0.652
149.5454559326172 1623932530.683422 0.652
149.5454559326172 1623932530.683464 0.652
149.5454559326172 1623932530.683506 0.652
149.5454559326172 1623932530.683565 0.652
149.5454559326172 1623932530.68361 0.652
149.5454559326172 1623932530.683654 0.652
149.5454559326172 1623932530.683696 0.652
149.5454559326172 1623932530.683752 0.652
149.5454559326172 1623932530.683794 0.652
149.5454559326172 1623932530.683837 0.652
149.5454559326172 1623932530.683876 0.652
149.5454559326172 1623932530.683917 0.652
149.5454559326172 1623932530.683955 0.652
149.5454559326172 1623932530.683998 0.652
149.5454559326172 1623932530.68404 0.652
149.5454559326172 1623932530.684082 0.652
149.5454559326172 1623932530.684123 0.652
149.5454559326172 1623932530.684168 0.652
149.5454559326172 1623932530.684209 0.652
149.5454559326172 1623932530.68425 0.652
149.5454559326172 1623932530.684289 0.652
149.5454559326172 1623932530.68433 0.652
149.5454559326172 1623932530.68437 0.652
149.5454559326172 1623932530.68441 0.652
149.5454559326172 1623932530.684451 0.652
149.5454559326172 1623932530.684491 0.652
149.5454559326172 1623932530.684529 0.652
149.5454559326172 1623932530.68457 0.652
149.5454559326172 1623932530.684617 0.652
149.5454559326172 1623932530.684657 0.652
149.5454559326172 1623932530.684697 0.652
149.5454559326172 1623932530.68474 0.652
149.5454559326172 1623932530.684794 0.652
149.5454559326172 1623932530.684847 0.652
149.5454559326172 1623932530.684887 0.652
149.5454559326172 1623932530.68493 0.652
164.5 1623932530.684968 0.652
149.5454559326172 1623932530.685007 0.652
149.5454559326172 1623932530.685051 0.652
149.5454559326172 1623932530.685091 0.652
149.5454559326172 1623932530.685131 0.652
149.5454559326172 1623932530.685172 0.652
149.5454559326172 1623932530.685213 0.652
149.5454559326172 1623932530.685251 0.652
149.5454559326172 1623932530.685295 0.652
149.5454559326172 1623932530.685335 0.652
149.5454559326172 1623932530.685379 0.652
149.5454559326172 1623932530.68542 0.652
149.5454559326172 1623932530.68546 0.652
149.5454559326172 1623932530.685499 0.652
164.5 1623932530.685541 0.652
149.5454559326172 1623932530.685579 0.652
149.5454559326172 1623932530.68562 0.652
149.5454559326172 1623932530.685661 0.652
149.5454559326172 1623932530.685703 0.652
149.5454559326172 1623932530.685743 0.652
149.5454559326172 1623932530.685782 0.652
149.5454559326172 1623932530.685824 0.652
149.5454559326172 1623932530.685864 0.652
149.5454559326172 1623932530.685902 0.652
149.5454559326172 1623932530.685945 0.652
149.5454559326172 1623932530.685991 0.652
149.5454559326172 1623932530.686031 0.652
164.5 1623932530.686069 0.652
164.5 1623932530.686099 0.652
164.5 1623932530.68613 0.652
164.5 1623932530.686162 0.652
164.5 1623932530.686202 0.652
164.5 1623932530.686234 0.652
149.5454559326172 1623932530.686264 0.652
149.5454559326172 1623932530.686299 0.652
149.5454559326172 1623932530.68634 0.652
149.5454559326172 1623932530.686382 0.652
149.5454559326172 1623932530.686424 0.652
149.5454559326172 1623932530.686464 0.652
149.5454559326172 1623932530.686509 0.652
149.5454559326172 1623932530.686556 0.652
149.5454559326172 1623932530.686599 0.652
149.5454559326172 1623932530.686626 0.652
149.5454559326172 1623932530.686649 0.652
164.5 1623932530.686673 0.652
164.5 1623932530.686696 0.652
164.5 1623932530.686719 0.652
164.5 1623932530.686741 0.652
149.5454559326172 1623932530.68677 0.652
149.5454559326172 1623932530.6868 0.652
149.5454559326172 1623932530.68683 0.652
149.5454559326172 1623932530.686867 0.652
149.5454559326172 1623932530.68691 0.652
149.5454559326172 1623932530.686948 0.652
149.5454559326172 1623932530.686979 0.652
164.5 1623932530.687011 0.652
149.5454559326172 1623932530.687046 0.652
149.5454559326172 1623932530.687089 0.652
164.5 1623932530.687129 0.652
164.5 1623932530.687172 0.652
164.5 1623932530.687214 0.652
164.5 1623932530.687256 0.652
164.5 1623932530.687299 0.652
164.5 1623932530.687344 0.652
164.5 1623932530.687382 0.652
164.5 1623932530.68742 0.652
164.5 1623932530.687464 0.652
164.5 1623932530.687501 0.652
149.5454559326172 1623932530.687551 0.652
164.5 1623932530.687597 0.652
149.5454559326172 1623932530.687638 0.652
164.5 1623932530.687676 0.652
149.5454559326172 1623932530.687714 0.652
164.5 1623932530.687755 0.652
164.5 1623932530.687795 0.652
164.5 1623932530.687839 0.652
164.5 1623932530.687879 0.652
164.5 1623932530.687921 0.652
164.5 1623932530.687962 0.652
164.5 1623932530.688001 0.652
164.5 1623932530.688047 0.652
164.5 1623932530.688089 0.652
164.5 1623932530.688121 0.652
164.5 1623932530.688145 0.652
164.5 1623932530.688168 0.652
164.5 1623932530.688193 0.652
164.5 1623932530.688231 0.652
164.60000610351562 1623932530.688259 0.652
164.5 1623932530.688296 0.652
164.5 1623932530.688325 0.652
164.5 1623932530.688349 0.652
164.60000610351562 1623932530.688371 0.652
164.60000610351562 1623932530.688404 0.652
164.60000610351562 1623932530.688443 0.652
164.60000610351562 1623932530.688482 0.652
164.60000610351562 1623932530.688509 0.652
164.5 1623932530.688533 0.652
164.60000610351562 1623932530.688563 0.652
164.60000610351562 1623932530.688601 0.652
164.5 1623932530.688638 0.652
164.60000610351562 1623932530.688665 0.652
164.60000610351562 1623932530.688689 0.652
164.60000610351562 1623932530.688721 0.652
164.60000610351562 1623932530.688757 0.652
164.60000610351562 1623932530.688796 0.652
164.60000610351562 1623932530.688822 0.652
164.60000610351562 1623932530.688846 0.652
164.60000610351562 1623932530.68888 0.652
164.60000610351562 1623932530.688917 0.652
164.60000610351562 1623932530.688958 0.652
164.5 1623932530.688985 0.652
164.60000610351562 1623932530.689009 0.652
164.60000610351562 1623932530.689043 0.652
164.60000610351562 1623932530.68908 0.652
164.60000610351562 1623932530.689117 0.652
164.60000610351562 1623932530.689142 0.652
164.60000610351562 1623932530.689167 0.652
164.60000610351562 1623932530.689206 0.652
164.60000610351562 1623932530.689243 0.652
164.60000610351562 1623932530.689276 0.652
164.60000610351562 1623932530.6893 0.652
164.60000610351562 1623932530.689324 0.652
164.60000610351562 1623932530.68936 0.652
164.60000610351562 1623932530.689391 0.652
164.60000610351562 1623932530.689415 0.652
164.60000610351562 1623932530.689438 0.652
164.60000610351562 1623932530.689474 0.652
164.60000610351562 1623932530.689501 0.652
137.0 1623932530.689524 0.652
126.38461303710938 1623932530.689551 0.652
137.0 1623932530.689588 0.652
137.0 1623932530.689619 0.652
126.38461303710938 1623932530.689651 0.652
117.28571319580078 1623932530.689676 0.652
109.4000015258789 1623932530.689699 0.652
117.21428680419922 1623932530.689737 0.652
136.9166717529297 1623932530.689769 0.652
149.4545440673828 1623932530.689805 0.652
149.5454559326172 1623932530.68983 0.652
149.5454559326172 1623932530.689854 0.652
126.38461303710938 1623932530.689889 0.652
96.47058868408203 1623932530.689969 0.652
91.0 1623932530.689998 0.652
126.30769348144531 1623932530.690022 0.652
149.4545440673828 1623932530.690046 0.652
149.5454559326172 1623932530.690069 0.652
164.5 1623932530.690096 0.652
164.60000610351562 1623932530.690135 0.652
164.60000610351562 1623932530.690163 0.652
164.60000610351562 1623932530.690202 0.652
164.60000610351562 1623932530.690229 0.652
164.60000610351562 1623932530.690252 0.652
164.60000610351562 1623932530.690276 0.652
164.60000610351562 1623932530.6903 0.652
164.60000610351562 1623932530.690323 0.652
164.60000610351562 1623932530.690361 0.652
164.60000610351562 1623932530.690399 0.652
164.60000610351562 1623932530.690431 0.652
164.60000610351562 1623932530.690463 0.652
164.60000610351562 1623932530.690488 0.652
164.60000610351562 1623932530.690514 0.652
164.60000610351562 1623932530.690538 0.652
164.60000610351562 1623932530.690562 0.652
182.88888549804688 1623932530.690595 0.652
182.88888549804688 1623932530.690629 0.652
182.88888549804688 1623932530.690654 0.652
182.88888549804688 1623932530.690691 0.652
182.88888549804688 1623932530.690718 0.652
182.88888549804688 1623932530.690741 0.652
182.88888549804688 1623932530.690765 0.652
164.60000610351562 1623932530.690788 0.652
164.60000610351562 1623932530.690822 0.652
182.88888549804688 1623932530.690855 0.652
164.60000610351562 1623932530.690884 0.652
164.60000610351562 1623932530.690918 0.652
164.60000610351562 1623932530.690942 0.652
182.88888549804688 1623932530.690966 0.652
182.88888549804688 1623932530.690989 0.652
182.88888549804688 1623932530.691018 0.652
182.88888549804688 1623932530.691056 0.652
182.88888549804688 1623932530.69108 0.652
182.88888549804688 1623932530.691104 0.652
182.88888549804688 1623932530.691127 0.652
182.88888549804688 1623932530.691151 0.652
182.88888549804688 1623932530.691177 0.652
182.88888549804688 1623932530.691211 0.652
182.88888549804688 1623932530.691235 0.652
183.0 1623932530.691258 0.652
182.88888549804688 1623932530.69128 0.652
182.88888549804688 1623932530.691303 0.652
182.88888549804688 1623932530.691326 0.652
182.88888549804688 1623932530.691349 0.652
182.88888549804688 1623932530.691373 0.652
182.88888549804688 1623932530.691397 0.652
182.88888549804688 1623932530.691429 0.652
182.88888549804688 1623932530.691466 0.652
182.88888549804688 1623932530.691491 0.652
182.88888549804688 1623932530.691536 0.652
182.88888549804688 1623932530.691567 0.652
182.88888549804688 1623932530.691592 0.652
182.88888549804688 1623932530.691615 0.652
183.0 1623932530.691639 0.652
182.88888549804688 1623932530.691661 0.652
183.0 1623932530.691685 0.652
183.0 1623932530.69172 0.652
182.88888549804688 1623932530.691754 0.652
182.88888549804688 1623932530.691795 0.652
183.0 1623932530.691824 0.652
183.0 1623932530.691847 0.652
182.88888549804688 1623932530.691869 0.652
183.0 1623932530.691899 0.652
183.0 1623932530.691936 0.652
183.0 1623932530.691961 0.652
183.0 1623932530.691983 0.652
183.0 1623932530.692006 0.652
183.0 1623932530.692028 0.652
182.88888549804688 1623932530.69205 0.652
183.0 1623932530.692075 0.652
183.0 1623932530.692097 0.652
183.0 1623932530.692119 0.652
183.0 1623932530.692141 0.652
183.0 1623932530.692163 0.652
183.0 1623932530.692185 0.652
183.0 1623932530.692207 0.652
183.0 1623932530.692229 0.652
183.0 1623932530.692251 0.652
183.0 1623932530.692273 0.652
183.0 1623932530.692295 0.652
183.0 1623932530.692317 0.652
183.0 1623932530.692347 0.652
183.0 1623932530.692374 0.652
183.0 1623932530.692396 0.652
183.0 1623932530.692418 0.652
183.0 1623932530.692442 0.652
183.0 1623932530.692464 0.652
183.0 1623932530.692487 0.652
183.0 1623932530.692508 0.652
183.0 1623932530.692531 0.652
183.0 1623932530.692553 0.652
183.0 1623932530.692575 0.652
183.0 1623932530.692597 0.652
183.0 1623932530.69262 0.652
183.0 1623932530.692641 0.652
183.0 1623932530.692664 0.652
183.0 1623932530.692686 0.652
183.0 1623932530.692711 0.652
183.0 1623932530.692734 0.652
183.0 1623932530.692756 0.652
183.0 1623932530.692778 0.652
183.0 1623932530.6928 0.652
183.0 1623932530.692822 0.652
183.0 1623932530.692845 0.652
183.0 1623932530.692867 0.652
183.0 1623932530.692889 0.652
183.0 1623932530.692911 0.652
183.0 1623932530.692934 0.652
183.0 1623932530.692956 0.652
183.0 1623932530.692978 0.652
183.0 1623932530.693 0.652
183.0 1623932530.693022 0.652
183.0 1623932530.693044 0.652
183.0 1623932530.693066 0.652
183.0 1623932530.693088 0.652
183.0 1623932530.69311 0.652
183.0 1623932530.693133 0.652
183.0 1623932530.693155 0.652
183.0 1623932530.693178 0.652
183.0 1623932530.6932 0.652
183.0 1623932530.693222 0.652
183.0 1623932530.693244 0.652
183.0 1623932530.693266 0.652
183.0 1623932530.693303 0.652
183.0 1623932530.693327 0.652
183.0 1623932530.693349 0.652
183.0 1623932530.693371 0.652
183.0 1623932530.693393 0.652
183.0 1623932530.693415 0.652
183.0 1623932530.693437 0.652
183.0 1623932530.693459 0.652
183.0 1623932530.693482 0.652
183.0 1623932530.693505 0.652
183.0 1623932530.693527 0.652
183.0 1623932530.693548 0.652
183.0 1623932530.69357 0.652
183.0 1623932530.693593 0.652
183.0 1623932530.693615 0.652
183.0 1623932530.693637 0.652
183.0 1623932530.693659 0.652
183.0 1623932530.693681 0.652
183.0 1623932530.693703 0.652
183.0 1623932530.693725 0.652
183.0 1623932530.693747 0.652
183.0 1623932530.693769 0.652
183.0 1623932530.693791 0.652
183.0 1623932530.693813 0.652
183.0 1623932530.693835 0.652
183.0 1623932530.693856 0.652
183.0 1623932530.693878 0.652
183.0 1623932530.6939 0.652
183.0 1623932530.693922 0.652
183.0 1623932530.693944 0.652
183.0 1623932530.693967 0.652
183.0 1623932530.69399 0.652
183.0 1623932530.694012 0.652
183.0 1623932530.694035 0.652
183.0 1623932530.694057 0.652
183.0 1623932530.69408 0.652
183.0 1623932530.69411 0.652
183.0 1623932530.694151 0.652
183.0 1623932530.694191 0.652
183.0 1623932530.694231 0.652
183.0 1623932530.694265 0.652
183.0 1623932530.694293 0.652
183.0 1623932530.69432 0.652
183.0 1623932530.694347 0.652
183.0 1623932530.694375 0.652
183.0 1623932530.694405 0.652
183.0 1623932530.694448 0.652
183.0 1623932530.694491 0.652
183.0 1623932530.694517 0.652
183.0 1623932530.69454 0.652
183.0 1623932530.694563 0.652
183.0 1623932530.694586 0.652
183.0 1623932530.694609 0.652
183.0 1623932530.694631 0.652
183.0 1623932530.694653 0.652
183.0 1623932530.694675 0.652
183.0 1623932530.694698 0.652
183.0 1623932530.69472 0.652
183.0 1623932530.694742 0.652
183.0 1623932530.694765 0.652
183.0 1623932530.694794 0.652
183.0 1623932530.694822 0.652
183.0 1623932530.694859 0.652
183.0 1623932530.694888 0.652
183.0 1623932530.694911 0.652
183.0 1623932530.694943 0.652
183.0 1623932530.694983 0.652
183.0 1623932530.695022 0.652
183.0 1623932530.695058 0.652
183.0 1623932530.695099 0.652
183.0 1623932530.695139 0.652
183.0 1623932530.695177 0.652
183.0 1623932530.695218 0.652
183.0 1623932530.695256 0.652
183.0 1623932530.695295 0.652
183.0 1623932530.695336 0.652
183.0 1623932530.695375 0.652
183.0 1623932530.695413 0.652
183.0 1623932530.695448 0.652
183.0 1623932530.695484 0.652
183.0 1623932530.695566 0.652
183.0 1623932530.695604 0.652
183.0 1623932530.695628 0.652
183.0 1623932530.695656 0.652
183.0 1623932530.695696 0.652
183.0 1623932530.695736 0.652
183.0 1623932530.695762 0.652
183.0 1623932530.695785 0.652
183.0 1623932530.695807 0.652
183.0 1623932530.69583 0.652
183.0 1623932530.695852 0.652
183.0 1623932530.695874 0.652
183.0 1623932530.695896 0.652
183.0 1623932530.695918 0.652
183.0 1623932530.69594 0.652
183.0 1623932530.695962 0.652
183.0 1623932530.695986 0.652
183.0 1623932530.696008 0.652
183.0 1623932530.69603 0.652
183.0 1623932530.696052 0.652
183.0 1623932530.696074 0.652
183.0 1623932530.696096 0.652
183.0 1623932530.696118 0.652
183.0 1623932530.69614 0.652
183.0 1623932530.696162 0.652
183.0 1623932530.696184 0.652
183.0 1623932530.696206 0.652
183.0 1623932530.696228 0.652
183.0 1623932530.69625 0.652
183.0 1623932530.696272 0.652
183.0 1623932530.696294 0.652
183.0 1623932530.696317 0.652
183.0 1623932530.696339 0.652
183.0 1623932530.696361 0.652
183.0 1623932530.696383 0.652
183.0 1623932530.696406 0.652
183.0 1623932530.696428 0.652
183.0 1623932530.696449 0.652
183.0 1623932530.69651 0.652
183.0 1623932530.696536 0.652
183.0 1623932530.696558 0.652
183.0 1623932530.696581 0.652
183.0 1623932530.696605 0.652
183.0 1623932530.696627 0.652
183.0 1623932530.69665 0.652
183.0 1623932530.696676 0.652
183.0 1623932530.696704 0.652
183.0 1623932530.696731 0.652
183.0 1623932530.696759 0.652
183.0 1623932530.696786 0.652
183.0 1623932530.696814 0.652
183.0 1623932530.696841 0.652
183.0 1623932530.696868 0.652
183.0 1623932530.696895 0.652
164.60000610351562 1623932530.696922 0.652
164.60000610351562 1623932530.696952 0.652
164.60000610351562 1623932530.696982 0.652
164.60000610351562 1623932530.697012 0.652
182.88888549804688 1623932530.69704 0.652
182.88888549804688 1623932530.697069 0.652
183.0 1623932530.697098 0.652
182.88888549804688 1623932530.697126 0.652
183.0 1623932530.697155 0.652
183.0 1623932530.697183 0.652
183.0 1623932530.69721 0.652
183.0 1623932530.697246 0.652
183.0 1623932530.697289 0.652
183.0 1623932530.697331 0.652
183.0 1623932530.697372 0.652
183.0 1623932530.697412 0.652
183.0 1623932530.697448 0.652
205.875 1623932530.697485 0.652
205.875 1623932530.697527 0.652
206.0 1623932530.697575 0.652
206.0 1623932530.697614 0.652
206.0 1623932530.697641 0.652
206.0 1623932530.697664 0.652
206.0 1623932530.697689 0.652
206.0 1623932530.69772 0.652
205.875 1623932530.697758 0.652
205.875 1623932530.697785 0.652
206.0 1623932530.697809 0.652
206.0 1623932530.697831 0.652
206.0 1623932530.697855 0.652
206.0 1623932530.697884 0.652
206.0 1623932530.697909 0.652
206.0 1623932530.697943 0.652
206.0 1623932530.697979 0.652
206.0 1623932530.698024 0.652
206.0 1623932530.698059 0.652
206.0 1623932530.698096 0.652
206.0 1623932530.698136 0.652
206.0 1623932530.698161 0.652
206.0 1623932530.698184 0.652
206.0 1623932530.698206 0.652
206.0 1623932530.698239 0.652
206.0 1623932530.698275 0.652
206.0 1623932530.698316 0.652
206.0 1623932530.698342 0.652
206.0 1623932530.698365 0.652
206.0 1623932530.698388 0.652
206.0 1623932530.698411 0.652
206.0 1623932530.69845 0.652
206.0 1623932530.698497 0.652
206.0 1623932530.698535 0.652
235.42857360839844 1623932530.698576 0.652
235.42857360839844 1623932530.698621 0.652
206.0 1623932530.698666 0.652
235.42857360839844 1623932530.698692 0.652
235.42857360839844 1623932530.698717 0.652
206.0 1623932530.698748 0.652
206.0 1623932530.698776 0.652
206.0 1623932530.698803 0.652
206.0 1623932530.698839 0.652
206.0 1623932530.698877 0.652
206.0 1623932530.698908 0.652
206.0 1623932530.698941 0.652
206.0 1623932530.698978 0.652
206.0 1623932530.699016 0.652
206.0 1623932530.699057 0.652
206.0 1623932530.699099 0.652
206.0 1623932530.699138 0.652
206.0 1623932530.699175 0.652
235.42857360839844 1623932530.699214 0.652
235.42857360839844 1623932530.699256 0.652
235.42857360839844 1623932530.699298 0.652
206.0 1623932530.699336 0.652
206.0 1623932530.699376 0.652
206.0 1623932530.699416 0.652
206.0 1623932530.699459 0.652
206.0 1623932530.699502 0.652
206.0 1623932530.699548 0.652
206.0 1623932530.699586 0.652
206.0 1623932530.699626 0.652
206.0 1623932530.699663 0.652
206.0 1623932530.699703 0.652
206.0 1623932530.699739 0.652
235.42857360839844 1623932530.699784 0.652
235.42857360839844 1623932530.699826 0.652
235.42857360839844 1623932530.699859 0.652
235.42857360839844 1623932530.699888 0.652
206.0 1623932530.69992 0.652
206.0 1623932530.699958 0.652
206.0 1623932530.699996 0.652
206.0 1623932530.700035 0.652
206.0 1623932530.700077 0.652
206.0 1623932530.700118 0.652
206.0 1623932530.700154 0.652
206.0 1623932530.700179 0.652
206.0 1623932530.700205 0.652
206.0 1623932530.700228 0.652
206.0 1623932530.700251 0.652
206.0 1623932530.700273 0.652
235.42857360839844 1623932530.700295 0.652
235.42857360839844 1623932530.70032 0.652
235.42857360839844 1623932530.700343 0.652
235.42857360839844 1623932530.700367 0.652
235.42857360839844 1623932530.70039 0.652
206.0 1623932530.700414 0.652
206.0 1623932530.700436 0.652
206.0 1623932530.700458 0.652
206.0 1623932530.700481 0.652
206.0 1623932530.700504 0.652
206.0 1623932530.700531 0.652
206.0 1623932530.700567 0.652
206.0 1623932530.700593 0.652
206.0 1623932530.700616 0.652
206.0 1623932530.700638 0.652
235.42857360839844 1623932530.70066 0.652
235.42857360839844 1623932530.700684 0.652
235.42857360839844 1623932530.700708 0.652
235.42857360839844 1623932530.700742 0.652
206.0 1623932530.70078 0.652
206.0 1623932530.700804 0.652
206.0 1623932530.700826 0.652
206.0 1623932530.700848 0.652
206.0 1623932530.70087 0.652
206.0 1623932530.700892 0.652
206.0 1623932530.700914 0.652
206.0 1623932530.700938 0.652
206.0 1623932530.700963 0.652
235.42857360839844 1623932530.700994 0.652
235.42857360839844 1623932530.70102 0.652
235.42857360839844 1623932530.701044 0.652
235.42857360839844 1623932530.701076 0.652
206.0 1623932530.701106 0.652
235.42857360839844 1623932530.70114 0.652
206.0 1623932530.701176 0.652
206.0 1623932530.701213 0.652
206.0 1623932530.701256 0.652
206.0 1623932530.701298 0.652
206.0 1623932530.701338 0.652
206.0 1623932530.701376 0.652
206.0 1623932530.701415 0.652
235.42857360839844 1623932530.701455 0.652
235.42857360839844 1623932530.701498 0.652
235.42857360839844 1623932530.701531 0.652
235.42857360839844 1623932530.701572 0.652
235.42857360839844 1623932530.701614 0.652
206.0 1623932530.701658 0.652
206.0 1623932530.701692 0.652
206.0 1623932530.701731 0.652
206.0 1623932530.701769 0.652
206.0 1623932530.701794 0.652
206.0 1623932530.701823 0.652
206.0 1623932530.701852 0.652
206.0 1623932530.70188 0.652
206.0 1623932530.701908 0.652
206.0 1623932530.701936 0.652
235.42857360839844 1623932530.701963 0.652
235.42857360839844 1623932530.701999 0.652
235.42857360839844 1623932530.702042 0.652
235.42857360839844 1623932530.702087 0.652
206.0 1623932530.702133 0.652
206.0 1623932530.702161 0.652
206.0 1623932530.702184 0.652
206.0 1623932530.702207 0.652
206.0 1623932530.702234 0.652
206.0 1623932530.702262 0.652
206.0 1623932530.702286 0.652
206.0 1623932530.702308 0.652
206.0 1623932530.702334 0.652
206.0 1623932530.702369 0.652
235.42857360839844 1623932530.702408 0.652
235.42857360839844 1623932530.702452 0.652
235.42857360839844 1623932530.702496 0.652
235.42857360839844 1623932530.702537 0.652
235.42857360839844 1623932530.702576 0.652
235.42857360839844 1623932530.702616 0.652
206.0 1623932530.702655 0.652
206.0 1623932530.702695 0.652
206.0 1623932530.702722 0.652
206.0 1623932530.702758 0.652
206.0 1623932530.702801 0.652
206.0 1623932530.702841 0.652
206.0 1623932530.702883 0.652
206.0 1623932530.702925 0.652
206.0 1623932530.70296 0.652
206.0 1623932530.702997 0.652
235.42857360839844 1623932530.703031 0.652
235.42857360839844 1623932530.703068 0.652
235.42857360839844 1623932530.703105 0.652
235.42857360839844 1623932530.703141 0.652
235.42857360839844 1623932530.703178 0.652
206.0 1623932530.703219 0.652
235.42857360839844 1623932530.703255 0.652
206.0 1623932530.703293 0.652
206.0 1623932530.703328 0.652
206.0 1623932530.703365 0.652
206.0 1623932530.703399 0.652
206.0 1623932530.703433 0.652
206.0 1623932530.703467 0.652
206.0 1623932530.703501 0.652
206.0 1623932530.703546 0.652
235.42857360839844 1623932530.703581 0.652
235.42857360839844 1623932530.703618 0.652
235.42857360839844 1623932530.703659 0.652
235.42857360839844 1623932530.703701 0.652
235.42857360839844 1623932530.703745 0.652
235.42857360839844 1623932530.70379 0.652
206.0 1623932530.703834 0.652
206.0 1623932530.703876 0.652
235.42857360839844 1623932530.703912 0.652
206.0 1623932530.703951 0.652
206.0 1623932530.703992 0.652
206.0 1623932530.704021 0.652
206.0 1623932530.704056 0.652
206.0 1623932530.704096 0.652
206.0 1623932530.704134 0.652
206.0 1623932530.704176 0.652
206.0 1623932530.704216 0.652
235.42857360839844 1623932530.704252 0.652
235.42857360839844 1623932530.704292 0.652
235.42857360839844 1623932530.704333 0.652
235.42857360839844 1623932530.704374 0.652
235.42857360839844 1623932530.704417 0.652
235.42857360839844 1623932530.704462 0.652
206.0 1623932530.704505 0.652
206.0 1623932530.704538 0.652
206.0 1623932530.704573 0.652
206.0 1623932530.704612 0.652
206.0 1623932530.70465 0.652
206.0 1623932530.704685 0.652
206.0 1623932530.704767 0.652
206.0 1623932530.704801 0.652
206.0 1623932530.704836 0.652
235.42857360839844 1623932530.704886 0.652
235.42857360839844 1623932530.704931 0.652
235.42857360839844 1623932530.704968 0.652
235.42857360839844 1623932530.704997 0.652
235.42857360839844 1623932530.705021 0.652
235.42857360839844 1623932530.705045 0.652
206.0 1623932530.705075 0.652
206.0 1623932530.705104 0.652
206.0 1623932530.705132 0.652
206.0 1623932530.705162 0.652
206.0 1623932530.70519 0.652
206.0 1623932530.705217 0.652
206.0 1623932530.705244 0.652
235.42857360839844 1623932530.705271 0.652
235.42857360839844 1623932530.7053 0.652
235.42857360839844 1623932530.705329 0.652
235.42857360839844 1623932530.705359 0.652
235.42857360839844 1623932530.705398 0.652
235.42857360839844 1623932530.705437 0.652
235.42857360839844 1623932530.705479 0.652
206.0 1623932530.705521 0.652
206.0 1623932530.705556 0.652
206.0 1623932530.705591 0.652
206.0 1623932530.705625 0.652
206.0 1623932530.705659 0.652
206.0 1623932530.705693 0.652
206.0 1623932530.705728 0.652
235.42857360839844 1623932530.705764 0.652
235.42857360839844 1623932530.705805 0.652
235.42857360839844 1623932530.705851 0.652
235.42857360839844 1623932530.705894 0.652
235.42857360839844 1623932530.705941 0.652
206.0 1623932530.705984 0.652
206.0 1623932530.706025 0.652
206.0 1623932530.706061 0.652
206.0 1623932530.706096 0.652
206.0 1623932530.70613 0.652
206.0 1623932530.70617 0.652
206.0 1623932530.706208 0.652
206.0 1623932530.70624 0.652
206.0 1623932530.706276 0.652
235.42857360839844 1623932530.706313 0.652
235.42857360839844 1623932530.706355 0.652
235.42857360839844 1623932530.706401 0.652
235.42857360839844 1623932530.706442 0.652
235.42857360839844 1623932530.706483 0.652
235.42857360839844 1623932530.706525 0.652
206.0 1623932530.706567 0.652
235.42857360839844 1623932530.706606 0.652
206.0 1623932530.706635 0.652
206.0 1623932530.706668 0.652
206.0 1623932530.706708 0.652
206.0 1623932530.70675 0.652
206.0 1623932530.706792 0.652
206.0 1623932530.706826 0.652
235.42857360839844 1623932530.706865 0.652
235.42857360839844 1623932530.706901 0.652
235.42857360839844 1623932530.706923 0.652
235.42857360839844 1623932530.706945 0.652
235.42857360839844 1623932530.706969 0.652
235.42857360839844 1623932530.706993 0.652
235.42857360839844 1623932530.707022 0.652
235.42857360839844 1623932530.707052 0.652
206.0 1623932530.707081 0.652
206.0 1623932530.707108 0.652
206.0 1623932530.707135 0.652
235.42857360839844 1623932530.707161 0.652
206.0 1623932530.707189 0.652
206.0 1623932530.707216 0.652
206.0 1623932530.707244 0.652
206.0 1623932530.707272 0.652
235.42857360839844 1623932530.707299 0.652
235.42857360839844 1623932530.707329 0.652
235.42857360839844 1623932530.707359 0.652
235.42857360839844 1623932530.707389 0.652
235.42857360839844 1623932530.707419 0.652
235.42857360839844 1623932530.707447 0.652
206.0 1623932530.707476 0.652
235.42857360839844 1623932530.707504 0.652
206.0 1623932530.707549 0.652
206.0 1623932530.707588 0.652
206.0 1623932530.707618 0.652
206.0 1623932530.70764 0.652
206.0 1623932530.707662 0.652
206.0 1623932530.707684 0.652
206.0 1623932530.707706 0.652
235.42857360839844 1623932530.707728 0.652
235.42857360839844 1623932530.707762 0.652
235.42857360839844 1623932530.707799 0.652
235.42857360839844 1623932530.707824 0.652
235.42857360839844 1623932530.707848 0.652
235.42857360839844 1623932530.707871 0.652
235.42857360839844 1623932530.707894 0.652
206.0 1623932530.707918 0.652
206.0 1623932530.70794 0.652
206.0 1623932530.707962 0.652
206.0 1623932530.707984 0.652
206.0 1623932530.708018 0.652
206.0 1623932530.708055 0.652
206.0 1623932530.70809 0.652
235.42857360839844 1623932530.708115 0.652
235.42857360839844 1623932530.708139 0.652
235.42857360839844 1623932530.708175 0.652
235.42857360839844 1623932530.7082 0.652
235.42857360839844 1623932530.708223 0.652
235.42857360839844 1623932530.708246 0.652
235.42857360839844 1623932530.708269 0.652
235.42857360839844 1623932530.708293 0.652
206.0 1623932530.708316 0.652
206.0 1623932530.708338 0.652
206.0 1623932530.708361 0.652
206.0 1623932530.708384 0.652
235.42857360839844 1623932530.708406 0.652
206.0 1623932530.708432 0.652
206.0 1623932530.70846 0.652
206.0 1623932530.708489 0.652
206.0 1623932530.708518 0.652
235.42857360839844 1623932530.708545 0.652
235.42857360839844 1623932530.708574 0.652
235.42857360839844 1623932530.708603 0.652
235.42857360839844 1623932530.708633 0.652
235.42857360839844 1623932530.708675 0.652
235.42857360839844 1623932530.708715 0.652
235.42857360839844 1623932530.708759 0.652
206.0 1623932530.708803 0.652
206.0 1623932530.708841 0.652
206.0 1623932530.708879 0.652
206.0 1623932530.708917 0.652
206.0 1623932530.708956 0.652
206.0 1623932530.708996 0.652
206.0 1623932530.709027 0.652
206.0 1623932530.70905 0.652
206.0 1623932530.709073 0.652
235.42857360839844 1623932530.709095 0.652
235.42857360839844 1623932530.709126 0.652
235.42857360839844 1623932530.709168 0.652
235.42857360839844 1623932530.70921 0.652
235.42857360839844 1623932530.709256 0.652
235.42857360839844 1623932530.709299 0.652
235.42857360839844 1623932530.70934 0.652
235.42857360839844 1623932530.709381 0.652
235.42857360839844 1623932530.709415 0.652
206.0 1623932530.709444 0.652
235.42857360839844 1623932530.709472 0.652
206.0 1623932530.709498 0.652
206.0 1623932530.709521 0.652
235.42857360839844 1623932530.709543 0.652
235.42857360839844 1623932530.709567 0.652
235.42857360839844 1623932530.70959 0.652
235.42857360839844 1623932530.709613 0.652
235.42857360839844 1623932530.709637 0.652
235.42857360839844 1623932530.70966 0.652
235.42857360839844 1623932530.709684 0.652
235.42857360839844 1623932530.709707 0.652
235.42857360839844 1623932530.70973 0.652
206.0 1623932530.709753 0.652
206.0 1623932530.709776 0.652
206.0 1623932530.709798 0.652
206.0 1623932530.709822 0.652
206.0 1623932530.709844 0.652
206.0 1623932530.709867 0.652
235.42857360839844 1623932530.70989 0.652
235.42857360839844 1623932530.709916 0.652
235.42857360839844 1623932530.70994 0.652
235.42857360839844 1623932530.723272 0.652
235.42857360839844 1623932530.738346 0.652
235.42857360839844 1623932530.753307 0.652
235.42857360839844 1623932530.768353 0.652
235.42857360839844 1623932530.783363 0.652
235.42857360839844 1623932530.798297 0.652
235.42857360839844 1623932530.813222 0.652
206.0 1623932530.828333 0.652
235.42857360839844 1623932530.843424 0.652
235.42857360839844 1623932530.858371 0.652
206.0 1623932530.873296 0.652
206.0 1623932530.888347 0.652
235.42857360839844 1623932530.903274 0.652
235.42857360839844 1623932530.918294 0.652
235.42857360839844 1623932530.933154 0.652
235.42857360839844 1623932530.948308 0.652
235.42857360839844 1623932530.963227 0.652
235.42857360839844 1623932530.9783 0.652
235.42857360839844 1623932530.993128 0.652
235.42857360839844 1623932531.008203 0.652
235.42857360839844 1623932531.02321 0.652
235.42857360839844 1623932531.038333 0.652
206.0 1623932531.053251 0.652
206.0 1623932531.068237 0.652
235.42857360839844 1623932531.083339 0.652
206.0 1623932531.09835 0.652
235.42857360839844 1623932531.113212 0.652
206.0 1623932531.128223 0.652
235.42857360839844 1623932531.143272 0.652
235.42857360839844 1623932531.158305 0.652
235.42857360839844 1623932531.173203 0.652
235.42857360839844 1623932531.188259 0.652
235.42857360839844 1623932531.203274 0.652
235.42857360839844 1623932531.218312 0.652
235.42857360839844 1623932531.233228 0.652
235.42857360839844 1623932531.248195 0.652
235.42857360839844 1623932531.263262 0.652
206.0 1623932531.278269 0.652
206.0 1623932531.293087 0.652
206.0 1623932531.308222 0.652
206.0 1623932531.323207 0.652
206.0 1623932531.338278 0.652
206.0 1623932531.353323 0.652
235.42857360839844 1623932531.368172 0.652
235.42857360839844 1623932531.383126 0.652
235.42857360839844 1623932531.398132 0.652
235.42857360839844 1623932531.413205 0.652
235.42857360839844 1623932531.428147 0.652
235.42857360839844 1623932531.44319 0.652
235.42857360839844 1623932531.458265 0.652
235.42857360839844 1623932531.473103 0.652
235.42857360839844 1623932531.488092 0.652
206.0 1623932531.503212 0.652
206.0 1623932531.518211 0.652
235.42857360839844 1623932531.533142 0.652
206.0 1623932531.548138 0.652
235.42857360839844 1623932531.563225 0.652
235.42857360839844 1623932531.578219 0.652
206.0 1623932531.59308 0.652
235.42857360839844 1623932531.608138 0.652
235.42857360839844 1623932531.623224 0.652
235.42857360839844 1623932531.63821 0.652
235.42857360839844 1623932531.652999 0.652
235.42857360839844 1623932531.667994 0.652
235.42857360839844 1623932531.683128 0.652
235.42857360839844 1623932531.698224 0.652
235.42857360839844 1623932531.71305 0.652
206.0 1623932531.728122 0.652
235.42857360839844 1623932531.743132 0.652
206.0 1623932531.758169 0.652
206.0 1623932531.773047 0.652
206.0 1623932531.788098 0.652
235.42857360839844 1623932531.803133 0.652
235.42857360839844 1623932531.818173 0.652
235.42857360839844 1623932531.833043 0.652
235.42857360839844 1623932531.848064 0.652
235.42857360839844 1623932531.863129 0.652
235.42857360839844 1623932531.878093 0.652
235.42857360839844 1623932531.893077 0.652
206.0 1623932531.908054 0.652
235.42857360839844 1623932531.923012 0.652
235.42857360839844 1623932531.938091 0.652
206.0 1623932531.952981 0.652
235.42857360839844 1623932531.967995 0.652
235.42857360839844 1623932531.983052 0.652
206.0 1623932531.998084 0.652
235.42857360839844 1623932532.012976 0.652
235.42857360839844 1623932532.028004 0.652
235.42857360839844 1623932532.042962 0.652
235.42857360839844 1623932532.058079 0.652
235.42857360839844 1623932532.072879 0.652
235.42857360839844 1623932532.088014 0.652
235.42857360839844 1623932532.102987 0.652
235.42857360839844 1623932532.118019 0.652
235.42857360839844 1623932532.132855 0.652
235.42857360839844 1623932532.147862 0.652
235.42857360839844 1623932532.162919 0.652
206.0 1623932532.178061 0.652
206.0 1623932532.192968 0.652
235.42857360839844 1623932532.20797 0.652
235.42857360839844 1623932532.223039 0.652
235.42857360839844 1623932532.238048 0.652
235.42857360839844 1623932532.252932 0.652
235.42857360839844 1623932532.267957 0.652
235.42857360839844 1623932532.283034 0.652
235.42857360839844 1623932532.297878 0.652
235.42857360839844 1623932532.31292 0.652
235.42857360839844 1623932532.327895 0.652
235.42857360839844 1623932532.343003 0.652
206.0 1623932532.357787 0.652
235.42857360839844 1623932532.372803 0.652
235.42857360839844 1623932532.387857 0.652
206.0 1623932532.402844 0.652
235.42857360839844 1623932532.417829 0.652
235.42857360839844 1623932532.43284 0.652
206.0 1623932532.44792 0.652
206.0 1623932532.46281 0.652
235.42857360839844 1623932532.477852 0.652
235.42857360839844 1623932532.49293 0.652
235.42857360839844 1623932532.507968 0.652
235.42857360839844 1623932532.522874 0.652
235.42857360839844 1623932532.537892 0.652
235.42857360839844 1623932532.552805 0.652
235.42857360839844 1623932532.567905 0.652
235.42857360839844 1623932532.582836 0.652
235.42857360839844 1623932532.597862 0.652
206.0 1623932532.612862 0.652
235.42857360839844 1623932532.627851 0.652
235.42857360839844 1623932532.642701 0.652
235.42857360839844 1623932532.657804 0.652
235.42857360839844 1623932532.672856 0.652
206.0 1623932532.687929 0.652
235.42857360839844 1623932532.702834 0.652
235.42857360839844 1623932532.717829 0.652
235.42857360839844 1623932532.732799 0.652
235.42857360839844 1623932532.747847 0.652
235.42857360839844 1623932532.762619 0.652
235.42857360839844 1623932532.777854 0.652
235.42857360839844 1623932532.792905 0.652
235.42857360839844 1623932532.807829 0.652
235.42857360839844 1623932532.822709 0.652
235.42857360839844 1623932532.837875 0.652
235.42857360839844 1623932532.85286 0.652
235.42857360839844 1623932532.867858 0.652
206.0 1623932532.882745 0.652
235.42857360839844 1623932532.897743 0.652
235.42857360839844 1623932532.912839 0.652
235.42857360839844 1623932532.92788 0.652
235.42857360839844 1623932532.942706 0.652
235.42857360839844 1623932532.957746 0.652
235.42857360839844 1623932532.972724 0.652
235.42857360839844 1623932532.987863 0.652
235.42857360839844 1623932533.002655 0.652
235.42857360839844 1623932533.017686 0.652
235.42857360839844 1623932533.032834 0.652
235.42857360839844 1623932533.047787 0.652
235.42857360839844 1623932533.062592 0.652
235.42857360839844 1623932533.077731 0.652
235.42857360839844 1623932533.092743 0.652
235.42857360839844 1623932533.107751 0.652
206.0 1623932533.122631 0.652
235.42857360839844 1623932533.137692 0.652
235.42857360839844 1623932533.152706 0.652
235.42857360839844 1623932533.167716 0.652
235.42857360839844 1623932533.18261 0.652
235.42857360839844 1623932533.19765 0.652
235.42857360839844 1623932533.212684 0.652
235.42857360839844 1623932533.22767 0.652
235.42857360839844 1623932533.242757 0.652
235.42857360839844 1623932533.257608 0.652
235.42857360839844 1623932533.272647 0.652
235.42857360839844 1623932533.287707 0.652
206.0 1623932533.302776 0.652
235.42857360839844 1623932533.317553 0.652
206.0 1623932533.332621 0.652
235.42857360839844 1623932533.347647 0.652
235.42857360839844 1623932533.362675 0.652
206.0 1623932533.377539 0.652
235.42857360839844 1623932533.392547 0.652
235.42857360839844 1623932533.407573 0.652
235.42857360839844 1623932533.422645 0.652
235.42857360839844 1623932533.437698 0.652
235.42857360839844 1623932533.452517 0.652
235.42857360839844 1623932533.467592 0.652
235.42857360839844 1623932533.482672 0.652
235.42857360839844 1623932533.497651 0.652
235.42857360839844 1623932533.512561 0.652
235.42857360839844 1623932533.52749 0.652
235.42857360839844 1623932533.542619 0.652
235.42857360839844 1623932533.557667 0.652
206.0 1623932533.572452 0.652
235.42857360839844 1623932533.587582 0.652
235.42857360839844 1623932533.602599 0.652
235.42857360839844 1623932533.617628 0.652
235.42857360839844 1623932533.632509 0.652
235.42857360839844 1623932533.647425 0.652
235.42857360839844 1623932533.662561 0.652
235.42857360839844 1623932533.677603 0.652
235.42857360839844 1623932533.692623 0.652
235.42857360839844 1623932533.707539 0.652
235.42857360839844 1623932533.722539 0.652
235.42857360839844 1623932533.737636 0.652
235.42857360839844 1623932533.752581 0.652
235.42857360839844 1623932533.767645 0.652
235.42857360839844 1623932533.782525 0.652
235.42857360839844 1623932533.797605 0.652
235.42857360839844 1623932533.812593 0.652
235.42857360839844 1623932533.827453 0.652
235.42857360839844 1623932533.842455 0.652
235.42857360839844 1623932533.857554 0.652
235.42857360839844 1623932533.872465 0.652
235.42857360839844 1623932533.887317 0.652
235.42857360839844 1623932533.902371 0.652
235.42857360839844 1623932533.917504 0.652
235.42857360839844 1623932533.932519 0.652
235.42857360839844 1623932533.947395 0.652
235.42857360839844 1623932533.962459 0.652
235.42857360839844 1623932533.977444 0.652
235.42857360839844 1623932533.992506 0.652
235.42857360839844 1623932534.007372 0.652
235.42857360839844 1623932534.022387 0.652
235.42857360839844 1623932534.037446 0.652
235.42857360839844 1623932534.052388 0.652
235.42857360839844 1623932534.06729 0.652
235.42857360839844 1623932534.082386 0.652
235.42857360839844 1623932534.097432 0.652
206.0 1623932534.11248 0.652
235.42857360839844 1623932534.127351 0.652
235.42857360839844 1623932534.142309 0.652
235.42857360839844 1623932534.157442 0.652
235.42857360839844 1623932534.172444 0.652
235.42857360839844 1623932534.18747 0.652
235.42857360839844 1623932534.202279 0.652
235.42857360839844 1623932534.217236 0.652
235.42857360839844 1623932534.232372 0.652
235.42857360839844 1623932534.247356 0.652
235.42857360839844 1623932534.262212 0.652
235.42857360839844 1623932534.277321 0.652
235.42857360839844 1623932534.292375 0.652
235.42857360839844 1623932534.307411 0.652
235.42857360839844 1623932534.322283 0.652
235.42857360839844 1623932534.33727 0.652
235.42857360839844 1623932534.352387 0.652
235.42857360839844 1623932534.367406 0.652
235.42857360839844 1623932534.382147 0.652
235.42857360839844 1623932534.397227 0.652
235.42857360839844 1623932534.412233 0.652
235.42857360839844 1623932534.427347 0.652
235.42857360839844 1623932534.44244 0.652
235.42857360839844 1623932534.457267 0.652
235.42857360839844 1623932534.472318 0.652
235.42857360839844 1623932534.487407 0.652
235.42857360839844 1623932534.502228 0.652
235.42857360839844 1623932534.517249 0.652
235.42857360839844 1623932534.532343 0.652
235.42857360839844 1623932534.547345 0.652
235.42857360839844 1623932534.562222 0.652
235.42857360839844 1623932534.5772 0.652
235.42857360839844 1623932534.592306 0.652
235.42857360839844 1623932534.607306 0.652
235.42857360839844 1623932534.622185 0.652
235.42857360839844 1623932534.637233 0.652
235.42857360839844 1623932534.652223 0.652
235.42857360839844 1623932534.667349 0.652
235.42857360839844 1623932534.682151 0.652
235.42857360839844 1623932534.697267 0.652
235.42857360839844 1623932534.712256 0.652
235.42857360839844 1623932534.727317 0.652
235.42857360839844 1623932534.742346 0.652
235.42857360839844 1623932534.757127 0.652
235.42857360839844 1623932534.772271 0.652
235.42857360839844 1623932534.787255 0.652
235.42857360839844 1623932534.802158 0.652
235.42857360839844 1623932534.817216 0.652
235.42857360839844 1623932534.8321 0.652
235.42857360839844 1623932534.847241 0.652
235.42857360839844 1623932534.862171 0.652
235.42857360839844 1623932534.877086 0.652
235.42857360839844 1623932534.89214 0.652
235.42857360839844 1623932534.907261 0.652
235.42857360839844 1623932534.922144 0.652
235.42857360839844 1623932534.937169 0.652
235.42857360839844 1623932534.952147 0.652
235.42857360839844 1623932534.967245 0.652
235.42857360839844 1623932534.982088 0.652
235.42857360839844 1623932534.997176 0.652
235.42857360839844 1623932535.012209 0.652
235.42857360839844 1623932535.02721 0.652
235.42857360839844 1623932535.042114 0.652
235.42857360839844 1623932535.057097 0.652
235.42857360839844 1623932535.072187 0.652
235.42857360839844 1623932535.087258 0.652
235.42857360839844 1623932535.102089 0.652
235.42857360839844 1623932535.11715 0.652
235.42857360839844 1623932535.132164 0.652
235.42857360839844 1623932535.147207 0.652
235.42857360839844 1623932535.161962 0.652
235.42857360839844 1623932535.177033 0.652
235.42857360839844 1623932535.192062 0.652
235.42857360839844 1623932535.207207 0.652
235.42857360839844 1623932535.222 0.652
235.42857360839844 1623932535.237082 0.652
235.42857360839844 1623932535.252138 0.652
235.42857360839844 1623932535.26715 0.652
235.42857360839844 1623932535.282007 0.652
235.42857360839844 1623932535.297088 0.652
235.42857360839844 1623932535.311979 0.652
235.42857360839844 1623932535.327004 0.652
235.42857360839844 1623932535.341911 0.652
235.42857360839844 1623932535.356972 0.652
235.42857360839844 1623932535.372053 0.652
235.42857360839844 1623932535.387057 0.652
206.0 1623932535.401948 0.652
235.42857360839844 1623932535.416999 0.652
235.42857360839844 1623932535.431989 0.652
235.42857360839844 1623932535.447025 0.652
235.42857360839844 1623932535.46197 0.652
235.42857360839844 1623932535.477028 0.652
235.42857360839844 1623932535.492086 0.652
235.42857360839844 1623932535.507048 0.652
235.42857360839844 1623932535.521956 0.652
235.42857360839844 1623932535.537016 0.652
235.42857360839844 1623932535.552088 0.652
235.42857360839844 1623932535.566999 0.652
235.42857360839844 1623932535.581994 0.652
235.42857360839844 1623932535.597019 0.652
235.42857360839844 1623932535.612089 0.652
235.42857360839844 1623932535.626919 0.652
235.42857360839844 1623932535.642004 0.652
235.42857360839844 1623932535.656938 0.652
235.42857360839844 1623932535.672045 0.652
235.42857360839844 1623932535.68691 0.652
235.42857360839844 1623932535.701907 0.652
235.42857360839844 1623932535.71699 0.652
235.42857360839844 1623932535.731965 0.652
235.42857360839844 1623932535.746815 0.652
235.42857360839844 1623932535.761865 0.652
235.42857360839844 1623932535.776862 0.652
235.42857360839844 1623932535.791931 0.652
235.42857360839844 1623932535.806761 0.652
235.42857360839844 1623932535.821897 0.652
235.42857360839844 1623932535.836938 0.652
235.42857360839844 1623932535.851811 0.652
235.42857360839844 1623932535.866889 0.652
235.42857360839844 1623932535.881949 0.652
235.42857360839844 1623932535.896947 0.652
235.42857360839844 1623932535.911851 0.652
235.42857360839844 1623932535.92683 0.652
235.42857360839844 1623932535.941909 0.652
235.42857360839844 1623932535.956963 0.652
235.42857360839844 1623932535.971824 0.652
235.42857360839844 1623932535.986837 0.652
235.42857360839844 1623932536.001888 0.652
235.42857360839844 1623932536.016969 0.652
235.42857360839844 1623932536.031858 0.652
235.42857360839844 1623932536.046838 0.652
235.42857360839844 1623932536.061833 0.652
235.42857360839844 1623932536.076887 0.652
206.0 1623932536.091773 0.652
235.42857360839844 1623932536.106823 0.652
235.42857360839844 1623932536.121868 0.652
235.42857360839844 1623932536.136871 0.652
235.42857360839844 1623932536.151899 0.652
235.42857360839844 1623932536.166758 0.652
235.42857360839844 1623932536.181861 0.652
235.42857360839844 1623932536.19685 0.652
235.42857360839844 1623932536.211908 0.652
235.42857360839844 1623932536.226703 0.652
235.42857360839844 1623932536.241827 0.652
235.42857360839844 1623932536.256794 0.652
235.42857360839844 1623932536.271831 0.652
235.42857360839844 1623932536.286664 0.652
235.42857360839844 1623932536.301833 0.652
235.42857360839844 1623932536.316854 0.652
235.42857360839844 1623932536.331877 0.652
235.42857360839844 1623932536.346744 0.652
235.42857360839844 1623932536.361742 0.652
235.42857360839844 1623932536.376808 0.652
235.42857360839844 1623932536.391754 0.652
235.42857360839844 1623932536.406623 0.652
235.42857360839844 1623932536.421668 0.652
235.42857360839844 1623932536.436751 0.652
235.42857360839844 1623932536.451611 0.652
235.42857360839844 1623932536.466714 0.652
235.42857360839844 1623932536.481777 0.652
235.42857360839844 1623932536.496868 0.652
235.42857360839844 1623932536.511679 0.652
235.42857360839844 1623932536.526742 0.652
235.42857360839844 1623932536.54179 0.652
235.42857360839844 1623932536.556602 0.652
235.42857360839844 1623932536.571669 0.652
235.42857360839844 1623932536.586738 0.652
235.42857360839844 1623932536.601807 0.652
235.42857360839844 1623932536.616611 0.652
235.42857360839844 1623932536.631657 0.652
235.42857360839844 1623932536.646655 0.652
235.42857360839844 1623932536.661765 0.652
235.42857360839844 1623932536.676643 0.652
235.42857360839844 1623932536.691651 0.652
235.42857360839844 1623932536.706745 0.652
235.42857360839844 1623932536.721696 0.652
235.42857360839844 1623932536.736637 0.652
235.42857360839844 1623932536.751636 0.652
235.42857360839844 1623932536.766712 0.652
235.42857360839844 1623932536.781562 0.652
235.42857360839844 1623932536.796556 0.652
235.42857360839844 1623932536.811603 0.652
235.42857360839844 1623932536.826701 0.652
235.42857360839844 1623932536.841527 0.652
235.42857360839844 1623932536.856598 0.652
235.42857360839844 1623932536.871637 0.652
235.42857360839844 1623932536.886726 0.652
235.42857360839844 1623932536.901567 0.652
235.42857360839844 1623932536.916624 0.652
235.42857360839844 1623932536.931665 0.652
235.42857360839844 1623932536.946653 0.652
235.42857360839844 1623932536.96161 0.652
235.42857360839844 1623932536.976645 0.652
235.42857360839844 1623932536.991637 0.652
235.42857360839844 1623932537.006488 0.652
235.42857360839844 1623932537.021613 0.652
235.42857360839844 1623932537.036609 0.652
235.42857360839844 1623932537.051649 0.652
235.42857360839844 1623932537.066498 0.652
235.42857360839844 1623932537.081532 0.652
235.42857360839844 1623932537.096611 0.652
235.42857360839844 1623932537.111689 0.652
235.42857360839844 1623932537.126474 0.652
235.42857360839844 1623932537.141522 0.652
235.42857360839844 1623932537.156517 0.652
235.42857360839844 1623932537.171505 0.652
235.42857360839844 1623932537.186442 0.652
235.42857360839844 1623932537.201455 0.652
235.42857360839844 1623932537.216504 0.652
235.42857360839844 1623932537.231612 0.652
235.42857360839844 1623932537.246516 0.652
235.42857360839844 1623932537.261485 0.652
235.42857360839844 1623932537.276532 0.652
235.42857360839844 1623932537.291569 0.652
235.42857360839844 1623932537.306468 0.652
235.42857360839844 1623932537.321467 0.652
235.42857360839844 1623932537.33648 0.652
235.42857360839844 1623932537.351466 0.652
235.42857360839844 1623932537.366391 0.652
235.42857360839844 1623932537.381478 0.652
235.42857360839844 1623932537.39635 0.652
235.42857360839844 1623932537.411476 0.652
235.42857360839844 1623932537.426381 0.652
206.0 1623932537.441435 0.652
235.42857360839844 1623932537.456468 0.652
235.42857360839844 1623932537.471366 0.652
235.42857360839844 1623932537.486401 0.652
235.42857360839844 1623932537.501467 0.652
235.42857360839844 1623932537.516503 0.652
235.42857360839844 1623932537.531367 0.652
235.42857360839844 1623932537.546328 0.652
235.42857360839844 1623932537.56143 0.652
235.42857360839844 1623932537.5764 0.652
235.42857360839844 1623932537.591276 0.652
235.42857360839844 1623932537.606307 0.652
235.42857360839844 1623932537.621392 0.652
235.42857360839844 1623932537.636403 0.652
235.42857360839844 1623932537.651356 0.652
235.42857360839844 1623932537.666264 0.652
235.42857360839844 1623932537.68129 0.652
235.42857360839844 1623932537.696382 0.652
235.42857360839844 1623932537.711294 0.652
235.42857360839844 1623932537.726373 0.652
235.42857360839844 1623932537.741368 0.652
235.42857360839844 1623932537.756388 0.652
235.42857360839844 1623932537.771305 0.652
235.42857360839844 1623932537.786322 0.652
235.42857360839844 1623932537.801334 0.652
235.42857360839844 1623932537.816306 0.652
235.42857360839844 1623932537.831333 0.652
235.42857360839844 1623932537.846223 0.652
235.42857360839844 1623932537.861278 0.652
235.42857360839844 1623932537.876309 0.652
235.42857360839844 1623932537.891235 0.652
235.42857360839844 1623932537.906298 0.652
235.42857360839844 1623932537.921308 0.652
235.42857360839844 1623932537.936391 0.652
235.42857360839844 1623932537.951205 0.652
235.42857360839844 1623932537.966291 0.652
235.42857360839844 1623932537.981257 0.652
235.42857360839844 1623932537.996383 0.652
235.42857360839844 1623932538.011201 0.652
235.42857360839844 1623932538.026281 0.652
235.42857360839844 1623932538.041272 0.652
235.42857360839844 1623932538.056395 0.652
235.42857360839844 1623932538.071267 0.652
235.42857360839844 1623932538.086258 0.652
235.42857360839844 1623932538.101215 0.652
235.42857360839844 1623932538.116136 0.652
235.42857360839844 1623932538.131137 0.652
235.42857360839844 1623932538.146213 0.652
235.42857360839844 1623932538.161309 0.652
235.42857360839844 1623932538.176193 0.652
235.42857360839844 1623932538.191246 0.652
235.42857360839844 1623932538.206241 0.652
235.42857360839844 1623932538.221287 0.652
235.42857360839844 1623932538.236168 0.652
235.42857360839844 1623932538.251189 0.652
235.42857360839844 1623932538.266251 0.652
235.42857360839844 1623932538.281309 0.652
235.42857360839844 1623932538.296124 0.652
235.42857360839844 1623932538.311218 0.652
235.42857360839844 1623932538.326184 0.652
235.42857360839844 1623932538.341159 0.652
235.42857360839844 1623932538.356015 0.652
235.42857360839844 1623932538.371064 0.652
235.42857360839844 1623932538.386109 0.652
235.42857360839844 1623932538.401205 0.652
235.42857360839844 1623932538.415961 0.652
235.42857360839844 1623932538.431114 0.652
235.42857360839844 1623932538.446158 0.652
235.42857360839844 1623932538.461259 0.652
235.42857360839844 1623932538.47617 0.652
235.42857360839844 1623932538.4911 0.652
235.42857360839844 1623932538.506209 0.652
235.42857360839844 1623932538.521041 0.652
235.42857360839844 1623932538.536135 0.652
235.42857360839844 1623932538.55121 0.652
235.42857360839844 1623932538.566211 0.652
235.42857360839844 1623932538.58108 0.652
235.42857360839844 1623932538.596106 0.652
235.42857360839844 1623932538.611183 0.652
235.42857360839844 1623932538.62603 0.652
235.42857360839844 1623932538.641091 0.652
235.42857360839844 1623932538.656081 0.652
235.42857360839844 1623932538.671121 0.652
235.42857360839844 1623932538.685995 0.652
235.42857360839844 1623932538.701048 0.652
235.42857360839844 1623932538.716154 0.652
235.42857360839844 1623932538.731128 0.652
206.0 1623932538.745999 0.652
235.42857360839844 1623932538.761077 0.652
235.42857360839844 1623932538.776074 0.652
235.42857360839844 1623932538.791098 0.652
235.42857360839844 1623932538.806029 0.652
235.42857360839844 1623932538.821008 0.652
235.42857360839844 1623932538.836134 0.652
235.42857360839844 1623932538.851026 0.652
235.42857360839844 1623932538.866069 0.652
235.42857360839844 1623932538.881061 0.652
235.42857360839844 1623932538.896048 0.652
235.42857360839844 1623932538.910963 0.652
235.42857360839844 1623932538.925989 0.652
235.42857360839844 1623932538.94097 0.652
235.42857360839844 1623932538.956087 0.652
235.42857360839844 1623932538.970855 0.652
235.42857360839844 1623932538.985969 0.652
235.42857360839844 1623932539.001016 0.652
235.42857360839844 1623932539.016055 0.652
235.42857360839844 1623932539.03094 0.652
235.42857360839844 1623932539.045925 0.652
235.42857360839844 1623932539.061062 0.652
235.42857360839844 1623932539.075874 0.652
235.42857360839844 1623932539.090889 0.652
235.42857360839844 1623932539.105919 0.652
235.42857360839844 1623932539.120987 0.652
235.42857360839844 1623932539.135865 0.652
235.42857360839844 1623932539.150897 0.652
235.42857360839844 1623932539.165938 0.652
235.42857360839844 1623932539.180963 0.652
235.42857360839844 1623932539.19594 0.652
235.42857360839844 1623932539.210843 0.652
235.42857360839844 1623932539.22589 0.652
235.42857360839844 1623932539.241032 0.652
235.42857360839844 1623932539.255809 0.652
235.42857360839844 1623932539.270825 0.652
235.42857360839844 1623932539.285866 0.652
235.42857360839844 1623932539.30088 0.652
235.42857360839844 1623932539.315815 0.652
235.42857360839844 1623932539.330779 0.652
235.42857360839844 1623932539.345988 0.652
235.42857360839844 1623932539.360843 0.652
235.42857360839844 1623932539.375845 0.652
235.42857360839844 1623932539.390822 0.652
235.42857360839844 1623932539.405869 0.652
235.42857360839844 1623932539.420707 0.652
235.42857360839844 1623932539.435719 0.652
235.42857360839844 1623932539.450865 0.652
235.42857360839844 1623932539.465912 0.652
235.42857360839844 1623932539.48072 0.652
235.42857360839844 1623932539.495727 0.652
235.42857360839844 1623932539.510863 0.652
235.42857360839844 1623932539.525886 0.652
235.42857360839844 1623932539.540798 0.652
235.42857360839844 1623932539.555805 0.652
235.42857360839844 1623932539.570866 0.652
235.42857360839844 1623932539.585731 0.652
235.42857360839844 1623932539.600832 0.652
235.42857360839844 1623932539.615803 0.652
235.42857360839844 1623932539.630911 0.652
235.42857360839844 1623932539.645708 0.652
235.42857360839844 1623932539.660783 0.652
235.42857360839844 1623932539.675781 0.652
235.42857360839844 1623932539.690902 0.652
235.42857360839844 1623932539.705839 0.652
235.42857360839844 1623932539.720863 0.652
235.42857360839844 1623932539.735879 0.652
235.42857360839844 1623932539.750747 0.652
235.42857360839844 1623932539.765773 0.652
235.42857360839844 1623932539.780886 0.652
235.42857360839844 1623932539.795856 0.652
235.42857360839844 1623932539.810737 0.652
235.42857360839844 1623932539.825775 0.652
235.42857360839844 1623932539.840834 0.652
235.42857360839844 1623932539.855819 0.652
235.42857360839844 1623932539.870717 0.652
235.42857360839844 1623932539.885673 0.652
235.42857360839844 1623932539.900818 0.652
235.42857360839844 1623932539.915673 0.652
235.42857360839844 1623932539.930722 0.652
235.42857360839844 1623932539.945701 0.652
235.42857360839844 1623932539.960776 0.652
235.42857360839844 1623932539.9756 0.652
235.42857360839844 1623932539.990608 0.652
235.42857360839844 1623932540.005702 0.652
235.42857360839844 1623932540.020703 0.652
235.42857360839844 1623932540.035666 0.652
235.42857360839844 1623932540.05069 0.652
235.42857360839844 1623932540.065709 0.652
235.42857360839844 1623932540.080775 0.652
235.42857360839844 1623932540.095626 0.652
235.42857360839844 1623932540.110681 0.652
235.42857360839844 1623932540.125775 0.652
235.42857360839844 1623932540.140722 0.652
235.42857360839844 1623932540.155639 0.652
235.42857360839844 1623932540.170652 0.652
235.42857360839844 1623932540.185706 0.652
235.42857360839844 1623932540.200724 0.652
235.42857360839844 1623932540.215635 0.652
235.42857360839844 1623932540.230661 0.652
235.42857360839844 1623932540.245686 0.652
235.42857360839844 1623932540.260542 0.652
235.42857360839844 1623932540.275625 0.652
235.42857360839844 1623932540.290619 0.652
235.42857360839844 1623932540.305655 0.652
235.42857360839844 1623932540.320534 0.652
235.42857360839844 1623932540.335601 0.652
235.42857360839844 1623932540.350599 0.652
235.42857360839844 1623932540.365499 0.652
235.42857360839844 1623932540.380546 0.652
235.57142639160156 1623932540.395463 0.652
235.42857360839844 1623932540.410567 0.652
235.42857360839844 1623932540.425411 0.652
235.42857360839844 1623932540.440517 0.652
235.42857360839844 1623932540.455533 0.652
235.42857360839844 1623932540.470632 0.652
235.42857360839844 1623932540.485439 0.652
235.42857360839844 1623932540.500611 0.652
235.42857360839844 1623932540.515615 0.652
235.42857360839844 1623932540.530441 0.652
235.42857360839844 1623932540.545497 0.652
235.42857360839844 1623932540.560549 0.652
235.42857360839844 1623932540.5756 0.652
235.42857360839844 1623932540.590471 0.652
235.42857360839844 1623932540.605504 0.652
235.42857360839844 1623932540.620562 0.652
235.42857360839844 1623932540.635464 0.652
235.42857360839844 1623932540.650504 0.652
235.42857360839844 1623932540.665535 0.652
235.42857360839844 1623932540.680516 0.652
235.42857360839844 1623932540.69541 0.652
235.42857360839844 1623932540.710466 0.652
235.42857360839844 1623932540.725478 0.652
235.42857360839844 1623932540.740587 0.652
235.42857360839844 1623932540.755469 0.652
235.42857360839844 1623932540.770481 0.652
235.42857360839844 1623932540.785445 0.652
235.42857360839844 1623932540.800555 0.652
235.42857360839844 1623932540.81543 0.652
235.42857360839844 1623932540.830468 0.652
235.42857360839844 1623932540.845519 0.652
235.42857360839844 1623932540.860542 0.652
235.42857360839844 1623932540.875418 0.652
235.42857360839844 1623932540.890462 0.652
235.42857360839844 1623932540.905493 0.652
235.42857360839844 1623932540.92029 0.652
235.42857360839844 1623932540.935409 0.652
235.42857360839844 1623932540.950437 0.652
235.42857360839844 1623932540.96543 0.652
235.42857360839844 1623932540.980349 0.652
235.42857360839844 1623932540.995427 0.652
235.42857360839844 1623932541.010419 0.652
235.42857360839844 1623932541.025445 0.652
235.42857360839844 1623932541.04033 0.652
235.42857360839844 1623932541.055324 0.652
235.42857360839844 1623932541.070381 0.652
235.42857360839844 1623932541.085428 0.652
235.42857360839844 1623932541.100302 0.652
235.42857360839844 1623932541.115369 0.652
235.42857360839844 1623932541.13039 0.652
235.42857360839844 1623932541.145466 0.652
235.42857360839844 1623932541.160304 0.652
235.42857360839844 1623932541.175321 0.652
235.42857360839844 1623932541.190336 0.652
235.42857360839844 1623932541.205209 0.652
235.42857360839844 1623932541.220199 0.652
235.42857360839844 1623932541.235309 0.652
235.42857360839844 1623932541.250392 0.652
235.57142639160156 1623932541.26526 0.652
235.42857360839844 1623932541.280323 0.652
235.42857360839844 1623932541.295382 0.652
235.42857360839844 1623932541.310374 0.652
235.42857360839844 1623932541.32535 0.652
235.42857360839844 1623932541.340322 0.652
235.42857360839844 1623932541.355339 0.652
235.42857360839844 1623932541.370389 0.652
235.42857360839844 1623932541.385141 0.652
235.42857360839844 1623932541.400216 0.652
235.42857360839844 1623932541.415266 0.652
235.42857360839844 1623932541.430239 0.652
235.42857360839844 1623932541.445287 0.652
235.42857360839844 1623932541.460324 0.652
235.42857360839844 1623932541.47536 0.652
235.42857360839844 1623932541.490243 0.652
235.42857360839844 1623932541.505246 0.652
235.42857360839844 1623932541.520341 0.652
235.42857360839844 1623932541.535176 0.652
235.42857360839844 1623932541.550141 0.652
235.42857360839844 1623932541.565158 0.652
235.42857360839844 1623932541.580272 0.652
235.42857360839844 1623932541.595215 0.652
235.42857360839844 1623932541.610091 0.652
235.42857360839844 1623932541.625513 0.652
235.42857360839844 1623932541.640292 0.652
235.42857360839844 1623932541.655139 0.652
235.42857360839844 1623932541.670182 0.652
235.42857360839844 1623932541.685246 0.652
235.42857360839844 1623932541.700265 0.652
235.42857360839844 1623932541.715116 0.652
235.42857360839844 1623932541.7302 0.652
235.42857360839844 1623932541.745242 0.652
235.42857360839844 1623932541.760256 0.652
235.42857360839844 1623932541.775152 0.652
235.42857360839844 1623932541.790139 0.652
235.42857360839844 1623932541.805205 0.652
235.42857360839844 1623932541.82026 0.652
235.42857360839844 1623932541.834981 0.652
235.42857360839844 1623932541.850098 0.652
235.42857360839844 1623932541.865248 0.652
235.42857360839844 1623932541.880304 0.652
235.42857360839844 1623932541.895134 0.652
235.42857360839844 1623932541.91012 0.652
235.42857360839844 1623932541.925169 0.652
235.42857360839844 1623932541.94023 0.652
235.42857360839844 1623932541.955042 0.652
235.42857360839844 1623932541.970097 0.652
235.42857360839844 1623932541.985166 0.652
235.42857360839844 1623932542.000251 0.652
235.42857360839844 1623932542.015069 0.652
235.42857360839844 1623932542.030072 0.652
235.42857360839844 1623932542.045136 0.652
235.42857360839844 1623932542.060241 0.652
235.42857360839844 1623932542.075282 0.652
235.42857360839844 1623932542.090071 0.652
235.42857360839844 1623932542.105146 0.652
235.42857360839844 1623932542.12014 0.652
235.42857360839844 1623932542.134942 0.652
235.42857360839844 1623932542.150059 0.652
235.42857360839844 1623932542.16505 0.652
235.42857360839844 1623932542.180084 0.652
235.42857360839844 1623932542.194957 0.652
235.42857360839844 1623932542.210056 0.652
235.42857360839844 1623932542.225117 0.652
235.42857360839844 1623932542.239881 0.652
235.42857360839844 1623932542.254994 0.652
235.42857360839844 1623932542.27003 0.652
235.42857360839844 1623932542.28512 0.652
235.42857360839844 1623932542.299942 0.652
235.42857360839844 1623932542.314971 0.652
235.42857360839844 1623932542.329988 0.652
235.42857360839844 1623932542.345058 0.652
235.42857360839844 1623932542.359897 0.652
235.42857360839844 1623932542.374904 0.652
235.42857360839844 1623932542.389975 0.652
235.42857360839844 1623932542.404972 0.652
235.42857360839844 1623932542.419872 0.652
235.42857360839844 1623932542.434858 0.652
235.42857360839844 1623932542.449984 0.652
235.42857360839844 1623932542.465026 0.652
235.42857360839844 1623932542.479843 0.652
235.42857360839844 1623932542.49488 0.652
235.42857360839844 1623932542.509932 0.652
235.57142639160156 1623932542.525 0.652
235.42857360839844 1623932542.539954 0.652
235.42857360839844 1623932542.554967 0.652
235.42857360839844 1623932542.569972 0.652
235.42857360839844 1623932542.584971 0.652
235.42857360839844 1623932542.59987 0.652
235.42857360839844 1623932542.614942 0.652
235.42857360839844 1623932542.629962 0.652
235.42857360839844 1623932542.644956 0.652
235.42857360839844 1623932542.659893 0.652
235.42857360839844 1623932542.674903 0.652
235.42857360839844 1623932542.689945 0.652
235.42857360839844 1623932542.704987 0.652
235.42857360839844 1623932542.719815 0.652
235.42857360839844 1623932542.734886 0.652
235.42857360839844 1623932542.749944 0.652
235.42857360839844 1623932542.764927 0.652
235.42857360839844 1623932542.77982 0.652
235.42857360839844 1623932542.794857 0.652
235.42857360839844 1623932542.809899 0.652
235.42857360839844 1623932542.824997 0.652
235.42857360839844 1623932542.83977 0.652
235.42857360839844 1623932542.854843 0.652
235.42857360839844 1623932542.869908 0.652
235.42857360839844 1623932542.884923 0.652
235.42857360839844 1623932542.899832 0.652
235.42857360839844 1623932542.91482 0.652
235.42857360839844 1623932542.929825 0.652
235.42857360839844 1623932542.944886 0.652
235.42857360839844 1623932542.959947 0.652
235.42857360839844 1623932542.974844 0.652
235.42857360839844 1623932542.989853 0.652
235.42857360839844 1623932543.00487 0.652
235.42857360839844 1623932543.019903 0.652
235.42857360839844 1623932543.034727 0.652
235.42857360839844 1623932543.049852 0.652
235.42857360839844 1623932543.064773 0.652
235.42857360839844 1623932543.079854 0.652
235.42857360839844 1623932543.094678 0.652
235.42857360839844 1623932543.109884 0.652
235.42857360839844 1623932543.124892 0.652
235.42857360839844 1623932543.139877 0.652
235.42857360839844 1623932543.154697 0.652
235.42857360839844 1623932543.16986 0.652
235.42857360839844 1623932543.184867 0.652
235.42857360839844 1623932543.199817 0.652
235.57142639160156 1623932543.214679 0.652
235.42857360839844 1623932543.229776 0.652
235.42857360839844 1623932543.244887 0.652
235.42857360839844 1623932543.259747 0.652
235.42857360839844 1623932543.274732 0.652
235.42857360839844 1623932543.289728 0.652
235.42857360839844 1623932543.304792 0.652
235.42857360839844 1623932543.319645 0.652
235.42857360839844 1623932543.334708 0.652
235.42857360839844 1623932543.349766 0.652
235.42857360839844 1623932543.36475 0.652
235.42857360839844 1623932543.379649 0.652
235.42857360839844 1623932543.394651 0.652
235.42857360839844 1623932543.409601 0.652
235.42857360839844 1623932543.424766 0.652
235.42857360839844 1623932543.439648 0.652
235.42857360839844 1623932543.45465 0.652
235.42857360839844 1623932543.469726 0.652
235.42857360839844 1623932543.484754 0.652
235.42857360839844 1623932543.499665 0.652
235.57142639160156 1623932543.514675 0.652
235.42857360839844 1623932543.529708 0.652
235.42857360839844 1623932543.544731 0.652
235.42857360839844 1623932543.559704 0.652
235.42857360839844 1623932543.574616 0.652
235.42857360839844 1623932543.589699 0.652
235.42857360839844 1623932543.604722 0.652
235.42857360839844 1623932543.619672 0.652
235.42857360839844 1623932543.634633 0.652
235.42857360839844 1623932543.649674 0.652
235.42857360839844 1623932543.66463 0.652
235.42857360839844 1623932543.679705 0.652
235.57142639160156 1623932543.694551 0.652
235.42857360839844 1623932543.709622 0.652
235.42857360839844 1623932543.724609 0.652
235.42857360839844 1623932543.739711 0.652
235.57142639160156 1623932543.754524 0.652
235.42857360839844 1623932543.769506 0.652
235.42857360839844 1623932543.78469 0.652
235.42857360839844 1623932543.799616 0.652
235.42857360839844 1623932543.814467 0.652
235.42857360839844 1623932543.829608 0.652
235.42857360839844 1623932543.844599 0.652
235.42857360839844 1623932543.859745 0.652
235.42857360839844 1623932543.874512 0.652
235.42857360839844 1623932543.88947 0.652
235.57142639160156 1623932543.9046 0.652
235.57142639160156 1623932543.919631 0.652
235.42857360839844 1623932543.934475 0.652
235.42857360839844 1623932543.949502 0.652
235.42857360839844 1623932543.964513 0.652
235.42857360839844 1623932543.979609 0.652
235.57142639160156 1623932543.994675 0.652
235.42857360839844 1623932544.009466 0.652
235.42857360839844 1623932544.024508 0.652
235.57142639160156 1623932544.039571 0.652
235.42857360839844 1623932544.054613 0.652
235.42857360839844 1623932544.069475 0.652
235.42857360839844 1623932544.084432 0.652
235.42857360839844 1623932544.099499 0.652
235.42857360839844 1623932544.114597 0.652
235.42857360839844 1623932544.129473 0.652
235.57142639160156 1623932544.144494 0.652
235.42857360839844 1623932544.159455 0.652
235.42857360839844 1623932544.174503 0.652
235.42857360839844 1623932544.189286 0.652
235.57142639160156 1623932544.204337 0.652
235.42857360839844 1623932544.219472 0.652
235.57142639160156 1623932544.23457 0.652
235.42857360839844 1623932544.249399 0.652
235.42857360839844 1623932544.264475 0.652
235.42857360839844 1623932544.279457 0.652
235.42857360839844 1623932544.294536 0.652
235.42857360839844 1623932544.309368 0.652
235.42857360839844 1623932544.324422 0.652
235.42857360839844 1623932544.339436 0.652
235.42857360839844 1623932544.354458 0.652
235.42857360839844 1623932544.369408 0.652
235.42857360839844 1623932544.384425 0.652
235.42857360839844 1623932544.399439 0.652
235.42857360839844 1623932544.414368 0.652
235.42857360839844 1623932544.429342 0.652
235.42857360839844 1623932544.444317 0.652
235.57142639160156 1623932544.459316 0.652
235.57142639160156 1623932544.474359 0.652
235.57142639160156 1623932544.489281 0.652
235.42857360839844 1623932544.504384 0.652
235.42857360839844 1623932544.519457 0.652
235.42857360839844 1623932544.534463 0.652
235.42857360839844 1623932544.54935 0.652
235.42857360839844 1623932544.564341 0.652
235.42857360839844 1623932544.579422 0.652
235.42857360839844 1623932544.594248 0.652
235.42857360839844 1623932544.609321 0.652
235.42857360839844 1623932544.624377 0.652
235.42857360839844 1623932544.639357 0.652
235.42857360839844 1623932544.654259 0.652
235.42857360839844 1623932544.669322 0.652
235.42857360839844 1623932544.684369 0.652
235.42857360839844 1623932544.699366 0.652
235.42857360839844 1623932544.714276 0.652
235.42857360839844 1623932544.729269 0.652
235.42857360839844 1623932544.744349 0.652
235.42857360839844 1623932544.759303 0.652
235.42857360839844 1623932544.774229 0.652
235.42857360839844 1623932544.789256 0.652
235.42857360839844 1623932544.804272 0.652
235.42857360839844 1623932544.81937 0.652
235.42857360839844 1623932544.834199 0.652
235.42857360839844 1623932544.849241 0.652
235.42857360839844 1623932544.864365 0.652
235.42857360839844 1623932544.87929 0.652
235.57142639160156 1623932544.894173 0.652
235.57142639160156 1623932544.909175 0.652
235.42857360839844 1623932544.924232 0.652
235.57142639160156 1623932544.939271 0.652
235.57142639160156 1623932544.95417 0.652
235.42857360839844 1623932544.969264 0.652
235.42857360839844 1623932544.984214 0.652
235.42857360839844 1623932544.999317 0.652
235.42857360839844 1623932545.014373 0.652
235.42857360839844 1623932545.029199 0.652
235.42857360839844 1623932545.044221 0.652
235.57142639160156 1623932545.059273 0.652
235.42857360839844 1623932545.074185 0.652
235.42857360839844 1623932545.0892 0.652
235.42857360839844 1623932545.104199 0.652
235.42857360839844 1623932545.119251 0.652
235.42857360839844 1623932545.134184 0.652
235.42857360839844 1623932545.149106 0.652
235.42857360839844 1623932545.164123 0.652
235.42857360839844 1623932545.179289 0.652
235.42857360839844 1623932545.194222 0.652
235.42857360839844 1623932545.209131 0.652
235.42857360839844 1623932545.224194 0.652
235.42857360839844 1623932545.239179 0.652
235.42857360839844 1623932545.254222 0.652
235.42857360839844 1623932545.269152 0.652
235.42857360839844 1623932545.284035 0.652
235.42857360839844 1623932545.299168 0.652
235.42857360839844 1623932545.314175 0.652
235.42857360839844 1623932545.329068 0.652
235.42857360839844 1623932545.344119 0.652
235.42857360839844 1623932545.359128 0.652
235.42857360839844 1623932545.374082 0.652
235.42857360839844 1623932545.38898 0.652
235.42857360839844 1623932545.404043 0.652
235.42857360839844 1623932545.419184 0.652
235.57142639160156 1623932545.434186 0.652
235.57142639160156 1623932545.448969 0.652
235.42857360839844 1623932545.463936 0.652
235.57142639160156 1623932545.479143 0.652
235.42857360839844 1623932545.494146 0.652
235.42857360839844 1623932545.508934 0.652
235.42857360839844 1623932545.524021 0.652
235.42857360839844 1623932545.539062 0.652
235.57142639160156 1623932545.554144 0.652
235.57142639160156 1623932545.569046 0.652
235.42857360839844 1623932545.584081 0.652
235.42857360839844 1623932545.599098 0.652
235.42857360839844 1623932545.614117 0.652
235.42857360839844 1623932545.629013 0.652
235.42857360839844 1623932545.644028 0.652
235.42857360839844 1623932545.659066 0.652
