183.0 1623932392.181006 0.477
183.0 1623932392.181171 0.477
183.0 1623932392.181269 0.477
183.0 1623932392.181404 0.477
205.875 1623932392.181564 0.477
205.875 1623932392.181671 0.477
183.0 1623932392.181791 0.477
183.0 1623932392.181883 0.477
183.0 1623932392.181974 0.477
183.0 1623932392.182104 0.477
183.0 1623932392.182257 0.477
183.0 1623932392.182371 0.477
183.0 1623932392.182476 0.477
183.0 1623932392.182615 0.477
183.0 1623932392.182759 0.477
205.875 1623932392.182892 0.477
183.0 1623932392.183044 0.477
205.875 1623932392.183206 0.477
183.0 1623932392.183366 0.477
183.0 1623932392.183495 0.477
183.0 1623932392.183671 0.477
183.0 1623932392.18381 0.477
183.0 1623932392.183938 0.477
183.0 1623932392.184035 0.477
183.0 1623932392.184141 0.477
183.0 1623932392.18425 0.477
183.0 1623932392.184363 0.477
183.0 1623932392.184455 0.477
183.0 1623932392.184526 0.477
205.875 1623932392.184609 0.477
205.875 1623932392.184738 0.477
205.875 1623932392.184871 0.477
183.0 1623932392.184996 0.477
183.0 1623932392.185094 0.477
183.0 1623932392.185214 0.477
183.0 1623932392.18533 0.477
183.0 1623932392.185407 0.477
183.0 1623932392.185525 0.477
183.0 1623932392.185656 0.477
183.0 1623932392.185781 0.477
183.0 1623932392.185864 0.477
205.875 1623932392.18594 0.477
205.875 1623932392.18602 0.477
205.875 1623932392.186058 0.477
205.875 1623932392.186084 0.477
183.0 1623932392.186107 0.477
183.0 1623932392.186129 0.477
183.0 1623932392.18615 0.477
183.0 1623932392.186177 0.477
183.0 1623932392.186206 0.477
183.0 1623932392.186235 0.477
183.0 1623932392.186268 0.477
183.0 1623932392.186292 0.477
183.0 1623932392.186326 0.477
183.0 1623932392.186354 0.477
183.0 1623932392.186378 0.477
183.0 1623932392.186409 0.477
205.875 1623932392.186449 0.477
205.875 1623932392.186493 0.477
205.875 1623932392.186538 0.477
183.0 1623932392.186583 0.477
183.0 1623932392.186612 0.477
183.0 1623932392.186638 0.477
183.0 1623932392.186677 0.477
183.0 1623932392.186712 0.477
183.0 1623932392.186735 0.477
183.0 1623932392.186757 0.477
183.0 1623932392.186785 0.477
183.0 1623932392.186819 0.477
183.0 1623932392.186842 0.477
183.0 1623932392.186875 0.477
183.0 1623932392.186901 0.477
205.875 1623932392.186936 0.477
205.875 1623932392.186971 0.477
183.0 1623932392.187009 0.477
183.0 1623932392.187031 0.477
183.0 1623932392.187054 0.477
183.0 1623932392.187084 0.477
183.0 1623932392.187109 0.477
183.0 1623932392.187141 0.477
183.0 1623932392.187176 0.477
183.0 1623932392.187199 0.477
183.0 1623932392.187221 0.477
183.0 1623932392.187241 0.477
183.0 1623932392.187275 0.477
183.0 1623932392.187299 0.477
205.875 1623932392.187333 0.477
205.875 1623932392.187367 0.477
183.0 1623932392.18739 0.477
183.0 1623932392.187412 0.477
183.0 1623932392.187433 0.477
183.0 1623932392.187462 0.477
183.0 1623932392.187488 0.477
183.0 1623932392.187533 0.477
183.0 1623932392.187573 0.477
183.0 1623932392.187596 0.477
183.0 1623932392.187626 0.477
183.0 1623932392.187657 0.477
183.0 1623932392.187688 0.477
183.0 1623932392.187718 0.477
205.875 1623932392.18776 0.477
205.875 1623932392.187787 0.477
205.875 1623932392.187816 0.477
183.0 1623932392.187867 0.477
183.0 1623932392.187907 0.477
183.0 1623932392.187936 0.477
183.0 1623932392.187961 0.477
183.0 1623932392.187991 0.477
183.0 1623932392.188016 0.477
183.0 1623932392.188048 0.477
183.0 1623932392.188076 0.477
183.0 1623932392.188107 0.477
205.875 1623932392.188138 0.477
205.875 1623932392.188169 0.477
205.875 1623932392.188203 0.477
205.875 1623932392.188235 0.477
183.0 1623932392.188261 0.477
183.0 1623932392.18829 0.477
183.0 1623932392.18832 0.477
183.0 1623932392.188353 0.477
183.0 1623932392.188387 0.477
183.0 1623932392.188422 0.477
183.0 1623932392.188459 0.477
183.0 1623932392.188501 0.477
183.0 1623932392.188545 0.477
183.0 1623932392.18859 0.477
183.0 1623932392.188617 0.477
205.875 1623932392.188641 0.477
183.0 1623932392.188666 0.477
205.875 1623932392.18869 0.477
205.875 1623932392.188716 0.477
183.0 1623932392.188749 0.477
183.0 1623932392.188783 0.477
183.0 1623932392.188808 0.477
183.0 1623932392.188832 0.477
183.0 1623932392.188864 0.477
183.0 1623932392.188894 0.477
183.0 1623932392.188928 0.477
183.0 1623932392.188973 0.477
183.0 1623932392.189023 0.477
183.0 1623932392.189064 0.477
183.0 1623932392.189097 0.477
205.875 1623932392.189127 0.477
183.0 1623932392.189156 0.477
205.875 1623932392.189183 0.477
183.0 1623932392.189216 0.477
183.0 1623932392.189246 0.477
183.0 1623932392.189287 0.477
183.0 1623932392.189331 0.477
183.0 1623932392.189377 0.477
183.0 1623932392.189422 0.477
183.0 1623932392.189458 0.477
183.0 1623932392.189483 0.477
183.0 1623932392.189509 0.477
183.0 1623932392.189541 0.477
205.875 1623932392.189571 0.477
183.0 1623932392.189603 0.477
205.875 1623932392.189638 0.477
205.875 1623932392.189676 0.477
183.0 1623932392.189718 0.477
183.0 1623932392.189753 0.477
183.0 1623932392.189786 0.477
183.0 1623932392.189816 0.477
183.0 1623932392.189848 0.477
183.0 1623932392.189878 0.477
183.0 1623932392.189911 0.477
183.0 1623932392.18995 0.477
183.0 1623932392.189988 0.477
183.0 1623932392.190029 0.477
183.0 1623932392.190071 0.477
183.0 1623932392.190113 0.477
205.875 1623932392.19016 0.477
205.875 1623932392.190207 0.477
205.875 1623932392.190265 0.477
183.0 1623932392.190301 0.477
183.0 1623932392.190339 0.477
183.0 1623932392.190377 0.477
183.0 1623932392.190419 0.477
183.0 1623932392.190451 0.477
183.0 1623932392.190481 0.477
183.0 1623932392.190512 0.477
183.0 1623932392.190543 0.477
183.0 1623932392.190572 0.477
183.0 1623932392.190606 0.477
183.0 1623932392.19065 0.477
205.875 1623932392.190688 0.477
205.875 1623932392.190727 0.477
205.875 1623932392.190765 0.477
205.875 1623932392.190807 0.477
183.0 1623932392.190842 0.477
183.0 1623932392.190872 0.477
183.0 1623932392.190903 0.477
183.0 1623932392.190932 0.477
183.0 1623932392.190961 0.477
183.0 1623932392.190991 0.477
183.0 1623932392.191021 0.477
183.0 1623932392.191052 0.477
183.0 1623932392.191089 0.477
183.0 1623932392.191122 0.477
183.0 1623932392.191153 0.477
205.875 1623932392.191183 0.477
205.875 1623932392.191218 0.477
183.0 1623932392.191253 0.477
183.0 1623932392.191284 0.477
183.0 1623932392.191322 0.477
183.0 1623932392.191356 0.477
183.0 1623932392.191387 0.477
183.0 1623932392.191412 0.477
183.0 1623932392.191436 0.477
183.0 1623932392.19146 0.477
183.0 1623932392.191486 0.477
205.875 1623932392.191531 0.477
205.875 1623932392.191566 0.477
205.875 1623932392.191598 0.477
183.0 1623932392.191631 0.477
183.0 1623932392.19166 0.477
183.0 1623932392.191691 0.477
183.0 1623932392.191721 0.477
183.0 1623932392.191752 0.477
183.0 1623932392.191784 0.477
183.0 1623932392.191814 0.477
183.0 1623932392.191839 0.477
183.0 1623932392.191867 0.477
183.0 1623932392.191896 0.477
205.875 1623932392.191926 0.477
205.875 1623932392.191959 0.477
183.0 1623932392.19199 0.477
183.0 1623932392.192017 0.477
183.0 1623932392.192042 0.477
183.0 1623932392.192071 0.477
183.0 1623932392.192101 0.477
183.0 1623932392.192126 0.477
183.0 1623932392.192151 0.477
183.0 1623932392.192175 0.477
183.0 1623932392.192198 0.477
183.0 1623932392.192229 0.477
183.0 1623932392.192262 0.477
183.0 1623932392.192299 0.477
205.875 1623932392.192336 0.477
205.875 1623932392.192365 0.477
183.0 1623932392.192398 0.477
183.0 1623932392.19243 0.477
183.0 1623932392.19246 0.477
183.0 1623932392.192485 0.477
183.0 1623932392.192514 0.477
183.0 1623932392.192547 0.477
183.0 1623932392.192577 0.477
183.0 1623932392.192609 0.477
183.0 1623932392.192638 0.477
183.0 1623932392.192668 0.477
183.0 1623932392.1927 0.477
205.875 1623932392.192736 0.477
205.875 1623932392.192764 0.477
205.875 1623932392.192789 0.477
205.875 1623932392.192814 0.477
183.0 1623932392.192839 0.477
183.0 1623932392.192863 0.477
183.0 1623932392.192887 0.477
183.0 1623932392.192911 0.477
183.0 1623932392.192934 0.477
183.0 1623932392.192958 0.477
183.0 1623932392.192985 0.477
183.0 1623932392.193008 0.477
183.0 1623932392.193033 0.477
205.875 1623932392.193057 0.477
183.0 1623932392.193082 0.477
205.875 1623932392.193106 0.477
205.875 1623932392.193131 0.477
183.0 1623932392.193153 0.477
183.0 1623932392.193175 0.477
183.0 1623932392.193197 0.477
183.0 1623932392.193301 0.477
183.0 1623932392.193352 0.477
183.0 1623932392.193392 0.477
183.0 1623932392.193438 0.477
183.0 1623932392.193479 0.477
183.0 1623932392.193524 0.477
183.0 1623932392.193565 0.477
205.875 1623932392.193625 0.477
205.875 1623932392.193671 0.477
205.875 1623932392.193714 0.477
205.875 1623932392.193758 0.477
183.0 1623932392.193799 0.477
183.0 1623932392.193842 0.477
183.0 1623932392.193882 0.477
183.0 1623932392.193923 0.477
183.0 1623932392.193961 0.477
183.0 1623932392.193998 0.477
183.0 1623932392.194035 0.477
183.0 1623932392.194071 0.477
183.0 1623932392.19411 0.477
183.0 1623932392.194151 0.477
183.0 1623932392.194192 0.477
205.875 1623932392.194235 0.477
205.875 1623932392.194275 0.477
205.875 1623932392.194318 0.477
183.0 1623932392.194361 0.477
183.0 1623932392.194401 0.477
183.0 1623932392.194439 0.477
183.0 1623932392.19448 0.477
183.0 1623932392.194522 0.477
183.0 1623932392.194563 0.477
183.0 1623932392.194604 0.477
183.0 1623932392.19465 0.477
164.60000610351562 1623932392.19469 0.477
164.5 1623932392.194731 0.477
126.38461303710938 1623932392.194771 0.477
91.0 1623932392.194815 0.477
62.730770111083984 1623932392.194851 0.477
60.296295166015625 1623932392.194895 0.477
60.33333206176758 1623932392.194941 0.477
60.33333206176758 1623932392.19498 0.477
56.068965911865234 1623932392.195015 0.477
52.45161437988281 1623932392.195052 0.477
52.3870964050293 1623932392.195097 0.477
52.3870964050293 1623932392.195138 0.477
54.16666793823242 1623932392.195183 0.477
52.41935348510742 1623932392.195221 0.477
54.16666793823242 1623932392.195259 0.477
62.653846740722656 1623932392.195304 0.477
65.23999786376953 1623932392.195373 0.477
60.33333206176758 1623932392.19542 0.477
30.75 1623932392.195463 0.477
77.9047622680664 1623932392.195508 0.477
60.33333206176758 1623932392.195563 0.477
62.653846740722656 1623932392.195608 0.477
65.23999786376953 1623932392.19565 0.477
68.0 1623932392.195693 0.477
81.75 1623932392.195728 0.477
52.32258224487305 1623932392.195756 0.477
42.55263137817383 1623932392.19581 0.477
47.67647171020508 1623932392.195855 0.477
50.78125 1623932392.1959 0.477
50.71875 1623932392.195944 0.477
58.10714340209961 1623932392.195988 0.477
19.289155960083008 1623932392.196035 0.477
64.91999816894531 1623932392.196081 0.477
68.0 1623932392.196127 0.477
60.33333206176758 1623932392.196167 0.477
62.653846740722656 1623932392.196212 0.477
68.0 1623932392.196255 0.477
50.75 1623932392.196293 0.477
18.75 1623932392.196328 0.477
29.537036895751953 1623932392.196353 0.477
52.35483932495117 1623932392.196399 0.477
54.16666793823242 1623932392.196444 0.477
28.875 1623932392.196489 0.477
62.53845977783203 1623932392.196529 0.477
81.80000305175781 1623932392.196573 0.477
71.0 1623932392.196616 0.477
68.0 1623932392.19666 0.477
56.2068977355957 1623932392.196699 0.477
37.58139419555664 1623932392.196744 0.477
54.099998474121094 1623932392.196787 0.477
60.296295166015625 1623932392.196828 0.477
46.228572845458984 1623932392.196871 0.477
70.91304016113281 1623932392.196919 0.477
86.10526275634766 1623932392.196964 0.477
90.94444274902344 1623932392.19701 0.477
81.80000305175781 1623932392.197057 0.477
68.0 1623932392.197104 0.477
62.69230651855469 1623932392.197147 0.477
65.23999786376953 1623932392.19719 0.477
74.2272720336914 1623932392.197232 0.477
86.10526275634766 1623932392.197269 0.477
90.94444274902344 1623932392.197299 0.477
91.0 1623932392.197324 0.477
81.80000305175781 1623932392.19735 0.477
77.85713958740234 1623932392.197397 0.477
81.75 1623932392.197438 0.477
86.10526275634766 1623932392.197483 0.477
90.94444274902344 1623932392.197527 0.477
91.0 1623932392.197574 0.477
91.0 1623932392.197613 0.477
90.94444274902344 1623932392.197655 0.477
90.94444274902344 1623932392.197696 0.477
90.94444274902344 1623932392.197739 0.477
91.0 1623932392.197779 0.477
91.0 1623932392.197827 0.477
91.0 1623932392.197866 0.477
81.9000015258789 1623932392.197906 0.477
96.35294342041016 1623932392.197951 0.477
102.4375 1623932392.197994 0.477
102.375 1623932392.198037 0.477
102.5 1623932392.198082 0.477
102.5 1623932392.198127 0.477
102.5 1623932392.198166 0.477
102.5 1623932392.198215 0.477
102.5 1623932392.198255 0.477
102.5 1623932392.198297 0.477
102.5 1623932392.198336 0.477
102.5 1623932392.198374 0.477
102.5 1623932392.198415 0.477
91.11111450195312 1623932392.198458 0.477
102.5 1623932392.198503 0.477
102.5 1623932392.198543 0.477
102.5 1623932392.198588 0.477
109.33333587646484 1623932392.198634 0.477
109.33333587646484 1623932392.198685 0.477
109.33333587646484 1623932392.198727 0.477
109.33333587646484 1623932392.198773 0.477
109.33333587646484 1623932392.198818 0.477
109.33333587646484 1623932392.198864 0.477
109.33333587646484 1623932392.198908 0.477
109.33333587646484 1623932392.198952 0.477
109.33333587646484 1623932392.198992 0.477
102.5 1623932392.199036 0.477
102.5 1623932392.199079 0.477
109.33333587646484 1623932392.199122 0.477
109.33333587646484 1623932392.19917 0.477
109.33333587646484 1623932392.199214 0.477
109.33333587646484 1623932392.199266 0.477
109.33333587646484 1623932392.19932 0.477
109.33333587646484 1623932392.199368 0.477
109.33333587646484 1623932392.199415 0.477
109.33333587646484 1623932392.199452 0.477
109.33333587646484 1623932392.199488 0.477
109.33333587646484 1623932392.199552 0.477
109.33333587646484 1623932392.199598 0.477
109.33333587646484 1623932392.199636 0.477
109.33333587646484 1623932392.199672 0.477
109.33333587646484 1623932392.199717 0.477
109.33333587646484 1623932392.19976 0.477
109.33333587646484 1623932392.199804 0.477
109.33333587646484 1623932392.199848 0.477
109.33333587646484 1623932392.199898 0.477
109.33333587646484 1623932392.199942 0.477
109.33333587646484 1623932392.19999 0.477
109.4000015258789 1623932392.200033 0.477
109.33333587646484 1623932392.200072 0.477
109.4000015258789 1623932392.200107 0.477
109.4000015258789 1623932392.200139 0.477
109.33333587646484 1623932392.200178 0.477
109.33333587646484 1623932392.200223 0.477
109.4000015258789 1623932392.200276 0.477
109.33333587646484 1623932392.200348 0.477
109.33333587646484 1623932392.200392 0.477
109.33333587646484 1623932392.200432 0.477
109.4000015258789 1623932392.200476 0.477
109.33333587646484 1623932392.200516 0.477
109.33333587646484 1623932392.200565 0.477
109.33333587646484 1623932392.200608 0.477
109.4000015258789 1623932392.200654 0.477
109.4000015258789 1623932392.200697 0.477
109.33333587646484 1623932392.200739 0.477
109.4000015258789 1623932392.200784 0.477
109.33333587646484 1623932392.200811 0.477
109.33333587646484 1623932392.200862 0.477
109.33333587646484 1623932392.200905 0.477
109.4000015258789 1623932392.200949 0.477
109.4000015258789 1623932392.20099 0.477
109.4000015258789 1623932392.201031 0.477
109.4000015258789 1623932392.201072 0.477
109.4000015258789 1623932392.201112 0.477
109.4000015258789 1623932392.201154 0.477
109.4000015258789 1623932392.201197 0.477
109.4000015258789 1623932392.201239 0.477
109.4000015258789 1623932392.201286 0.477
109.4000015258789 1623932392.201329 0.477
109.4000015258789 1623932392.201369 0.477
109.4000015258789 1623932392.201411 0.477
109.4000015258789 1623932392.201452 0.477
109.4000015258789 1623932392.201492 0.477
109.4000015258789 1623932392.201535 0.477
109.4000015258789 1623932392.201579 0.477
109.4000015258789 1623932392.20162 0.477
109.4000015258789 1623932392.201662 0.477
109.4000015258789 1623932392.201703 0.477
109.4000015258789 1623932392.201746 0.477
109.4000015258789 1623932392.201789 0.477
109.33333587646484 1623932392.201831 0.477
109.4000015258789 1623932392.201873 0.477
109.4000015258789 1623932392.201916 0.477
109.4000015258789 1623932392.201959 0.477
109.4000015258789 1623932392.202002 0.477
109.4000015258789 1623932392.202044 0.477
109.4000015258789 1623932392.202085 0.477
109.4000015258789 1623932392.202127 0.477
109.4000015258789 1623932392.202169 0.477
109.4000015258789 1623932392.202215 0.477
109.4000015258789 1623932392.202257 0.477
109.4000015258789 1623932392.202298 0.477
109.4000015258789 1623932392.20234 0.477
109.4000015258789 1623932392.202381 0.477
109.4000015258789 1623932392.20242 0.477
109.4000015258789 1623932392.202462 0.477
109.4000015258789 1623932392.202552 0.477
109.4000015258789 1623932392.202595 0.477
109.4000015258789 1623932392.202647 0.477
109.4000015258789 1623932392.202687 0.477
109.4000015258789 1623932392.20273 0.477
109.4000015258789 1623932392.202769 0.477
109.4000015258789 1623932392.2028 0.477
109.4000015258789 1623932392.202826 0.477
109.4000015258789 1623932392.202851 0.477
109.4000015258789 1623932392.202878 0.477
109.4000015258789 1623932392.202913 0.477
109.4000015258789 1623932392.202958 0.477
109.4000015258789 1623932392.202996 0.477
109.4000015258789 1623932392.203042 0.477
109.4000015258789 1623932392.203085 0.477
109.4000015258789 1623932392.203127 0.477
109.4000015258789 1623932392.203169 0.477
109.4000015258789 1623932392.20321 0.477
109.4000015258789 1623932392.203252 0.477
109.4000015258789 1623932392.203295 0.477
109.4000015258789 1623932392.203337 0.477
109.4000015258789 1623932392.203378 0.477
109.4000015258789 1623932392.20342 0.477
109.4000015258789 1623932392.203461 0.477
109.4000015258789 1623932392.203505 0.477
109.4000015258789 1623932392.203564 0.477
109.4000015258789 1623932392.203606 0.477
109.4000015258789 1623932392.203645 0.477
109.4000015258789 1623932392.203687 0.477
109.4000015258789 1623932392.203729 0.477
109.4000015258789 1623932392.20377 0.477
109.4000015258789 1623932392.20381 0.477
109.4000015258789 1623932392.203853 0.477
109.4000015258789 1623932392.203896 0.477
109.4000015258789 1623932392.203938 0.477
109.4000015258789 1623932392.203977 0.477
109.4000015258789 1623932392.204016 0.477
109.4000015258789 1623932392.204059 0.477
109.4000015258789 1623932392.204102 0.477
109.4000015258789 1623932392.204142 0.477
109.4000015258789 1623932392.204181 0.477
109.4000015258789 1623932392.204225 0.477
109.4000015258789 1623932392.204263 0.477
109.4000015258789 1623932392.204303 0.477
109.4000015258789 1623932392.204345 0.477
109.4000015258789 1623932392.204388 0.477
109.4000015258789 1623932392.204428 0.477
109.4000015258789 1623932392.204469 0.477
109.4000015258789 1623932392.204511 0.477
109.4000015258789 1623932392.204564 0.477
109.4000015258789 1623932392.204614 0.477
109.4000015258789 1623932392.204657 0.477
109.4000015258789 1623932392.204698 0.477
109.4000015258789 1623932392.204739 0.477
109.4000015258789 1623932392.20478 0.477
109.4000015258789 1623932392.204821 0.477
109.4000015258789 1623932392.204859 0.477
109.4000015258789 1623932392.204901 0.477
109.4000015258789 1623932392.204941 0.477
109.4000015258789 1623932392.204981 0.477
109.4000015258789 1623932392.20502 0.477
109.4000015258789 1623932392.205063 0.477
109.4000015258789 1623932392.205105 0.477
109.4000015258789 1623932392.205147 0.477
109.4000015258789 1623932392.205188 0.477
109.4000015258789 1623932392.20523 0.477
109.4000015258789 1623932392.205272 0.477
109.4000015258789 1623932392.205312 0.477
109.4000015258789 1623932392.205351 0.477
109.4000015258789 1623932392.205393 0.477
109.4000015258789 1623932392.205434 0.477
109.4000015258789 1623932392.205476 0.477
109.4000015258789 1623932392.205516 0.477
109.4000015258789 1623932392.205557 0.477
109.4000015258789 1623932392.205598 0.477
109.4000015258789 1623932392.205637 0.477
109.4000015258789 1623932392.205681 0.477
109.4000015258789 1623932392.205723 0.477
109.4000015258789 1623932392.205764 0.477
109.4000015258789 1623932392.205803 0.477
109.4000015258789 1623932392.205845 0.477
109.4000015258789 1623932392.205886 0.477
109.4000015258789 1623932392.205927 0.477
109.4000015258789 1623932392.205969 0.477
109.4000015258789 1623932392.206011 0.477
109.4000015258789 1623932392.206052 0.477
109.4000015258789 1623932392.206093 0.477
109.4000015258789 1623932392.206135 0.477
109.4000015258789 1623932392.206174 0.477
109.4000015258789 1623932392.206216 0.477
109.4000015258789 1623932392.206257 0.477
109.4000015258789 1623932392.206299 0.477
109.4000015258789 1623932392.206341 0.477
109.4000015258789 1623932392.206388 0.477
109.4000015258789 1623932392.20643 0.477
109.4000015258789 1623932392.206472 0.477
117.21428680419922 1623932392.206513 0.477
109.4000015258789 1623932392.206539 0.477
109.4000015258789 1623932392.206562 0.477
109.4000015258789 1623932392.206584 0.477
109.4000015258789 1623932392.206607 0.477
109.4000015258789 1623932392.206646 0.477
109.4000015258789 1623932392.206691 0.477
109.4000015258789 1623932392.206731 0.477
109.4000015258789 1623932392.206771 0.477
109.4000015258789 1623932392.206813 0.477
109.4000015258789 1623932392.206853 0.477
109.4000015258789 1623932392.206893 0.477
117.21428680419922 1623932392.206935 0.477
117.21428680419922 1623932392.206976 0.477
109.4000015258789 1623932392.207031 0.477
109.4000015258789 1623932392.20707 0.477
109.4000015258789 1623932392.207109 0.477
109.4000015258789 1623932392.207149 0.477
109.4000015258789 1623932392.207189 0.477
109.4000015258789 1623932392.207228 0.477
109.4000015258789 1623932392.207268 0.477
109.4000015258789 1623932392.207308 0.477
109.4000015258789 1623932392.207347 0.477
109.4000015258789 1623932392.207387 0.477
109.4000015258789 1623932392.207427 0.477
109.4000015258789 1623932392.207468 0.477
117.21428680419922 1623932392.207508 0.477
117.21428680419922 1623932392.207559 0.477
109.4000015258789 1623932392.2076 0.477
109.4000015258789 1623932392.20764 0.477
109.4000015258789 1623932392.20768 0.477
109.4000015258789 1623932392.207723 0.477
109.4000015258789 1623932392.207763 0.477
109.4000015258789 1623932392.207803 0.477
109.4000015258789 1623932392.207844 0.477
109.4000015258789 1623932392.207884 0.477
109.4000015258789 1623932392.207922 0.477
109.4000015258789 1623932392.207963 0.477
117.21428680419922 1623932392.208001 0.477
109.4000015258789 1623932392.208043 0.477
117.21428680419922 1623932392.208083 0.477
109.4000015258789 1623932392.208122 0.477
109.4000015258789 1623932392.208297 0.477
109.4000015258789 1623932392.208343 0.477
109.4000015258789 1623932392.208382 0.477
109.4000015258789 1623932392.208417 0.477
109.4000015258789 1623932392.208445 0.477
109.4000015258789 1623932392.208475 0.477
109.4000015258789 1623932392.208511 0.477
109.4000015258789 1623932392.208555 0.477
109.4000015258789 1623932392.208612 0.477
109.4000015258789 1623932392.208648 0.477
117.21428680419922 1623932392.208688 0.477
109.4000015258789 1623932392.208733 0.477
109.4000015258789 1623932392.208778 0.477
109.4000015258789 1623932392.208819 0.477
109.4000015258789 1623932392.208859 0.477
109.4000015258789 1623932392.2089 0.477
109.4000015258789 1623932392.20894 0.477
109.4000015258789 1623932392.20898 0.477
109.4000015258789 1623932392.209018 0.477
109.4000015258789 1623932392.209061 0.477
109.4000015258789 1623932392.209103 0.477
109.4000015258789 1623932392.209148 0.477
109.4000015258789 1623932392.209185 0.477
109.4000015258789 1623932392.209228 0.477
117.21428680419922 1623932392.20927 0.477
117.21428680419922 1623932392.209313 0.477
117.21428680419922 1623932392.209353 0.477
117.21428680419922 1623932392.209394 0.477
109.4000015258789 1623932392.209438 0.477
109.4000015258789 1623932392.209474 0.477
109.4000015258789 1623932392.209507 0.477
109.4000015258789 1623932392.209536 0.477
109.4000015258789 1623932392.209565 0.477
109.4000015258789 1623932392.209593 0.477
109.4000015258789 1623932392.209624 0.477
109.4000015258789 1623932392.209668 0.477
109.4000015258789 1623932392.209696 0.477
109.4000015258789 1623932392.209732 0.477
117.21428680419922 1623932392.209771 0.477
117.21428680419922 1623932392.209797 0.477
109.4000015258789 1623932392.20982 0.477
109.4000015258789 1623932392.209845 0.477
109.4000015258789 1623932392.209869 0.477
109.4000015258789 1623932392.209892 0.477
109.4000015258789 1623932392.209915 0.477
109.4000015258789 1623932392.209938 0.477
109.4000015258789 1623932392.209961 0.477
109.4000015258789 1623932392.209984 0.477
109.4000015258789 1623932392.210008 0.477
109.4000015258789 1623932392.210031 0.477
109.4000015258789 1623932392.210054 0.477
109.4000015258789 1623932392.21009 0.477
117.21428680419922 1623932392.210115 0.477
117.21428680419922 1623932392.210138 0.477
109.4000015258789 1623932392.210161 0.477
109.4000015258789 1623932392.210185 0.477
109.4000015258789 1623932392.210208 0.477
109.4000015258789 1623932392.210231 0.477
109.4000015258789 1623932392.210298 0.477
109.4000015258789 1623932392.210341 0.477
109.4000015258789 1623932392.210378 0.477
109.4000015258789 1623932392.210422 0.477
109.4000015258789 1623932392.210462 0.477
109.4000015258789 1623932392.210503 0.477
109.4000015258789 1623932392.210544 0.477
117.21428680419922 1623932392.210584 0.477
117.21428680419922 1623932392.210625 0.477
109.4000015258789 1623932392.210666 0.477
109.4000015258789 1623932392.210706 0.477
109.4000015258789 1623932392.210747 0.477
109.4000015258789 1623932392.21079 0.477
109.4000015258789 1623932392.210834 0.477
109.4000015258789 1623932392.210874 0.477
109.4000015258789 1623932392.210914 0.477
109.4000015258789 1623932392.210957 0.477
109.4000015258789 1623932392.210988 0.477
109.4000015258789 1623932392.211014 0.477
109.4000015258789 1623932392.211055 0.477
109.4000015258789 1623932392.211094 0.477
117.21428680419922 1623932392.211135 0.477
41.56410217285156 1623932392.211175 0.477
60.22222137451172 1623932392.211216 0.477
60.37036895751953 1623932392.211257 0.477
56.068965911865234 1623932392.211292 0.477
65.19999694824219 1623932392.211335 0.477
77.80952453613281 1623932392.211378 0.477
90.94444274902344 1623932392.211426 0.477
91.0 1623932392.21147 0.477
86.15789794921875 1623932392.211519 0.477
74.2727279663086 1623932392.211565 0.477
71.0 1623932392.211606 0.477
77.80952453613281 1623932392.211647 0.477
81.75 1623932392.211687 0.477
86.10526275634766 1623932392.211729 0.477
96.35294342041016 1623932392.211769 0.477
96.4117660522461 1623932392.21181 0.477
81.80000305175781 1623932392.211851 0.477
77.80952453613281 1623932392.211889 0.477
86.15789794921875 1623932392.211928 0.477
91.0 1623932392.21197 0.477
96.4117660522461 1623932392.212008 0.477
102.4375 1623932392.212048 0.477
109.33333587646484 1623932392.212089 0.477
117.21428680419922 1623932392.212129 0.477
117.28571319580078 1623932392.212171 0.477
126.30769348144531 1623932392.21221 0.477
126.38461303710938 1623932392.212251 0.477
126.38461303710938 1623932392.212292 0.477
126.38461303710938 1623932392.212334 0.477
126.38461303710938 1623932392.212371 0.477
126.38461303710938 1623932392.2124 0.477
117.28571319580078 1623932392.212429 0.477
126.38461303710938 1623932392.212458 0.477
126.38461303710938 1623932392.212487 0.477
136.9166717529297 1623932392.212516 0.477
137.0 1623932392.212545 0.477
137.0 1623932392.212573 0.477
137.0 1623932392.212603 0.477
137.0 1623932392.212631 0.477
137.0 1623932392.212658 0.477
137.0 1623932392.212687 0.477
137.0 1623932392.212716 0.477
137.0 1623932392.212743 0.477
137.0 1623932392.21277 0.477
149.4545440673828 1623932392.212798 0.477
149.4545440673828 1623932392.212828 0.477
149.5454559326172 1623932392.212856 0.477
149.5454559326172 1623932392.212885 0.477
149.4545440673828 1623932392.212913 0.477
149.5454559326172 1623932392.21294 0.477
149.5454559326172 1623932392.212969 0.477
149.5454559326172 1623932392.212996 0.477
149.5454559326172 1623932392.213024 0.477
149.5454559326172 1623932392.213055 0.477
149.5454559326172 1623932392.213087 0.477
149.5454559326172 1623932392.213115 0.477
149.5454559326172 1623932392.213145 0.477
149.5454559326172 1623932392.213175 0.477
149.5454559326172 1623932392.213202 0.477
149.5454559326172 1623932392.213231 0.477
149.5454559326172 1623932392.213262 0.477
149.5454559326172 1623932392.21329 0.477
149.5454559326172 1623932392.213319 0.477
149.5454559326172 1623932392.213347 0.477
149.5454559326172 1623932392.213379 0.477
149.5454559326172 1623932392.213418 0.477
149.5454559326172 1623932392.213457 0.477
149.5454559326172 1623932392.213483 0.477
149.5454559326172 1623932392.213506 0.477
149.5454559326172 1623932392.21353 0.477
149.5454559326172 1623932392.213554 0.477
149.5454559326172 1623932392.213577 0.477
149.5454559326172 1623932392.213602 0.477
149.5454559326172 1623932392.213625 0.477
149.5454559326172 1623932392.213647 0.477
149.5454559326172 1623932392.21367 0.477
149.5454559326172 1623932392.213696 0.477
149.5454559326172 1623932392.213719 0.477
149.5454559326172 1623932392.213744 0.477
149.5454559326172 1623932392.213767 0.477
149.5454559326172 1623932392.21379 0.477
149.5454559326172 1623932392.213813 0.477
149.5454559326172 1623932392.213843 0.477
149.5454559326172 1623932392.213883 0.477
149.5454559326172 1623932392.213925 0.477
149.5454559326172 1623932392.213972 0.477
149.5454559326172 1623932392.214012 0.477
149.5454559326172 1623932392.214055 0.477
149.5454559326172 1623932392.214096 0.477
149.5454559326172 1623932392.214135 0.477
149.5454559326172 1623932392.21416 0.477
149.5454559326172 1623932392.214184 0.477
149.5454559326172 1623932392.214213 0.477
149.5454559326172 1623932392.214241 0.477
149.5454559326172 1623932392.214269 0.477
149.5454559326172 1623932392.214297 0.477
149.5454559326172 1623932392.214324 0.477
149.5454559326172 1623932392.214353 0.477
149.5454559326172 1623932392.214381 0.477
149.5454559326172 1623932392.214409 0.477
164.5 1623932392.214436 0.477
164.5 1623932392.214464 0.477
164.5 1623932392.214491 0.477
164.5 1623932392.214518 0.477
149.5454559326172 1623932392.214545 0.477
149.5454559326172 1623932392.214572 0.477
149.5454559326172 1623932392.2146 0.477
149.5454559326172 1623932392.214628 0.477
149.5454559326172 1623932392.214656 0.477
149.5454559326172 1623932392.214684 0.477
149.5454559326172 1623932392.214712 0.477
149.5454559326172 1623932392.21474 0.477
149.5454559326172 1623932392.214767 0.477
149.5454559326172 1623932392.214794 0.477
149.5454559326172 1623932392.214822 0.477
149.5454559326172 1623932392.214849 0.477
149.5454559326172 1623932392.214877 0.477
164.5 1623932392.214904 0.477
164.5 1623932392.214931 0.477
164.5 1623932392.214959 0.477
164.5 1623932392.214986 0.477
149.5454559326172 1623932392.215013 0.477
149.5454559326172 1623932392.215045 0.477
149.5454559326172 1623932392.215084 0.477
149.5454559326172 1623932392.215123 0.477
149.5454559326172 1623932392.215163 0.477
149.5454559326172 1623932392.215188 0.477
149.5454559326172 1623932392.215213 0.477
149.5454559326172 1623932392.215243 0.477
149.5454559326172 1623932392.215283 0.477
149.5454559326172 1623932392.215318 0.477
149.5454559326172 1623932392.21535 0.477
149.5454559326172 1623932392.215379 0.477
149.5454559326172 1623932392.215411 0.477
164.5 1623932392.215449 0.477
164.5 1623932392.215492 0.477
164.5 1623932392.215544 0.477
164.5 1623932392.215587 0.477
164.5 1623932392.215626 0.477
149.5454559326172 1623932392.215665 0.477
149.5454559326172 1623932392.215707 0.477
149.5454559326172 1623932392.21575 0.477
149.5454559326172 1623932392.215793 0.477
149.5454559326172 1623932392.215824 0.477
149.5454559326172 1623932392.215864 0.477
149.5454559326172 1623932392.215907 0.477
149.5454559326172 1623932392.215951 0.477
149.5454559326172 1623932392.215994 0.477
149.5454559326172 1623932392.216034 0.477
149.5454559326172 1623932392.216076 0.477
149.5454559326172 1623932392.216118 0.477
164.5 1623932392.216152 0.477
164.5 1623932392.216177 0.477
164.5 1623932392.216207 0.477
164.5 1623932392.21625 0.477
164.5 1623932392.216291 0.477
149.5454559326172 1623932392.216332 0.477
149.5454559326172 1623932392.216377 0.477
149.5454559326172 1623932392.21642 0.477
149.5454559326172 1623932392.216464 0.477
149.5454559326172 1623932392.216503 0.477
149.5454559326172 1623932392.216528 0.477
149.5454559326172 1623932392.216552 0.477
149.5454559326172 1623932392.216576 0.477
149.5454559326172 1623932392.2166 0.477
149.5454559326172 1623932392.216623 0.477
149.5454559326172 1623932392.216647 0.477
149.5454559326172 1623932392.216685 0.477
164.5 1623932392.216724 0.477
164.5 1623932392.216764 0.477
164.5 1623932392.216802 0.477
164.5 1623932392.216837 0.477
164.5 1623932392.216872 0.477
164.5 1623932392.216906 0.477
164.5 1623932392.216942 0.477
149.5454559326172 1623932392.216977 0.477
149.5454559326172 1623932392.217013 0.477
149.5454559326172 1623932392.217049 0.477
149.5454559326172 1623932392.217088 0.477
149.5454559326172 1623932392.217132 0.477
149.5454559326172 1623932392.217176 0.477
149.5454559326172 1623932392.217219 0.477
149.5454559326172 1623932392.217259 0.477
149.5454559326172 1623932392.217297 0.477
164.5 1623932392.217339 0.477
164.5 1623932392.217429 0.477
164.5 1623932392.217472 0.477
164.5 1623932392.21751 0.477
164.5 1623932392.217551 0.477
164.5 1623932392.217595 0.477
164.5 1623932392.217637 0.477
164.5 1623932392.217676 0.477
149.5454559326172 1623932392.217721 0.477
149.5454559326172 1623932392.217765 0.477
149.5454559326172 1623932392.217808 0.477
149.5454559326172 1623932392.217852 0.477
149.5454559326172 1623932392.217892 0.477
149.5454559326172 1623932392.217936 0.477
149.5454559326172 1623932392.21798 0.477
149.5454559326172 1623932392.218015 0.477
149.5454559326172 1623932392.21804 0.477
149.5454559326172 1623932392.218063 0.477
164.5 1623932392.218092 0.477
164.5 1623932392.218115 0.477
164.5 1623932392.218139 0.477
164.5 1623932392.218166 0.477
164.5 1623932392.218191 0.477
164.5 1623932392.218214 0.477
164.5 1623932392.218241 0.477
149.5454559326172 1623932392.218265 0.477
149.5454559326172 1623932392.218289 0.477
149.5454559326172 1623932392.218317 0.477
149.5454559326172 1623932392.218342 0.477
149.5454559326172 1623932392.218367 0.477
149.5454559326172 1623932392.218398 0.477
149.5454559326172 1623932392.218422 0.477
149.5454559326172 1623932392.218449 0.477
149.5454559326172 1623932392.218475 0.477
164.5 1623932392.218499 0.477
164.5 1623932392.218525 0.477
164.5 1623932392.218549 0.477
164.5 1623932392.21857 0.477
164.5 1623932392.218592 0.477
164.5 1623932392.218617 0.477
164.5 1623932392.218641 0.477
149.5454559326172 1623932392.218666 0.477
149.5454559326172 1623932392.218695 0.477
164.5 1623932392.218718 0.477
149.5454559326172 1623932392.218742 0.477
149.5454559326172 1623932392.21877 0.477
149.5454559326172 1623932392.218793 0.477
149.5454559326172 1623932392.218817 0.477
164.5 1623932392.218845 0.477
164.5 1623932392.218867 0.477
164.5 1623932392.218891 0.477
164.5 1623932392.218918 0.477
164.5 1623932392.218942 0.477
164.5 1623932392.218964 0.477
164.5 1623932392.218992 0.477
149.5454559326172 1623932392.219016 0.477
149.5454559326172 1623932392.219039 0.477
149.5454559326172 1623932392.219068 0.477
149.5454559326172 1623932392.219093 0.477
149.5454559326172 1623932392.219117 0.477
149.5454559326172 1623932392.219144 0.477
164.5 1623932392.219168 0.477
164.5 1623932392.219192 0.477
164.5 1623932392.219218 0.477
164.5 1623932392.219243 0.477
164.5 1623932392.219265 0.477
164.5 1623932392.219288 0.477
164.5 1623932392.219311 0.477
164.5 1623932392.219334 0.477
164.5 1623932392.219361 0.477
149.5454559326172 1623932392.219386 0.477
149.5454559326172 1623932392.21941 0.477
164.5 1623932392.219433 0.477
149.5454559326172 1623932392.219456 0.477
164.5 1623932392.219479 0.477
164.5 1623932392.219501 0.477
164.5 1623932392.219541 0.477
164.5 1623932392.219567 0.477
164.5 1623932392.219589 0.477
164.5 1623932392.219612 0.477
164.5 1623932392.219636 0.477
164.5 1623932392.219658 0.477
164.5 1623932392.219681 0.477
164.5 1623932392.219704 0.477
164.5 1623932392.219727 0.477
164.5 1623932392.21975 0.477
164.5 1623932392.219772 0.477
164.5 1623932392.219794 0.477
164.5 1623932392.219816 0.477
149.5454559326172 1623932392.219839 0.477
164.5 1623932392.219863 0.477
164.5 1623932392.219898 0.477
164.5 1623932392.219936 0.477
164.5 1623932392.219973 0.477
164.5 1623932392.220007 0.477
164.5 1623932392.220042 0.477
164.5 1623932392.220078 0.477
164.5 1623932392.220112 0.477
164.5 1623932392.220149 0.477
164.5 1623932392.220187 0.477
164.5 1623932392.220225 0.477
164.5 1623932392.220263 0.477
164.5 1623932392.220299 0.477
164.5 1623932392.220334 0.477
164.5 1623932392.220372 0.477
164.5 1623932392.220405 0.477
164.5 1623932392.22044 0.477
164.5 1623932392.220477 0.477
164.5 1623932392.220511 0.477
149.63636779785156 1623932392.220547 0.477
164.5 1623932392.220579 0.477
164.60000610351562 1623932392.220615 0.477
164.5 1623932392.220655 0.477
164.5 1623932392.220683 0.477
164.5 1623932392.220707 0.477
164.5 1623932392.220729 0.477
164.5 1623932392.220753 0.477
164.5 1623932392.220775 0.477
164.5 1623932392.220796 0.477
164.5 1623932392.220827 0.477
164.60000610351562 1623932392.220864 0.477
164.5 1623932392.220895 0.477
164.5 1623932392.220923 0.477
164.5 1623932392.220951 0.477
164.5 1623932392.220979 0.477
164.5 1623932392.221006 0.477
164.60000610351562 1623932392.221034 0.477
164.5 1623932392.221063 0.477
164.5 1623932392.221095 0.477
164.5 1623932392.221127 0.477
164.5 1623932392.221154 0.477
164.5 1623932392.221183 0.477
164.5 1623932392.221213 0.477
164.5 1623932392.221249 0.477
164.5 1623932392.221289 0.477
164.5 1623932392.221329 0.477
164.5 1623932392.22137 0.477
164.5 1623932392.221412 0.477
164.5 1623932392.22145 0.477
164.60000610351562 1623932392.221491 0.477
164.5 1623932392.221536 0.477
164.60000610351562 1623932392.221576 0.477
164.5 1623932392.221615 0.477
164.60000610351562 1623932392.221653 0.477
164.5 1623932392.221695 0.477
164.60000610351562 1623932392.221733 0.477
164.5 1623932392.221775 0.477
164.60000610351562 1623932392.221811 0.477
164.5 1623932392.221839 0.477
164.60000610351562 1623932392.221876 0.477
164.5 1623932392.22192 0.477
164.5 1623932392.221961 0.477
164.60000610351562 1623932392.222001 0.477
164.5 1623932392.222043 0.477
164.5 1623932392.222085 0.477
164.5 1623932392.222125 0.477
164.5 1623932392.222157 0.477
164.5 1623932392.222187 0.477
164.60000610351562 1623932392.222219 0.477
164.60000610351562 1623932392.222248 0.477
164.60000610351562 1623932392.222278 0.477
164.60000610351562 1623932392.222311 0.477
164.5 1623932392.222354 0.477
164.5 1623932392.222379 0.477
164.60000610351562 1623932392.222402 0.477
164.5 1623932392.222425 0.477
164.60000610351562 1623932392.222448 0.477
164.60000610351562 1623932392.222472 0.477
164.5 1623932392.222496 0.477
164.5 1623932392.22252 0.477
164.5 1623932392.222542 0.477
164.60000610351562 1623932392.222565 0.477
164.60000610351562 1623932392.222589 0.477
164.60000610351562 1623932392.222612 0.477
164.60000610351562 1623932392.222635 0.477
164.60000610351562 1623932392.222659 0.477
164.5 1623932392.222689 0.477
164.60000610351562 1623932392.22272 0.477
164.60000610351562 1623932392.222745 0.477
164.60000610351562 1623932392.222788 0.477
164.60000610351562 1623932392.222832 0.477
164.60000610351562 1623932392.222871 0.477
164.60000610351562 1623932392.222898 0.477
164.5 1623932392.222925 0.477
164.60000610351562 1623932392.222965 0.477
164.5 1623932392.223005 0.477
164.60000610351562 1623932392.223034 0.477
164.60000610351562 1623932392.223063 0.477
164.60000610351562 1623932392.223091 0.477
164.60000610351562 1623932392.223119 0.477
164.5 1623932392.223153 0.477
164.60000610351562 1623932392.223183 0.477
164.60000610351562 1623932392.223207 0.477
164.5 1623932392.22323 0.477
164.60000610351562 1623932392.223253 0.477
164.60000610351562 1623932392.223276 0.477
164.60000610351562 1623932392.2233 0.477
164.60000610351562 1623932392.223322 0.477
164.60000610351562 1623932392.223346 0.477
164.60000610351562 1623932392.223369 0.477
164.60000610351562 1623932392.223392 0.477
164.5 1623932392.223415 0.477
164.60000610351562 1623932392.223441 0.477
164.5 1623932392.22347 0.477
164.60000610351562 1623932392.223497 0.477
164.5 1623932392.223536 0.477
164.60000610351562 1623932392.223565 0.477
164.60000610351562 1623932392.223601 0.477
164.60000610351562 1623932392.223645 0.477
164.60000610351562 1623932392.223687 0.477
164.60000610351562 1623932392.223731 0.477
164.60000610351562 1623932392.223759 0.477
164.60000610351562 1623932392.223783 0.477
164.60000610351562 1623932392.223806 0.477
164.60000610351562 1623932392.223829 0.477
164.5 1623932392.223852 0.477
164.60000610351562 1623932392.223875 0.477
164.60000610351562 1623932392.223898 0.477
164.60000610351562 1623932392.223922 0.477
164.60000610351562 1623932392.223945 0.477
164.60000610351562 1623932392.223968 0.477
164.60000610351562 1623932392.223991 0.477
164.60000610351562 1623932392.224021 0.477
164.5 1623932392.224048 0.477
164.60000610351562 1623932392.224076 0.477
164.60000610351562 1623932392.224104 0.477
164.60000610351562 1623932392.224141 0.477
164.5 1623932392.224172 0.477
164.60000610351562 1623932392.224199 0.477
164.60000610351562 1623932392.224228 0.477
164.60000610351562 1623932392.224255 0.477
164.60000610351562 1623932392.224283 0.477
164.60000610351562 1623932392.224366 0.477
164.60000610351562 1623932392.224403 0.477
164.60000610351562 1623932392.224445 0.477
164.5 1623932392.224487 0.477
164.60000610351562 1623932392.224529 0.477
164.60000610351562 1623932392.224578 0.477
164.60000610351562 1623932392.224624 0.477
164.60000610351562 1623932392.224667 0.477
164.60000610351562 1623932392.224709 0.477
164.60000610351562 1623932392.22475 0.477
164.5 1623932392.224789 0.477
164.60000610351562 1623932392.224835 0.477
164.60000610351562 1623932392.22488 0.477
164.60000610351562 1623932392.224929 0.477
164.60000610351562 1623932392.224973 0.477
164.60000610351562 1623932392.225015 0.477
164.60000610351562 1623932392.225059 0.477
164.60000610351562 1623932392.225097 0.477
164.60000610351562 1623932392.22514 0.477
164.60000610351562 1623932392.225183 0.477
164.60000610351562 1623932392.225228 0.477
164.60000610351562 1623932392.22527 0.477
164.60000610351562 1623932392.2253 0.477
164.60000610351562 1623932392.225329 0.477
164.60000610351562 1623932392.225358 0.477
164.60000610351562 1623932392.225397 0.477
164.60000610351562 1623932392.225432 0.477
164.60000610351562 1623932392.225462 0.477
164.60000610351562 1623932392.225507 0.477
164.60000610351562 1623932392.225551 0.477
164.60000610351562 1623932392.225584 0.477
164.60000610351562 1623932392.225613 0.477
164.60000610351562 1623932392.225649 0.477
164.60000610351562 1623932392.225676 0.477
164.60000610351562 1623932392.225699 0.477
164.60000610351562 1623932392.225723 0.477
164.60000610351562 1623932392.225746 0.477
164.60000610351562 1623932392.22577 0.477
164.60000610351562 1623932392.225804 0.477
164.60000610351562 1623932392.22584 0.477
164.60000610351562 1623932392.225869 0.477
164.60000610351562 1623932392.225897 0.477
164.60000610351562 1623932392.225924 0.477
164.60000610351562 1623932392.225961 0.477
164.60000610351562 1623932392.225989 0.477
164.60000610351562 1623932392.226013 0.477
164.60000610351562 1623932392.226044 0.477
164.60000610351562 1623932392.226089 0.477
164.60000610351562 1623932392.226129 0.477
164.60000610351562 1623932392.226175 0.477
164.60000610351562 1623932392.226219 0.477
164.60000610351562 1623932392.226261 0.477
164.60000610351562 1623932392.226306 0.477
164.60000610351562 1623932392.226344 0.477
164.60000610351562 1623932392.22638 0.477
164.60000610351562 1623932392.226419 0.477
164.60000610351562 1623932392.226461 0.477
164.60000610351562 1623932392.226489 0.477
164.60000610351562 1623932392.22652 0.477
164.60000610351562 1623932392.226564 0.477
164.60000610351562 1623932392.226607 0.477
164.60000610351562 1623932392.22665 0.477
164.60000610351562 1623932392.226694 0.477
164.5 1623932392.226733 0.477
164.60000610351562 1623932392.226779 0.477
164.60000610351562 1623932392.226825 0.477
164.5 1623932392.226866 0.477
164.60000610351562 1623932392.226904 0.477
164.60000610351562 1623932392.226945 0.477
164.60000610351562 1623932392.226978 0.477
164.60000610351562 1623932392.227016 0.477
164.60000610351562 1623932392.227059 0.477
164.60000610351562 1623932392.227101 0.477
164.60000610351562 1623932392.227141 0.477
164.60000610351562 1623932392.22717 0.477
164.60000610351562 1623932392.227212 0.477
164.60000610351562 1623932392.227258 0.477
164.60000610351562 1623932392.227302 0.477
164.60000610351562 1623932392.22734 0.477
164.60000610351562 1623932392.22738 0.477
164.60000610351562 1623932392.22742 0.477
164.60000610351562 1623932392.227461 0.477
164.60000610351562 1623932392.227494 0.477
164.60000610351562 1623932392.227544 0.477
164.60000610351562 1623932392.227587 0.477
164.60000610351562 1623932392.227631 0.477
164.60000610351562 1623932392.227674 0.477
164.60000610351562 1623932392.227713 0.477
164.60000610351562 1623932392.227749 0.477
164.60000610351562 1623932392.227786 0.477
164.60000610351562 1623932392.227823 0.477
164.60000610351562 1623932392.22786 0.477
164.60000610351562 1623932392.227896 0.477
164.60000610351562 1623932392.227932 0.477
164.60000610351562 1623932392.227969 0.477
164.60000610351562 1623932392.228005 0.477
164.60000610351562 1623932392.228041 0.477
164.60000610351562 1623932392.228078 0.477
164.60000610351562 1623932392.228113 0.477
164.60000610351562 1623932392.22815 0.477
164.60000610351562 1623932392.228188 0.477
164.60000610351562 1623932392.228231 0.477
164.60000610351562 1623932392.228274 0.477
164.60000610351562 1623932392.228317 0.477
164.60000610351562 1623932392.228363 0.477
164.60000610351562 1623932392.228405 0.477
164.60000610351562 1623932392.228445 0.477
164.60000610351562 1623932392.228481 0.477
164.5 1623932392.228517 0.477
164.60000610351562 1623932392.228559 0.477
164.60000610351562 1623932392.228599 0.477
164.60000610351562 1623932392.228636 0.477
164.60000610351562 1623932392.228676 0.477
164.60000610351562 1623932392.228714 0.477
164.60000610351562 1623932392.228747 0.477
164.60000610351562 1623932392.228786 0.477
164.60000610351562 1623932392.228829 0.477
164.60000610351562 1623932392.228871 0.477
164.60000610351562 1623932392.228916 0.477
164.60000610351562 1623932392.22895 0.477
164.60000610351562 1623932392.228974 0.477
164.60000610351562 1623932392.229006 0.477
164.60000610351562 1623932392.229048 0.477
164.60000610351562 1623932392.229093 0.477
164.60000610351562 1623932392.229134 0.477
164.60000610351562 1623932392.229174 0.477
164.60000610351562 1623932392.229216 0.477
164.60000610351562 1623932392.229248 0.477
164.60000610351562 1623932392.229281 0.477
164.60000610351562 1623932392.229326 0.477
164.60000610351562 1623932392.229367 0.477
164.60000610351562 1623932392.229411 0.477
164.60000610351562 1623932392.229451 0.477
164.60000610351562 1623932392.229477 0.477
164.60000610351562 1623932392.229503 0.477
164.60000610351562 1623932392.229539 0.477
164.60000610351562 1623932392.229581 0.477
164.60000610351562 1623932392.229624 0.477
164.60000610351562 1623932392.22966 0.477
164.60000610351562 1623932392.229686 0.477
164.60000610351562 1623932392.229709 0.477
164.60000610351562 1623932392.229732 0.477
164.60000610351562 1623932392.229756 0.477
164.60000610351562 1623932392.22978 0.477
164.60000610351562 1623932392.229821 0.477
164.60000610351562 1623932392.229862 0.477
164.60000610351562 1623932392.229904 0.477
164.60000610351562 1623932392.229943 0.477
164.60000610351562 1623932392.229979 0.477
164.60000610351562 1623932392.230015 0.477
164.60000610351562 1623932392.230051 0.477
164.60000610351562 1623932392.230086 0.477
164.60000610351562 1623932392.230122 0.477
164.60000610351562 1623932392.230158 0.477
164.60000610351562 1623932392.230195 0.477
164.60000610351562 1623932392.230231 0.477
164.60000610351562 1623932392.230266 0.477
164.60000610351562 1623932392.230302 0.477
164.60000610351562 1623932392.230338 0.477
164.60000610351562 1623932392.230374 0.477
164.60000610351562 1623932392.230413 0.477
164.60000610351562 1623932392.230452 0.477
164.60000610351562 1623932392.230495 0.477
164.60000610351562 1623932392.230537 0.477
164.60000610351562 1623932392.230574 0.477
164.60000610351562 1623932392.23061 0.477
164.60000610351562 1623932392.230646 0.477
164.60000610351562 1623932392.230682 0.477
164.60000610351562 1623932392.230716 0.477
164.60000610351562 1623932392.230755 0.477
164.60000610351562 1623932392.230793 0.477
164.60000610351562 1623932392.23083 0.477
164.60000610351562 1623932392.230856 0.477
164.60000610351562 1623932392.230884 0.477
164.60000610351562 1623932392.230928 0.477
164.60000610351562 1623932392.230966 0.477
164.60000610351562 1623932392.231008 0.477
164.60000610351562 1623932392.231055 0.477
164.60000610351562 1623932392.231097 0.477
164.60000610351562 1623932392.231141 0.477
164.60000610351562 1623932392.231186 0.477
164.60000610351562 1623932392.231233 0.477
164.60000610351562 1623932392.231276 0.477
164.60000610351562 1623932392.231316 0.477
164.60000610351562 1623932392.231356 0.477
164.60000610351562 1623932392.231395 0.477
164.60000610351562 1623932392.231431 0.477
164.60000610351562 1623932392.231468 0.477
164.60000610351562 1623932392.23152 0.477
164.60000610351562 1623932392.231565 0.477
164.60000610351562 1623932392.231603 0.477
164.60000610351562 1623932392.23164 0.477
164.60000610351562 1623932392.231676 0.477
164.60000610351562 1623932392.231764 0.477
164.60000610351562 1623932392.231806 0.477
164.60000610351562 1623932392.23184 0.477
164.60000610351562 1623932392.231887 0.477
164.60000610351562 1623932392.231926 0.477
164.60000610351562 1623932392.231966 0.477
164.60000610351562 1623932392.232012 0.477
164.60000610351562 1623932392.232045 0.477
164.60000610351562 1623932392.232088 0.477
164.60000610351562 1623932392.232133 0.477
164.60000610351562 1623932392.232177 0.477
164.60000610351562 1623932392.232219 0.477
164.60000610351562 1623932392.232261 0.477
164.60000610351562 1623932392.23229 0.477
164.60000610351562 1623932392.23232 0.477
164.60000610351562 1623932392.232346 0.477
164.60000610351562 1623932392.232382 0.477
164.60000610351562 1623932392.232411 0.477
164.60000610351562 1623932392.23244 0.477
164.60000610351562 1623932392.232468 0.477
164.60000610351562 1623932392.232498 0.477
164.60000610351562 1623932392.232526 0.477
164.60000610351562 1623932392.232555 0.477
164.60000610351562 1623932392.232582 0.477
164.60000610351562 1623932392.23261 0.477
164.60000610351562 1623932392.232639 0.477
164.60000610351562 1623932392.232667 0.477
164.60000610351562 1623932392.232695 0.477
164.60000610351562 1623932392.232724 0.477
164.60000610351562 1623932392.232752 0.477
164.60000610351562 1623932392.23278 0.477
164.60000610351562 1623932392.232808 0.477
164.60000610351562 1623932392.232837 0.477
164.60000610351562 1623932392.232865 0.477
164.60000610351562 1623932392.232893 0.477
164.60000610351562 1623932392.232922 0.477
164.60000610351562 1623932392.23295 0.477
164.60000610351562 1623932392.232978 0.477
164.60000610351562 1623932392.233007 0.477
164.60000610351562 1623932392.233036 0.477
164.60000610351562 1623932392.233065 0.477
164.60000610351562 1623932392.233094 0.477
164.60000610351562 1623932392.233124 0.477
164.60000610351562 1623932392.233162 0.477
164.60000610351562 1623932392.233202 0.477
164.60000610351562 1623932392.233235 0.477
164.60000610351562 1623932392.233259 0.477
164.60000610351562 1623932392.233283 0.477
164.60000610351562 1623932392.233306 0.477
164.60000610351562 1623932392.233332 0.477
164.60000610351562 1623932392.233357 0.477
164.60000610351562 1623932392.233381 0.477
164.60000610351562 1623932392.233405 0.477
164.60000610351562 1623932392.233429 0.477
164.60000610351562 1623932392.233453 0.477
164.60000610351562 1623932392.233476 0.477
164.60000610351562 1623932392.233504 0.477
164.60000610351562 1623932392.233548 0.477
164.60000610351562 1623932392.233588 0.477
164.60000610351562 1623932392.233632 0.477
164.60000610351562 1623932392.233674 0.477
164.60000610351562 1623932392.233714 0.477
164.60000610351562 1623932392.233754 0.477
164.60000610351562 1623932392.233794 0.477
164.60000610351562 1623932392.233835 0.477
164.60000610351562 1623932392.233875 0.477
164.60000610351562 1623932392.233915 0.477
164.60000610351562 1623932392.233956 0.477
164.60000610351562 1623932392.233996 0.477
164.60000610351562 1623932392.234037 0.477
164.60000610351562 1623932392.234078 0.477
164.60000610351562 1623932392.234119 0.477
164.60000610351562 1623932392.234155 0.477
164.60000610351562 1623932392.234185 0.477
164.60000610351562 1623932392.234216 0.477
164.60000610351562 1623932392.234244 0.477
164.60000610351562 1623932392.234274 0.477
164.60000610351562 1623932392.234303 0.477
164.60000610351562 1623932392.234333 0.477
164.60000610351562 1623932392.234358 0.477
164.60000610351562 1623932392.234381 0.477
164.60000610351562 1623932392.234408 0.477
164.60000610351562 1623932392.234448 0.477
164.60000610351562 1623932392.234476 0.477
164.60000610351562 1623932392.234501 0.477
164.60000610351562 1623932392.234531 0.477
164.60000610351562 1623932392.234557 0.477
164.60000610351562 1623932392.234582 0.477
164.60000610351562 1623932392.234622 0.477
164.60000610351562 1623932392.234662 0.477
164.60000610351562 1623932392.234695 0.477
164.60000610351562 1623932392.234719 0.477
164.60000610351562 1623932392.234743 0.477
164.60000610351562 1623932392.234767 0.477
164.60000610351562 1623932392.23479 0.477
164.60000610351562 1623932392.234813 0.477
164.60000610351562 1623932392.234836 0.477
164.60000610351562 1623932392.234868 0.477
164.60000610351562 1623932392.234892 0.477
164.60000610351562 1623932392.234916 0.477
164.60000610351562 1623932392.234944 0.477
164.60000610351562 1623932392.234974 0.477
164.60000610351562 1623932392.235002 0.477
164.60000610351562 1623932392.235031 0.477
164.60000610351562 1623932392.235059 0.477
164.60000610351562 1623932392.235087 0.477
164.60000610351562 1623932392.235115 0.477
164.60000610351562 1623932392.235144 0.477
164.60000610351562 1623932392.235172 0.477
164.60000610351562 1623932392.235201 0.477
164.60000610351562 1623932392.23523 0.477
164.60000610351562 1623932392.235259 0.477
164.60000610351562 1623932392.235288 0.477
164.60000610351562 1623932392.235317 0.477
164.60000610351562 1623932392.235346 0.477
164.60000610351562 1623932392.235374 0.477
164.60000610351562 1623932392.235403 0.477
164.60000610351562 1623932392.235431 0.477
164.60000610351562 1623932392.235459 0.477
164.60000610351562 1623932392.235488 0.477
164.60000610351562 1623932392.235529 0.477
164.60000610351562 1623932392.23556 0.477
164.60000610351562 1623932392.235589 0.477
164.60000610351562 1623932392.235617 0.477
164.60000610351562 1623932392.235645 0.477
164.60000610351562 1623932392.235673 0.477
164.60000610351562 1623932392.235702 0.477
164.60000610351562 1623932392.23573 0.477
164.60000610351562 1623932392.235758 0.477
164.60000610351562 1623932392.235787 0.477
164.60000610351562 1623932392.235816 0.477
164.60000610351562 1623932392.235844 0.477
164.60000610351562 1623932392.235873 0.477
164.60000610351562 1623932392.235901 0.477
164.60000610351562 1623932392.23593 0.477
164.60000610351562 1623932392.235959 0.477
164.60000610351562 1623932392.235987 0.477
164.60000610351562 1623932392.236015 0.477
164.60000610351562 1623932392.236044 0.477
164.60000610351562 1623932392.238742 0.477
164.60000610351562 1623932392.253613 0.477
164.60000610351562 1623932392.268684 0.477
164.60000610351562 1623932392.283733 0.477
164.60000610351562 1623932392.298866 0.477
164.60000610351562 1623932392.313652 0.477
164.60000610351562 1623932392.328643 0.477
164.60000610351562 1623932392.343725 0.477
164.60000610351562 1623932392.358694 0.477
164.60000610351562 1623932392.373614 0.477
164.60000610351562 1623932392.388721 0.477
164.60000610351562 1623932392.403869 0.477
164.60000610351562 1623932392.418737 0.477
164.60000610351562 1623932392.43375 0.477
164.60000610351562 1623932392.448798 0.477
164.60000610351562 1623932392.463867 0.477
164.60000610351562 1623932392.478747 0.477
164.60000610351562 1623932392.493721 0.477
164.60000610351562 1623932392.508703 0.477
164.60000610351562 1623932392.52353 0.477
164.60000610351562 1623932392.538698 0.477
164.60000610351562 1623932392.553754 0.477
164.60000610351562 1623932392.568701 0.477
164.60000610351562 1623932392.583538 0.477
164.60000610351562 1623932392.598725 0.477
164.60000610351562 1623932392.613697 0.477
164.60000610351562 1623932392.628626 0.477
164.60000610351562 1623932392.643649 0.477
164.60000610351562 1623932392.658707 0.477
164.60000610351562 1623932392.673775 0.477
164.60000610351562 1623932392.688641 0.477
164.60000610351562 1623932392.703749 0.477
164.60000610351562 1623932392.718728 0.477
164.60000610351562 1623932392.733643 0.477
164.60000610351562 1623932392.748695 0.477
164.60000610351562 1623932392.763675 0.477
164.60000610351562 1623932392.778723 0.477
164.60000610351562 1623932392.793617 0.477
164.60000610351562 1623932392.808672 0.477
164.60000610351562 1623932392.823757 0.477
164.60000610351562 1623932392.838625 0.477
164.60000610351562 1623932392.8536 0.477
164.60000610351562 1623932392.868637 0.477
164.60000610351562 1623932392.883604 0.477
164.60000610351562 1623932392.898596 0.477
164.60000610351562 1623932392.913663 0.477
164.60000610351562 1623932392.928719 0.477
164.60000610351562 1623932392.943592 0.477
164.60000610351562 1623932392.958628 0.477
164.60000610351562 1623932392.973664 0.477
164.60000610351562 1623932392.988534 0.477
164.60000610351562 1623932393.003572 0.477
164.60000610351562 1623932393.018621 0.477
164.60000610351562 1623932393.033615 0.477
164.60000610351562 1623932393.04843 0.477
164.60000610351562 1623932393.063533 0.477
164.60000610351562 1623932393.078632 0.477
164.60000610351562 1623932393.093508 0.477
164.60000610351562 1623932393.108537 0.477
164.60000610351562 1623932393.123617 0.477
164.60000610351562 1623932393.138578 0.477
164.60000610351562 1623932393.153505 0.477
164.60000610351562 1623932393.16856 0.477
164.60000610351562 1623932393.183614 0.477
164.60000610351562 1623932393.198503 0.477
164.60000610351562 1623932393.213489 0.477
164.60000610351562 1623932393.22846 0.477
164.60000610351562 1623932393.243563 0.477
164.60000610351562 1623932393.258406 0.477
164.60000610351562 1623932393.273509 0.477
164.60000610351562 1623932393.288536 0.477
164.60000610351562 1623932393.30344 0.477
164.60000610351562 1623932393.31851 0.477
164.60000610351562 1623932393.333493 0.477
164.60000610351562 1623932393.348591 0.477
164.60000610351562 1623932393.363465 0.477
164.60000610351562 1623932393.378516 0.477
164.60000610351562 1623932393.393476 0.477
164.60000610351562 1623932393.408421 0.477
164.60000610351562 1623932393.42346 0.477
164.60000610351562 1623932393.438504 0.477
164.60000610351562 1623932393.453529 0.477
164.60000610351562 1623932393.468453 0.477
164.60000610351562 1623932393.483478 0.477
164.60000610351562 1623932393.498494 0.477
164.60000610351562 1623932393.513357 0.477
164.60000610351562 1623932393.528456 0.477
164.60000610351562 1623932393.543418 0.477
164.60000610351562 1623932393.55855 0.477
164.60000610351562 1623932393.573419 0.477
164.60000610351562 1623932393.588412 0.477
164.60000610351562 1623932393.60346 0.477
164.60000610351562 1623932393.618379 0.477
164.60000610351562 1623932393.633424 0.477
164.60000610351562 1623932393.648436 0.477
164.60000610351562 1623932393.663319 0.477
164.60000610351562 1623932393.678388 0.477
164.60000610351562 1623932393.693474 0.477
164.60000610351562 1623932393.708468 0.477
164.60000610351562 1623932393.723361 0.477
164.60000610351562 1623932393.738386 0.477
164.60000610351562 1623932393.753425 0.477
164.60000610351562 1623932393.768349 0.477
164.60000610351562 1623932393.783291 0.477
164.60000610351562 1623932393.798371 0.477
164.60000610351562 1623932393.813461 0.477
164.60000610351562 1623932393.828341 0.477
164.60000610351562 1623932393.843366 0.477
164.60000610351562 1623932393.858443 0.477
164.60000610351562 1623932393.873298 0.477
164.60000610351562 1623932393.88834 0.477
164.60000610351562 1623932393.903365 0.477
164.60000610351562 1623932393.918402 0.477
164.60000610351562 1623932393.933233 0.477
164.60000610351562 1623932393.948307 0.477
164.60000610351562 1623932393.963338 0.477
164.60000610351562 1623932393.978213 0.477
164.60000610351562 1623932393.993223 0.477
164.60000610351562 1623932394.00829 0.477
164.60000610351562 1623932394.023402 0.477
164.60000610351562 1623932394.03826 0.477
164.60000610351562 1623932394.053285 0.477
164.60000610351562 1623932394.068318 0.477
164.60000610351562 1623932394.08319 0.477
164.60000610351562 1623932394.098324 0.477
164.60000610351562 1623932394.113336 0.477
164.60000610351562 1623932394.128343 0.477
164.60000610351562 1623932394.143239 0.477
164.60000610351562 1623932394.15828 0.477
164.60000610351562 1623932394.173331 0.477
164.60000610351562 1623932394.188161 0.477
164.60000610351562 1623932394.203199 0.477
164.60000610351562 1623932394.218281 0.477
164.60000610351562 1623932394.233342 0.477
164.60000610351562 1623932394.248088 0.477
164.60000610351562 1623932394.263212 0.477
164.60000610351562 1623932394.278247 0.477
164.60000610351562 1623932394.293152 0.477
164.60000610351562 1623932394.308243 0.477
164.60000610351562 1623932394.323211 0.477
164.60000610351562 1623932394.338242 0.477
164.60000610351562 1623932394.353098 0.477
164.60000610351562 1623932394.368142 0.477
164.60000610351562 1623932394.383177 0.477
164.60000610351562 1623932394.398119 0.477
164.60000610351562 1623932394.413218 0.477
164.60000610351562 1623932394.428266 0.477
164.60000610351562 1623932394.443093 0.477
164.60000610351562 1623932394.458153 0.477
164.60000610351562 1623932394.473236 0.477
164.60000610351562 1623932394.488257 0.477
164.60000610351562 1623932394.503125 0.477
164.60000610351562 1623932394.518248 0.477
164.60000610351562 1623932394.533207 0.477
164.60000610351562 1623932394.54808 0.477
164.60000610351562 1623932394.563178 0.477
164.60000610351562 1623932394.578173 0.477
164.60000610351562 1623932394.592983 0.477
164.60000610351562 1623932394.608141 0.477
164.60000610351562 1623932394.623092 0.477
164.60000610351562 1623932394.637954 0.477
164.60000610351562 1623932394.653044 0.477
164.60000610351562 1623932394.668217 0.477
164.60000610351562 1623932394.683238 0.477
164.60000610351562 1623932394.698083 0.477
164.60000610351562 1623932394.713114 0.477
164.60000610351562 1623932394.728158 0.477
164.60000610351562 1623932394.742993 0.477
164.60000610351562 1623932394.75812 0.477
164.60000610351562 1623932394.77308 0.477
164.60000610351562 1623932394.788003 0.477
164.60000610351562 1623932394.803124 0.477
164.60000610351562 1623932394.818128 0.477
164.60000610351562 1623932394.833149 0.477
164.60000610351562 1623932394.847977 0.477
164.60000610351562 1623932394.863105 0.477
164.60000610351562 1623932394.878156 0.477
164.60000610351562 1623932394.892999 0.477
164.60000610351562 1623932394.908031 0.477
164.60000610351562 1623932394.923078 0.477
164.60000610351562 1623932394.93809 0.477
164.60000610351562 1623932394.953038 0.477
164.60000610351562 1623932394.968113 0.477
164.60000610351562 1623932394.983114 0.477
164.60000610351562 1623932394.997864 0.477
164.60000610351562 1623932395.01303 0.477
164.60000610351562 1623932395.028089 0.477
164.60000610351562 1623932395.042947 0.477
164.60000610351562 1623932395.057948 0.477
164.60000610351562 1623932395.072979 0.477
164.60000610351562 1623932395.087891 0.477
164.60000610351562 1623932395.102935 0.477
164.60000610351562 1623932395.117993 0.477
164.60000610351562 1623932395.133082 0.477
164.60000610351562 1623932395.14794 0.477
164.60000610351562 1623932395.16296 0.477
164.60000610351562 1623932395.178016 0.477
164.60000610351562 1623932395.192864 0.477
164.60000610351562 1623932395.2079 0.477
164.60000610351562 1623932395.222907 0.477
164.60000610351562 1623932395.237991 0.477
164.60000610351562 1623932395.252764 0.477
164.60000610351562 1623932395.267988 0.477
164.60000610351562 1623932395.28303 0.477
164.60000610351562 1623932395.297881 0.477
164.60000610351562 1623932395.312919 0.477
164.60000610351562 1623932395.327988 0.477
164.60000610351562 1623932395.342813 0.477
164.60000610351562 1623932395.357815 0.477
164.60000610351562 1623932395.372941 0.477
164.60000610351562 1623932395.388047 0.477
164.60000610351562 1623932395.402885 0.477
164.60000610351562 1623932395.41792 0.477
164.60000610351562 1623932395.432967 0.477
164.60000610351562 1623932395.447863 0.477
164.60000610351562 1623932395.462905 0.477
164.60000610351562 1623932395.477913 0.477
164.60000610351562 1623932395.492691 0.477
164.60000610351562 1623932395.507834 0.477
164.60000610351562 1623932395.522839 0.477
164.60000610351562 1623932395.537747 0.477
164.60000610351562 1623932395.552851 0.477
164.60000610351562 1623932395.567871 0.477
164.60000610351562 1623932395.582937 0.477
164.60000610351562 1623932395.597837 0.477
164.60000610351562 1623932395.612855 0.477
164.60000610351562 1623932395.627877 0.477
164.60000610351562 1623932395.642764 0.477
164.60000610351562 1623932395.657847 0.477
164.60000610351562 1623932395.672875 0.477
164.60000610351562 1623932395.68772 0.477
164.60000610351562 1623932395.702814 0.477
164.60000610351562 1623932395.717846 0.477
164.60000610351562 1623932395.732769 0.477
164.60000610351562 1623932395.74778 0.477
164.60000610351562 1623932395.762871 0.477
164.60000610351562 1623932395.777659 0.477
164.60000610351562 1623932395.792719 0.477
164.60000610351562 1623932395.80787 0.477
164.60000610351562 1623932395.822869 0.477
164.60000610351562 1623932395.837732 0.477
164.60000610351562 1623932395.852823 0.477
164.60000610351562 1623932395.867851 0.477
164.60000610351562 1623932395.882728 0.477
164.60000610351562 1623932395.897813 0.477
164.60000610351562 1623932395.912796 0.477
164.60000610351562 1623932395.927704 0.477
164.60000610351562 1623932395.942638 0.477
164.60000610351562 1623932395.95767 0.477
164.60000610351562 1623932395.972538 0.477
164.60000610351562 1623932395.987692 0.477
164.60000610351562 1623932396.002675 0.477
164.60000610351562 1623932396.017539 0.477
164.60000610351562 1623932396.032596 0.477
164.60000610351562 1623932396.047717 0.477
164.60000610351562 1623932396.062802 0.477
164.60000610351562 1623932396.077676 0.477
164.60000610351562 1623932396.092707 0.477
164.60000610351562 1623932396.107697 0.477
164.60000610351562 1623932396.12267 0.477
164.60000610351562 1623932396.137698 0.477
164.60000610351562 1623932396.152786 0.477
164.60000610351562 1623932396.167613 0.477
164.60000610351562 1623932396.182673 0.477
164.60000610351562 1623932396.197673 0.477
164.60000610351562 1623932396.212776 0.477
164.60000610351562 1623932396.227563 0.477
164.60000610351562 1623932396.242619 0.477
164.60000610351562 1623932396.25771 0.477
164.60000610351562 1623932396.272598 0.477
164.60000610351562 1623932396.28759 0.477
164.60000610351562 1623932396.302665 0.477
164.60000610351562 1623932396.317554 0.477
164.60000610351562 1623932396.332595 0.477
164.60000610351562 1623932396.347668 0.477
164.60000610351562 1623932396.362659 0.477
164.60000610351562 1623932396.377595 0.477
164.60000610351562 1623932396.392622 0.477
164.60000610351562 1623932396.407622 0.477
164.60000610351562 1623932396.422548 0.477
164.60000610351562 1623932396.437585 0.477
164.60000610351562 1623932396.452721 0.477
164.60000610351562 1623932396.467589 0.477
164.60000610351562 1623932396.482572 0.477
164.60000610351562 1623932396.497569 0.477
164.60000610351562 1623932396.512545 0.477
164.60000610351562 1623932396.527637 0.477
164.60000610351562 1623932396.542593 0.477
164.60000610351562 1623932396.557649 0.477
164.60000610351562 1623932396.572547 0.477
164.60000610351562 1623932396.587612 0.477
164.60000610351562 1623932396.602635 0.477
164.60000610351562 1623932396.617513 0.477
164.60000610351562 1623932396.63254 0.477
164.60000610351562 1623932396.647464 0.477
164.60000610351562 1623932396.66239 0.477
164.60000610351562 1623932396.677381 0.477
164.60000610351562 1623932396.692535 0.477
164.60000610351562 1623932396.707618 0.477
164.60000610351562 1623932396.722501 0.477
164.60000610351562 1623932396.737539 0.477
164.60000610351562 1623932396.752608 0.477
164.60000610351562 1623932396.767475 0.477
164.60000610351562 1623932396.782449 0.477
164.60000610351562 1623932396.797523 0.477
164.60000610351562 1623932396.812455 0.477
164.60000610351562 1623932396.82748 0.477
164.60000610351562 1623932396.842549 0.477
164.60000610351562 1623932396.857595 0.477
164.60000610351562 1623932396.872432 0.477
164.60000610351562 1623932396.887401 0.477
164.60000610351562 1623932396.902583 0.477
164.60000610351562 1623932396.917424 0.477
164.60000610351562 1623932396.932406 0.477
164.60000610351562 1623932396.947432 0.477
164.60000610351562 1623932396.962549 0.477
164.60000610351562 1623932396.977396 0.477
164.60000610351562 1623932396.992491 0.477
164.60000610351562 1623932397.007459 0.477
164.60000610351562 1623932397.022427 0.477
164.60000610351562 1623932397.037399 0.477
164.60000610351562 1623932397.052435 0.477
164.60000610351562 1623932397.067508 0.477
164.60000610351562 1623932397.082354 0.477
164.60000610351562 1623932397.097408 0.477
164.60000610351562 1623932397.1124 0.477
164.60000610351562 1623932397.127444 0.477
164.60000610351562 1623932397.142344 0.477
164.60000610351562 1623932397.157328 0.477
164.60000610351562 1623932397.172451 0.477
164.60000610351562 1623932397.187335 0.477
164.60000610351562 1623932397.202325 0.477
164.60000610351562 1623932397.217334 0.477
164.60000610351562 1623932397.232379 0.477
164.60000610351562 1623932397.247169 0.477
164.60000610351562 1623932397.262199 0.477
164.60000610351562 1623932397.277336 0.477
164.60000610351562 1623932397.292401 0.477
164.60000610351562 1623932397.307217 0.477
164.60000610351562 1623932397.322293 0.477
164.60000610351562 1623932397.337367 0.477
164.60000610351562 1623932397.352238 0.477
164.60000610351562 1623932397.367317 0.477
164.60000610351562 1623932397.382373 0.477
164.60000610351562 1623932397.397417 0.477
164.60000610351562 1623932397.412302 0.477
164.60000610351562 1623932397.427259 0.477
164.60000610351562 1623932397.442335 0.477
164.60000610351562 1623932397.457221 0.477
164.60000610351562 1623932397.472201 0.477
164.60000610351562 1623932397.487231 0.477
164.60000610351562 1623932397.502383 0.477
164.60000610351562 1623932397.517317 0.477
164.60000610351562 1623932397.532248 0.477
164.60000610351562 1623932397.54733 0.477
164.60000610351562 1623932397.562112 0.477
164.60000610351562 1623932397.577249 0.477
164.60000610351562 1623932397.592268 0.477
164.60000610351562 1623932397.607239 0.477
164.60000610351562 1623932397.622218 0.477
164.60000610351562 1623932397.637246 0.477
164.60000610351562 1623932397.652282 0.477
164.60000610351562 1623932397.667192 0.477
164.60000610351562 1623932397.682203 0.477
164.60000610351562 1623932397.697303 0.477
164.60000610351562 1623932397.712113 0.477
164.60000610351562 1623932397.727204 0.477
164.60000610351562 1623932397.742294 0.477
164.60000610351562 1623932397.757267 0.477
164.60000610351562 1623932397.772168 0.477
164.60000610351562 1623932397.787214 0.477
164.60000610351562 1623932397.802235 0.477
164.60000610351562 1623932397.817111 0.477
164.60000610351562 1623932397.832152 0.477
164.60000610351562 1623932397.847202 0.477
164.60000610351562 1623932397.862234 0.477
164.60000610351562 1623932397.877138 0.477
164.60000610351562 1623932397.892159 0.477
164.60000610351562 1623932397.907208 0.477
164.60000610351562 1623932397.922087 0.477
164.60000610351562 1623932397.937117 0.477
164.60000610351562 1623932397.952205 0.477
164.60000610351562 1623932397.967236 0.477
164.60000610351562 1623932397.98209 0.477
164.60000610351562 1623932397.997086 0.477
164.60000610351562 1623932398.012133 0.477
164.60000610351562 1623932398.027131 0.477
164.60000610351562 1623932398.042205 0.477
164.60000610351562 1623932398.057164 0.477
164.60000610351562 1623932398.072159 0.477
164.60000610351562 1623932398.087056 0.477
164.60000610351562 1623932398.102185 0.477
164.60000610351562 1623932398.117181 0.477
164.60000610351562 1623932398.132095 0.477
164.60000610351562 1623932398.147087 0.477
164.60000610351562 1623932398.162123 0.477
164.60000610351562 1623932398.176997 0.477
164.60000610351562 1623932398.192048 0.477
164.60000610351562 1623932398.207265 0.477
164.60000610351562 1623932398.222137 0.477
164.60000610351562 1623932398.23696 0.477
164.60000610351562 1623932398.252075 0.477
164.60000610351562 1623932398.267053 0.477
164.60000610351562 1623932398.281993 0.477
164.60000610351562 1623932398.297066 0.477
164.60000610351562 1623932398.312111 0.477
164.60000610351562 1623932398.326977 0.477
164.60000610351562 1623932398.341993 0.477
164.60000610351562 1623932398.357117 0.477
164.60000610351562 1623932398.372059 0.477
164.60000610351562 1623932398.386977 0.477
164.60000610351562 1623932398.40202 0.477
164.60000610351562 1623932398.417075 0.477
164.60000610351562 1623932398.431962 0.477
164.60000610351562 1623932398.446976 0.477
164.60000610351562 1623932398.462138 0.477
164.60000610351562 1623932398.477102 0.477
164.60000610351562 1623932398.491986 0.477
164.60000610351562 1623932398.507019 0.477
164.60000610351562 1623932398.52203 0.477
164.60000610351562 1623932398.536828 0.477
164.60000610351562 1623932398.551941 0.477
164.60000610351562 1623932398.566929 0.477
164.60000610351562 1623932398.582088 0.477
164.60000610351562 1623932398.596903 0.477
164.60000610351562 1623932398.611932 0.477
164.60000610351562 1623932398.626973 0.477
164.60000610351562 1623932398.641893 0.477
164.60000610351562 1623932398.656944 0.477
164.60000610351562 1623932398.671953 0.477
164.60000610351562 1623932398.686783 0.477
164.60000610351562 1623932398.701818 0.477
164.60000610351562 1623932398.716924 0.477
164.60000610351562 1623932398.731917 0.477
164.60000610351562 1623932398.746897 0.477
164.60000610351562 1623932398.761802 0.477
164.60000610351562 1623932398.776916 0.477
164.60000610351562 1623932398.791784 0.477
164.60000610351562 1623932398.806925 0.477
164.60000610351562 1623932398.821981 0.477
164.60000610351562 1623932398.836839 0.477
164.60000610351562 1623932398.851866 0.477
164.60000610351562 1623932398.866923 0.477
164.60000610351562 1623932398.881986 0.477
164.60000610351562 1623932398.896831 0.477
164.60000610351562 1623932398.911898 0.477
164.60000610351562 1623932398.92692 0.477
164.60000610351562 1623932398.941801 0.477
164.60000610351562 1623932398.95683 0.477
164.60000610351562 1623932398.971898 0.477
164.60000610351562 1623932398.986895 0.477
164.60000610351562 1623932399.001784 0.477
164.60000610351562 1623932399.016885 0.477
164.60000610351562 1623932399.031864 0.477
164.60000610351562 1623932399.046924 0.477
164.60000610351562 1623932399.061711 0.477
164.60000610351562 1623932399.076846 0.477
164.60000610351562 1623932399.091908 0.477
164.60000610351562 1623932399.106768 0.477
164.60000610351562 1623932399.121789 0.477
164.60000610351562 1623932399.136812 0.477
164.60000610351562 1623932399.151769 0.477
164.60000610351562 1623932399.16683 0.477
164.60000610351562 1623932399.181824 0.477
164.60000610351562 1623932399.196856 0.477
164.60000610351562 1623932399.2117 0.477
164.60000610351562 1623932399.226734 0.477
164.60000610351562 1623932399.241734 0.477
164.60000610351562 1623932399.256705 0.477
164.60000610351562 1623932399.271601 0.477
164.60000610351562 1623932399.286772 0.477
164.60000610351562 1623932399.301845 0.477
164.60000610351562 1623932399.316714 0.477
164.60000610351562 1623932399.331679 0.477
164.60000610351562 1623932399.346804 0.477
164.60000610351562 1623932399.36167 0.477
164.60000610351562 1623932399.376712 0.477
164.60000610351562 1623932399.391768 0.477
164.60000610351562 1623932399.406731 0.477
164.60000610351562 1623932399.421643 0.477
164.60000610351562 1623932399.436714 0.477
164.60000610351562 1623932399.451751 0.477
164.60000610351562 1623932399.466674 0.477
164.60000610351562 1623932399.481677 0.477
164.60000610351562 1623932399.496761 0.477
164.60000610351562 1623932399.511742 0.477
164.60000610351562 1623932399.526675 0.477
164.60000610351562 1623932399.541728 0.477
164.60000610351562 1623932399.556715 0.477
164.60000610351562 1623932399.571632 0.477
164.60000610351562 1623932399.586655 0.477
164.60000610351562 1623932399.601676 0.477
164.60000610351562 1623932399.616621 0.477
164.60000610351562 1623932399.631664 0.477
164.60000610351562 1623932399.646714 0.477
164.60000610351562 1623932399.66171 0.477
164.60000610351562 1623932399.676599 0.477
164.60000610351562 1623932399.691679 0.477
164.60000610351562 1623932399.706754 0.477
182.88888549804688 1623932399.721633 0.477
164.60000610351562 1623932399.736654 0.477
164.60000610351562 1623932399.751649 0.477
164.60000610351562 1623932399.766468 0.477
164.60000610351562 1623932399.781602 0.477
164.60000610351562 1623932399.796555 0.477
164.60000610351562 1623932399.811586 0.477
164.60000610351562 1623932399.82663 0.477
164.60000610351562 1623932399.841663 0.477
164.60000610351562 1623932399.856533 0.477
164.60000610351562 1623932399.871617 0.477
164.60000610351562 1623932399.88662 0.477
164.60000610351562 1623932399.901681 0.477
164.60000610351562 1623932399.916542 0.477
164.60000610351562 1623932399.931621 0.477
164.60000610351562 1623932399.946652 0.477
164.60000610351562 1623932399.961518 0.477
164.60000610351562 1623932399.976584 0.477
164.60000610351562 1623932399.991659 0.477
164.60000610351562 1623932400.006503 0.477
164.60000610351562 1623932400.021477 0.477
164.60000610351562 1623932400.036551 0.477
164.60000610351562 1623932400.051607 0.477
164.60000610351562 1623932400.066499 0.477
164.60000610351562 1623932400.081497 0.477
164.60000610351562 1623932400.09664 0.477
164.60000610351562 1623932400.111467 0.477
164.60000610351562 1623932400.126543 0.477
164.60000610351562 1623932400.141554 0.477
164.60000610351562 1623932400.156433 0.477
164.60000610351562 1623932400.171461 0.477
164.60000610351562 1623932400.186553 0.477
164.60000610351562 1623932400.201597 0.477
164.60000610351562 1623932400.21649 0.477
164.60000610351562 1623932400.231499 0.477
164.60000610351562 1623932400.246473 0.477
164.60000610351562 1623932400.261306 0.477
164.60000610351562 1623932400.276471 0.477
164.60000610351562 1623932400.291547 0.477
164.60000610351562 1623932400.306385 0.477
164.60000610351562 1623932400.321392 0.477
164.60000610351562 1623932400.336494 0.477
164.60000610351562 1623932400.351551 0.477
164.60000610351562 1623932400.366327 0.477
164.60000610351562 1623932400.381329 0.477
164.60000610351562 1623932400.39648 0.477
164.60000610351562 1623932400.411412 0.477
164.60000610351562 1623932400.426404 0.477
164.60000610351562 1623932400.441458 0.477
164.60000610351562 1623932400.456476 0.477
164.60000610351562 1623932400.471388 0.477
164.60000610351562 1623932400.486447 0.477
164.60000610351562 1623932400.50145 0.477
164.60000610351562 1623932400.516381 0.477
164.60000610351562 1623932400.53137 0.477
164.60000610351562 1623932400.546423 0.477
164.60000610351562 1623932400.561496 0.477
164.60000610351562 1623932400.576362 0.477
164.60000610351562 1623932400.591336 0.477
164.60000610351562 1623932400.606374 0.477
164.60000610351562 1623932400.621273 0.477
164.60000610351562 1623932400.63631 0.477
164.60000610351562 1623932400.651363 0.477
164.60000610351562 1623932400.666449 0.477
164.60000610351562 1623932400.681306 0.477
164.60000610351562 1623932400.696393 0.477
164.60000610351562 1623932400.711399 0.477
164.60000610351562 1623932400.726222 0.477
164.60000610351562 1623932400.741227 0.477
164.60000610351562 1623932400.756265 0.477
164.60000610351562 1623932400.771264 0.477
164.60000610351562 1623932400.78614 0.477
164.60000610351562 1623932400.801215 0.477
164.60000610351562 1623932400.816333 0.477
164.60000610351562 1623932400.831365 0.477
164.60000610351562 1623932400.846306 0.477
164.60000610351562 1623932400.861231 0.477
164.60000610351562 1623932400.876335 0.477
164.60000610351562 1623932400.89143 0.477
164.60000610351562 1623932400.906264 0.477
164.60000610351562 1623932400.921269 0.477
164.60000610351562 1623932400.936313 0.477
164.60000610351562 1623932400.951258 0.477
164.60000610351562 1623932400.966204 0.477
164.60000610351562 1623932400.981234 0.477
164.60000610351562 1623932400.996288 0.477
164.60000610351562 1623932401.011129 0.477
164.60000610351562 1623932401.026164 0.477
164.60000610351562 1623932401.041235 0.477
164.60000610351562 1623932401.056269 0.477
164.60000610351562 1623932401.071146 0.477
164.60000610351562 1623932401.086226 0.477
164.60000610351562 1623932401.101297 0.477
164.60000610351562 1623932401.11615 0.477
164.60000610351562 1623932401.131203 0.477
164.60000610351562 1623932401.146302 0.477
164.60000610351562 1623932401.161095 0.477
164.60000610351562 1623932401.176115 0.477
164.60000610351562 1623932401.191229 0.477
164.60000610351562 1623932401.206269 0.477
164.60000610351562 1623932401.221094 0.477
164.60000610351562 1623932401.236136 0.477
164.60000610351562 1623932401.251138 0.477
164.60000610351562 1623932401.266092 0.477
164.60000610351562 1623932401.281115 0.477
164.60000610351562 1623932401.296221 0.477
164.60000610351562 1623932401.311255 0.477
164.60000610351562 1623932401.326143 0.477
164.60000610351562 1623932401.341182 0.477
164.60000610351562 1623932401.356194 0.477
164.60000610351562 1623932401.371072 0.477
164.60000610351562 1623932401.386264 0.477
164.60000610351562 1623932401.40119 0.477
164.60000610351562 1623932401.416264 0.477
164.60000610351562 1623932401.431114 0.477
164.60000610351562 1623932401.446139 0.477
164.60000610351562 1623932401.461165 0.477
164.60000610351562 1623932401.475972 0.477
164.60000610351562 1623932401.49109 0.477
164.60000610351562 1623932401.506112 0.477
164.60000610351562 1623932401.52111 0.477
164.60000610351562 1623932401.53601 0.477
164.60000610351562 1623932401.551131 0.477
164.60000610351562 1623932401.566138 0.477
164.60000610351562 1623932401.580952 0.477
164.60000610351562 1623932401.5961 0.477
164.60000610351562 1623932401.611117 0.477
164.60000610351562 1623932401.626158 0.477
164.60000610351562 1623932401.641083 0.477
164.60000610351562 1623932401.656073 0.477
164.60000610351562 1623932401.671126 0.477
164.60000610351562 1623932401.685945 0.477
164.60000610351562 1623932401.701054 0.477
164.60000610351562 1623932401.716069 0.477
164.60000610351562 1623932401.731088 0.477
164.60000610351562 1623932401.746 0.477
164.60000610351562 1623932401.761039 0.477
164.60000610351562 1623932401.776093 0.477
164.60000610351562 1623932401.790941 0.477
164.60000610351562 1623932401.806047 0.477
164.60000610351562 1623932401.821019 0.477
182.88888549804688 1623932401.83594 0.477
164.60000610351562 1623932401.851038 0.477
164.60000610351562 1623932401.866064 0.477
164.60000610351562 1623932401.880943 0.477
164.60000610351562 1623932401.895931 0.477
164.60000610351562 1623932401.911076 0.477
164.60000610351562 1623932401.926058 0.477
164.60000610351562 1623932401.940956 0.477
164.60000610351562 1623932401.956002 0.477
164.60000610351562 1623932401.971035 0.477
164.60000610351562 1623932401.985926 0.477
164.60000610351562 1623932402.000969 0.477
164.60000610351562 1623932402.016023 0.477
164.60000610351562 1623932402.031098 0.477
164.60000610351562 1623932402.045928 0.477
164.60000610351562 1623932402.06097 0.477
164.60000610351562 1623932402.075994 0.477
164.60000610351562 1623932402.090838 0.477
164.60000610351562 1623932402.105829 0.477
164.60000610351562 1623932402.120877 0.477
164.60000610351562 1623932402.135987 0.477
164.60000610351562 1623932402.150932 0.477
164.60000610351562 1623932402.165908 0.477
164.60000610351562 1623932402.180897 0.477
164.60000610351562 1623932402.196028 0.477
164.60000610351562 1623932402.210849 0.477
164.60000610351562 1623932402.225942 0.477
164.60000610351562 1623932402.240904 0.477
164.60000610351562 1623932402.255804 0.477
182.88888549804688 1623932402.270843 0.477
164.60000610351562 1623932402.285955 0.477
164.60000610351562 1623932402.300731 0.477
164.60000610351562 1623932402.315848 0.477
164.60000610351562 1623932402.330963 0.477
164.60000610351562 1623932402.34596 0.477
164.60000610351562 1623932402.360854 0.477
164.60000610351562 1623932402.375908 0.477
164.60000610351562 1623932402.390924 0.477
164.60000610351562 1623932402.405793 0.477
164.60000610351562 1623932402.420706 0.477
164.60000610351562 1623932402.435762 0.477
164.60000610351562 1623932402.450804 0.477
164.60000610351562 1623932402.465707 0.477
164.60000610351562 1623932402.480774 0.477
182.88888549804688 1623932402.495908 0.477
164.60000610351562 1623932402.510651 0.477
164.60000610351562 1623932402.525686 0.477
164.60000610351562 1623932402.540799 0.477
164.60000610351562 1623932402.555816 0.477
164.60000610351562 1623932402.570783 0.477
164.60000610351562 1623932402.585883 0.477
164.60000610351562 1623932402.600842 0.477
164.60000610351562 1623932402.615679 0.477
164.60000610351562 1623932402.630792 0.477
164.60000610351562 1623932402.645798 0.477
164.60000610351562 1623932402.660672 0.477
164.60000610351562 1623932402.675701 0.477
164.60000610351562 1623932402.690798 0.477
164.60000610351562 1623932402.70579 0.477
164.60000610351562 1623932402.720659 0.477
164.60000610351562 1623932402.735733 0.477
164.60000610351562 1623932402.750815 0.477
164.60000610351562 1623932402.765705 0.477
164.60000610351562 1623932402.780687 0.477
164.60000610351562 1623932402.795711 0.477
164.60000610351562 1623932402.810739 0.477
164.60000610351562 1623932402.825531 0.477
164.60000610351562 1623932402.840589 0.477
164.60000610351562 1623932402.855732 0.477
164.60000610351562 1623932402.870744 0.477
164.60000610351562 1623932402.885668 0.477
164.60000610351562 1623932402.900594 0.477
164.60000610351562 1623932402.915677 0.477
164.60000610351562 1623932402.930766 0.477
182.88888549804688 1623932402.945609 0.477
164.60000610351562 1623932402.960602 0.477
164.60000610351562 1623932402.975692 0.477
164.60000610351562 1623932402.990694 0.477
164.60000610351562 1623932403.005581 0.477
164.60000610351562 1623932403.020643 0.477
164.60000610351562 1623932403.035693 0.477
164.60000610351562 1623932403.05075 0.477
164.60000610351562 1623932403.065615 0.477
164.60000610351562 1623932403.080622 0.477
164.60000610351562 1623932403.09575 0.477
164.60000610351562 1623932403.110716 0.477
164.60000610351562 1623932403.12561 0.477
164.60000610351562 1623932403.14064 0.477
164.60000610351562 1623932403.155685 0.477
164.60000610351562 1623932403.170509 0.477
164.60000610351562 1623932403.185531 0.477
164.60000610351562 1623932403.200699 0.477
164.60000610351562 1623932403.215725 0.477
164.60000610351562 1623932403.230566 0.477
164.60000610351562 1623932403.245508 0.477
164.60000610351562 1623932403.260632 0.477
164.60000610351562 1623932403.275619 0.477
164.60000610351562 1623932403.290415 0.477
164.60000610351562 1623932403.305481 0.477
164.60000610351562 1623932403.320535 0.477
164.60000610351562 1623932403.335434 0.477
182.88888549804688 1623932403.35053 0.477
182.88888549804688 1623932403.365538 0.477
164.60000610351562 1623932403.380703 0.477
164.60000610351562 1623932403.395554 0.477
164.60000610351562 1623932403.410618 0.477
164.60000610351562 1623932403.425658 0.477
164.60000610351562 1623932403.440508 0.477
164.60000610351562 1623932403.455566 0.477
164.60000610351562 1623932403.470544 0.477
164.60000610351562 1623932403.485464 0.477
164.60000610351562 1623932403.500501 0.477
164.60000610351562 1623932403.515454 0.477
164.60000610351562 1623932403.530508 0.477
164.60000610351562 1623932403.54534 0.477
164.60000610351562 1623932403.560449 0.477
164.60000610351562 1623932403.575478 0.477
164.60000610351562 1623932403.590564 0.477
164.60000610351562 1623932403.605449 0.477
164.60000610351562 1623932403.620519 0.477
164.60000610351562 1623932403.635633 0.477
164.60000610351562 1623932403.650453 0.477
164.60000610351562 1623932403.665447 0.477
164.60000610351562 1623932403.680476 0.477
164.60000610351562 1623932403.695377 0.477
164.60000610351562 1623932403.710486 0.477
164.60000610351562 1623932403.725492 0.477
164.60000610351562 1623932403.740464 0.477
164.60000610351562 1623932403.75539 0.477
164.60000610351562 1623932403.7704 0.477
164.60000610351562 1623932403.785426 0.477
164.60000610351562 1623932403.800399 0.477
164.60000610351562 1623932403.815565 0.477
164.60000610351562 1623932403.830481 0.477
164.60000610351562 1623932403.845437 0.477
164.60000610351562 1623932403.860452 0.477
164.60000610351562 1623932403.875435 0.477
164.60000610351562 1623932403.890482 0.477
164.60000610351562 1623932403.905409 0.477
164.60000610351562 1623932403.920358 0.477
164.60000610351562 1623932403.935459 0.477
164.60000610351562 1623932403.950272 0.477
164.60000610351562 1623932403.965338 0.477
164.60000610351562 1623932403.980334 0.477
164.60000610351562 1623932403.995383 0.477
164.60000610351562 1623932404.010283 0.477
164.60000610351562 1623932404.025395 0.477
164.60000610351562 1623932404.040445 0.477
164.60000610351562 1623932404.055365 0.477
164.60000610351562 1623932404.07032 0.477
164.60000610351562 1623932404.085351 0.477
164.60000610351562 1623932404.100479 0.477
164.60000610351562 1623932404.11531 0.477
164.60000610351562 1623932404.13033 0.477
164.60000610351562 1623932404.145435 0.477
164.60000610351562 1623932404.16025 0.477
164.60000610351562 1623932404.17536 0.477
164.60000610351562 1623932404.190354 0.477
164.60000610351562 1623932404.205436 0.477
164.60000610351562 1623932404.220269 0.477
164.60000610351562 1623932404.235349 0.477
164.60000610351562 1623932404.250276 0.477
164.60000610351562 1623932404.265229 0.477
164.60000610351562 1623932404.280266 0.477
164.60000610351562 1623932404.295251 0.477
164.60000610351562 1623932404.310369 0.477
164.60000610351562 1623932404.325177 0.477
164.60000610351562 1623932404.340258 0.477
164.60000610351562 1623932404.355332 0.477
164.60000610351562 1623932404.370174 0.477
164.60000610351562 1623932404.385323 0.477
164.60000610351562 1623932404.400309 0.477
164.60000610351562 1623932404.415152 0.477
164.60000610351562 1623932404.430192 0.477
164.60000610351562 1623932404.445288 0.477
182.88888549804688 1623932404.460336 0.477
164.60000610351562 1623932404.475154 0.477
164.60000610351562 1623932404.490209 0.477
164.60000610351562 1623932404.505227 0.477
164.60000610351562 1623932404.52031 0.477
164.60000610351562 1623932404.535146 0.477
164.60000610351562 1623932404.550169 0.477
164.60000610351562 1623932404.565248 0.477
164.60000610351562 1623932404.580186 0.477
164.60000610351562 1623932404.59523 0.477
164.60000610351562 1623932404.610217 0.477
164.60000610351562 1623932404.625319 0.477
164.60000610351562 1623932404.640174 0.477
182.88888549804688 1623932404.655195 0.477
164.60000610351562 1623932404.670266 0.477
164.60000610351562 1623932404.68507 0.477
182.88888549804688 1623932404.700143 0.477
164.60000610351562 1623932404.715221 0.477
164.60000610351562 1623932404.730267 0.477
164.60000610351562 1623932404.745115 0.477
164.60000610351562 1623932404.760226 0.477
164.60000610351562 1623932404.775191 0.477
164.60000610351562 1623932404.79026 0.477
164.60000610351562 1623932404.805125 0.477
164.60000610351562 1623932404.820147 0.477
164.60000610351562 1623932404.835272 0.477
164.60000610351562 1623932404.850092 0.477
164.60000610351562 1623932404.86512 0.477
164.60000610351562 1623932404.880116 0.477
164.60000610351562 1623932404.895069 0.477
164.60000610351562 1623932404.910097 0.477
164.60000610351562 1623932404.925109 0.477
164.60000610351562 1623932404.940165 0.477
164.60000610351562 1623932404.955103 0.477
164.60000610351562 1623932404.970089 0.477
164.60000610351562 1623932404.985105 0.477
164.60000610351562 1623932405.000195 0.477
164.60000610351562 1623932405.015069 0.477
164.60000610351562 1623932405.030065 0.477
182.88888549804688 1623932405.045077 0.477
164.60000610351562 1623932405.059963 0.477
164.60000610351562 1623932405.075077 0.477
164.60000610351562 1623932405.090078 0.477
164.60000610351562 1623932405.105139 0.477
164.60000610351562 1623932405.120012 0.477
164.60000610351562 1623932405.135019 0.477
164.60000610351562 1623932405.150098 0.477
164.60000610351562 1623932405.164968 0.477
164.60000610351562 1623932405.179996 0.477
164.60000610351562 1623932405.195027 0.477
164.60000610351562 1623932405.210101 0.477
164.60000610351562 1623932405.224966 0.477
164.60000610351562 1623932405.239905 0.477
182.88888549804688 1623932405.254947 0.477
164.60000610351562 1623932405.269902 0.477
164.60000610351562 1623932405.285086 0.477
164.60000610351562 1623932405.299994 0.477
164.60000610351562 1623932405.315066 0.477
164.60000610351562 1623932405.329939 0.477
164.60000610351562 1623932405.344953 0.477
164.60000610351562 1623932405.359991 0.477
164.60000610351562 1623932405.375088 0.477
164.60000610351562 1623932405.389904 0.477
164.60000610351562 1623932405.404951 0.477
164.60000610351562 1623932405.419991 0.477
164.60000610351562 1623932405.435036 0.477
164.60000610351562 1623932405.449886 0.477
182.88888549804688 1623932405.464915 0.477
164.60000610351562 1623932405.479953 0.477
164.60000610351562 1623932405.495061 0.477
164.60000610351562 1623932405.509862 0.477
164.60000610351562 1623932405.524913 0.477
164.60000610351562 1623932405.539942 0.477
164.60000610351562 1623932405.555083 0.477
164.60000610351562 1623932405.569855 0.477
164.60000610351562 1623932405.584942 0.477
164.60000610351562 1623932405.599951 0.477
164.60000610351562 1623932405.614887 0.477
164.60000610351562 1623932405.629905 0.477
164.60000610351562 1623932405.644923 0.477
164.60000610351562 1623932405.659945 0.477
164.60000610351562 1623932405.674692 0.477
182.88888549804688 1623932405.689764 0.477
164.60000610351562 1623932405.704819 0.477
164.60000610351562 1623932405.719925 0.477
164.60000610351562 1623932405.734763 0.477
164.60000610351562 1623932405.749906 0.477
164.60000610351562 1623932405.76492 0.477
164.60000610351562 1623932405.779802 0.477
164.60000610351562 1623932405.794861 0.477
164.60000610351562 1623932405.809953 0.477
164.60000610351562 1623932405.824947 0.477
164.60000610351562 1623932405.839819 0.477
164.60000610351562 1623932405.85485 0.477
164.60000610351562 1623932405.869925 0.477
164.60000610351562 1623932405.884733 0.477
182.88888549804688 1623932405.899765 0.477
164.60000610351562 1623932405.914793 0.477
164.60000610351562 1623932405.929895 0.477
164.60000610351562 1623932405.944753 0.477
164.60000610351562 1623932405.959798 0.477
164.60000610351562 1623932405.974838 0.477
164.60000610351562 1623932405.989698 0.477
164.60000610351562 1623932406.004755 0.477
164.60000610351562 1623932406.019848 0.477
164.60000610351562 1623932406.03496 0.477
164.60000610351562 1623932406.049739 0.477
164.60000610351562 1623932406.06479 0.477
164.60000610351562 1623932406.079852 0.477
164.60000610351562 1623932406.094897 0.477
182.88888549804688 1623932406.109715 0.477
182.88888549804688 1623932406.124794 0.477
164.60000610351562 1623932406.139785 0.477
164.60000610351562 1623932406.154746 0.477
164.60000610351562 1623932406.169657 0.477
164.60000610351562 1623932406.184744 0.477
164.60000610351562 1623932406.199852 0.477
164.60000610351562 1623932406.214706 0.477
164.60000610351562 1623932406.229711 0.477
164.60000610351562 1623932406.244748 0.477
164.60000610351562 1623932406.259761 0.477
164.60000610351562 1623932406.27466 0.477
164.60000610351562 1623932406.289635 0.477
164.60000610351562 1623932406.304747 0.477
164.60000610351562 1623932406.319598 0.477
182.88888549804688 1623932406.334733 0.477
182.88888549804688 1623932406.349701 0.477
164.60000610351562 1623932406.364694 0.477
164.60000610351562 1623932406.379585 0.477
164.60000610351562 1623932406.394592 0.477
164.60000610351562 1623932406.409762 0.477
164.60000610351562 1623932406.424646 0.477
164.60000610351562 1623932406.439693 0.477
164.60000610351562 1623932406.454713 0.477
164.60000610351562 1623932406.469571 0.477
164.60000610351562 1623932406.484866 0.477
164.60000610351562 1623932406.499691 0.477
182.88888549804688 1623932406.514635 0.477
164.60000610351562 1623932406.529622 0.477
182.88888549804688 1623932406.544719 0.477
164.60000610351562 1623932406.559756 0.477
164.60000610351562 1623932406.574563 0.477
164.60000610351562 1623932406.589639 0.477
164.60000610351562 1623932406.604648 0.477
164.60000610351562 1623932406.619634 0.477
164.60000610351562 1623932406.634616 0.477
164.60000610351562 1623932406.649604 0.477
164.60000610351562 1623932406.664438 0.477
164.60000610351562 1623932406.679594 0.477
164.60000610351562 1623932406.694611 0.477
164.60000610351562 1623932406.709515 0.477
164.60000610351562 1623932406.724575 0.477
164.60000610351562 1623932406.739508 0.477
182.88888549804688 1623932406.754616 0.477
164.60000610351562 1623932406.769407 0.477
164.60000610351562 1623932406.784582 0.477
164.60000610351562 1623932406.799631 0.477
164.60000610351562 1623932406.814511 0.477
164.60000610351562 1623932406.829569 0.477
164.60000610351562 1623932406.844615 0.477
164.60000610351562 1623932406.859609 0.477
164.60000610351562 1623932406.874467 0.477
164.60000610351562 1623932406.889575 0.477
164.60000610351562 1623932406.904519 0.477
164.60000610351562 1623932406.919372 0.477
164.60000610351562 1623932406.934448 0.477
182.88888549804688 1623932406.949492 0.477
182.88888549804688 1623932406.964338 0.477
182.88888549804688 1623932406.979411 0.477
164.60000610351562 1623932406.994493 0.477
164.60000610351562 1623932407.009544 0.477
164.60000610351562 1623932407.024472 0.477
164.60000610351562 1623932407.039581 0.477
164.60000610351562 1623932407.054538 0.477
164.60000610351562 1623932407.069414 0.477
164.60000610351562 1623932407.084487 0.477
164.60000610351562 1623932407.099507 0.477
164.60000610351562 1623932407.114604 0.477
164.60000610351562 1623932407.129436 0.477
164.60000610351562 1623932407.144418 0.477
164.60000610351562 1623932407.159554 0.477
164.60000610351562 1623932407.174382 0.477
182.88888549804688 1623932407.189469 0.477
