56.08667755126953 1624362331.781707 0.12
56.08667755126953 1624362331.788614 0.12
56.08667755126953 1624362331.795655 0.12
56.08667755126953 1624362331.802701 0.12
56.08667755126953 1624362331.809642 0.12
55.4493293762207 1624362331.816712 0.12
56.08667755126953 1624362331.823703 0.12
56.08667755126953 1624362331.830698 0.12
56.08667755126953 1624362331.837504 0.12
56.08667755126953 1624362331.844476 0.12
55.4493293762207 1624362331.851528 0.12
56.08667755126953 1624362331.8585 0.12
56.08667755126953 1624362331.865539 0.12
56.08667755126953 1624362331.872545 0.12
56.08667755126953 1624362331.879536 0.12
55.4493293762207 1624362331.886482 0.12
55.4493293762207 1624362331.893483 0.12
56.08667755126953 1624362331.90049 0.12
56.08667755126953 1624362331.907464 0.12
56.08667755126953 1624362331.914617 0.12
55.4493293762207 1624362331.921617 0.12
56.08667755126953 1624362331.928602 0.12
56.08667755126953 1624362331.935619 0.12
56.08667755126953 1624362331.942618 0.12
55.4493293762207 1624362331.949594 0.12
56.08667755126953 1624362331.956603 0.12
56.08667755126953 1624362331.963633 0.12
56.08667755126953 1624362331.970552 0.12
56.08667755126953 1624362331.977367 0.12
55.4493293762207 1624362331.984487 0.12
56.08667755126953 1624362331.991473 0.12
55.4493293762207 1624362331.998487 0.12
55.4493293762207 1624362332.005475 0.12
56.08667755126953 1624362332.012462 0.12
56.08667755126953 1624362332.019415 0.12
56.08667755126953 1624362332.026397 0.12
56.08667755126953 1624362332.033538 0.12
55.4493293762207 1624362332.040586 0.12
56.08667755126953 1624362332.047447 0.12
56.08667755126953 1624362332.054505 0.12
55.4493293762207 1624362332.061604 0.12
56.08667755126953 1624362332.068503 0.12
56.08667755126953 1624362332.075548 0.12
56.08667755126953 1624362332.082484 0.12
56.08667755126953 1624362332.089508 0.12
55.4493293762207 1624362332.096544 0.12
56.08667755126953 1624362332.103544 0.12
56.08667755126953 1624362332.110558 0.12
55.4493293762207 1624362332.117575 0.12
56.08667755126953 1624362332.124578 0.12
56.08667755126953 1624362332.1314 0.12
56.08667755126953 1624362332.138355 0.12
56.08667755126953 1624362332.145348 0.12
55.4493293762207 1624362332.152323 0.12
56.08667755126953 1624362332.159459 0.12
56.08667755126953 1624362332.166483 0.12
55.4493293762207 1624362332.173441 0.12
56.08667755126953 1624362332.180409 0.12
56.08667755126953 1624362332.187376 0.12
55.4493293762207 1624362332.194461 0.12
56.08667755126953 1624362332.201375 0.12
55.4493293762207 1624362332.208395 0.12
56.08667755126953 1624362332.2154 0.12
56.08667755126953 1624362332.222505 0.12
55.41401290893555 1624362332.229515 0.12
56.08667755126953 1624362332.23649 0.12
56.05095672607422 1624362332.243446 0.12
55.41401290893555 1624362332.250584 0.12
56.08667755126953 1624362332.25756 0.12
55.41401290893555 1624362332.264546 0.12
55.4493293762207 1624362332.271576 0.12
56.08667755126953 1624362332.278529 0.12
55.41401290893555 1624362332.285403 0.12
56.08667755126953 1624362332.292355 0.12
56.08667755126953 1624362332.29941 0.12
56.05095672607422 1624362332.306458 0.12
56.08667755126953 1624362332.313403 0.12
56.08667755126953 1624362332.320339 0.12
55.41401290893555 1624362332.327316 0.12
56.05095672607422 1624362332.334299 0.12
55.4493293762207 1624362332.341365 0.12
55.4493293762207 1624362332.348337 0.12
55.4493293762207 1624362332.355453 0.12
55.4493293762207 1624362332.362381 0.12
55.4493293762207 1624362332.369467 0.12
56.08667755126953 1624362332.376453 0.12
55.4493293762207 1624362332.383453 0.12
56.08667755126953 1624362332.390502 0.12
56.08667755126953 1624362332.397472 0.12
56.08667755126953 1624362332.404446 0.12
56.08667755126953 1624362332.411465 0.12
55.4493293762207 1624362332.418569 0.12
56.05095672607422 1624362332.425319 0.12
56.05095672607422 1624362332.432368 0.12
55.41401290893555 1624362332.439471 0.12
56.05095672607422 1624362332.446414 0.12
55.4493293762207 1624362332.453391 0.12
55.41401290893555 1624362332.460472 0.12
56.05095672607422 1624362332.467321 0.12
55.4493293762207 1624362332.474404 0.12
56.05095672607422 1624362332.481449 0.12
56.08667755126953 1624362332.488472 0.12
55.4493293762207 1624362332.49539 0.12
56.08667755126953 1624362332.502444 0.12
55.4493293762207 1624362332.509372 0.12
55.41401290893555 1624362332.51635 0.12
55.4493293762207 1624362332.523471 0.12
55.4493293762207 1624362332.530446 0.12
56.08667755126953 1624362332.53752 0.12
56.08667755126953 1624362332.544415 0.12
56.08667755126953 1624362332.551497 0.12
56.08667755126953 1624362332.558516 0.12
55.4493293762207 1624362332.565475 0.12
55.4493293762207 1624362332.572285 0.12
56.08667755126953 1624362332.579272 0.12
55.4493293762207 1624362332.58639 0.12
56.08667755126953 1624362332.593315 0.12
56.08667755126953 1624362332.600293 0.12
55.4493293762207 1624362332.607429 0.12
56.08667755126953 1624362332.614387 0.12
56.08667755126953 1624362332.621411 0.12
55.4493293762207 1624362332.628382 0.12
56.08667755126953 1624362332.635291 0.12
56.08667755126953 1624362332.642299 0.12
56.08667755126953 1624362332.649346 0.12
56.08667755126953 1624362332.656308 0.12
55.4493293762207 1624362332.663297 0.12
56.05095672607422 1624362332.670331 0.12
56.05095672607422 1624362332.677342 0.12
55.4493293762207 1624362332.684324 0.12
56.08667755126953 1624362332.691457 0.12
56.08667755126953 1624362332.698399 0.12
55.41401290893555 1624362332.705376 0.12
55.41401290893555 1624362332.712221 0.12
55.41401290893555 1624362332.71916 0.12
56.08667755126953 1624362332.726165 0.12
56.05095672607422 1624362332.733185 0.12
55.41401290893555 1624362332.74022 0.12
56.05095672607422 1624362332.747213 0.12
55.41401290893555 1624362332.754253 0.12
56.08667755126953 1624362332.761357 0.12
56.05095672607422 1624362332.768345 0.12
55.4493293762207 1624362332.77529 0.12
55.41401290893555 1624362332.7823 0.12
56.05095672607422 1624362332.789226 0.12
55.41401290893555 1624362332.796327 0.12
56.05095672607422 1624362332.803339 0.12
55.41401290893555 1624362332.810363 0.12
55.41401290893555 1624362332.817408 0.12
56.05095672607422 1624362332.824391 0.12
55.41401290893555 1624362332.831393 0.12
56.05095672607422 1624362332.838333 0.12
55.41401290893555 1624362332.845359 0.12
55.41401290893555 1624362332.852287 0.12
55.41401290893555 1624362332.859337 0.12
55.41401290893555 1624362332.866354 0.12
55.41401290893555 1624362332.873392 0.12
55.41401290893555 1624362332.880404 0.12
55.41401290893555 1624362332.887188 0.12
56.05095672607422 1624362332.894271 0.12
56.05095672607422 1624362332.901221 0.12
55.41401290893555 1624362332.908238 0.12
56.05095672607422 1624362332.915222 0.12
56.05095672607422 1624362332.922248 0.12
55.41401290893555 1624362332.929238 0.12
56.05095672607422 1624362332.936207 0.12
55.41401290893555 1624362332.943278 0.12
55.41401290893555 1624362332.950206 0.12
56.05095672607422 1624362332.957267 0.12
55.41401290893555 1624362332.964247 0.12
56.05095672607422 1624362332.971345 0.12
56.05095672607422 1624362332.978315 0.12
55.41401290893555 1624362332.985323 0.12
56.05095672607422 1624362332.992295 0.12
55.41401290893555 1624362332.999332 0.12
55.4493293762207 1624362333.006194 0.12
56.05095672607422 1624362333.0132 0.12
55.41401290893555 1624362333.020259 0.12
55.41401290893555 1624362333.02725 0.12
56.05095672607422 1624362333.034318 0.12
55.41401290893555 1624362333.041249 0.12
55.41401290893555 1624362333.048279 0.12
55.41401290893555 1624362333.055081 0.12
55.41401290893555 1624362333.06207 0.12
55.41401290893555 1624362333.069184 0.12
55.41401290893555 1624362333.076136 0.12
56.05095672607422 1624362333.083205 0.12
55.41401290893555 1624362333.090297 0.12
55.41401290893555 1624362333.097268 0.12
56.05095672607422 1624362333.104264 0.12
55.41401290893555 1624362333.11128 0.12
55.41401290893555 1624362333.118219 0.12
56.05095672607422 1624362333.126263 0.12
55.41401290893555 1624362333.133283 0.12
56.05095672607422 1624362333.140289 0.12
56.05095672607422 1624362333.147266 0.12
55.41401290893555 1624362333.15429 0.12
55.41401290893555 1624362333.161229 0.12
55.41401290893555 1624362333.168308 0.12
55.41401290893555 1624362333.175294 0.12
56.05095672607422 1624362333.182292 0.12
55.41401290893555 1624362333.189273 0.12
55.41401290893555 1624362333.196095 0.12
55.41401290893555 1624362333.203053 0.12
55.41401290893555 1624362333.210107 0.12
55.41401290893555 1624362333.217065 0.12
55.41401290893555 1624362333.224175 0.12
55.41401290893555 1624362333.231092 0.12
55.41401290893555 1624362333.238208 0.12
55.41401290893555 1624362333.245134 0.12
56.05095672607422 1624362333.252075 0.12
55.41401290893555 1624362333.259084 0.12
55.41401290893555 1624362333.266154 0.12
55.41401290893555 1624362333.273156 0.12
55.41401290893555 1624362333.280163 0.12
55.41401290893555 1624362333.287207 0.12
55.41401290893555 1624362333.294222 0.12
55.41401290893555 1624362333.301259 0.12
55.41401290893555 1624362333.308273 0.12
55.41401290893555 1624362333.31527 0.12
55.41401290893555 1624362333.322279 0.12
55.41401290893555 1624362333.329298 0.12
55.41401290893555 1624362333.336283 0.12
55.41401290893555 1624362333.343197 0.12
56.05095672607422 1624362333.350193 0.12
55.41401290893555 1624362333.357075 0.12
55.41401290893555 1624362333.364014 0.12
55.41401290893555 1624362333.371027 0.12
55.41401290893555 1624362333.378056 0.12
55.41401290893555 1624362333.385001 0.12
55.41401290893555 1624362333.391999 0.12
55.41401290893555 1624362333.399039 0.12
56.05095672607422 1624362333.406066 0.12
55.41401290893555 1624362333.413069 0.12
55.41401290893555 1624362333.420045 0.12
55.41401290893555 1624362333.427038 0.12
55.41401290893555 1624362333.434094 0.12
55.41401290893555 1624362333.441105 0.12
55.41401290893555 1624362333.448099 0.12
55.41401290893555 1624362333.455093 0.12
55.41401290893555 1624362333.462103 0.12
55.41401290893555 1624362333.469128 0.12
55.41401290893555 1624362333.476171 0.12
55.41401290893555 1624362333.483195 0.12
55.41401290893555 1624362333.490272 0.12
55.41401290893555 1624362333.497147 0.12
55.41401290893555 1624362333.504171 0.12
55.41401290893555 1624362333.511287 0.12
55.41401290893555 1624362333.518026 0.12
55.41401290893555 1624362333.524996 0.12
55.41401290893555 1624362333.532018 0.12
55.41401290893555 1624362333.539003 0.12
55.41401290893555 1624362333.546026 0.12
55.41401290893555 1624362333.55306 0.12
55.41401290893555 1624362333.56002 0.12
55.41401290893555 1624362333.567117 0.12
55.41401290893555 1624362333.574086 0.12
55.41401290893555 1624362333.581054 0.12
55.41401290893555 1624362333.588021 0.12
55.41401290893555 1624362333.595037 0.12
55.41401290893555 1624362333.602029 0.12
55.41401290893555 1624362333.60901 0.12
55.41401290893555 1624362333.616046 0.12
55.41401290893555 1624362333.623121 0.12
55.41401290893555 1624362333.630051 0.12
55.41401290893555 1624362333.637047 0.12
55.41401290893555 1624362333.644066 0.12
55.41401290893555 1624362333.651167 0.12
55.41401290893555 1624362333.658095 0.12
55.41401290893555 1624362333.665061 0.12
55.41401290893555 1624362333.67209 0.12
55.41401290893555 1624362333.679141 0.12
55.41401290893555 1624362333.686024 0.12
55.41401290893555 1624362333.693064 0.12
55.41401290893555 1624362333.700058 0.12
55.41401290893555 1624362333.707058 0.12
55.41401290893555 1624362333.71408 0.12
55.41401290893555 1624362333.721157 0.12
55.41401290893555 1624362333.728046 0.12
55.41401290893555 1624362333.735102 0.12
55.41401290893555 1624362333.742059 0.12
55.41401290893555 1624362333.749067 0.12
55.41401290893555 1624362333.756033 0.12
55.41401290893555 1624362333.762975 0.12
55.41401290893555 1624362333.770052 0.12
55.41401290893555 1624362333.777 0.12
55.41401290893555 1624362333.78406 0.12
55.41401290893555 1624362333.790993 0.12
55.41401290893555 1624362333.797983 0.12
55.41401290893555 1624362333.804911 0.12
55.41401290893555 1624362333.811892 0.12
55.41401290893555 1624362333.818993 0.12
55.41401290893555 1624362333.825984 0.12
55.41401290893555 1624362333.833043 0.12
55.41401290893555 1624362333.839926 0.12
54.777069091796875 1624362333.846952 0.12
55.41401290893555 1624362333.853893 0.12
55.41401290893555 1624362333.860955 0.12
54.777069091796875 1624362333.868026 0.12
55.41401290893555 1624362333.875063 0.12
55.41401290893555 1624362333.882041 0.12
54.777069091796875 1624362333.889063 0.12
55.41401290893555 1624362333.896085 0.12
55.41401290893555 1624362333.90304 0.12
55.41401290893555 1624362333.910076 0.12
55.41401290893555 1624362333.917035 0.12
55.41401290893555 1624362333.924091 0.12
55.41401290893555 1624362333.931102 0.12
55.41401290893555 1624362333.938108 0.12
55.41401290893555 1624362333.944895 0.12
55.41401290893555 1624362333.951908 0.12
54.777069091796875 1624362333.958879 0.12
55.41401290893555 1624362333.966023 0.12
55.41401290893555 1624362333.97293 0.12
54.777069091796875 1624362333.979909 0.12
55.41401290893555 1624362333.98694 0.12
55.41401290893555 1624362333.993924 0.12
55.41401290893555 1624362334.000889 0.12
55.41401290893555 1624362334.007909 0.12
54.777069091796875 1624362334.014871 0.12
55.41401290893555 1624362334.021952 0.12
55.41401290893555 1624362334.028949 0.12
54.777069091796875 1624362334.035912 0.12
55.41401290893555 1624362334.042952 0.12
55.41401290893555 1624362334.049914 0.12
54.74220275878906 1624362334.056894 0.12
55.41401290893555 1624362334.063909 0.12
55.41401290893555 1624362334.070998 0.12
55.37873840332031 1624362334.077998 0.12
54.74220275878906 1624362334.085001 0.12
54.74220275878906 1624362334.092 0.12
55.37873840332031 1624362334.099027 0.12
54.74220275878906 1624362334.105952 0.12
54.74220275878906 1624362334.11304 0.12
55.41401290893555 1624362334.120006 0.12
54.74220275878906 1624362334.127017 0.12
54.74220275878906 1624362334.13399 0.12
54.74220275878906 1624362334.1408 0.12
54.74220275878906 1624362334.147798 0.12
55.37873840332031 1624362334.154794 0.12
54.777069091796875 1624362334.16188 0.12
54.74220275878906 1624362334.168864 0.12
54.74220275878906 1624362334.175894 0.12
54.74220275878906 1624362334.18291 0.12
54.74220275878906 1624362334.189993 0.12
54.74220275878906 1624362334.196959 0.12
54.74220275878906 1624362334.203929 0.12
55.37873840332031 1624362334.21093 0.12
55.37873840332031 1624362334.217911 0.12
54.777069091796875 1624362334.224949 0.12
55.37873840332031 1624362334.231944 0.12
54.74220275878906 1624362334.238962 0.12
54.74220275878906 1624362334.245926 0.12
55.37873840332031 1624362334.25299 0.12
54.74220275878906 1624362334.260008 0.12
54.74220275878906 1624362334.266896 0.12
55.37873840332031 1624362334.273869 0.12
54.74220275878906 1624362334.280909 0.12
55.37873840332031 1624362334.287983 0.12
55.41401290893555 1624362334.294892 0.12
54.74220275878906 1624362334.301964 0.12
55.37873840332031 1624362334.308969 0.12
54.74220275878906 1624362334.315768 0.12
55.37873840332031 1624362334.322807 0.12
55.37873840332031 1624362334.32983 0.12
54.74220275878906 1624362334.336826 0.12
54.74220275878906 1624362334.343828 0.12
54.74220275878906 1624362334.350797 0.12
54.74220275878906 1624362334.357884 0.12
55.37873840332031 1624362334.364868 0.12
54.74220275878906 1624362334.371868 0.12
55.37873840332031 1624362334.37888 0.12
54.74220275878906 1624362334.385836 0.12
54.74220275878906 1624362334.392846 0.12
54.74220275878906 1624362334.399882 0.12
55.37873840332031 1624362334.406843 0.12
54.74220275878906 1624362334.413879 0.12
54.74220275878906 1624362334.420945 0.12
54.74220275878906 1624362334.427825 0.12
54.74220275878906 1624362334.43488 0.12
55.37873840332031 1624362334.441858 0.12
54.74220275878906 1624362334.448845 0.12
54.74220275878906 1624362334.455852 0.12
54.74220275878906 1624362334.462879 0.12
54.74220275878906 1624362334.469933 0.12
54.74220275878906 1624362334.476872 0.12
54.74220275878906 1624362334.483844 0.12
54.74220275878906 1624362334.490799 0.12
54.74220275878906 1624362334.497808 0.12
54.74220275878906 1624362334.504683 0.12
54.74220275878906 1624362334.511671 0.12
54.74220275878906 1624362334.518699 0.12
54.74220275878906 1624362334.525734 0.12
54.74220275878906 1624362334.532676 0.12
54.74220275878906 1624362334.539652 0.12
54.74220275878906 1624362334.546687 0.12
54.74220275878906 1624362334.553675 0.12
54.74220275878906 1624362334.560689 0.12
54.74220275878906 1624362334.567724 0.12
54.74220275878906 1624362334.574757 0.12
54.10566711425781 1624362334.581833 0.12
54.74220275878906 1624362334.588793 0.12
54.74220275878906 1624362334.595774 0.12
54.74220275878906 1624362334.602804 0.12
54.74220275878906 1624362334.609835 0.12
54.74220275878906 1624362334.616784 0.12
54.74220275878906 1624362334.623859 0.12
54.74220275878906 1624362334.630829 0.12
54.74220275878906 1624362334.637839 0.12
54.74220275878906 1624362334.64488 0.12
54.74220275878906 1624362334.651851 0.12
54.74220275878906 1624362334.658805 0.12
54.74220275878906 1624362334.66585 0.12
54.74220275878906 1624362334.672816 0.12
54.74220275878906 1624362334.679802 0.12
54.74220275878906 1624362334.686598 0.12
54.74220275878906 1624362334.693627 0.12
54.74220275878906 1624362334.700744 0.12
54.74220275878906 1624362334.707716 0.12
54.74220275878906 1624362334.714684 0.12
54.74220275878906 1624362334.721729 0.12
54.74220275878906 1624362334.728758 0.12
54.74220275878906 1624362334.735725 0.12
54.74220275878906 1624362334.742792 0.12
54.74220275878906 1624362334.749747 0.12
54.74220275878906 1624362334.756672 0.12
54.74220275878906 1624362334.76368 0.12
54.74220275878906 1624362334.770649 0.12
54.74220275878906 1624362334.777687 0.12
54.74220275878906 1624362334.784662 0.12
54.74220275878906 1624362334.79166 0.12
54.74220275878906 1624362334.798674 0.12
54.74220275878906 1624362334.805806 0.12
54.74220275878906 1624362334.812738 0.12
54.74220275878906 1624362334.819676 0.12
54.74220275878906 1624362334.82669 0.12
54.74220275878906 1624362334.833808 0.12
54.74220275878906 1624362334.840748 0.12
54.74220275878906 1624362334.847789 0.12
54.74220275878906 1624362334.854788 0.12
54.74220275878906 1624362334.86162 0.12
54.74220275878906 1624362334.868619 0.12
54.74220275878906 1624362334.875618 0.12
54.74220275878906 1624362334.88266 0.12
54.74220275878906 1624362334.88968 0.12
54.74220275878906 1624362334.896759 0.12
54.10566711425781 1624362334.903667 0.12
54.74220275878906 1624362334.910667 0.12
54.74220275878906 1624362334.917674 0.12
54.74220275878906 1624362334.924704 0.12
54.74220275878906 1624362334.93163 0.12
54.74220275878906 1624362334.938637 0.12
54.74220275878906 1624362334.945621 0.12
54.74220275878906 1624362334.95272 0.12
54.74220275878906 1624362334.959669 0.12
54.74220275878906 1624362334.966678 0.12
54.74220275878906 1624362334.97373 0.12
54.74220275878906 1624362334.980675 0.12
54.74220275878906 1624362334.9878 0.12
54.74220275878906 1624362334.994808 0.12
54.10566711425781 1624362335.001739 0.12
54.74220275878906 1624362335.008731 0.12
54.74220275878906 1624362335.015743 0.12
54.74220275878906 1624362335.022704 0.12
54.70737838745117 1624362335.029745 0.12
54.07124710083008 1624362335.036724 0.12
54.10566711425781 1624362335.043717 0.12
54.74220275878906 1624362335.050583 0.12
54.10566711425781 1624362335.057669 0.12
54.10566711425781 1624362335.064581 0.12
54.07124710083008 1624362335.071557 0.12
54.74220275878906 1624362335.078611 0.12
54.70737838745117 1624362335.085563 0.12
54.07124710083008 1624362335.092678 0.12
54.10566711425781 1624362335.099654 0.12
54.70737838745117 1624362335.106572 0.12
54.07124710083008 1624362335.113651 0.12
54.70737838745117 1624362335.120664 0.12
54.10566711425781 1624362335.127588 0.12
54.07124710083008 1624362335.134591 0.12
54.70737838745117 1624362335.141595 0.12
54.10566711425781 1624362335.148595 0.12
54.70737838745117 1624362335.155608 0.12
54.70737838745117 1624362335.162578 0.12
54.07124710083008 1624362335.169619 0.12
54.70737838745117 1624362335.176645 0.12
54.70737838745117 1624362335.183666 0.12
54.70737838745117 1624362335.190684 0.12
54.74220275878906 1624362335.197657 0.12
54.10566711425781 1624362335.204712 0.12
54.07124710083008 1624362335.211734 0.12
54.70737838745117 1624362335.218713 0.12
54.10566711425781 1624362335.225742 0.12
54.74220275878906 1624362335.23254 0.12
54.07124710083008 1624362335.239565 0.12
54.07124710083008 1624362335.246543 0.12
54.74220275878906 1624362335.253529 0.12
54.07124710083008 1624362335.260612 0.12
54.07124710083008 1624362335.267566 0.12
54.74220275878906 1624362335.27452 0.12
54.07124710083008 1624362335.281521 0.12
54.07124710083008 1624362335.288464 0.12
54.74220275878906 1624362335.295482 0.12
54.74220275878906 1624362335.30251 0.12
54.07124710083008 1624362335.309479 0.12
54.70737838745117 1624362335.316607 0.12
54.70737838745117 1624362335.323582 0.12
54.70737838745117 1624362335.330571 0.12
54.10566711425781 1624362335.337611 0.12
54.70737838745117 1624362335.344639 0.12
54.74220275878906 1624362335.351601 0.12
54.74220275878906 1624362335.358599 0.12
54.70737838745117 1624362335.365633 0.12
54.70737838745117 1624362335.372635 0.12
54.07124710083008 1624362335.379595 0.12
54.74220275878906 1624362335.386617 0.12
54.07124710083008 1624362335.393606 0.12
54.74220275878906 1624362335.400685 0.12
54.74220275878906 1624362335.407552 0.12
54.10566711425781 1624362335.414551 0.12
54.74220275878906 1624362335.421464 0.12
54.74220275878906 1624362335.428425 0.12
54.70737838745117 1624362335.435452 0.12
54.74220275878906 1624362335.442396 0.12
54.07124710083008 1624362335.449429 0.12
54.70737838745117 1624362335.456425 0.12
54.70737838745117 1624362335.46342 0.12
54.10566711425781 1624362335.470462 0.12
54.74220275878906 1624362335.477467 0.12
54.10566711425781 1624362335.484521 0.12
54.07124710083008 1624362335.491537 0.12
54.70737838745117 1624362335.498519 0.12
54.07124710083008 1624362335.505625 0.12
54.07124710083008 1624362335.512614 0.12
54.74220275878906 1624362335.519545 0.12
54.07124710083008 1624362335.526565 0.12
54.74220275878906 1624362335.533536 0.12
54.74220275878906 1624362335.540595 0.12
54.10566711425781 1624362335.547593 0.12
54.74220275878906 1624362335.554538 0.12
54.74220275878906 1624362335.561599 0.12
54.74220275878906 1624362335.568585 0.12
54.74220275878906 1624362335.575556 0.12
54.74220275878906 1624362335.582595 0.12
54.74220275878906 1624362335.589552 0.12
54.74220275878906 1624362335.596474 0.12
54.74220275878906 1624362335.603518 0.12
54.74220275878906 1624362335.6105 0.12
54.74220275878906 1624362335.617549 0.12
54.74220275878906 1624362335.624442 0.12
54.74220275878906 1624362335.631457 0.12
54.74220275878906 1624362335.638439 0.12
54.10566711425781 1624362335.645393 0.12
54.74220275878906 1624362335.652364 0.12
54.74220275878906 1624362335.659363 0.12
54.74220275878906 1624362335.666445 0.12
54.07124710083008 1624362335.673466 0.12
54.10566711425781 1624362335.680409 0.12
54.74220275878906 1624362335.687439 0.12
54.74220275878906 1624362335.694421 0.12
54.10566711425781 1624362335.701445 0.12
54.74220275878906 1624362335.708489 0.12
54.10566711425781 1624362335.715476 0.12
54.74220275878906 1624362335.72247 0.12
54.10566711425781 1624362335.729498 0.12
54.10566711425781 1624362335.736476 0.12
54.74220275878906 1624362335.743488 0.12
54.74220275878906 1624362335.750467 0.12
54.74220275878906 1624362335.757534 0.12
54.74220275878906 1624362335.764554 0.12
54.10566711425781 1624362335.771525 0.12
54.74220275878906 1624362335.778462 0.12
54.74220275878906 1624362335.785479 0.12
54.10566711425781 1624362335.792499 0.12
54.74220275878906 1624362335.799354 0.12
54.74220275878906 1624362335.806397 0.12
54.74220275878906 1624362335.813378 0.12
54.74220275878906 1624362335.820371 0.12
54.74220275878906 1624362335.827374 0.12
54.74220275878906 1624362335.834367 0.12
54.74220275878906 1624362335.841364 0.12
54.10566711425781 1624362335.848405 0.12
54.74220275878906 1624362335.855421 0.12
54.74220275878906 1624362335.862451 0.12
54.07124710083008 1624362335.869449 0.12
54.70737838745117 1624362335.876497 0.12
54.10566711425781 1624362335.88343 0.12
54.74220275878906 1624362335.890463 0.12
54.74220275878906 1624362335.897483 0.12
54.10566711425781 1624362335.904474 0.12
54.74220275878906 1624362335.911482 0.12
54.74220275878906 1624362335.918454 0.12
54.10566711425781 1624362335.92544 0.12
54.74220275878906 1624362335.932515 0.12
54.74220275878906 1624362335.939576 0.12
54.10566711425781 1624362335.946342 0.12
54.74220275878906 1624362335.953475 0.12
54.74220275878906 1624362335.960403 0.12
54.74220275878906 1624362335.967362 0.12
54.74220275878906 1624362335.974343 0.12
54.74220275878906 1624362335.981364 0.12
54.74220275878906 1624362335.988347 0.12
54.74220275878906 1624362335.99533 0.12
54.10566711425781 1624362336.002351 0.12
54.74220275878906 1624362336.009292 0.12
54.10566711425781 1624362336.016305 0.12
54.74220275878906 1624362336.023302 0.12
54.74220275878906 1624362336.030327 0.12
54.74220275878906 1624362336.037344 0.12
54.74220275878906 1624362336.044364 0.12
54.74220275878906 1624362336.051323 0.12
54.74220275878906 1624362336.058382 0.12
54.74220275878906 1624362336.065434 0.12
54.74220275878906 1624362336.072384 0.12
54.10566711425781 1624362336.079394 0.12
54.10566711425781 1624362336.086454 0.12
54.10566711425781 1624362336.093435 0.12
54.74220275878906 1624362336.100301 0.12
54.74220275878906 1624362336.107336 0.12
54.10566711425781 1624362336.114363 0.12
54.74220275878906 1624362336.121371 0.12
54.74220275878906 1624362336.128328 0.12
54.74220275878906 1624362336.135245 0.12
54.74220275878906 1624362336.142325 0.12
54.74220275878906 1624362336.149307 0.12
54.74220275878906 1624362336.156326 0.12
54.70737838745117 1624362336.163304 0.12
54.10566711425781 1624362336.170428 0.12
54.74220275878906 1624362336.17731 0.12
54.70737838745117 1624362336.184371 0.12
54.10566711425781 1624362336.191409 0.12
54.74220275878906 1624362336.198392 0.12
54.10566711425781 1624362336.205459 0.12
54.70737838745117 1624362336.212428 0.12
54.10566711425781 1624362336.219387 0.12
54.10566711425781 1624362336.226339 0.12
54.74220275878906 1624362336.23344 0.12
54.70737838745117 1624362336.240399 0.12
54.74220275878906 1624362336.247204 0.12
54.74220275878906 1624362336.254245 0.12
54.74220275878906 1624362336.261254 0.12
54.10566711425781 1624362336.268168 0.12
54.70737838745117 1624362336.27519 0.12
54.07124710083008 1624362336.282201 0.12
54.70737838745117 1624362336.289224 0.12
54.07124710083008 1624362336.296264 0.12
54.07124710083008 1624362336.303296 0.12
54.70737838745117 1624362336.310346 0.12
54.07124710083008 1624362336.317305 0.12
54.07124710083008 1624362336.324328 0.12
54.70737838745117 1624362336.331312 0.12
54.10566711425781 1624362336.338302 0.12
54.07124710083008 1624362336.345342 0.12
54.07124710083008 1624362336.352346 0.12
54.07124710083008 1624362336.3593 0.12
54.70737838745117 1624362336.366325 0.12
54.07124710083008 1624362336.373325 0.12
54.07124710083008 1624362336.38028 0.12
54.07124710083008 1624362336.387258 0.12
54.07124710083008 1624362336.394294 0.12
54.07124710083008 1624362336.401066 0.12
54.07124710083008 1624362336.40826 0.12
54.07124710083008 1624362336.415283 0.12
54.70737838745117 1624362336.422234 0.12
54.07124710083008 1624362336.42925 0.12
54.07124710083008 1624362336.436261 0.12
54.07124710083008 1624362336.443251 0.12
54.07124710083008 1624362336.450243 0.12
54.07124710083008 1624362336.457302 0.12
54.07124710083008 1624362336.464253 0.12
54.07124710083008 1624362336.471244 0.12
54.07124710083008 1624362336.478254 0.12
54.07124710083008 1624362336.485234 0.12
54.07124710083008 1624362336.492154 0.12
54.07124710083008 1624362336.499174 0.12
54.70737838745117 1624362336.506199 0.12
54.07124710083008 1624362336.513204 0.12
54.07124710083008 1624362336.520215 0.12
54.07124710083008 1624362336.527224 0.12
54.07124710083008 1624362336.534182 0.12
54.70737838745117 1624362336.541286 0.12
54.07124710083008 1624362336.548278 0.12
54.07124710083008 1624362336.555284 0.12
54.07124710083008 1624362336.562131 0.12
54.07124710083008 1624362336.569161 0.12
54.70737838745117 1624362336.57615 0.12
54.07124710083008 1624362336.583123 0.12
54.07124710083008 1624362336.590157 0.12
54.07124710083008 1624362336.597201 0.12
54.07124710083008 1624362336.604242 0.12
54.07124710083008 1624362336.611184 0.12
54.07124710083008 1624362336.618193 0.12
54.07124710083008 1624362336.625153 0.12
54.70737838745117 1624362336.63218 0.12
54.70737838745117 1624362336.639174 0.12
54.07124710083008 1624362336.646172 0.12
54.07124710083008 1624362336.653185 0.12
54.07124710083008 1624362336.660187 0.12
54.07124710083008 1624362336.667258 0.12
54.07124710083008 1624362336.674272 0.12
54.07124710083008 1624362336.68126 0.12
54.07124710083008 1624362336.688258 0.12
54.07124710083008 1624362336.695242 0.12
54.07124710083008 1624362336.702553 0.12
54.07124710083008 1624362336.710081 0.12
54.07124710083008 1624362336.717068 0.12
54.07124710083008 1624362336.724152 0.12
54.07124710083008 1624362336.731081 0.12
54.07124710083008 1624362336.738081 0.12
54.70737838745117 1624362336.745294 0.12
54.70737838745117 1624362336.752119 0.12
54.07124710083008 1624362336.759073 0.12
54.07124710083008 1624362336.766161 0.12
54.07124710083008 1624362336.773163 0.12
54.07124710083008 1624362336.780191 0.12
54.07124710083008 1624362336.787129 0.12
54.07124710083008 1624362336.794251 0.12
54.07124710083008 1624362336.801226 0.12
54.07124710083008 1624362336.808177 0.12
54.07124710083008 1624362336.81529 0.12
54.70737838745117 1624362336.822226 0.12
54.70737838745117 1624362336.829273 0.12
54.10566711425781 1624362336.836193 0.12
54.70737838745117 1624362336.843195 0.12
54.07124710083008 1624362336.850185 0.12
54.07124710083008 1624362336.857236 0.12
54.07124710083008 1624362336.864012 0.12
54.07124710083008 1624362336.871108 0.12
54.70737838745117 1624362336.878022 0.12
54.07124710083008 1624362336.885007 0.12
54.07124710083008 1624362336.891992 0.12
54.07124710083008 1624362336.899045 0.12
54.07124710083008 1624362336.906033 0.12
54.07124710083008 1624362336.912999 0.12
54.07124710083008 1624362336.920062 0.12
54.07124710083008 1624362336.927072 0.12
54.70737838745117 1624362336.934153 0.12
54.70737838745117 1624362336.941037 0.12
54.07124710083008 1624362336.948097 0.12
54.07124710083008 1624362336.955136 0.12
54.07124710083008 1624362336.962108 0.12
54.07124710083008 1624362336.969096 0.12
54.70737838745117 1624362336.976074 0.12
54.10566711425781 1624362336.983038 0.12
54.10566711425781 1624362336.990065 0.12
54.70737838745117 1624362336.997069 0.12
54.07124710083008 1624362337.004071 0.12
54.74220275878906 1624362337.011033 0.12
54.07124710083008 1624362337.018069 0.12
54.70737838745117 1624362337.025116 0.12
54.70737838745117 1624362337.032132 0.12
54.07124710083008 1624362337.039156 0.12
54.70737838745117 1624362337.046154 0.12
54.74220275878906 1624362337.053142 0.12
54.10566711425781 1624362337.060122 0.12
54.70737838745117 1624362337.067169 0.12
54.70737838745117 1624362337.07398 0.12
54.07124710083008 1624362337.081006 0.12
54.07124710083008 1624362337.087926 0.12
54.07124710083008 1624362337.094938 0.12
54.07124710083008 1624362337.101902 0.12
54.74220275878906 1624362337.10897 0.12
54.07124710083008 1624362337.115963 0.12
54.74220275878906 1624362337.122937 0.12
54.74220275878906 1624362337.129995 0.12
54.10566711425781 1624362337.136977 0.12
54.74220275878906 1624362337.143931 0.12
54.74220275878906 1624362337.150964 0.12
54.10566711425781 1624362337.157986 0.12
54.74220275878906 1624362337.164983 0.12
54.10566711425781 1624362337.172016 0.12
54.07124710083008 1624362337.179029 0.12
54.74220275878906 1624362337.186074 0.12
54.10566711425781 1624362337.19303 0.12
54.07124710083008 1624362337.200061 0.12
54.07124710083008 1624362337.207058 0.12
54.07124710083008 1624362337.214092 0.12
54.74220275878906 1624362337.221049 0.12
54.74220275878906 1624362337.228099 0.12
54.10566711425781 1624362337.235102 0.12
54.07124710083008 1624362337.242143 0.12
54.10566711425781 1624362337.249117 0.12
54.70737838745117 1624362337.256117 0.12
54.74220275878906 1624362337.263159 0.12
54.07124710083008 1624362337.270147 0.12
54.07124710083008 1624362337.277169 0.12
54.74220275878906 1624362337.283996 0.12
54.70737838745117 1624362337.290939 0.12
54.74220275878906 1624362337.297996 0.12
54.10566711425781 1624362337.304983 0.12
54.10566711425781 1624362337.311978 0.12
54.70737838745117 1624362337.318976 0.12
54.10566711425781 1624362337.326015 0.12
54.70737838745117 1624362337.333038 0.12
54.70737838745117 1624362337.340027 0.12
54.07124710083008 1624362337.347026 0.12
54.70737838745117 1624362337.354002 0.12
54.07124710083008 1624362337.361008 0.12
54.70737838745117 1624362337.368037 0.12
54.70737838745117 1624362337.37507 0.12
54.07124710083008 1624362337.382118 0.12
54.07124710083008 1624362337.389084 0.12
54.07124710083008 1624362337.396094 0.12
54.07124710083008 1624362337.403069 0.12
54.07124710083008 1624362337.410142 0.12
54.07124710083008 1624362337.417018 0.12
54.07124710083008 1624362337.424043 0.12
54.70737838745117 1624362337.431014 0.12
54.07124710083008 1624362337.438021 0.12
54.70737838745117 1624362337.445018 0.12
54.07124710083008 1624362337.451987 0.12
54.07124710083008 1624362337.45882 0.12
54.07124710083008 1624362337.465813 0.12
54.07124710083008 1624362337.472804 0.12
54.07124710083008 1624362337.479863 0.12
54.70737838745117 1624362337.486863 0.12
54.07124710083008 1624362337.493831 0.12
54.07124710083008 1624362337.500804 0.12
54.07124710083008 1624362337.50782 0.12
54.07124710083008 1624362337.514862 0.12
54.07124710083008 1624362337.521848 0.12
54.07124710083008 1624362337.528892 0.12
54.07124710083008 1624362337.53591 0.12
54.07124710083008 1624362337.542867 0.12
54.10566711425781 1624362337.54995 0.12
54.07124710083008 1624362337.556947 0.12
54.70737838745117 1624362337.564007 0.12
54.07124710083008 1624362337.570954 0.12
54.07124710083008 1624362337.578039 0.12
54.70737838745117 1624362337.584999 0.12
54.07124710083008 1624362337.592006 0.12
54.07124710083008 1624362337.599053 0.12
54.07124710083008 1624362337.606047 0.12
54.07124710083008 1624362337.613035 0.12
54.70737838745117 1624362337.619941 0.12
54.07124710083008 1624362337.627041 0.12
54.07124710083008 1624362337.63381 0.12
54.07124710083008 1624362337.640811 0.12
54.07124710083008 1624362337.647772 0.12
54.07124710083008 1624362337.654764 0.12
54.07124710083008 1624362337.661786 0.12
54.07124710083008 1624362337.668788 0.12
54.70737838745117 1624362337.675831 0.12
54.07124710083008 1624362337.682809 0.12
54.07124710083008 1624362337.689914 0.12
54.70737838745117 1624362337.696804 0.12
54.07124710083008 1624362337.703845 0.12
54.07124710083008 1624362337.710911 0.12
54.07124710083008 1624362337.717954 0.12
54.07124710083008 1624362337.724949 0.12
54.07124710083008 1624362337.731903 0.12
54.07124710083008 1624362337.738901 0.12
54.07124710083008 1624362337.746064 0.12
54.07124710083008 1624362337.752939 0.12
54.07124710083008 1624362337.760014 0.12
54.07124710083008 1624362337.767006 0.12
54.07124710083008 1624362337.773998 0.12
54.07124710083008 1624362337.781003 0.12
54.07124710083008 1624362337.788036 0.12
54.07124710083008 1624362337.794811 0.12
54.07124710083008 1624362337.801788 0.12
54.07124710083008 1624362337.808882 0.12
54.07124710083008 1624362337.815853 0.12
54.07124710083008 1624362337.822858 0.12
54.07124710083008 1624362337.829862 0.12
54.07124710083008 1624362337.836862 0.12
54.07124710083008 1624362337.843849 0.12
54.07124710083008 1624362337.850761 0.12
54.07124710083008 1624362337.857857 0.12
54.07124710083008 1624362337.864872 0.12
54.07124710083008 1624362337.871881 0.12
54.07124710083008 1624362337.878865 0.12
54.07124710083008 1624362337.88584 0.12
54.07124710083008 1624362337.892857 0.12
54.07124710083008 1624362337.899853 0.12
54.07124710083008 1624362337.90684 0.12
54.07124710083008 1624362337.913893 0.12
54.07124710083008 1624362337.920919 0.12
54.07124710083008 1624362337.92792 0.12
54.07124710083008 1624362337.934896 0.12
54.07124710083008 1624362337.941833 0.12
54.07124710083008 1624362337.948821 0.12
54.07124710083008 1624362337.955977 0.12
54.07124710083008 1624362337.962941 0.12
54.07124710083008 1624362337.96978 0.12
54.07124710083008 1624362337.976741 0.12
54.07124710083008 1624362337.983798 0.12
54.07124710083008 1624362337.990756 0.12
54.07124710083008 1624362337.997821 0.12
53.43511199951172 1624362338.004789 0.12
54.07124710083008 1624362338.011776 0.12
54.07124710083008 1624362338.018728 0.12
54.07124710083008 1624362338.025697 0.12
54.07124710083008 1624362338.032751 0.12
54.07124710083008 1624362338.039724 0.12
54.07124710083008 1624362338.046801 0.12
54.07124710083008 1624362338.053806 0.12
54.07124710083008 1624362338.060777 0.12
54.07124710083008 1624362338.067803 0.12
54.07124710083008 1624362338.074784 0.12
54.07124710083008 1624362338.081793 0.12
54.07124710083008 1624362338.088786 0.12
54.07124710083008 1624362338.095875 0.12
54.07124710083008 1624362338.102821 0.12
54.07124710083008 1624362338.109807 0.12
53.43511199951172 1624362338.116813 0.12
54.07124710083008 1624362338.123829 0.12
54.07124710083008 1624362338.130849 0.12
54.07124710083008 1624362338.137799 0.12
54.07124710083008 1624362338.144855 0.12
54.07124710083008 1624362338.151811 0.12
54.07124710083008 1624362338.158826 0.12
54.07124710083008 1624362338.165694 0.12
54.07124710083008 1624362338.172724 0.12
54.07124710083008 1624362338.179668 0.12
54.07124710083008 1624362338.186701 0.12
54.07124710083008 1624362338.193719 0.12
54.07124710083008 1624362338.200728 0.12
54.07124710083008 1624362338.207757 0.12
53.43511199951172 1624362338.214758 0.12
54.07124710083008 1624362338.2217 0.12
54.07124710083008 1624362338.228743 0.12
53.43511199951172 1624362338.235657 0.12
54.07124710083008 1624362338.242725 0.12
53.43511199951172 1624362338.249795 0.12
54.07124710083008 1624362338.256823 0.12
54.07124710083008 1624362338.26379 0.12
53.43511199951172 1624362338.270782 0.12
54.07124710083008 1624362338.27775 0.12
54.07124710083008 1624362338.284712 0.12
54.07124710083008 1624362338.291787 0.12
54.07124710083008 1624362338.298773 0.12
54.07124710083008 1624362338.305805 0.12
54.07124710083008 1624362338.312811 0.12
54.07124710083008 1624362338.319693 0.12
54.07124710083008 1624362338.326711 0.12
54.07124710083008 1624362338.333656 0.12
54.07124710083008 1624362338.340704 0.12
53.43511199951172 1624362338.347706 0.12
54.07124710083008 1624362338.354688 0.12
53.43511199951172 1624362338.361751 0.12
54.07124710083008 1624362338.368717 0.12
54.07124710083008 1624362338.375721 0.12
53.43511199951172 1624362338.382736 0.12
54.07124710083008 1624362338.389799 0.12
54.07124710083008 1624362338.396709 0.12
54.07124710083008 1624362338.403749 0.12
54.07124710083008 1624362338.410792 0.12
53.43511199951172 1624362338.417717 0.12
54.036869049072266 1624362338.42474 0.12
54.036869049072266 1624362338.431767 0.12
53.43511199951172 1624362338.438763 0.12
54.036869049072266 1624362338.445812 0.12
53.401145935058594 1624362338.452829 0.12
53.401145935058594 1624362338.459796 0.12
54.036869049072266 1624362338.466752 0.12
53.401145935058594 1624362338.473726 0.12
54.036869049072266 1624362338.480498 0.12
53.401145935058594 1624362338.4875 0.12
53.401145935058594 1624362338.494626 0.12
54.036869049072266 1624362338.501605 0.12
53.401145935058594 1624362338.50859 0.12
53.401145935058594 1624362338.515663 0.12
54.036869049072266 1624362338.522651 0.12
53.401145935058594 1624362338.529622 0.12
54.036869049072266 1624362338.536629 0.12
53.401145935058594 1624362338.543626 0.12
53.401145935058594 1624362338.550728 0.12
53.401145935058594 1624362338.557537 0.12
53.401145935058594 1624362338.564661 0.12
53.401145935058594 1624362338.571663 0.12
53.401145935058594 1624362338.578648 0.12
53.401145935058594 1624362338.585697 0.12
53.401145935058594 1624362338.592666 0.12
53.401145935058594 1624362338.599745 0.12
53.401145935058594 1624362338.606794 0.12
53.401145935058594 1624362338.613707 0.12
53.401145935058594 1624362338.62071 0.12
53.401145935058594 1624362338.627787 0.12
53.401145935058594 1624362338.63457 0.12
53.401145935058594 1624362338.641543 0.12
53.401145935058594 1624362338.64854 0.12
53.401145935058594 1624362338.655528 0.12
53.401145935058594 1624362338.662496 0.12
53.401145935058594 1624362338.669472 0.12
53.401145935058594 1624362338.676515 0.12
53.401145935058594 1624362338.683533 0.12
53.401145935058594 1624362338.69052 0.12
53.401145935058594 1624362338.697631 0.12
53.401145935058594 1624362338.704659 0.12
53.401145935058594 1624362338.711648 0.12
53.401145935058594 1624362338.718636 0.12
53.401145935058594 1624362338.725604 0.12
53.401145935058594 1624362338.732625 0.12
53.401145935058594 1624362338.739707 0.12
53.401145935058594 1624362338.746648 0.12
53.401145935058594 1624362338.753701 0.12
53.401145935058594 1624362338.760731 0.12
53.401145935058594 1624362338.767686 0.12
53.401145935058594 1624362338.774684 0.12
53.401145935058594 1624362338.781668 0.12
53.401145935058594 1624362338.788641 0.12
53.401145935058594 1624362338.795579 0.12
53.401145935058594 1624362338.802503 0.12
53.401145935058594 1624362338.809482 0.12
53.401145935058594 1624362338.816571 0.12
53.401145935058594 1624362338.823557 0.12
53.401145935058594 1624362338.830599 0.12
53.401145935058594 1624362338.837507 0.12
54.036869049072266 1624362338.844533 0.12
53.401145935058594 1624362338.851698 0.12
53.401145935058594 1624362338.858546 0.12
53.401145935058594 1624362338.865574 0.12
53.401145935058594 1624362338.872519 0.12
53.401145935058594 1624362338.879567 0.12
53.401145935058594 1624362338.886582 0.12
53.401145935058594 1624362338.893711 0.12
53.401145935058594 1624362338.900573 0.12
53.401145935058594 1624362338.907534 0.12
53.401145935058594 1624362338.914498 0.12
53.401145935058594 1624362338.921559 0.12
53.401145935058594 1624362338.928561 0.12
53.401145935058594 1624362338.935589 0.12
53.401145935058594 1624362338.942596 0.12
53.401145935058594 1624362338.949599 0.12
53.401145935058594 1624362338.956601 0.12
53.401145935058594 1624362338.963638 0.12
53.401145935058594 1624362338.970508 0.12
53.401145935058594 1624362338.977477 0.12
53.401145935058594 1624362338.984516 0.12
53.401145935058594 1624362338.991441 0.12
53.401145935058594 1624362338.998437 0.12
53.401145935058594 1624362339.005436 0.12
53.401145935058594 1624362339.012397 0.12
53.401145935058594 1624362339.019505 0.12
53.401145935058594 1624362339.026437 0.12
53.401145935058594 1624362339.033433 0.12
53.401145935058594 1624362339.040478 0.12
53.401145935058594 1624362339.047441 0.12
53.401145935058594 1624362339.054459 0.12
53.401145935058594 1624362339.061542 0.12
53.401145935058594 1624362339.068487 0.12
53.401145935058594 1624362339.075542 0.12
53.401145935058594 1624362339.08255 0.12
53.401145935058594 1624362339.089606 0.12
53.401145935058594 1624362339.096526 0.12
53.401145935058594 1624362339.10355 0.12
53.401145935058594 1624362339.11057 0.12
53.401145935058594 1624362339.117575 0.12
53.401145935058594 1624362339.124562 0.12
53.401145935058594 1624362339.13161 0.12
53.401145935058594 1624362339.138644 0.12
53.401145935058594 1624362339.145566 0.12
53.401145935058594 1624362339.152565 0.12
53.401145935058594 1624362339.159351 0.12
53.401145935058594 1624362339.166387 0.12
53.401145935058594 1624362339.173379 0.12
53.401145935058594 1624362339.180322 0.12
53.401145935058594 1624362339.187338 0.12
53.401145935058594 1624362339.194397 0.12
53.401145935058594 1624362339.201434 0.12
53.401145935058594 1624362339.208373 0.12
53.401145935058594 1624362339.215373 0.12
53.401145935058594 1624362339.222445 0.12
53.401145935058594 1624362339.229494 0.12
53.401145935058594 1624362339.236436 0.12
53.401145935058594 1624362339.243431 0.12
53.401145935058594 1624362339.250484 0.12
53.401145935058594 1624362339.257474 0.12
53.401145935058594 1624362339.264426 0.12
53.401145935058594 1624362339.271404 0.12
53.401145935058594 1624362339.278421 0.12
53.401145935058594 1624362339.285503 0.12
53.401145935058594 1624362339.29243 0.12
53.401145935058594 1624362339.299482 0.12
53.401145935058594 1624362339.306532 0.12
53.401145935058594 1624362339.313463 0.12
53.401145935058594 1624362339.32042 0.12
53.401145935058594 1624362339.327462 0.12
53.401145935058594 1624362339.334392 0.12
53.401145935058594 1624362339.341256 0.12
53.401145935058594 1624362339.348268 0.12
53.401145935058594 1624362339.35537 0.12
53.401145935058594 1624362339.362396 0.12
53.401145935058594 1624362339.369426 0.12
53.401145935058594 1624362339.3764 0.12
53.401145935058594 1624362339.383401 0.12
53.401145935058594 1624362339.390395 0.12
53.401145935058594 1624362339.397397 0.12
53.401145935058594 1624362339.40444 0.12
53.401145935058594 1624362339.411398 0.12
53.401145935058594 1624362339.418457 0.12
53.401145935058594 1624362339.42549 0.12
53.401145935058594 1624362339.432405 0.12
53.401145935058594 1624362339.439449 0.12
53.401145935058594 1624362339.446444 0.12
53.401145935058594 1624362339.453479 0.12
53.401145935058594 1624362339.460419 0.12
53.401145935058594 1624362339.467375 0.12
53.401145935058594 1624362339.474351 0.12
53.401145935058594 1624362339.481474 0.12
53.401145935058594 1624362339.488419 0.12
53.401145935058594 1624362339.495472 0.12
53.401145935058594 1624362339.502425 0.12
53.401145935058594 1624362339.50952 0.12
53.401145935058594 1624362339.51643 0.12
53.401145935058594 1624362339.523225 0.12
53.401145935058594 1624362339.530248 0.12
53.401145935058594 1624362339.537279 0.12
53.401145935058594 1624362339.544355 0.12
53.401145935058594 1624362339.551344 0.12
53.401145935058594 1624362339.558291 0.12
53.401145935058594 1624362339.565342 0.12
53.401145935058594 1624362339.572331 0.12
53.401145935058594 1624362339.579349 0.12
53.401145935058594 1624362339.586349 0.12
53.401145935058594 1624362339.593394 0.12
54.036869049072266 1624362339.600404 0.12
53.401145935058594 1624362339.607365 0.12
53.401145935058594 1624362339.614367 0.12
53.401145935058594 1624362339.621417 0.12
53.401145935058594 1624362339.628347 0.12
53.401145935058594 1624362339.635425 0.12
53.401145935058594 1624362339.642413 0.12
53.401145935058594 1624362339.649381 0.12
53.401145935058594 1624362339.656342 0.12
53.401145935058594 1624362339.663332 0.12
53.401145935058594 1624362339.670333 0.12
53.401145935058594 1624362339.677362 0.12
53.401145935058594 1624362339.684404 0.12
53.401145935058594 1624362339.691375 0.12
53.401145935058594 1624362339.698219 0.12
53.401145935058594 1624362339.705293 0.12
53.401145935058594 1624362339.712273 0.12
53.401145935058594 1624362339.719231 0.12
53.401145935058594 1624362339.726262 0.12
53.401145935058594 1624362339.733229 0.12
53.401145935058594 1624362339.74023 0.12
53.401145935058594 1624362339.747254 0.12
53.401145935058594 1624362339.754281 0.12
53.401145935058594 1624362339.761316 0.12
53.401145935058594 1624362339.768274 0.12
53.401145935058594 1624362339.775259 0.12
53.401145935058594 1624362339.782236 0.12
53.401145935058594 1624362339.789213 0.12
53.401145935058594 1624362339.796214 0.12
53.401145935058594 1624362339.80319 0.12
53.401145935058594 1624362339.810258 0.12
53.401145935058594 1624362339.817231 0.12
53.401145935058594 1624362339.824284 0.12
53.401145935058594 1624362339.83123 0.12
53.401145935058594 1624362339.838215 0.12
53.401145935058594 1624362339.845316 0.12
53.401145935058594 1624362339.852388 0.12
53.401145935058594 1624362339.859311 0.12
53.401145935058594 1624362339.866394 0.12
53.401145935058594 1624362339.873409 0.12
53.401145935058594 1624362339.880294 0.12
53.401145935058594 1624362339.887279 0.12
53.401145935058594 1624362339.894314 0.12
53.401145935058594 1624362339.901298 0.12
53.401145935058594 1624362339.908278 0.12
52.765419006347656 1624362339.915239 0.12
53.401145935058594 1624362339.92231 0.12
53.401145935058594 1624362339.929302 0.12
53.401145935058594 1624362339.936303 0.12
53.401145935058594 1624362339.943279 0.12
53.401145935058594 1624362339.95026 0.12
53.367218017578125 1624362339.957274 0.12
53.367218017578125 1624362339.964248 0.12
52.731895446777344 1624362339.971169 0.12
53.401145935058594 1624362339.978224 0.12
53.367218017578125 1624362339.985217 0.12
52.765419006347656 1624362339.992274 0.12
53.367218017578125 1624362339.999268 0.12
53.401145935058594 1624362340.006346 0.12
53.367218017578125 1624362340.013257 0.12
53.367218017578125 1624362340.020267 0.12
52.731895446777344 1624362340.02729 0.12
53.401145935058594 1624362340.034343 0.12
53.401145935058594 1624362340.041304 0.12
52.731895446777344 1624362340.048101 0.12
53.367218017578125 1624362340.055199 0.12
53.367218017578125 1624362340.062216 0.12
52.765419006347656 1624362340.069159 0.12
53.401145935058594 1624362340.076174 0.12
52.765419006347656 1624362340.083159 0.12
52.765419006347656 1624362340.090195 0.12
53.401145935058594 1624362340.09722 0.12
52.731895446777344 1624362340.104309 0.12
53.367218017578125 1624362340.11128 0.12
53.367218017578125 1624362340.118288 0.12
52.731895446777344 1624362340.125254 0.12
53.367218017578125 1624362340.132317 0.12
53.367218017578125 1624362340.139302 0.12
52.731895446777344 1624362340.146247 0.12
53.367218017578125 1624362340.153277 0.12
52.731895446777344 1624362340.160248 0.12
53.367218017578125 1624362340.16726 0.12
53.367218017578125 1624362340.174228 0.12
52.765419006347656 1624362340.181209 0.12
53.367218017578125 1624362340.188302 0.12
53.367218017578125 1624362340.195213 0.12
52.765419006347656 1624362340.202296 0.12
53.401145935058594 1624362340.209191 0.12
52.765419006347656 1624362340.216238 0.12
53.367218017578125 1624362340.223029 0.12
52.765419006347656 1624362340.230101 0.12
52.731895446777344 1624362340.237136 0.12
53.367218017578125 1624362340.244207 0.12
52.731895446777344 1624362340.251157 0.12
52.731895446777344 1624362340.258156 0.12
52.731895446777344 1624362340.26516 0.12
52.731895446777344 1624362340.272187 0.12
52.731895446777344 1624362340.279221 0.12
52.731895446777344 1624362340.286168 0.12
52.731895446777344 1624362340.293163 0.12
53.367218017578125 1624362340.300198 0.12
52.731895446777344 1624362340.307157 0.12
52.731895446777344 1624362340.31417 0.12
52.731895446777344 1624362340.32121 0.12
52.731895446777344 1624362340.328183 0.12
52.731895446777344 1624362340.335194 0.12
52.731895446777344 1624362340.34229 0.12
52.731895446777344 1624362340.349297 0.12
52.731895446777344 1624362340.356321 0.12
52.731895446777344 1624362340.363096 0.12
52.731895446777344 1624362340.370109 0.12
52.731895446777344 1624362340.377093 0.12
53.367218017578125 1624362340.384101 0.12
52.731895446777344 1624362340.391096 0.12
53.367218017578125 1624362340.398079 0.12
52.731895446777344 1624362340.40506 0.12
52.731895446777344 1624362340.412124 0.12
52.731895446777344 1624362340.419086 0.12
52.731895446777344 1624362340.426141 0.12
53.367218017578125 1624362340.433134 0.12
52.731895446777344 1624362340.440141 0.12
52.731895446777344 1624362340.447183 0.12
52.731895446777344 1624362340.454134 0.12
52.731895446777344 1624362340.461097 0.12
52.731895446777344 1624362340.468105 0.12
53.367218017578125 1624362340.475061 0.12
52.731895446777344 1624362340.482058 0.12
52.731895446777344 1624362340.489094 0.12
52.731895446777344 1624362340.496076 0.12
52.731895446777344 1624362340.503176 0.12
52.731895446777344 1624362340.510165 0.12
52.731895446777344 1624362340.517218 0.12
52.731895446777344 1624362340.523919 0.12
52.731895446777344 1624362340.530987 0.12
52.731895446777344 1624362340.537943 0.12
52.731895446777344 1624362340.544975 0.12
52.731895446777344 1624362340.552031 0.12
52.731895446777344 1624362340.559028 0.12
52.731895446777344 1624362340.566092 0.12
52.731895446777344 1624362340.573055 0.12
52.731895446777344 1624362340.580097 0.12
52.731895446777344 1624362340.587082 0.12
52.731895446777344 1624362340.594079 0.12
52.731895446777344 1624362340.601109 0.12
52.731895446777344 1624362340.608091 0.12
52.731895446777344 1624362340.615142 0.12
52.731895446777344 1624362340.622102 0.12
52.731895446777344 1624362340.629042 0.12
52.731895446777344 1624362340.636042 0.12
52.731895446777344 1624362340.643057 0.12
52.731895446777344 1624362340.65007 0.12
52.731895446777344 1624362340.657062 0.12
52.731895446777344 1624362340.664141 0.12
52.731895446777344 1624362340.671123 0.12
52.731895446777344 1624362340.677976 0.12
52.731895446777344 1624362340.685022 0.12
52.731895446777344 1624362340.691976 0.12
52.731895446777344 1624362340.699083 0.12
52.731895446777344 1624362340.705997 0.12
52.731895446777344 1624362340.713064 0.12
52.731895446777344 1624362340.719964 0.12
52.731895446777344 1624362340.727021 0.12
52.731895446777344 1624362340.734005 0.12
52.731895446777344 1624362340.74097 0.12
52.731895446777344 1624362340.747997 0.12
52.731895446777344 1624362340.755069 0.12
52.731895446777344 1624362340.762078 0.12
52.731895446777344 1624362340.769141 0.12
52.731895446777344 1624362340.776008 0.12
52.731895446777344 1624362340.782987 0.12
52.731895446777344 1624362340.790039 0.12
52.731895446777344 1624362340.79703 0.12
52.731895446777344 1624362340.804065 0.12
52.731895446777344 1624362340.811111 0.12
52.731895446777344 1624362340.818072 0.12
52.731895446777344 1624362340.825173 0.12
52.731895446777344 1624362340.832066 0.12
52.731895446777344 1624362340.839095 0.12
52.731895446777344 1624362340.845938 0.12
52.731895446777344 1624362340.852917 0.12
52.731895446777344 1624362340.859904 0.12
52.731895446777344 1624362340.866917 0.12
52.731895446777344 1624362340.873925 0.12
52.731895446777344 1624362340.880944 0.12
52.731895446777344 1624362340.888024 0.12
52.731895446777344 1624362340.894946 0.12
52.731895446777344 1624362340.901987 0.12
52.731895446777344 1624362340.909006 0.12
52.731895446777344 1624362340.916034 0.12
52.731895446777344 1624362340.922958 0.12
52.731895446777344 1624362340.930014 0.12
52.731895446777344 1624362340.936961 0.12
52.731895446777344 1624362340.943933 0.12
52.731895446777344 1624362340.950939 0.12
52.0965690612793 1624362340.957896 0.12
52.731895446777344 1624362340.964937 0.12
52.731895446777344 1624362340.971987 0.12
52.731895446777344 1624362340.979961 0.12
52.731895446777344 1624362340.987088 0.12
52.731895446777344 1624362340.993867 0.12
52.731895446777344 1624362341.000902 0.12
52.731895446777344 1624362341.007989 0.12
52.731895446777344 1624362341.014886 0.12
52.731895446777344 1624362341.021908 0.12
52.731895446777344 1624362341.028959 0.12
52.731895446777344 1624362341.035922 0.12
52.731895446777344 1624362341.042926 0.12
52.731895446777344 1624362341.049981 0.12
52.731895446777344 1624362341.056858 0.12
52.731895446777344 1624362341.063874 0.12
52.731895446777344 1624362341.070929 0.12
52.731895446777344 1624362341.07793 0.12
52.731895446777344 1624362341.085009 0.12
52.731895446777344 1624362341.091899 0.12
52.731895446777344 1624362341.098879 0.12
52.731895446777344 1624362341.105931 0.12
52.731895446777344 1624362341.112974 0.12
52.731895446777344 1624362341.119928 0.12
52.731895446777344 1624362341.126895 0.12
52.731895446777344 1624362341.133963 0.12
52.731895446777344 1624362341.140917 0.12
52.731895446777344 1624362341.147969 0.12
52.731895446777344 1624362341.154961 0.12
52.731895446777344 1624362341.161967 0.12
52.731895446777344 1624362341.168971 0.12
52.731895446777344 1624362341.175828 0.12
52.731895446777344 1624362341.182817 0.12
52.731895446777344 1624362341.189862 0.12
52.731895446777344 1624362341.196837 0.12
52.731895446777344 1624362341.20386 0.12
52.731895446777344 1624362341.210829 0.12
53.367218017578125 1624362341.217806 0.12
52.731895446777344 1624362341.224886 0.12
52.731895446777344 1624362341.231796 0.12
52.731895446777344 1624362341.23878 0.12
52.731895446777344 1624362341.245913 0.12
52.731895446777344 1624362341.252941 0.12
52.731895446777344 1624362341.259887 0.12
52.731895446777344 1624362341.266887 0.12
52.731895446777344 1624362341.273925 0.12
52.731895446777344 1624362341.28084 0.12
52.731895446777344 1624362341.287871 0.12
52.731895446777344 1624362341.294911 0.12
52.731895446777344 1624362341.301927 0.12
53.367218017578125 1624362341.308948 0.12
52.731895446777344 1624362341.31594 0.12
52.731895446777344 1624362341.322964 0.12
52.731895446777344 1624362341.329938 0.12
52.731895446777344 1624362341.336981 0.12
52.731895446777344 1624362341.343818 0.12
52.731895446777344 1624362341.350819 0.12
52.731895446777344 1624362341.357819 0.12
52.731895446777344 1624362341.36477 0.12
52.731895446777344 1624362341.371826 0.12
52.731895446777344 1624362341.378837 0.12
53.367218017578125 1624362341.385876 0.12
52.731895446777344 1624362341.392773 0.12
52.731895446777344 1624362341.399829 0.12
52.731895446777344 1624362341.406857 0.12
52.731895446777344 1624362341.413834 0.12
53.367218017578125 1624362341.42092 0.12
52.731895446777344 1624362341.427815 0.12
52.731895446777344 1624362341.434887 0.12
53.367218017578125 1624362341.441917 0.12
52.731895446777344 1624362341.448814 0.12
52.731895446777344 1624362341.455726 0.12
52.731895446777344 1624362341.46278 0.12
52.731895446777344 1624362341.46991 0.12
52.731895446777344 1624362341.476882 0.12
52.731895446777344 1624362341.483881 0.12
52.731895446777344 1624362341.490871 0.12
52.731895446777344 1624362341.497752 0.12
52.731895446777344 1624362341.504757 0.12
52.731895446777344 1624362341.511869 0.12
52.731895446777344 1624362341.518803 0.12
52.731895446777344 1624362341.525814 0.12
52.731895446777344 1624362341.532725 0.12
52.731895446777344 1624362341.539754 0.12
52.731895446777344 1624362341.546733 0.12
52.731895446777344 1624362341.553776 0.12
52.731895446777344 1624362341.5608 0.12
52.731895446777344 1624362341.567734 0.12
52.731895446777344 1624362341.574774 0.12
52.731895446777344 1624362341.58177 0.12
52.731895446777344 1624362341.588792 0.12
52.731895446777344 1624362341.595797 0.12
52.731895446777344 1624362341.602837 0.12
52.731895446777344 1624362341.609783 0.12
52.731895446777344 1624362341.616836 0.12
52.731895446777344 1624362341.623823 0.12
52.731895446777344 1624362341.630789 0.12
52.731895446777344 1624362341.637793 0.12
53.367218017578125 1624362341.644742 0.12
52.731895446777344 1624362341.651845 0.12
52.731895446777344 1624362341.658817 0.12
53.367218017578125 1624362341.665863 0.12
52.731895446777344 1624362341.672822 0.12
52.731895446777344 1624362341.679842 0.12
52.731895446777344 1624362341.686903 0.12
52.731895446777344 1624362341.693698 0.12
52.731895446777344 1624362341.700689 0.12
52.731895446777344 1624362341.707661 0.12
52.731895446777344 1624362341.714719 0.12
52.731895446777344 1624362341.721745 0.12
52.731895446777344 1624362341.728655 0.12
52.731895446777344 1624362341.735737 0.12
52.731895446777344 1624362341.742758 0.12
52.731895446777344 1624362341.749697 0.12
52.731895446777344 1624362341.756696 0.12
52.731895446777344 1624362341.763712 0.12
52.731895446777344 1624362341.770756 0.12
53.367218017578125 1624362341.777758 0.12
52.731895446777344 1624362341.784793 0.12
52.731895446777344 1624362341.791776 0.12
52.731895446777344 1624362341.798778 0.12
52.731895446777344 1624362341.805791 0.12
52.731895446777344 1624362341.812777 0.12
52.731895446777344 1624362341.819763 0.12
52.731895446777344 1624362341.826851 0.12
53.367218017578125 1624362341.833803 0.12
53.367218017578125 1624362341.840795 0.12
52.731895446777344 1624362341.847753 0.12
53.367218017578125 1624362341.854825 0.12
52.731895446777344 1624362341.861755 0.12
52.731895446777344 1624362341.868583 0.12
52.731895446777344 1624362341.875672 0.12
52.731895446777344 1624362341.882662 0.12
53.367218017578125 1624362341.889561 0.12
53.367218017578125 1624362341.896618 0.12
52.731895446777344 1624362341.903592 0.12
53.367218017578125 1624362341.910636 0.12
53.367218017578125 1624362341.917647 0.12
52.765419006347656 1624362341.924642 0.12
53.401145935058594 1624362341.931604 0.12
53.401145935058594 1624362341.938736 0.12
53.401145935058594 1624362341.945697 0.12
53.401145935058594 1624362341.952678 0.12
52.765419006347656 1624362341.95971 0.12
53.401145935058594 1624362341.966658 0.12
53.401145935058594 1624362341.973713 0.12
53.401145935058594 1624362341.98069 0.12
53.401145935058594 1624362341.987721 0.12
53.401145935058594 1624362341.994735 0.12
52.765419006347656 1624362342.001814 0.12
53.401145935058594 1624362342.008735 0.12
53.401145935058594 1624362342.015764 0.12
53.401145935058594 1624362342.022733 0.12
53.401145935058594 1624362342.029774 0.12
52.765419006347656 1624362342.036588 0.12
53.401145935058594 1624362342.043597 0.12
52.765419006347656 1624362342.050541 0.12
53.401145935058594 1624362342.057629 0.12
53.401145935058594 1624362342.064538 0.12
52.765419006347656 1624362342.071651 0.12
53.401145935058594 1624362342.078601 0.12
53.401145935058594 1624362342.085579 0.12
53.401145935058594 1624362342.092576 0.12
53.401145935058594 1624362342.099564 0.12
53.401145935058594 1624362342.106549 0.12
52.765419006347656 1624362342.113587 0.12
53.401145935058594 1624362342.120679 0.12
53.401145935058594 1624362342.127621 0.12
53.401145935058594 1624362342.134696 0.12
53.401145935058594 1624362342.141763 0.12
53.401145935058594 1624362342.14869 0.12
53.401145935058594 1624362342.155658 0.12
53.401145935058594 1624362342.162695 0.12
53.401145935058594 1624362342.169694 0.12
53.401145935058594 1624362342.176652 0.12
53.401145935058594 1624362342.18371 0.12
53.401145935058594 1624362342.190626 0.12
53.401145935058594 1624362342.197608 0.12
52.765419006347656 1624362342.204631 0.12
53.401145935058594 1624362342.211653 0.12
53.401145935058594 1624362342.2185 0.12
52.731895446777344 1624362342.225531 0.12
53.367218017578125 1624362342.232439 0.12
52.765419006347656 1624362342.239568 0.12
53.401145935058594 1624362342.246583 0.12
53.401145935058594 1624362342.253605 0.12
53.367218017578125 1624362342.260592 0.12
53.401145935058594 1624362342.267608 0.12
53.401145935058594 1624362342.274628 0.12
53.401145935058594 1624362342.281585 0.12
53.401145935058594 1624362342.288599 0.12
53.401145935058594 1624362342.295643 0.12
52.731895446777344 1624362342.302555 0.12
52.731895446777344 1624362342.309607 0.12
52.731895446777344 1624362342.316614 0.12
53.367218017578125 1624362342.323601 0.12
53.367218017578125 1624362342.330538 0.12
52.765419006347656 1624362342.337641 0.12
53.401145935058594 1624362342.344612 0.12
53.401145935058594 1624362342.351605 0.12
52.731895446777344 1624362342.358576 0.12
53.401145935058594 1624362342.365569 0.12
53.367218017578125 1624362342.372557 0.12
53.367218017578125 1624362342.379547 0.12
53.367218017578125 1624362342.386599 0.12
52.731895446777344 1624362342.393553 0.12
53.401145935058594 1624362342.400669 0.12
52.765419006347656 1624362342.40748 0.12
52.731895446777344 1624362342.414397 0.12
52.731895446777344 1624362342.421457 0.12
53.367218017578125 1624362342.428498 0.12
52.731895446777344 1624362342.435489 0.12
53.367218017578125 1624362342.442479 0.12
52.731895446777344 1624362342.449476 0.12
53.367218017578125 1624362342.456518 0.12
53.367218017578125 1624362342.463529 0.12
52.731895446777344 1624362342.470556 0.12
52.731895446777344 1624362342.477532 0.12
52.731895446777344 1624362342.484524 0.12
52.731895446777344 1624362342.491567 0.12
53.367218017578125 1624362342.49851 0.12
52.731895446777344 1624362342.505557 0.12
53.367218017578125 1624362342.512594 0.12
52.731895446777344 1624362342.519523 0.12
52.731895446777344 1624362342.526536 0.12
52.731895446777344 1624362342.533595 0.12
52.731895446777344 1624362342.540508 0.12
52.731895446777344 1624362342.547548 0.12
53.367218017578125 1624362342.554676 0.12
53.367218017578125 1624362342.561554 0.12
53.401145935058594 1624362342.56854 0.12
53.401145935058594 1624362342.575511 0.12
52.731895446777344 1624362342.582516 0.12
53.367218017578125 1624362342.589468 0.12
53.367218017578125 1624362342.596321 0.12
52.731895446777344 1624362342.603332 0.12
53.367218017578125 1624362342.610369 0.12
53.367218017578125 1624362342.61736 0.12
52.731895446777344 1624362342.624352 0.12
53.367218017578125 1624362342.631342 0.12
52.765419006347656 1624362342.638347 0.12
53.367218017578125 1624362342.645343 0.12
53.367218017578125 1624362342.652337 0.12
52.731895446777344 1624362342.65937 0.12
53.401145935058594 1624362342.666403 0.12
53.367218017578125 1624362342.673355 0.12
52.731895446777344 1624362342.680375 0.12
53.367218017578125 1624362342.687431 0.12
52.731895446777344 1624362342.694343 0.12
52.731895446777344 1624362342.701437 0.12
53.367218017578125 1624362342.70843 0.12
53.367218017578125 1624362342.715412 0.12
53.367218017578125 1624362342.722387 0.12
53.367218017578125 1624362342.729378 0.12
52.731895446777344 1624362342.736473 0.12
53.367218017578125 1624362342.74342 0.12
52.731895446777344 1624362342.750537 0.12
52.731895446777344 1624362342.757497 0.12
53.367218017578125 1624362342.764498 0.12
53.367218017578125 1624362342.771511 0.12
52.731895446777344 1624362342.778429 0.12
52.731895446777344 1624362342.785465 0.12
52.731895446777344 1624362342.792329 0.12
52.731895446777344 1624362342.799312 0.12
52.731895446777344 1624362342.806417 0.12
52.731895446777344 1624362342.813441 0.12
52.731895446777344 1624362342.820407 0.12
53.367218017578125 1624362342.827397 0.12
52.731895446777344 1624362342.834433 0.12
52.731895446777344 1624362342.841377 0.12
52.731895446777344 1624362342.848379 0.12
52.731895446777344 1624362342.855438 0.12
53.367218017578125 1624362342.862435 0.12
52.731895446777344 1624362342.869443 0.12
53.367218017578125 1624362342.876463 0.12
52.731895446777344 1624362342.883446 0.12
52.731895446777344 1624362342.890422 0.12
52.731895446777344 1624362342.897411 0.12
52.731895446777344 1624362342.904374 0.12
52.731895446777344 1624362342.91148 0.12
53.367218017578125 1624362342.918529 0.12
52.731895446777344 1624362342.925461 0.12
52.731895446777344 1624362342.932468 0.12
52.731895446777344 1624362342.939522 0.12
52.731895446777344 1624362342.946483 0.12
52.731895446777344 1624362342.953465 0.12
52.731895446777344 1624362342.960428 0.12
52.731895446777344 1624362342.967424 0.12
52.731895446777344 1624362342.974474 0.12
52.731895446777344 1624362342.98156 0.12
52.731895446777344 1624362342.988485 0.12
52.731895446777344 1624362342.995422 0.12
52.731895446777344 1624362343.002259 0.12
52.731895446777344 1624362343.009212 0.12
52.731895446777344 1624362343.016215 0.12
52.731895446777344 1624362343.023196 0.12
52.731895446777344 1624362343.030322 0.12
52.731895446777344 1624362343.037412 0.12
52.731895446777344 1624362343.045017 0.12
53.367218017578125 1624362343.052423 0.12
52.731895446777344 1624362343.059395 0.12
52.731895446777344 1624362343.066433 0.12
52.731895446777344 1624362343.073383 0.12
52.731895446777344 1624362343.080362 0.12
52.731895446777344 1624362343.08744 0.12
52.731895446777344 1624362343.094383 0.12
52.731895446777344 1624362343.101368 0.12
52.731895446777344 1624362343.108382 0.12
52.731895446777344 1624362343.115328 0.12
52.731895446777344 1624362343.122469 0.12
52.731895446777344 1624362343.129399 0.12
52.731895446777344 1624362343.136445 0.12
53.367218017578125 1624362343.143419 0.12
53.367218017578125 1624362343.150341 0.12
52.731895446777344 1624362343.157208 0.12
52.731895446777344 1624362343.164298 0.12
53.367218017578125 1624362343.171283 0.12
52.731895446777344 1624362343.178285 0.12
52.731895446777344 1624362343.185267 0.12
52.731895446777344 1624362343.192363 0.12
52.731895446777344 1624362343.199341 0.12
52.731895446777344 1624362343.206354 0.12
52.731895446777344 1624362343.213353 0.12
52.731895446777344 1624362343.220345 0.12
52.731895446777344 1624362343.227391 0.12
52.731895446777344 1624362343.234416 0.12
52.731895446777344 1624362343.241412 0.12
52.731895446777344 1624362343.248398 0.12
52.731895446777344 1624362343.2554 0.12
52.731895446777344 1624362343.262399 0.12
52.731895446777344 1624362343.26941 0.12
52.731895446777344 1624362343.276392 0.12
52.731895446777344 1624362343.283311 0.12
52.731895446777344 1624362343.290293 0.12
52.731895446777344 1624362343.29726 0.12
52.731895446777344 1624362343.304287 0.12
52.731895446777344 1624362343.311198 0.12
52.731895446777344 1624362343.318304 0.12
52.731895446777344 1624362343.325254 0.12
53.367218017578125 1624362343.332224 0.12
53.367218017578125 1624362343.339279 0.12
52.731895446777344 1624362343.346355 0.12
53.367218017578125 1624362343.353253 0.12
53.367218017578125 1624362343.360207 0.12
52.731895446777344 1624362343.367237 0.12
53.367218017578125 1624362343.374257 0.12
52.765419006347656 1624362343.38136 0.12
53.367218017578125 1624362343.388366 0.12
52.731895446777344 1624362343.395393 0.12
52.731895446777344 1624362343.402356 0.12
53.367218017578125 1624362343.409303 0.12
53.367218017578125 1624362343.416312 0.12
52.765419006347656 1624362343.423188 0.12
53.367218017578125 1624362343.430211 0.12
52.731895446777344 1624362343.437219 0.12
53.367218017578125 1624362343.444172 0.12
53.401145935058594 1624362343.451236 0.12
52.731895446777344 1624362343.458339 0.12
53.367218017578125 1624362343.465265 0.12
52.731895446777344 1624362343.472231 0.12
52.731895446777344 1624362343.479279 0.12
52.731895446777344 1624362343.486262 0.12
52.731895446777344 1624362343.493176 0.12
52.731895446777344 1624362343.500302 0.12
53.367218017578125 1624362343.507289 0.12
52.731895446777344 1624362343.51434 0.12
52.731895446777344 1624362343.521289 0.12
52.731895446777344 1624362343.528311 0.12
52.731895446777344 1624362343.535268 0.12
53.367218017578125 1624362343.542304 0.12
53.367218017578125 1624362343.549275 0.12
52.731895446777344 1624362343.556274 0.12
52.731895446777344 1624362343.563113 0.12
52.731895446777344 1624362343.570115 0.12
52.731895446777344 1624362343.577159 0.12
52.731895446777344 1624362343.584152 0.12
52.731895446777344 1624362343.591179 0.12
52.731895446777344 1624362343.598122 0.12
53.367218017578125 1624362343.605116 0.12
52.731895446777344 1624362343.612169 0.12
52.731895446777344 1624362343.619259 0.12
52.731895446777344 1624362343.626251 0.12
52.731895446777344 1624362343.633226 0.12
53.367218017578125 1624362343.640291 0.12
52.731895446777344 1624362343.647234 0.12
52.731895446777344 1624362343.654256 0.12
52.731895446777344 1624362343.661208 0.12
52.731895446777344 1624362343.668207 0.12
52.731895446777344 1624362343.675212 0.12
52.731895446777344 1624362343.682263 0.12
52.731895446777344 1624362343.689046 0.12
52.731895446777344 1624362343.696093 0.12
52.731895446777344 1624362343.703108 0.12
52.731895446777344 1624362343.710149 0.12
52.731895446777344 1624362343.717156 0.12
52.731895446777344 1624362343.724084 0.12
52.731895446777344 1624362343.731133 0.12
52.731895446777344 1624362343.738115 0.12
52.731895446777344 1624362343.745192 0.12
52.731895446777344 1624362343.752196 0.12
52.731895446777344 1624362343.759237 0.12
52.731895446777344 1624362343.766203 0.12
52.731895446777344 1624362343.773226 0.12
52.0965690612793 1624362343.780205 0.12
52.731895446777344 1624362343.787212 0.12
52.731895446777344 1624362343.794172 0.12
52.731895446777344 1624362343.80135 0.12
52.731895446777344 1624362343.808211 0.12
52.731895446777344 1624362343.815304 0.12
52.731895446777344 1624362343.822305 0.12
52.731895446777344 1624362343.829329 0.12
52.731895446777344 1624362343.836297 0.12
52.731895446777344 1624362343.843068 0.12
52.731895446777344 1624362343.850083 0.12
52.731895446777344 1624362343.857093 0.12
52.731895446777344 1624362343.864089 0.12
52.731895446777344 1624362343.871165 0.12
52.731895446777344 1624362343.878089 0.12
52.731895446777344 1624362343.885183 0.12
52.731895446777344 1624362343.892085 0.12
52.731895446777344 1624362343.899118 0.12
52.731895446777344 1624362343.906156 0.12
52.731895446777344 1624362343.913172 0.12
52.731895446777344 1624362343.920133 0.12
52.731895446777344 1624362343.927157 0.12
52.731895446777344 1624362343.934177 0.12
52.731895446777344 1624362343.941197 0.12
52.731895446777344 1624362343.948188 0.12
52.731895446777344 1624362343.955283 0.12
52.731895446777344 1624362343.9622 0.12
52.731895446777344 1624362343.969182 0.12
52.731895446777344 1624362343.976189 0.12
52.731895446777344 1624362343.983026 0.12
52.731895446777344 1624362343.990017 0.12
52.731895446777344 1624362343.997055 0.12
52.731895446777344 1624362344.004062 0.12
52.0965690612793 1624362344.011072 0.12
52.731895446777344 1624362344.018115 0.12
52.731895446777344 1624362344.025133 0.12
52.731895446777344 1624362344.032082 0.12
52.731895446777344 1624362344.039081 0.12
52.731895446777344 1624362344.046083 0.12
52.731895446777344 1624362344.053121 0.12
52.731895446777344 1624362344.0601 0.12
52.731895446777344 1624362344.067185 0.12
52.731895446777344 1624362344.074126 0.12
52.731895446777344 1624362344.081123 0.12
52.731895446777344 1624362344.088093 0.12
52.731895446777344 1624362344.095146 0.12
52.731895446777344 1624362344.102124 0.12
52.731895446777344 1624362344.109174 0.12
52.731895446777344 1624362344.116147 0.12
52.731895446777344 1624362344.123128 0.12
52.731895446777344 1624362344.130165 0.12
52.731895446777344 1624362344.136916 0.12
52.731895446777344 1624362344.143933 0.12
52.731895446777344 1624362344.151021 0.12
52.731895446777344 1624362344.158019 0.12
52.731895446777344 1624362344.164991 0.12
52.731895446777344 1624362344.171997 0.12
52.731895446777344 1624362344.178955 0.12
52.731895446777344 1624362344.185923 0.12
52.731895446777344 1624362344.192977 0.12
52.0965690612793 1624362344.199937 0.12
52.731895446777344 1624362344.207033 0.12
52.731895446777344 1624362344.214127 0.12
52.0965690612793 1624362344.22112 0.12
52.731895446777344 1624362344.228131 0.12
52.731895446777344 1624362344.235063 0.12
52.731895446777344 1624362344.242073 0.12
52.731895446777344 1624362344.249131 0.12
52.0965690612793 1624362344.256103 0.12
52.731895446777344 1624362344.263162 0.12
52.731895446777344 1624362344.27014 0.12
52.731895446777344 1624362344.27692 0.12
52.731895446777344 1624362344.283911 0.12
52.731895446777344 1624362344.290975 0.12
52.731895446777344 1624362344.297897 0.12
52.731895446777344 1624362344.304935 0.12
52.731895446777344 1624362344.311877 0.12
52.731895446777344 1624362344.318922 0.12
52.69841003417969 1624362344.325937 0.12
52.0965690612793 1624362344.332905 0.12
52.731895446777344 1624362344.340027 0.12
52.731895446777344 1624362344.347049 0.12
52.06349182128906 1624362344.354064 0.12
52.731895446777344 1624362344.361068 0.12
52.731895446777344 1624362344.368096 0.12
52.731895446777344 1624362344.375056 0.12
52.731895446777344 1624362344.382051 0.12
52.0965690612793 1624362344.389109 0.12
52.731895446777344 1624362344.396076 0.12
52.731895446777344 1624362344.403004 0.12
52.731895446777344 1624362344.410014 0.12
52.731895446777344 1624362344.416825 0.12
52.731895446777344 1624362344.423853 0.12
52.06349182128906 1624362344.43089 0.12
52.731895446777344 1624362344.437928 0.12
52.0965690612793 1624362344.444946 0.12
52.0965690612793 1624362344.451902 0.12
52.731895446777344 1624362344.458929 0.12
52.0965690612793 1624362344.465898 0.12
52.731895446777344 1624362344.47287 0.12
52.69841003417969 1624362344.479866 0.12
52.731895446777344 1624362344.486923 0.12
52.69841003417969 1624362344.493992 0.12
52.0965690612793 1624362344.501006 0.12
52.06349182128906 1624362344.507995 0.12
52.69841003417969 1624362344.515102 0.12
52.06349182128906 1624362344.52199 0.12
52.69841003417969 1624362344.529066 0.12
52.0965690612793 1624362344.536114 0.12
52.0965690612793 1624362344.542928 0.12
52.06349182128906 1624362344.549876 0.12
52.06349182128906 1624362344.556935 0.12
52.06349182128906 1624362344.563884 0.12
52.06349182128906 1624362344.570936 0.12
52.06349182128906 1624362344.577863 0.12
52.0965690612793 1624362344.584944 0.12
52.69841003417969 1624362344.591923 0.12
52.06349182128906 1624362344.598937 0.12
52.06349182128906 1624362344.605974 0.12
52.69841003417969 1624362344.612916 0.12
52.06349182128906 1624362344.620005 0.12
52.06349182128906 1624362344.626892 0.12
52.06349182128906 1624362344.633858 0.12
52.06349182128906 1624362344.640868 0.12
52.06349182128906 1624362344.647907 0.12
52.06349182128906 1624362344.65491 0.12
52.06349182128906 1624362344.661923 0.12
52.06349182128906 1624362344.668979 0.12
52.06349182128906 1624362344.675981 0.12
52.06349182128906 1624362344.682894 0.12
52.06349182128906 1624362344.689992 0.12
52.06349182128906 1624362344.696811 0.12
52.06349182128906 1624362344.703779 0.12
52.06349182128906 1624362344.710861 0.12
52.06349182128906 1624362344.717847 0.12
52.06349182128906 1624362344.724791 0.12
52.06349182128906 1624362344.731806 0.12
52.06349182128906 1624362344.738882 0.12
52.06349182128906 1624362344.750304 0.12
52.06349182128906 1624362344.757755 0.12
52.06349182128906 1624362344.76473 0.12
52.06349182128906 1624362344.771737 0.12
52.06349182128906 1624362344.778743 0.12
51.42856979370117 1624362344.785877 0.12
52.06349182128906 1624362344.792786 0.12
52.06349182128906 1624362344.79984 0.12
52.06349182128906 1624362344.806784 0.12
52.06349182128906 1624362344.813773 0.12
52.06349182128906 1624362344.820736 0.12
52.06349182128906 1624362344.827789 0.12
52.06349182128906 1624362344.834842 0.12
52.06349182128906 1624362344.841803 0.12
52.06349182128906 1624362344.848766 0.12
52.06349182128906 1624362344.855808 0.12
52.06349182128906 1624362344.862869 0.12
52.06349182128906 1624362344.869921 0.12
52.06349182128906 1624362344.876894 0.12
52.06349182128906 1624362344.883994 0.12
52.06349182128906 1624362344.890942 0.12
52.06349182128906 1624362344.897998 0.12
52.06349182128906 1624362344.904979 0.12
52.06349182128906 1624362344.91197 0.12
51.42856979370117 1624362344.918921 0.12
52.06349182128906 1624362344.925758 0.12
52.06349182128906 1624362344.932754 0.12
52.06349182128906 1624362344.939783 0.12
52.06349182128906 1624362344.946744 0.12
52.06349182128906 1624362344.953809 0.12
52.06349182128906 1624362344.960758 0.12
52.06349182128906 1624362344.967732 0.12
52.06349182128906 1624362344.974819 0.12
52.06349182128906 1624362344.981858 0.12
52.06349182128906 1624362344.98881 0.12
52.06349182128906 1624362344.995846 0.12
52.06349182128906 1624362345.002852 0.12
52.06349182128906 1624362345.009843 0.12
52.06349182128906 1624362345.016858 0.12
52.06349182128906 1624362345.023808 0.12
52.06349182128906 1624362345.030827 0.12
52.06349182128906 1624362345.037823 0.12
52.06349182128906 1624362345.044819 0.12
52.06349182128906 1624362345.051751 0.12
52.06349182128906 1624362345.05875 0.12
52.06349182128906 1624362345.065775 0.12
52.06349182128906 1624362345.072769 0.12
52.06349182128906 1624362345.079766 0.12
52.06349182128906 1624362345.086843 0.12
52.06349182128906 1624362345.093657 0.12
52.06349182128906 1624362345.10064 0.12
52.06349182128906 1624362345.107659 0.12
52.06349182128906 1624362345.114758 0.12
52.06349182128906 1624362345.121691 0.12
52.06349182128906 1624362345.128715 0.12
52.06349182128906 1624362345.135669 0.12
52.06349182128906 1624362345.142807 0.12
52.06349182128906 1624362345.149771 0.12
52.06349182128906 1624362345.15674 0.12
52.06349182128906 1624362345.163787 0.12
52.06349182128906 1624362345.170792 0.12
52.06349182128906 1624362345.177718 0.12
52.06349182128906 1624362345.184771 0.12
52.06349182128906 1624362345.191699 0.12
52.06349182128906 1624362345.198756 0.12
52.06349182128906 1624362345.205754 0.12
52.06349182128906 1624362345.212748 0.12
52.06349182128906 1624362345.219812 0.12
52.06349182128906 1624362345.226831 0.12
52.06349182128906 1624362345.233722 0.12
51.42856979370117 1624362345.240753 0.12
52.06349182128906 1624362345.247757 0.12
52.06349182128906 1624362345.254809 0.12
52.06349182128906 1624362345.261657 0.12
52.06349182128906 1624362345.268702 0.12
52.06349182128906 1624362345.275697 0.12
52.06349182128906 1624362345.282711 0.12
52.06349182128906 1624362345.28963 0.12
51.42856979370117 1624362345.296607 0.12
52.06349182128906 1624362345.303601 0.12
52.06349182128906 1624362345.310662 0.12
52.06349182128906 1624362345.317676 0.12
52.06349182128906 1624362345.324686 0.12
52.06349182128906 1624362345.331681 0.12
52.06349182128906 1624362345.338675 0.12
52.06349182128906 1624362345.345706 0.12
52.06349182128906 1624362345.352731 0.12
52.06349182128906 1624362345.359748 0.12
52.06349182128906 1624362345.366732 0.12
52.06349182128906 1624362345.373779 0.12
52.06349182128906 1624362345.380788 0.12
52.06349182128906 1624362345.387739 0.12
52.06349182128906 1624362345.394732 0.12
52.06349182128906 1624362345.401781 0.12
51.42856979370117 1624362345.408693 0.12
52.06349182128906 1624362345.415773 0.12
52.06349182128906 1624362345.422756 0.12
51.42856979370117 1624362345.429781 0.12
52.06349182128906 1624362345.436535 0.12
52.06349182128906 1624362345.443565 0.12
51.42856979370117 1624362345.450541 0.12
52.06349182128906 1624362345.457579 0.12
52.06349182128906 1624362345.464681 0.12
52.06349182128906 1624362345.471653 0.12
52.06349182128906 1624362345.478645 0.12
51.42856979370117 1624362345.485576 0.12
52.06349182128906 1624362345.492603 0.12
52.06349182128906 1624362345.499601 0.12
52.06349182128906 1624362345.506642 0.12
52.06349182128906 1624362345.513745 0.12
52.06349182128906 1624362345.520721 0.12
52.06349182128906 1624362345.527676 0.12
52.06349182128906 1624362345.534656 0.12
52.06349182128906 1624362345.541684 0.12
52.06349182128906 1624362345.548694 0.12
52.06349182128906 1624362345.555735 0.12
51.42856979370117 1624362345.562734 0.12
52.06349182128906 1624362345.569699 0.12
52.06349182128906 1624362345.576674 0.12
52.06349182128906 1624362345.583638 0.12
52.06349182128906 1624362345.590651 0.12
51.42856979370117 1624362345.597657 0.12
52.06349182128906 1624362345.604648 0.12
52.06349182128906 1624362345.611478 0.12
51.42856979370117 1624362345.618506 0.12
52.06349182128906 1624362345.625461 0.12
52.06349182128906 1624362345.632517 0.12
52.06349182128906 1624362345.639501 0.12
52.06349182128906 1624362345.646589 0.12
52.06349182128906 1624362345.653592 0.12
52.06349182128906 1624362345.660518 0.12
52.06349182128906 1624362345.667569 0.12
51.42856979370117 1624362345.674549 0.12
52.06349182128906 1624362345.681577 0.12
52.06349182128906 1624362345.688587 0.12
52.06349182128906 1624362345.69564 0.12
52.06349182128906 1624362345.7026 0.12
51.42856979370117 1624362345.70967 0.12
52.06349182128906 1624362345.716718 0.12
52.06349182128906 1624362345.72366 0.12
52.06349182128906 1624362345.730707 0.12
52.06349182128906 1624362345.737663 0.12
52.06349182128906 1624362345.744704 0.12
52.06349182128906 1624362345.751704 0.12
52.06349182128906 1624362345.758497 0.12
51.42856979370117 1624362345.765565 0.12
52.06349182128906 1624362345.772566 0.12
52.06349182128906 1624362345.779496 0.12
51.42856979370117 1624362345.786479 0.12
52.06349182128906 1624362345.79354 0.12
52.06349182128906 1624362345.800483 0.12
51.42856979370117 1624362345.80753 0.12
52.06349182128906 1624362345.814593 0.12
51.42856979370117 1624362345.821537 0.12
51.42856979370117 1624362345.828561 0.12
52.06349182128906 1624362345.835678 0.12
51.42856979370117 1624362345.842636 0.12
52.06349182128906 1624362345.849635 0.12
52.06349182128906 1624362345.856615 0.12
51.42856979370117 1624362345.863669 0.12
52.06349182128906 1624362345.8706 0.12
52.06349182128906 1624362345.877661 0.12
51.42856979370117 1624362345.88465 0.12
52.06349182128906 1624362345.891636 0.12
51.395938873291016 1624362345.898667 0.12
52.06349182128906 1624362345.905638 0.12
51.42856979370117 1624362345.912503 0.12
51.42856979370117 1624362345.919491 0.12
52.06349182128906 1624362345.926531 0.12
52.06349182128906 1624362345.933439 0.12
52.06349182128906 1624362345.940496 0.12
52.06349182128906 1624362345.94742 0.12
51.42856979370117 1624362345.954473 0.12
51.42856979370117 1624362345.961538 0.12
52.03045654296875 1624362345.968569 0.12
52.06349182128906 1624362345.975531 0.12
51.42856979370117 1624362345.982667 0.12
52.03045654296875 1624362345.989638 0.12
51.42856979370117 1624362345.996525 0.12
52.06349182128906 1624362346.00353 0.12
51.42856979370117 1624362346.010501 0.12
52.06349182128906 1624362346.017539 0.12
52.06349182128906 1624362346.024523 0.12
51.42856979370117 1624362346.031515 0.12
52.06349182128906 1624362346.038561 0.12
52.06349182128906 1624362346.045501 0.12
52.06349182128906 1624362346.052477 0.12
52.06349182128906 1624362346.059569 0.12
52.06349182128906 1624362346.066566 0.12
51.42856979370117 1624362346.073559 0.12
52.06349182128906 1624362346.080643 0.12
51.395938873291016 1624362346.087449 0.12
52.06349182128906 1624362346.094449 0.12
52.06349182128906 1624362346.101474 0.12
52.06349182128906 1624362346.108492 0.12
52.06349182128906 1624362346.115483 0.12
52.06349182128906 1624362346.122513 0.12
51.42856979370117 1624362346.129441 0.12
52.06349182128906 1624362346.136479 0.12
52.06349182128906 1624362346.143505 0.12
52.06349182128906 1624362346.150506 0.12
52.06349182128906 1624362346.157458 0.12
52.06349182128906 1624362346.164509 0.12
52.06349182128906 1624362346.17149 0.12
52.06349182128906 1624362346.178519 0.12
51.42856979370117 1624362346.185515 0.12
52.06349182128906 1624362346.192542 0.12
52.06349182128906 1624362346.199496 0.12
52.06349182128906 1624362346.206543 0.12
52.06349182128906 1624362346.213546 0.12
52.06349182128906 1624362346.220525 0.12
51.42856979370117 1624362346.227513 0.12
51.42856979370117 1624362346.234522 0.12
51.42856979370117 1624362346.241634 0.12
52.06349182128906 1624362346.248583 0.12
52.06349182128906 1624362346.255584 0.12
51.42856979370117 1624362346.262604 0.12
51.42856979370117 1624362346.269414 0.12
52.06349182128906 1624362346.27644 0.12
52.06349182128906 1624362346.283392 0.12
52.06349182128906 1624362346.290435 0.12
51.42856979370117 1624362346.29745 0.12
52.03045654296875 1624362346.30442 0.12
51.42856979370117 1624362346.311396 0.12
51.42856979370117 1624362346.318382 0.12
52.06349182128906 1624362346.325337 0.12
51.42856979370117 1624362346.332436 0.12
51.42856979370117 1624362346.339428 0.12
52.06349182128906 1624362346.346462 0.12
52.03045654296875 1624362346.353378 0.12
51.395938873291016 1624362346.360322 0.12
52.06349182128906 1624362346.367462 0.12
51.42856979370117 1624362346.374372 0.12
51.395938873291016 1624362346.381495 0.12
52.06349182128906 1624362346.388369 0.12
51.42856979370117 1624362346.395493 0.12
52.03045654296875 1624362346.402455 0.12
52.03045654296875 1624362346.409423 0.12
51.395938873291016 1624362346.416482 0.12
52.03045654296875 1624362346.423574 0.12
52.03045654296875 1624362346.430561 0.12
51.42856979370117 1624362346.437358 0.12
52.06349182128906 1624362346.444369 0.12
51.42856979370117 1624362346.451317 0.12
52.06349182128906 1624362346.458345 0.12
52.06349182128906 1624362346.465349 0.12
51.42856979370117 1624362346.472257 0.12
52.06349182128906 1624362346.479288 0.12
51.42856979370117 1624362346.486347 0.12
51.42856979370117 1624362346.493412 0.12
52.06349182128906 1624362346.500359 0.12
52.06349182128906 1624362346.507378 0.12
52.06349182128906 1624362346.514353 0.12
52.06349182128906 1624362346.521344 0.12
52.06349182128906 1624362346.52839 0.12
52.06349182128906 1624362346.535422 0.12
52.06349182128906 1624362346.542418 0.12
52.06349182128906 1624362346.549422 0.12
52.06349182128906 1624362346.556409 0.12
52.06349182128906 1624362346.563476 0.12
52.06349182128906 1624362346.570449 0.12
52.06349182128906 1624362346.577397 0.12
52.06349182128906 1624362346.584507 0.12
52.06349182128906 1624362346.591323 0.12
51.42856979370117 1624362346.598257 0.12
51.42856979370117 1624362346.605295 0.12
52.06349182128906 1624362346.612235 0.12
52.06349182128906 1624362346.619235 0.12
51.42856979370117 1624362346.626248 0.12
52.06349182128906 1624362346.63332 0.12
52.06349182128906 1624362346.640294 0.12
52.06349182128906 1624362346.64734 0.12
52.06349182128906 1624362346.654298 0.12
51.42856979370117 1624362346.661328 0.12
52.06349182128906 1624362346.668293 0.12
52.06349182128906 1624362346.675349 0.12
51.42856979370117 1624362346.682377 0.12
52.06349182128906 1624362346.689379 0.12
51.42856979370117 1624362346.696342 0.12
52.06349182128906 1624362346.703428 0.12
52.06349182128906 1624362346.710454 0.12
52.06349182128906 1624362346.717367 0.12
52.06349182128906 1624362346.724399 0.12
52.06349182128906 1624362346.731366 0.12
51.42856979370117 1624362346.738385 0.12
51.42856979370117 1624362346.745336 0.12
51.42856979370117 1624362346.752395 0.12
51.42856979370117 1624362346.759472 0.12
52.06349182128906 1624362346.766308 0.12
52.06349182128906 1624362346.77322 0.12
52.06349182128906 1624362346.780258 0.12
