143.6464080810547 1624362360.373343 0.11
144.33702087402344 1624362360.380313 0.11
144.33702087402344 1624362360.387332 0.11
144.33702087402344 1624362360.394438 0.11
144.33702087402344 1624362360.401396 0.11
144.33702087402344 1624362360.408394 0.11
144.33702087402344 1624362360.41539 0.11
144.33702087402344 1624362360.422396 0.11
144.33702087402344 1624362360.429467 0.11
144.33702087402344 1624362360.436437 0.11
144.33702087402344 1624362360.443419 0.11
143.6464080810547 1624362360.450408 0.11
144.33702087402344 1624362360.457412 0.11
143.54727172851562 1624362360.464344 0.11
144.23739624023438 1624362360.471357 0.11
143.54727172851562 1624362360.478377 0.11
144.33702087402344 1624362360.485326 0.11
144.33702087402344 1624362360.492331 0.11
144.33702087402344 1624362360.499354 0.11
143.54727172851562 1624362360.506432 0.11
144.23739624023438 1624362360.513476 0.11
143.6464080810547 1624362360.520342 0.11
143.6464080810547 1624362360.527322 0.11
143.54727172851562 1624362360.534329 0.11
143.6464080810547 1624362360.541421 0.11
143.54727172851562 1624362360.548475 0.11
143.54727172851562 1624362360.555517 0.11
143.54727172851562 1624362360.562519 0.11
143.54727172851562 1624362360.569463 0.11
143.54727172851562 1624362360.576502 0.11
143.54727172851562 1624362360.583438 0.11
143.54727172851562 1624362360.590479 0.11
143.54727172851562 1624362360.597486 0.11
143.54727172851562 1624362360.604371 0.11
143.54727172851562 1624362360.611384 0.11
143.54727172851562 1624362360.618402 0.11
142.85714721679688 1624362360.625338 0.11
143.54727172851562 1624362360.632362 0.11
142.85714721679688 1624362360.639312 0.11
142.7586212158203 1624362360.646345 0.11
142.7586212158203 1624362360.653364 0.11
142.7586212158203 1624362360.660298 0.11
142.7586212158203 1624362360.667326 0.11
142.7586212158203 1624362360.674391 0.11
142.7586212158203 1624362360.681338 0.11
142.7586212158203 1624362360.68836 0.11
142.7586212158203 1624362360.695359 0.11
143.44827270507812 1624362360.702358 0.11
142.7586212158203 1624362360.709373 0.11
142.7586212158203 1624362360.716394 0.11
143.44827270507812 1624362360.723355 0.11
143.54727172851562 1624362360.730326 0.11
143.54727172851562 1624362360.737403 0.11
143.54727172851562 1624362360.744337 0.11
142.85714721679688 1624362360.751361 0.11
142.7586212158203 1624362360.75838 0.11
142.7586212158203 1624362360.765313 0.11
142.7586212158203 1624362360.772345 0.11
143.44827270507812 1624362360.77926 0.11
142.85714721679688 1624362360.786293 0.11
143.54727172851562 1624362360.79336 0.11
143.54727172851562 1624362360.800277 0.11
142.85714721679688 1624362360.807314 0.11
142.85714721679688 1624362360.814262 0.11
143.44827270507812 1624362360.821283 0.11
142.85714721679688 1624362360.828367 0.11
143.54727172851562 1624362360.835296 0.11
143.54727172851562 1624362360.842407 0.11
142.85714721679688 1624362360.849323 0.11
143.44827270507812 1624362360.85639 0.11
142.7586212158203 1624362360.863452 0.11
143.54727172851562 1624362360.870471 0.11
143.54727172851562 1624362360.877236 0.11
142.85714721679688 1624362360.884215 0.11
143.44827270507812 1624362360.891179 0.11
143.54727172851562 1624362360.898226 0.11
142.7586212158203 1624362360.90523 0.11
143.44827270507812 1624362360.912214 0.11
142.7586212158203 1624362360.919224 0.11
142.7586212158203 1624362360.926234 0.11
143.54727172851562 1624362360.93327 0.11
142.85714721679688 1624362360.940264 0.11
143.54727172851562 1624362360.947223 0.11
143.54727172851562 1624362360.954212 0.11
143.54727172851562 1624362360.961188 0.11
143.54727172851562 1624362360.96813 0.11
143.54727172851562 1624362360.97522 0.11
142.85714721679688 1624362360.982236 0.11
143.54727172851562 1624362360.989235 0.11
142.85714721679688 1624362360.996157 0.11
143.54727172851562 1624362361.003223 0.11
142.7586212158203 1624362361.01025 0.11
142.7586212158203 1624362361.017226 0.11
142.7586212158203 1624362361.02424 0.11
142.7586212158203 1624362361.031304 0.11
142.7586212158203 1624362361.038255 0.11
142.7586212158203 1624362361.045293 0.11
141.97105407714844 1624362361.052297 0.11
142.6602325439453 1624362361.059206 0.11
142.7586212158203 1624362361.066204 0.11
141.97105407714844 1624362361.073239 0.11
142.6602325439453 1624362361.08035 0.11
142.6602325439453 1624362361.087273 0.11
141.97105407714844 1624362361.094234 0.11
141.97105407714844 1624362361.101234 0.11
141.97105407714844 1624362361.10825 0.11
142.6602325439453 1624362361.115231 0.11
142.6602325439453 1624362361.122199 0.11
141.97105407714844 1624362361.129244 0.11
142.7586212158203 1624362361.136199 0.11
142.7586212158203 1624362361.143183 0.11
142.7586212158203 1624362361.1502 0.11
142.7586212158203 1624362361.157312 0.11
142.7586212158203 1624362361.164263 0.11
142.7586212158203 1624362361.171215 0.11
142.7586212158203 1624362361.178336 0.11
142.7586212158203 1624362361.185211 0.11
141.97105407714844 1624362361.192212 0.11
142.7586212158203 1624362361.199254 0.11
141.97105407714844 1624362361.206285 0.11
142.7586212158203 1624362361.213288 0.11
142.6602325439453 1624362361.220246 0.11
141.97105407714844 1624362361.227358 0.11
142.7586212158203 1624362361.234095 0.11
142.6602325439453 1624362361.241098 0.11
141.97105407714844 1624362361.248152 0.11
142.6602325439453 1624362361.255141 0.11
141.97105407714844 1624362361.26214 0.11
141.97105407714844 1624362361.269149 0.11
141.97105407714844 1624362361.276104 0.11
141.97105407714844 1624362361.283085 0.11
141.97105407714844 1624362361.290071 0.11
141.97105407714844 1624362361.297125 0.11
141.28187561035156 1624362361.304119 0.11
141.97105407714844 1624362361.311101 0.11
141.1845703125 1624362361.318057 0.11
141.97105407714844 1624362361.325095 0.11
141.97105407714844 1624362361.332118 0.11
141.97105407714844 1624362361.339081 0.11
141.97105407714844 1624362361.346153 0.11
141.97105407714844 1624362361.353189 0.11
141.97105407714844 1624362361.360195 0.11
141.97105407714844 1624362361.367199 0.11
141.97105407714844 1624362361.374163 0.11
141.97105407714844 1624362361.381206 0.11
141.97105407714844 1624362361.388159 0.11
141.97105407714844 1624362361.395153 0.11
141.1845703125 1624362361.402208 0.11
141.97105407714844 1624362361.409175 0.11
141.97105407714844 1624362361.416155 0.11
141.97105407714844 1624362361.423215 0.11
141.97105407714844 1624362361.430255 0.11
141.97105407714844 1624362361.437211 0.11
141.97105407714844 1624362361.444123 0.11
141.97105407714844 1624362361.451156 0.11
141.97105407714844 1624362361.458103 0.11
141.97105407714844 1624362361.465094 0.11
141.1845703125 1624362361.47209 0.11
141.1845703125 1624362361.479174 0.11
141.1845703125 1624362361.486245 0.11
141.1845703125 1624362361.493227 0.11
141.1845703125 1624362361.500088 0.11
141.1845703125 1624362361.507012 0.11
141.1845703125 1624362361.514091 0.11
141.1845703125 1624362361.521061 0.11
141.1845703125 1624362361.528064 0.11
141.1845703125 1624362361.53508 0.11
141.1845703125 1624362361.542034 0.11
140.49586486816406 1624362361.54903 0.11
141.1845703125 1624362361.555985 0.11
141.08740234375 1624362361.563029 0.11
140.49586486816406 1624362361.569979 0.11
141.1845703125 1624362361.577001 0.11
141.1845703125 1624362361.584015 0.11
141.1845703125 1624362361.591023 0.11
141.1845703125 1624362361.598004 0.11
141.1845703125 1624362361.604979 0.11
141.1845703125 1624362361.611988 0.11
141.1845703125 1624362361.619 0.11
140.49586486816406 1624362361.626096 0.11
141.1845703125 1624362361.633035 0.11
141.1845703125 1624362361.640065 0.11
141.1845703125 1624362361.647012 0.11
141.1845703125 1624362361.653951 0.11
140.49586486816406 1624362361.661003 0.11
141.08740234375 1624362361.668033 0.11
141.1845703125 1624362361.675018 0.11
140.49586486816406 1624362361.682059 0.11
141.1845703125 1624362361.689038 0.11
141.1845703125 1624362361.696061 0.11
140.49586486816406 1624362361.703069 0.11
141.1845703125 1624362361.710067 0.11
141.1845703125 1624362361.717084 0.11
141.1845703125 1624362361.72413 0.11
141.873291015625 1624362361.731042 0.11
141.1845703125 1624362361.738065 0.11
141.873291015625 1624362361.744944 0.11
141.1845703125 1624362361.752011 0.11
141.1845703125 1624362361.759 0.11
141.1845703125 1624362361.766054 0.11
141.1845703125 1624362361.77305 0.11
141.1845703125 1624362361.780066 0.11
141.873291015625 1624362361.787011 0.11
141.1845703125 1624362361.794016 0.11
141.1845703125 1624362361.80104 0.11
141.1845703125 1624362361.808015 0.11
141.1845703125 1624362361.814998 0.11
141.1845703125 1624362361.82202 0.11
141.1845703125 1624362361.8291 0.11
141.1845703125 1624362361.83604 0.11
141.1845703125 1624362361.843051 0.11
141.1845703125 1624362361.850144 0.11
141.1845703125 1624362361.857084 0.11
141.1845703125 1624362361.864024 0.11
141.1845703125 1624362361.87106 0.11
141.1845703125 1624362361.877995 0.11
141.1845703125 1624362361.885045 0.11
141.1845703125 1624362361.891999 0.11
141.1845703125 1624362361.899064 0.11
141.1845703125 1624362361.906034 0.11
141.1845703125 1624362361.913113 0.11
141.1845703125 1624362361.920123 0.11
141.1845703125 1624362361.9271 0.11
141.1845703125 1624362361.93396 0.11
141.1845703125 1624362361.940885 0.11
141.1845703125 1624362361.947937 0.11
141.1845703125 1624362361.954902 0.11
141.873291015625 1624362361.961879 0.11
141.1845703125 1624362361.968912 0.11
141.873291015625 1624362361.975846 0.11
141.873291015625 1624362361.982897 0.11
141.1845703125 1624362361.989857 0.11
141.873291015625 1624362361.996909 0.11
141.1845703125 1624362362.003879 0.11
141.1845703125 1624362362.010837 0.11
141.1845703125 1624362362.017839 0.11
141.1845703125 1624362362.02483 0.11
141.1845703125 1624362362.031836 0.11
141.873291015625 1624362362.038883 0.11
141.1845703125 1624362362.045916 0.11
141.873291015625 1624362362.052963 0.11
141.1845703125 1624362362.059904 0.11
141.1845703125 1624362362.06688 0.11
141.1845703125 1624362362.073902 0.11
141.1845703125 1624362362.080895 0.11
141.1845703125 1624362362.087855 0.11
141.1845703125 1624362362.094958 0.11
141.1845703125 1624362362.101905 0.11
141.1845703125 1624362362.10889 0.11
141.08740234375 1624362362.115914 0.11
140.49586486816406 1624362362.122921 0.11
141.08740234375 1624362362.129856 0.11
141.1845703125 1624362362.136911 0.11
141.1845703125 1624362362.14383 0.11
141.1845703125 1624362362.150881 0.11
140.399169921875 1624362362.157795 0.11
141.1845703125 1624362362.164874 0.11
141.1845703125 1624362362.171864 0.11
141.08740234375 1624362362.178865 0.11
141.08740234375 1624362362.185898 0.11
140.399169921875 1624362362.19285 0.11
140.399169921875 1624362362.199914 0.11
140.399169921875 1624362362.206832 0.11
140.399169921875 1624362362.213892 0.11
140.399169921875 1624362362.220919 0.11
140.399169921875 1624362362.227933 0.11
140.399169921875 1624362362.234884 0.11
140.399169921875 1624362362.241914 0.11
140.399169921875 1624362362.24889 0.11
140.399169921875 1624362362.255909 0.11
140.399169921875 1624362362.262961 0.11
140.399169921875 1624362362.269914 0.11
140.399169921875 1624362362.276939 0.11
140.399169921875 1624362362.283909 0.11
140.399169921875 1624362362.290892 0.11
140.399169921875 1624362362.297935 0.11
140.399169921875 1624362362.304966 0.11
140.399169921875 1624362362.311933 0.11
140.3026123046875 1624362362.318961 0.11
140.3026123046875 1624362362.325917 0.11
139.71095275878906 1624362362.333004 0.11
140.399169921875 1624362362.339983 0.11
139.71095275878906 1624362362.346915 0.11
140.399169921875 1624362362.353925 0.11
140.399169921875 1624362362.360959 0.11
139.71095275878906 1624362362.367902 0.11
140.399169921875 1624362362.375116 0.11
140.3026123046875 1624362362.382833 0.11
140.399169921875 1624362362.389812 0.11
140.399169921875 1624362362.396906 0.11
140.399169921875 1624362362.403853 0.11
140.399169921875 1624362362.410909 0.11
140.399169921875 1624362362.417953 0.11
139.71095275878906 1624362362.424841 0.11
140.399169921875 1624362362.431799 0.11
140.399169921875 1624362362.438791 0.11
140.399169921875 1624362362.445892 0.11
140.399169921875 1624362362.452927 0.11
140.399169921875 1624362362.460008 0.11
141.08740234375 1624362362.46692 0.11
141.08740234375 1624362362.473747 0.11
140.399169921875 1624362362.480862 0.11
140.399169921875 1624362362.487808 0.11
140.399169921875 1624362362.494648 0.11
140.399169921875 1624362362.501644 0.11
141.08740234375 1624362362.508731 0.11
141.1845703125 1624362362.515718 0.11
140.49586486816406 1624362362.522647 0.11
141.1845703125 1624362362.529673 0.11
141.1845703125 1624362362.536733 0.11
141.1845703125 1624362362.543633 0.11
141.1845703125 1624362362.550631 0.11
141.1845703125 1624362362.557684 0.11
140.49586486816406 1624362362.56465 0.11
141.1845703125 1624362362.571703 0.11
140.49586486816406 1624362362.57873 0.11
141.08740234375 1624362362.585703 0.11
140.49586486816406 1624362362.592817 0.11
141.1845703125 1624362362.599743 0.11
141.1845703125 1624362362.606733 0.11
140.49586486816406 1624362362.613741 0.11
141.1845703125 1624362362.620838 0.11
141.1845703125 1624362362.627772 0.11
140.49586486816406 1624362362.634813 0.11
141.1845703125 1624362362.641775 0.11
140.49586486816406 1624362362.64877 0.11
140.49586486816406 1624362362.655733 0.11
140.399169921875 1624362362.662801 0.11
140.399169921875 1624362362.669788 0.11
141.1845703125 1624362362.676753 0.11
141.08740234375 1624362362.6837 0.11
140.399169921875 1624362362.69069 0.11
141.08740234375 1624362362.697688 0.11
141.08740234375 1624362362.704729 0.11
141.08740234375 1624362362.7118 0.11
141.1845703125 1624362362.718826 0.11
140.49586486816406 1624362362.725735 0.11
140.49586486816406 1624362362.732811 0.11
141.08740234375 1624362362.739727 0.11
140.49586486816406 1624362362.746732 0.11
141.1845703125 1624362362.7538 0.11
141.1845703125 1624362362.760815 0.11
141.1845703125 1624362362.767844 0.11
141.1845703125 1624362362.77484 0.11
141.1845703125 1624362362.781807 0.11
140.399169921875 1624362362.788581 0.11
140.399169921875 1624362362.795668 0.11
140.49586486816406 1624362362.802709 0.11
141.1845703125 1624362362.809656 0.11
141.08740234375 1624362362.816651 0.11
140.399169921875 1624362362.823729 0.11
140.399169921875 1624362362.830692 0.11
140.399169921875 1624362362.837715 0.11
140.49586486816406 1624362362.844653 0.11
140.49586486816406 1624362362.851616 0.11
141.08740234375 1624362362.858631 0.11
140.49586486816406 1624362362.865688 0.11
141.08740234375 1624362362.872676 0.11
141.1845703125 1624362362.879628 0.11
141.1845703125 1624362362.88659 0.11
141.1845703125 1624362362.893631 0.11
140.49586486816406 1624362362.900655 0.11
141.1845703125 1624362362.907718 0.11
140.399169921875 1624362362.9147 0.11
140.399169921875 1624362362.92175 0.11
140.399169921875 1624362362.928708 0.11
140.399169921875 1624362362.935766 0.11
141.08740234375 1624362362.942698 0.11
141.08740234375 1624362362.949713 0.11
140.399169921875 1624362362.956764 0.11
140.399169921875 1624362362.963748 0.11
140.399169921875 1624362362.970738 0.11
140.399169921875 1624362362.977688 0.11
140.399169921875 1624362362.98476 0.11
140.399169921875 1624362362.991741 0.11
140.399169921875 1624362362.99876 0.11
140.399169921875 1624362363.005734 0.11
140.399169921875 1624362363.012755 0.11
140.3026123046875 1624362363.019795 0.11
140.399169921875 1624362363.026601 0.11
139.71095275878906 1624362363.03351 0.11
140.399169921875 1624362363.040508 0.11
140.399169921875 1624362363.047514 0.11
140.399169921875 1624362363.054622 0.11
140.399169921875 1624362363.061564 0.11
140.399169921875 1624362363.068589 0.11
140.399169921875 1624362363.075604 0.11
141.08740234375 1624362363.082567 0.11
140.399169921875 1624362363.08954 0.11
140.399169921875 1624362363.096559 0.11
140.399169921875 1624362363.103575 0.11
140.399169921875 1624362363.110613 0.11
140.399169921875 1624362363.117671 0.11
140.399169921875 1624362363.124639 0.11
140.399169921875 1624362363.131652 0.11
140.399169921875 1624362363.138687 0.11
140.399169921875 1624362363.14569 0.11
140.399169921875 1624362363.152689 0.11
140.399169921875 1624362363.159691 0.11
139.71095275878906 1624362363.16665 0.11
140.399169921875 1624362363.173676 0.11
140.399169921875 1624362363.180695 0.11
139.61485290527344 1624362363.187634 0.11
140.399169921875 1624362363.194703 0.11
139.71095275878906 1624362363.201744 0.11
140.399169921875 1624362363.208696 0.11
140.399169921875 1624362363.215684 0.11
139.71095275878906 1624362363.222719 0.11
140.3026123046875 1624362363.229672 0.11
139.61485290527344 1624362363.236681 0.11
139.61485290527344 1624362363.243703 0.11
140.3026123046875 1624362363.250667 0.11
139.61485290527344 1624362363.257654 0.11
139.61485290527344 1624362363.264621 0.11
139.61485290527344 1624362363.27141 0.11
139.61485290527344 1624362363.278455 0.11
139.61485290527344 1624362363.285466 0.11
139.61485290527344 1624362363.292546 0.11
139.71095275878906 1624362363.29946 0.11
139.61485290527344 1624362363.306518 0.11
139.61485290527344 1624362363.313475 0.11
139.61485290527344 1624362363.320458 0.11
139.61485290527344 1624362363.32748 0.11
139.61485290527344 1624362363.33452 0.11
139.61485290527344 1624362363.341517 0.11
139.61485290527344 1624362363.348569 0.11
139.61485290527344 1624362363.35558 0.11
139.61485290527344 1624362363.362568 0.11
139.61485290527344 1624362363.369596 0.11
139.61485290527344 1624362363.376593 0.11
139.61485290527344 1624362363.38363 0.11
139.61485290527344 1624362363.390583 0.11
140.399169921875 1624362363.397592 0.11
139.61485290527344 1624362363.404637 0.11
139.61485290527344 1624362363.411664 0.11
139.61485290527344 1624362363.418702 0.11
139.61485290527344 1624362363.425594 0.11
139.61485290527344 1624362363.432612 0.11
139.61485290527344 1624362363.43964 0.11
139.61485290527344 1624362363.446586 0.11
139.61485290527344 1624362363.453644 0.11
139.61485290527344 1624362363.460608 0.11
138.92710876464844 1624362363.467617 0.11
139.61485290527344 1624362363.474666 0.11
138.8316192626953 1624362363.481637 0.11
138.8316192626953 1624362363.48858 0.11
139.51890563964844 1624362363.495545 0.11
138.92710876464844 1624362363.502567 0.11
139.61485290527344 1624362363.509551 0.11
139.61485290527344 1624362363.516506 0.11
139.61485290527344 1624362363.523353 0.11
139.61485290527344 1624362363.53037 0.11
139.61485290527344 1624362363.537317 0.11
139.61485290527344 1624362363.544357 0.11
139.61485290527344 1624362363.551379 0.11
138.92710876464844 1624362363.558397 0.11
139.61485290527344 1624362363.565402 0.11
139.61485290527344 1624362363.57236 0.11
138.8316192626953 1624362363.579412 0.11
139.51890563964844 1624362363.586404 0.11
139.61485290527344 1624362363.593387 0.11
139.61485290527344 1624362363.60043 0.11
139.61485290527344 1624362363.607483 0.11
139.61485290527344 1624362363.614484 0.11
138.92710876464844 1624362363.621506 0.11
139.61485290527344 1624362363.628507 0.11
139.61485290527344 1624362363.635535 0.11
139.61485290527344 1624362363.642525 0.11
139.61485290527344 1624362363.649537 0.11
138.92710876464844 1624362363.65653 0.11
139.61485290527344 1624362363.663573 0.11
139.61485290527344 1624362363.670558 0.11
139.61485290527344 1624362363.677577 0.11
139.61485290527344 1624362363.684623 0.11
138.92710876464844 1624362363.691585 0.11
138.92710876464844 1624362363.698497 0.11
139.61485290527344 1624362363.705512 0.11
139.61485290527344 1624362363.712503 0.11
139.61485290527344 1624362363.719533 0.11
139.61485290527344 1624362363.726513 0.11
138.92710876464844 1624362363.733388 0.11
139.61485290527344 1624362363.740613 0.11
139.61485290527344 1624362363.747432 0.11
139.61485290527344 1624362363.754406 0.11
139.61485290527344 1624362363.761412 0.11
138.92710876464844 1624362363.768377 0.11
139.51890563964844 1624362363.775361 0.11
139.51890563964844 1624362363.782319 0.11
138.8316192626953 1624362363.789356 0.11
138.8316192626953 1624362363.796385 0.11
138.8316192626953 1624362363.803401 0.11
138.8316192626953 1624362363.810466 0.11
138.8316192626953 1624362363.817531 0.11
138.8316192626953 1624362363.824444 0.11
138.8316192626953 1624362363.831394 0.11
139.61485290527344 1624362363.83843 0.11
138.92710876464844 1624362363.8455 0.11
139.61485290527344 1624362363.852389 0.11
139.61485290527344 1624362363.859411 0.11
139.61485290527344 1624362363.866466 0.11
139.51890563964844 1624362363.873431 0.11
138.8316192626953 1624362363.880446 0.11
139.51890563964844 1624362363.887423 0.11
138.92710876464844 1624362363.89449 0.11
138.8316192626953 1624362363.901498 0.11
139.51890563964844 1624362363.908477 0.11
138.8316192626953 1624362363.915423 0.11
138.04945373535156 1624362363.922486 0.11
138.73626708984375 1624362363.929507 0.11
138.73626708984375 1624362363.936528 0.11
138.1443328857422 1624362363.943479 0.11
138.8316192626953 1624362363.950491 0.11
138.8316192626953 1624362363.95748 0.11
138.8316192626953 1624362363.964414 0.11
138.8316192626953 1624362363.971471 0.11
138.1443328857422 1624362363.978296 0.11
138.8316192626953 1624362363.985325 0.11
138.8316192626953 1624362363.992326 0.11
138.8316192626953 1624362363.999355 0.11
138.8316192626953 1624362364.00636 0.11
138.1443328857422 1624362364.013389 0.11
138.8316192626953 1624362364.02037 0.11
138.8316192626953 1624362364.027369 0.11
138.1443328857422 1624362364.034348 0.11
138.8316192626953 1624362364.041354 0.11
138.8316192626953 1624362364.048387 0.11
138.1443328857422 1624362364.055411 0.11
138.8316192626953 1624362364.062267 0.11
138.8316192626953 1624362364.069269 0.11
138.73626708984375 1624362364.07637 0.11
138.8316192626953 1624362364.083349 0.11
138.1443328857422 1624362364.090415 0.11
138.8316192626953 1624362364.097357 0.11
138.8316192626953 1624362364.104392 0.11
138.8316192626953 1624362364.111403 0.11
138.8316192626953 1624362364.118407 0.11
138.8316192626953 1624362364.125332 0.11
138.04945373535156 1624362364.132337 0.11
138.73626708984375 1624362364.139417 0.11
138.73626708984375 1624362364.146449 0.11
138.1443328857422 1624362364.153399 0.11
138.04945373535156 1624362364.160407 0.11
138.04945373535156 1624362364.167436 0.11
138.04945373535156 1624362364.174428 0.11
138.04945373535156 1624362364.181205 0.11
138.04945373535156 1624362364.188198 0.11
138.73626708984375 1624362364.19521 0.11
138.04945373535156 1624362364.202281 0.11
138.04945373535156 1624362364.209309 0.11
138.04945373535156 1624362364.216338 0.11
137.26837158203125 1624362364.22333 0.11
137.95469665527344 1624362364.230335 0.11
137.26837158203125 1624362364.237413 0.11
137.36264038085938 1624362364.244243 0.11
137.36264038085938 1624362364.251402 0.11
138.04945373535156 1624362364.258389 0.11
137.26837158203125 1624362364.265347 0.11
138.04945373535156 1624362364.272336 0.11
137.26837158203125 1624362364.279277 0.11
137.26837158203125 1624362364.286307 0.11
137.26837158203125 1624362364.293343 0.11
137.26837158203125 1624362364.300389 0.11
137.26837158203125 1624362364.307362 0.11
137.26837158203125 1624362364.314311 0.11
137.26837158203125 1624362364.32131 0.11
137.26837158203125 1624362364.328332 0.11
137.26837158203125 1624362364.335257 0.11
137.26837158203125 1624362364.342382 0.11
137.95469665527344 1624362364.349353 0.11
137.26837158203125 1624362364.356362 0.11
137.95469665527344 1624362364.363393 0.11
138.04945373535156 1624362364.37035 0.11
137.26837158203125 1624362364.377387 0.11
137.26837158203125 1624362364.384353 0.11
137.26837158203125 1624362364.391358 0.11
137.26837158203125 1624362364.398205 0.11
137.26837158203125 1624362364.405174 0.11
137.26837158203125 1624362364.412275 0.11
137.26837158203125 1624362364.419257 0.11
137.26837158203125 1624362364.426278 0.11
137.26837158203125 1624362364.43331 0.11
137.26837158203125 1624362364.440214 0.11
137.26837158203125 1624362364.447208 0.11
137.26837158203125 1624362364.454328 0.11
137.95469665527344 1624362364.4612 0.11
137.26837158203125 1624362364.468205 0.11
137.26837158203125 1624362364.475194 0.11
137.26837158203125 1624362364.482169 0.11
137.26837158203125 1624362364.489188 0.11
137.26837158203125 1624362364.496173 0.11
137.26837158203125 1624362364.503197 0.11
137.26837158203125 1624362364.510154 0.11
137.26837158203125 1624362364.517174 0.11
137.26837158203125 1624362364.524277 0.11
137.26837158203125 1624362364.531198 0.11
137.26837158203125 1624362364.53818 0.11
136.58201599121094 1624362364.545193 0.11
137.26837158203125 1624362364.552175 0.11
137.17420959472656 1624362364.559375 0.11
136.58201599121094 1624362364.566181 0.11
137.26837158203125 1624362364.573161 0.11
137.26837158203125 1624362364.580192 0.11
136.58201599121094 1624362364.587264 0.11
137.26837158203125 1624362364.594302 0.11
137.26837158203125 1624362364.601293 0.11
136.58201599121094 1624362364.608366 0.11
137.26837158203125 1624362364.615379 0.11
136.58201599121094 1624362364.622415 0.11
137.17420959472656 1624362364.629367 0.11
137.26837158203125 1624362364.636167 0.11
136.58201599121094 1624362364.643135 0.11
137.26837158203125 1624362364.650072 0.11
136.4883270263672 1624362364.657123 0.11
136.4883270263672 1624362364.664063 0.11
136.4883270263672 1624362364.671163 0.11
136.4883270263672 1624362364.678128 0.11
137.17420959472656 1624362364.685108 0.11
136.4883270263672 1624362364.6921 0.11
136.4883270263672 1624362364.699191 0.11
137.17420959472656 1624362364.706144 0.11
136.4883270263672 1624362364.713203 0.11
136.4883270263672 1624362364.720178 0.11
136.4883270263672 1624362364.727185 0.11
136.4883270263672 1624362364.734201 0.11
136.4883270263672 1624362364.741229 0.11
136.4883270263672 1624362364.748145 0.11
136.4883270263672 1624362364.755195 0.11
136.4883270263672 1624362364.762176 0.11
136.4883270263672 1624362364.769183 0.11
136.4883270263672 1624362364.776225 0.11
136.4883270263672 1624362364.783194 0.11
136.4883270263672 1624362364.790207 0.11
135.80245971679688 1624362364.797163 0.11
136.4883270263672 1624362364.804209 0.11
136.4883270263672 1624362364.811198 0.11
136.4883270263672 1624362364.818228 0.11
136.4883270263672 1624362364.825223 0.11
135.80245971679688 1624362364.832198 0.11
136.4883270263672 1624362364.839172 0.11
136.4883270263672 1624362364.846184 0.11
135.80245971679688 1624362364.853172 0.11
136.39479064941406 1624362364.860159 0.11
136.4883270263672 1624362364.867163 0.11
135.7093963623047 1624362364.874185 0.11
135.80245971679688 1624362364.881257 0.11
136.39479064941406 1624362364.888219 0.11
135.7093963623047 1624362364.895224 0.11
136.39479064941406 1624362364.902222 0.11
135.7093963623047 1624362364.90925 0.11
135.7093963623047 1624362364.916092 0.11
135.7093963623047 1624362364.923068 0.11
135.7093963623047 1624362364.930054 0.11
136.4883270263672 1624362364.937015 0.11
136.4883270263672 1624362364.944065 0.11
135.7093963623047 1624362364.951097 0.11
136.39479064941406 1624362364.958058 0.11
136.39479064941406 1624362364.965048 0.11
136.4883270263672 1624362364.972092 0.11
136.4883270263672 1624362364.979014 0.11
135.7093963623047 1624362364.985985 0.11
135.7093963623047 1624362364.993041 0.11
135.7093963623047 1624362365.000011 0.11
135.7093963623047 1624362365.006999 0.11
135.7093963623047 1624362365.014097 0.11
135.7093963623047 1624362365.021151 0.11
135.7093963623047 1624362365.028096 0.11
135.7093963623047 1624362365.035009 0.11
135.7093963623047 1624362365.042008 0.11
135.7093963623047 1624362365.049055 0.11
135.7093963623047 1624362365.056059 0.11
135.7093963623047 1624362365.063013 0.11
136.39479064941406 1624362365.07008 0.11
136.39479064941406 1624362365.077036 0.11
135.7093963623047 1624362365.084029 0.11
136.39479064941406 1624362365.091157 0.11
136.39479064941406 1624362365.098158 0.11
135.80245971679688 1624362365.105174 0.11
136.4883270263672 1624362365.112179 0.11
135.7093963623047 1624362365.119144 0.11
135.7093963623047 1624362365.126174 0.11
135.7093963623047 1624362365.133211 0.11
135.7093963623047 1624362365.14017 0.11
136.39479064941406 1624362365.1472 0.11
136.39479064941406 1624362365.154169 0.11
135.7093963623047 1624362365.161221 0.11
136.39479064941406 1624362365.168175 0.11
135.7093963623047 1624362365.175162 0.11
136.4883270263672 1624362365.182016 0.11
136.39479064941406 1624362365.189154 0.11
135.7093963623047 1624362365.195928 0.11
136.39479064941406 1624362365.203015 0.11
136.39479064941406 1624362365.209956 0.11
135.7093963623047 1624362365.217029 0.11
136.39479064941406 1624362365.223999 0.11
135.7093963623047 1624362365.230959 0.11
135.7093963623047 1624362365.237928 0.11
136.4883270263672 1624362365.245018 0.11
135.7093963623047 1624362365.251981 0.11
135.7093963623047 1624362365.259041 0.11
136.39479064941406 1624362365.26604 0.11
135.7093963623047 1624362365.272947 0.11
136.39479064941406 1624362365.280018 0.11
136.39479064941406 1624362365.286981 0.11
135.7093963623047 1624362365.293944 0.11
135.7093963623047 1624362365.300956 0.11
136.39479064941406 1624362365.308041 0.11
135.7093963623047 1624362365.315019 0.11
135.7093963623047 1624362365.322025 0.11
135.7093963623047 1624362365.328978 0.11
136.39479064941406 1624362365.335997 0.11
136.39479064941406 1624362365.343006 0.11
135.7093963623047 1624362365.350058 0.11
135.7093963623047 1624362365.357039 0.11
135.7093963623047 1624362365.364086 0.11
135.80245971679688 1624362365.371059 0.11
135.80245971679688 1624362365.378019 0.11
135.7093963623047 1624362365.384987 0.11
135.7093963623047 1624362365.391967 0.11
136.39479064941406 1624362365.398948 0.11
135.7093963623047 1624362365.406006 0.11
135.7093963623047 1624362365.413071 0.11
135.7093963623047 1624362365.420023 0.11
135.7093963623047 1624362365.427004 0.11
135.7093963623047 1624362365.434065 0.11
135.7093963623047 1624362365.441046 0.11
135.7093963623047 1624362365.44806 0.11
135.7093963623047 1624362365.455044 0.11
135.7093963623047 1624362365.462047 0.11
136.39479064941406 1624362365.469047 0.11
136.39479064941406 1624362365.475971 0.11
135.7093963623047 1624362365.482953 0.11
135.7093963623047 1624362365.489977 0.11
135.7093963623047 1624362365.496807 0.11
136.39479064941406 1624362365.504057 0.11
135.7093963623047 1624362365.510851 0.11
135.80245971679688 1624362365.517925 0.11
135.7093963623047 1624362365.524768 0.11
135.7093963623047 1624362365.531837 0.11
135.7093963623047 1624362365.538837 0.11
135.7093963623047 1624362365.545781 0.11
135.7093963623047 1624362365.552796 0.11
135.7093963623047 1624362365.55985 0.11
135.7093963623047 1624362365.566959 0.11
135.7093963623047 1624362365.573815 0.11
135.7093963623047 1624362365.58087 0.11
135.7093963623047 1624362365.587884 0.11
135.7093963623047 1624362365.594881 0.11
136.39479064941406 1624362365.601858 0.11
136.4883270263672 1624362365.608913 0.11
136.4883270263672 1624362365.615892 0.11
135.7093963623047 1624362365.622816 0.11
135.7093963623047 1624362365.629889 0.11
135.7093963623047 1624362365.636922 0.11
135.7093963623047 1624362365.643877 0.11
135.7093963623047 1624362365.650924 0.11
135.7093963623047 1624362365.658013 0.11
135.7093963623047 1624362365.664953 0.11
135.7093963623047 1624362365.672016 0.11
135.7093963623047 1624362365.678933 0.11
135.7093963623047 1624362365.686032 0.11
135.7093963623047 1624362365.692961 0.11
135.80245971679688 1624362365.700036 0.11
135.7093963623047 1624362365.707028 0.11
136.39479064941406 1624362365.713974 0.11
136.39479064941406 1624362365.721045 0.11
136.4883270263672 1624362365.728019 0.11
136.4883270263672 1624362365.735005 0.11
136.4883270263672 1624362365.741972 0.11
135.80245971679688 1624362365.749025 0.11
136.4883270263672 1624362365.75582 0.11
136.4883270263672 1624362365.762798 0.11
136.4883270263672 1624362365.769876 0.11
136.4883270263672 1624362365.776808 0.11
136.4883270263672 1624362365.783751 0.11
136.4883270263672 1624362365.790768 0.11
136.4883270263672 1624362365.797801 0.11
136.4883270263672 1624362365.804777 0.11
135.80245971679688 1624362365.811848 0.11
136.4883270263672 1624362365.818824 0.11
136.4883270263672 1624362365.825836 0.11
136.4883270263672 1624362365.832741 0.11
135.7093963623047 1624362365.839767 0.11
136.4883270263672 1624362365.846874 0.11
136.4883270263672 1624362365.853849 0.11
136.4883270263672 1624362365.860854 0.11
136.4883270263672 1624362365.867845 0.11
136.4883270263672 1624362365.874948 0.11
136.4883270263672 1624362365.881849 0.11
136.4883270263672 1624362365.888793 0.11
136.4883270263672 1624362365.895828 0.11
136.4883270263672 1624362365.902853 0.11
136.4883270263672 1624362365.909925 0.11
136.4883270263672 1624362365.916892 0.11
136.4883270263672 1624362365.923886 0.11
136.4883270263672 1624362365.930919 0.11
136.4883270263672 1624362365.93792 0.11
136.4883270263672 1624362365.944895 0.11
136.4883270263672 1624362365.951919 0.11
136.4883270263672 1624362365.958916 0.11
136.4883270263672 1624362365.96592 0.11
136.4883270263672 1624362365.972917 0.11
136.4883270263672 1624362365.97988 0.11
136.4883270263672 1624362365.986829 0.11
136.4883270263672 1624362365.993774 0.11
136.4883270263672 1624362366.000666 0.11
136.4883270263672 1624362366.007692 0.11
136.4883270263672 1624362366.014762 0.11
136.4883270263672 1624362366.021676 0.11
136.4883270263672 1624362366.028647 0.11
136.4883270263672 1624362366.035633 0.11
137.17420959472656 1624362366.042755 0.11
136.4883270263672 1624362366.049734 0.11
136.4883270263672 1624362366.056811 0.11
136.4883270263672 1624362366.06374 0.11
136.4883270263672 1624362366.070847 0.11
136.4883270263672 1624362366.07783 0.11
136.4883270263672 1624362366.084822 0.11
136.4883270263672 1624362366.091749 0.11
137.17420959472656 1624362366.098778 0.11
136.4883270263672 1624362366.105843 0.11
136.4883270263672 1624362366.112803 0.11
136.4883270263672 1624362366.119831 0.11
136.4883270263672 1624362366.126732 0.11
136.4883270263672 1624362366.133804 0.11
136.4883270263672 1624362366.140728 0.11
136.4883270263672 1624362366.147791 0.11
136.4883270263672 1624362366.154784 0.11
136.4883270263672 1624362366.161766 0.11
136.4883270263672 1624362366.168753 0.11
136.4883270263672 1624362366.175759 0.11
136.4883270263672 1624362366.182838 0.11
136.4883270263672 1624362366.189861 0.11
136.4883270263672 1624362366.196864 0.11
135.80245971679688 1624362366.203882 0.11
136.4883270263672 1624362366.210751 0.11
136.4883270263672 1624362366.217699 0.11
136.4883270263672 1624362366.22469 0.11
136.4883270263672 1624362366.231695 0.11
135.80245971679688 1624362366.238693 0.11
136.4883270263672 1624362366.245701 0.11
136.4883270263672 1624362366.252733 0.11
135.80245971679688 1624362366.259686 0.11
136.4883270263672 1624362366.266744 0.11
136.4883270263672 1624362366.273732 0.11
136.4883270263672 1624362366.280703 0.11
136.4883270263672 1624362366.28776 0.11
136.4883270263672 1624362366.294762 0.11
136.4883270263672 1624362366.301736 0.11
136.4883270263672 1624362366.308752 0.11
136.4883270263672 1624362366.315734 0.11
136.39479064941406 1624362366.322762 0.11
136.4883270263672 1624362366.329718 0.11
135.7093963623047 1624362366.336742 0.11
136.4883270263672 1624362366.343731 0.11
136.4883270263672 1624362366.350716 0.11
136.4883270263672 1624362366.357657 0.11
136.4883270263672 1624362366.364727 0.11
135.80245971679688 1624362366.371753 0.11
136.4883270263672 1624362366.378752 0.11
136.4883270263672 1624362366.385781 0.11
135.80245971679688 1624362366.392787 0.11
136.4883270263672 1624362366.39975 0.11
136.4883270263672 1624362366.406782 0.11
136.4883270263672 1624362366.413747 0.11
136.4883270263672 1624362366.420713 0.11
135.80245971679688 1624362366.427655 0.11
136.4883270263672 1624362366.434668 0.11
136.4883270263672 1624362366.441766 0.11
136.4883270263672 1624362366.448704 0.11
136.4883270263672 1624362366.455636 0.11
136.4883270263672 1624362366.462672 0.11
136.4883270263672 1624362366.469607 0.11
136.4883270263672 1624362366.476641 0.11
136.4883270263672 1624362366.483646 0.11
136.4883270263672 1624362366.490537 0.11
136.4883270263672 1624362366.497534 0.11
135.7093963623047 1624362366.504585 0.11
136.4883270263672 1624362366.511627 0.11
136.4883270263672 1624362366.518624 0.11
135.80245971679688 1624362366.525653 0.11
136.4883270263672 1624362366.532668 0.11
135.7093963623047 1624362366.539665 0.11
135.7093963623047 1624362366.546641 0.11
135.7093963623047 1624362366.553703 0.11
135.7093963623047 1624362366.560697 0.11
136.39479064941406 1624362366.567721 0.11
135.7093963623047 1624362366.574653 0.11
135.7093963623047 1624362366.581617 0.11
136.4883270263672 1624362366.588589 0.11
135.7093963623047 1624362366.59557 0.11
136.39479064941406 1624362366.602589 0.11
136.4883270263672 1624362366.609626 0.11
136.4883270263672 1624362366.616646 0.11
136.4883270263672 1624362366.623601 0.11
135.80245971679688 1624362366.63057 0.11
136.4883270263672 1624362366.637559 0.11
135.80245971679688 1624362366.644579 0.11
135.7093963623047 1624362366.651662 0.11
135.80245971679688 1624362366.658635 0.11
136.39479064941406 1624362366.665687 0.11
135.7093963623047 1624362366.67271 0.11
136.4883270263672 1624362366.679683 0.11
136.4883270263672 1624362366.686742 0.11
136.4883270263672 1624362366.693673 0.11
136.4883270263672 1624362366.700681 0.11
136.4883270263672 1624362366.707751 0.11
135.80245971679688 1624362366.714682 0.11
136.4883270263672 1624362366.721761 0.11
135.7093963623047 1624362366.728756 0.11
136.39479064941406 1624362366.735535 0.11
135.7093963623047 1624362366.742559 0.11
135.80245971679688 1624362366.74955 0.11
136.4883270263672 1624362366.756553 0.11
136.4883270263672 1624362366.763577 0.11
135.7093963623047 1624362366.770526 0.11
136.39479064941406 1624362366.777506 0.11
135.7093963623047 1624362366.784605 0.11
136.4883270263672 1624362366.791615 0.11
135.7093963623047 1624362366.798511 0.11
135.7093963623047 1624362366.805584 0.11
135.7093963623047 1624362366.812546 0.11
135.7093963623047 1624362366.819572 0.11
135.7093963623047 1624362366.826552 0.11
135.7093963623047 1624362366.833532 0.11
135.7093963623047 1624362366.840548 0.11
135.7093963623047 1624362366.847548 0.11
135.7093963623047 1624362366.854587 0.11
135.7093963623047 1624362366.86158 0.11
136.39479064941406 1624362366.868621 0.11
136.39479064941406 1624362366.875618 0.11
135.80245971679688 1624362366.882637 0.11
136.4883270263672 1624362366.889623 0.11
135.7093963623047 1624362366.896622 0.11
135.7093963623047 1624362366.903641 0.11
136.39479064941406 1624362366.91055 0.11
135.7093963623047 1624362366.917476 0.11
136.39479064941406 1624362366.924542 0.11
135.7093963623047 1624362366.931475 0.11
135.7093963623047 1624362366.938573 0.11
135.7093963623047 1624362366.945519 0.11
136.39479064941406 1624362366.952445 0.11
135.7093963623047 1624362366.959438 0.11
135.7093963623047 1624362366.966493 0.11
135.80245971679688 1624362366.973515 0.11
136.4883270263672 1624362366.980498 0.11
136.39479064941406 1624362366.987494 0.11
135.7093963623047 1624362366.994564 0.11
135.7093963623047 1624362367.001553 0.11
136.39479064941406 1624362367.008518 0.11
135.7093963623047 1624362367.015516 0.11
135.7093963623047 1624362367.022581 0.11
136.39479064941406 1624362367.029572 0.11
135.7093963623047 1624362367.036582 0.11
136.39479064941406 1624362367.043534 0.11
135.7093963623047 1624362367.050578 0.11
135.7093963623047 1624362367.057604 0.11
135.7093963623047 1624362367.064502 0.11
135.7093963623047 1624362367.071572 0.11
135.7093963623047 1624362367.078527 0.11
135.7093963623047 1624362367.085538 0.11
135.7093963623047 1624362367.092548 0.11
135.7093963623047 1624362367.099578 0.11
135.7093963623047 1624362367.106499 0.11
135.7093963623047 1624362367.113552 0.11
135.7093963623047 1624362367.120513 0.11
135.7093963623047 1624362367.127566 0.11
135.7093963623047 1624362367.134572 0.11
136.39479064941406 1624362367.141394 0.11
135.7093963623047 1624362367.148401 0.11
135.7093963623047 1624362367.155374 0.11
135.7093963623047 1624362367.162444 0.11
135.7093963623047 1624362367.169426 0.11
135.7093963623047 1624362367.176416 0.11
135.0240020751953 1624362367.183399 0.11
135.7093963623047 1624362367.190396 0.11
135.7093963623047 1624362367.197402 0.11
135.7093963623047 1624362367.204436 0.11
135.7093963623047 1624362367.211486 0.11
135.7093963623047 1624362367.218423 0.11
135.7093963623047 1624362367.225593 0.11
135.7093963623047 1624362367.232443 0.11
135.0240020751953 1624362367.239467 0.11
135.7093963623047 1624362367.246421 0.11
135.7093963623047 1624362367.253483 0.11
135.7093963623047 1624362367.260464 0.11
135.7093963623047 1624362367.267513 0.11
135.7093963623047 1624362367.274494 0.11
135.7093963623047 1624362367.281519 0.11
135.7093963623047 1624362367.288518 0.11
135.0240020751953 1624362367.295515 0.11
135.7093963623047 1624362367.302582 0.11
135.7093963623047 1624362367.309633 0.11
135.7093963623047 1624362367.316497 0.11
135.7093963623047 1624362367.323557 0.11
135.7093963623047 1624362367.330524 0.11
135.0240020751953 1624362367.337524 0.11
135.7093963623047 1624362367.344458 0.11
135.61643981933594 1624362367.351362 0.11
135.7093963623047 1624362367.358356 0.11
135.7093963623047 1624362367.365407 0.11
135.7093963623047 1624362367.372362 0.11
135.7093963623047 1624362367.379332 0.11
135.7093963623047 1624362367.386319 0.11
135.0240020751953 1624362367.393299 0.11
135.61643981933594 1624362367.400409 0.11
135.0240020751953 1624362367.407426 0.11
135.7093963623047 1624362367.414355 0.11
135.7093963623047 1624362367.421396 0.11
134.93150329589844 1624362367.428437 0.11
134.93150329589844 1624362367.435352 0.11
135.61643981933594 1624362367.442376 0.11
134.93150329589844 1624362367.449395 0.11
135.61643981933594 1624362367.456451 0.11
135.61643981933594 1624362367.463377 0.11
135.0240020751953 1624362367.470431 0.11
134.93150329589844 1624362367.477434 0.11
134.93150329589844 1624362367.484375 0.11
135.61643981933594 1624362367.491425 0.11
134.93150329589844 1624362367.498373 0.11
134.93150329589844 1624362367.505388 0.11
134.93150329589844 1624362367.512457 0.11
134.93150329589844 1624362367.519453 0.11
134.93150329589844 1624362367.526446 0.11
135.61643981933594 1624362367.533438 0.11
134.93150329589844 1624362367.540283 0.11
134.93150329589844 1624362367.547249 0.11
134.93150329589844 1624362367.55432 0.11
134.93150329589844 1624362367.561251 0.11
134.93150329589844 1624362367.568321 0.11
134.93150329589844 1624362367.57523 0.11
134.93150329589844 1624362367.582271 0.11
134.93150329589844 1624362367.589407 0.11
134.93150329589844 1624362367.596385 0.11
134.93150329589844 1624362367.603343 0.11
134.93150329589844 1624362367.610381 0.11
134.93150329589844 1624362367.61738 0.11
134.93150329589844 1624362367.624351 0.11
134.93150329589844 1624362367.631358 0.11
134.93150329589844 1624362367.63827 0.11
134.93150329589844 1624362367.645253 0.11
134.93150329589844 1624362367.652285 0.11
134.93150329589844 1624362367.659367 0.11
134.93150329589844 1624362367.666415 0.11
134.93150329589844 1624362367.673311 0.11
134.93150329589844 1624362367.680258 0.11
134.93150329589844 1624362367.687256 0.11
134.93150329589844 1624362367.694348 0.11
134.93150329589844 1624362367.701338 0.11
134.93150329589844 1624362367.708409 0.11
134.93150329589844 1624362367.715376 0.11
134.93150329589844 1624362367.722403 0.11
134.93150329589844 1624362367.729308 0.11
134.93150329589844 1624362367.73635 0.11
134.93150329589844 1624362367.743333 0.11
134.93150329589844 1624362367.750371 0.11
134.93150329589844 1624362367.757342 0.11
134.93150329589844 1624362367.764348 0.11
134.93150329589844 1624362367.77139 0.11
134.93150329589844 1624362367.778348 0.11
134.93150329589844 1624362367.785424 0.11
134.93150329589844 1624362367.79237 0.11
134.93150329589844 1624362367.799364 0.11
134.93150329589844 1624362367.806327 0.11
134.93150329589844 1624362367.813406 0.11
134.93150329589844 1624362367.82023 0.11
134.93150329589844 1624362367.827271 0.11
134.93150329589844 1624362367.834307 0.11
134.93150329589844 1624362367.841382 0.11
134.93150329589844 1624362367.848236 0.11
134.93150329589844 1624362367.855345 0.11
134.93150329589844 1624362367.86222 0.11
134.93150329589844 1624362367.869239 0.11
134.93150329589844 1624362367.876255 0.11
134.24656677246094 1624362367.883269 0.11
134.93150329589844 1624362367.890232 0.11
134.93150329589844 1624362367.89727 0.11
134.93150329589844 1624362367.904217 0.11
134.93150329589844 1624362367.911224 0.11
134.93150329589844 1624362367.918267 0.11
134.93150329589844 1624362367.925179 0.11
134.83914184570312 1624362367.932199 0.11
134.15469360351562 1624362367.939247 0.11
134.83914184570312 1624362367.946255 0.11
134.15469360351562 1624362367.953267 0.11
134.15469360351562 1624362367.960327 0.11
134.83914184570312 1624362367.967316 0.11
134.15469360351562 1624362367.974291 0.11
134.93150329589844 1624362367.981364 0.11
134.93150329589844 1624362367.988362 0.11
134.15469360351562 1624362367.995251 0.11
134.93150329589844 1624362368.002319 0.11
134.83914184570312 1624362368.009369 0.11
134.93150329589844 1624362368.016238 0.11
134.93150329589844 1624362368.023253 0.11
134.93150329589844 1624362368.030197 0.11
134.15469360351562 1624362368.03732 0.11
134.93150329589844 1624362368.04439 0.11
134.15469360351562 1624362368.051351 0.11
134.83914184570312 1624362368.058308 0.11
134.24656677246094 1624362368.065057 0.11
134.24656677246094 1624362368.072154 0.11
134.83914184570312 1624362368.079168 0.11
134.83914184570312 1624362368.086148 0.11
134.15469360351562 1624362368.093139 0.11
134.15469360351562 1624362368.100191 0.11
134.15469360351562 1624362368.107126 0.11
134.15469360351562 1624362368.114172 0.11
134.15469360351562 1624362368.121221 0.11
134.15469360351562 1624362368.128137 0.11
134.15469360351562 1624362368.135174 0.11
134.15469360351562 1624362368.142122 0.11
134.15469360351562 1624362368.149141 0.11
134.15469360351562 1624362368.156169 0.11
134.15469360351562 1624362368.16311 0.11
134.15469360351562 1624362368.170178 0.11
134.15469360351562 1624362368.177182 0.11
134.15469360351562 1624362368.184153 0.11
134.15469360351562 1624362368.191226 0.11
134.15469360351562 1624362368.198237 0.11
134.15469360351562 1624362368.205224 0.11
134.15469360351562 1624362368.212253 0.11
134.15469360351562 1624362368.219184 0.11
134.15469360351562 1624362368.226243 0.11
134.15469360351562 1624362368.233249 0.11
134.15469360351562 1624362368.240281 0.11
134.15469360351562 1624362368.24723 0.11
134.15469360351562 1624362368.254202 0.11
134.15469360351562 1624362368.261273 0.11
134.15469360351562 1624362368.268313 0.11
134.15469360351562 1624362368.275126 0.11
134.15469360351562 1624362368.282072 0.11
134.15469360351562 1624362368.289043 0.11
134.15469360351562 1624362368.296055 0.11
134.83914184570312 1624362368.303099 0.11
134.15469360351562 1624362368.310056 0.11
134.15469360351562 1624362368.317141 0.11
134.15469360351562 1624362368.324099 0.11
134.15469360351562 1624362368.331152 0.11
134.15469360351562 1624362368.338143 0.11
134.15469360351562 1624362368.345132 0.11
134.15469360351562 1624362368.352147 0.11
134.15469360351562 1624362368.359188 0.11
134.15469360351562 1624362368.366135 0.11
134.15469360351562 1624362368.373147 0.11
134.15469360351562 1624362368.380118 0.11
134.15469360351562 1624362368.387134 0.11
134.15469360351562 1624362368.394119 0.11
134.83914184570312 1624362368.401116 0.11
134.15469360351562 1624362368.408154 0.11
134.15469360351562 1624362368.415141 0.11
134.15469360351562 1624362368.422113 0.11
133.47021484375 1624362368.429133 0.11
134.15469360351562 1624362368.436091 0.11
134.15469360351562 1624362368.443183 0.11
134.15469360351562 1624362368.450141 0.11
134.15469360351562 1624362368.457138 0.11
134.15469360351562 1624362368.464183 0.11
134.15469360351562 1624362368.471201 0.11
134.83914184570312 1624362368.478141 0.11
134.15469360351562 1624362368.485194 0.11
134.15469360351562 1624362368.492236 0.11
134.83914184570312 1624362368.499159 0.11
134.15469360351562 1624362368.506201 0.11
134.15469360351562 1624362368.513118 0.11
134.15469360351562 1624362368.520049 0.11
134.15469360351562 1624362368.527008 0.11
134.15469360351562 1624362368.534014 0.11
134.15469360351562 1624362368.541066 0.11
134.15469360351562 1624362368.547905 0.11
134.15469360351562 1624362368.554991 0.11
134.15469360351562 1624362368.562032 0.11
134.15469360351562 1624362368.569045 0.11
134.15469360351562 1624362368.576004 0.11
134.15469360351562 1624362368.583064 0.11
134.15469360351562 1624362368.590086 0.11
133.47021484375 1624362368.597053 0.11
134.15469360351562 1624362368.604084 0.11
134.15469360351562 1624362368.611076 0.11
134.15469360351562 1624362368.618091 0.11
134.06292724609375 1624362368.625049 0.11
133.37893676757812 1624362368.632078 0.11
133.37893676757812 1624362368.639107 0.11
133.47021484375 1624362368.646077 0.11
133.47021484375 1624362368.653034 0.11
134.06292724609375 1624362368.66005 0.11
134.15469360351562 1624362368.666985 0.11
133.37893676757812 1624362368.673946 0.11
133.37893676757812 1624362368.681126 0.11
133.37893676757812 1624362368.688131 0.11
133.37893676757812 1624362368.695119 0.11
133.37893676757812 1624362368.702082 0.11
133.37893676757812 1624362368.7091 0.11
133.37893676757812 1624362368.716206 0.11
133.37893676757812 1624362368.723097 0.11
133.37893676757812 1624362368.730106 0.11
133.37893676757812 1624362368.737106 0.11
133.37893676757812 1624362368.744137 0.11
132.6949462890625 1624362368.751027 0.11
133.37893676757812 1624362368.758128 0.11
133.37893676757812 1624362368.764978 0.11
133.37893676757812 1624362368.77193 0.11
133.37893676757812 1624362368.778979 0.11
133.37893676757812 1624362368.785977 0.11
133.37893676757812 1624362368.793011 0.11
133.37893676757812 1624362368.800014 0.11
132.6949462890625 1624362368.807001 0.11
133.37893676757812 1624362368.813994 0.11
133.37893676757812 1624362368.821001 0.11
132.6949462890625 1624362368.828029 0.11
133.37893676757812 1624362368.835007 0.11
133.37893676757812 1624362368.841993 0.11
133.37893676757812 1624362368.84904 0.11
133.37893676757812 1624362368.855989 0.11
132.604248046875 1624362368.863032 0.11
133.37893676757812 1624362368.870068 0.11
133.28775024414062 1624362368.876996 0.11
132.6949462890625 1624362368.884072 0.11
133.28775024414062 1624362368.891007 0.11
132.604248046875 1624362368.898068 0.11
132.604248046875 1624362368.905052 0.11
133.37893676757812 1624362368.912069 0.11
132.604248046875 1624362368.919078 0.11
132.6949462890625 1624362368.926071 0.11
132.604248046875 1624362368.933058 0.11
132.604248046875 1624362368.940066 0.11
132.604248046875 1624362368.94704 0.11
132.604248046875 1624362368.953937 0.11
132.604248046875 1624362368.960972 0.11
132.604248046875 1624362368.968024 0.11
132.604248046875 1624362368.974991 0.11
132.604248046875 1624362368.981991 0.11
132.604248046875 1624362368.989068 0.11
132.604248046875 1624362368.995813 0.11
132.604248046875 1624362369.003084 0.11
132.604248046875 1624362369.009822 0.11
132.604248046875 1624362369.016862 0.11
132.604248046875 1624362369.023935 0.11
132.604248046875 1624362369.030905 0.11
132.604248046875 1624362369.037883 0.11
132.604248046875 1624362369.044911 0.11
132.604248046875 1624362369.051906 0.11
133.28775024414062 1624362369.058929 0.11
133.28775024414062 1624362369.065953 0.11
132.604248046875 1624362369.072931 0.11
132.604248046875 1624362369.079886 0.11
133.28775024414062 1624362369.086922 0.11
132.604248046875 1624362369.093979 0.11
132.604248046875 1624362369.100978 0.11
133.28775024414062 1624362369.10802 0.11
132.6949462890625 1624362369.114957 0.11
132.604248046875 1624362369.121938 0.11
132.604248046875 1624362369.128957 0.11
132.604248046875 1624362369.135918 0.11
132.604248046875 1624362369.142944 0.11
132.604248046875 1624362369.149908 0.11
132.604248046875 1624362369.156885 0.11
132.604248046875 1624362369.163867 0.11
132.604248046875 1624362369.170945 0.11
132.604248046875 1624362369.177918 0.11
132.604248046875 1624362369.18487 0.11
132.604248046875 1624362369.191923 0.11
132.604248046875 1624362369.198964 0.11
132.604248046875 1624362369.205889 0.11
132.604248046875 1624362369.21288 0.11
132.604248046875 1624362369.219925 0.11
132.604248046875 1624362369.226914 0.11
132.604248046875 1624362369.234024 0.11
132.604248046875 1624362369.240911 0.11
132.604248046875 1624362369.247835 0.11
132.604248046875 1624362369.254858 0.11
132.604248046875 1624362369.261851 0.11
132.604248046875 1624362369.268883 0.11
132.604248046875 1624362369.275863 0.11
132.604248046875 1624362369.282844 0.11
132.604248046875 1624362369.289898 0.11
132.604248046875 1624362369.296892 0.11
131.92071533203125 1624362369.303896 0.11
132.604248046875 1624362369.310909 0.11
131.92071533203125 1624362369.317957 0.11
132.604248046875 1624362369.324887 0.11
132.604248046875 1624362369.331905 0.11
132.604248046875 1624362369.33886 0.11
132.604248046875 1624362369.34584 0.11
132.604248046875 1624362369.352912 0.11
131.92071533203125 1624362369.359793 0.11
132.604248046875 1624362369.366893 0.11
132.604248046875 1624362369.37391 0.11
132.604248046875 1624362369.380815 0.11
132.604248046875 1624362369.387903 0.11
131.92071533203125 1624362369.394934 0.11
132.604248046875 1624362369.401896 0.11
132.604248046875 1624362369.408894 0.11
132.604248046875 1624362369.415932 0.11
132.604248046875 1624362369.422896 0.11
132.604248046875 1624362369.4299 0.11
132.604248046875 1624362369.437044 0.11
132.604248046875 1624362369.443885 0.11
131.92071533203125 1624362369.450925 0.11
132.604248046875 1624362369.457957 0.11
132.604248046875 1624362369.464748 0.11
132.604248046875 1624362369.471715 0.11
132.604248046875 1624362369.478753 0.11
132.604248046875 1624362369.485711 0.11
132.604248046875 1624362369.492701 0.11
132.604248046875 1624362369.499683 0.11
132.604248046875 1624362369.506678 0.11
132.604248046875 1624362369.513727 0.11
132.604248046875 1624362369.520766 0.11
131.92071533203125 1624362369.52778 0.11
132.604248046875 1624362369.534786 0.11
132.604248046875 1624362369.541866 0.11
132.604248046875 1624362369.548828 0.11
132.604248046875 1624362369.555794 0.11
132.604248046875 1624362369.562794 0.11
131.92071533203125 1624362369.569823 0.11
132.604248046875 1624362369.576843 0.11
132.604248046875 1624362369.583845 0.11
132.604248046875 1624362369.590854 0.11
132.604248046875 1624362369.597811 0.11
131.92071533203125 1624362369.604743 0.11
132.604248046875 1624362369.61171 0.11
132.604248046875 1624362369.618677 0.11
132.604248046875 1624362369.62572 0.11
132.604248046875 1624362369.632698 0.11
132.604248046875 1624362369.639688 0.11
132.604248046875 1624362369.646737 0.11
132.604248046875 1624362369.653763 0.11
132.604248046875 1624362369.660864 0.11
132.604248046875 1624362369.667758 0.11
132.604248046875 1624362369.674732 0.11
131.92071533203125 1624362369.681803 0.11
132.604248046875 1624362369.688809 0.11
132.604248046875 1624362369.695811 0.11
131.92071533203125 1624362369.702863 0.11
132.604248046875 1624362369.709942 0.11
132.604248046875 1624362369.716666 0.11
132.604248046875 1624362369.723691 0.11
132.604248046875 1624362369.730695 0.11
132.604248046875 1624362369.73768 0.11
132.604248046875 1624362369.744686 0.11
132.604248046875 1624362369.751672 0.11
132.604248046875 1624362369.758733 0.11
132.604248046875 1624362369.765741 0.11
132.604248046875 1624362369.772656 0.11
132.604248046875 1624362369.779673 0.11
132.604248046875 1624362369.786661 0.11
131.92071533203125 1624362369.793643 0.11
132.604248046875 1624362369.800672 0.11
132.604248046875 1624362369.807664 0.11
131.92071533203125 1624362369.814606 0.11
131.92071533203125 1624362369.821632 0.11
132.51365661621094 1624362369.828639 0.11
131.92071533203125 1624362369.835642 0.11
132.604248046875 1624362369.842709 0.11
131.92071533203125 1624362369.849694 0.11
132.604248046875 1624362369.856748 0.11
131.83059692382812 1624362369.863789 0.11
131.92071533203125 1624362369.870787 0.11
132.51365661621094 1624362369.877803 0.11
131.83059692382812 1624362369.884749 0.11
131.83059692382812 1624362369.891752 0.11
131.83059692382812 1624362369.898742 0.11
131.83059692382812 1624362369.905799 0.11
131.83059692382812 1624362369.912844 0.11
132.51365661621094 1624362369.919743 0.11
131.83059692382812 1624362369.926806 0.11
132.51365661621094 1624362369.933771 0.11
132.51365661621094 1624362369.940766 0.11
131.92071533203125 1624362369.947751 0.11
132.604248046875 1624362369.954541 0.11
132.51365661621094 1624362369.961547 0.11
132.51365661621094 1624362369.968643 0.11
132.51365661621094 1624362369.975677 0.11
131.83059692382812 1624362369.982648 0.11
131.83059692382812 1624362369.989726 0.11
131.83059692382812 1624362369.996587 0.11
131.83059692382812 1624362370.003577 0.11
131.83059692382812 1624362370.010561 0.11
131.83059692382812 1624362370.017567 0.11
131.83059692382812 1624362370.024602 0.11
131.83059692382812 1624362370.031678 0.11
131.83059692382812 1624362370.038671 0.11
131.83059692382812 1624362370.045628 0.11
131.83059692382812 1624362370.052658 0.11
131.83059692382812 1624362370.059658 0.11
131.83059692382812 1624362370.066678 0.11
132.51365661621094 1624362370.073666 0.11
131.83059692382812 1624362370.08071 0.11
131.83059692382812 1624362370.087722 0.11
131.83059692382812 1624362370.094643 0.11
131.83059692382812 1624362370.101732 0.11
132.51365661621094 1624362370.10867 0.11
131.83059692382812 1624362370.115643 0.11
131.83059692382812 1624362370.122588 0.11
131.83059692382812 1624362370.12963 0.11
131.83059692382812 1624362370.136581 0.11
132.51365661621094 1624362370.143694 0.11
131.83059692382812 1624362370.150687 0.11
131.83059692382812 1624362370.157649 0.11
131.83059692382812 1624362370.164564 0.11
131.83059692382812 1624362370.171661 0.11
131.83059692382812 1624362370.178593 0.11
131.83059692382812 1624362370.185698 0.11
131.83059692382812 1624362370.192702 0.11
131.83059692382812 1624362370.199737 0.11
131.83059692382812 1624362370.206778 0.11
131.83059692382812 1624362370.21377 0.11
131.83059692382812 1624362370.220521 0.11
131.1475372314453 1624362370.227536 0.11
131.83059692382812 1624362370.234596 0.11
131.83059692382812 1624362370.24158 0.11
131.1475372314453 1624362370.248582 0.11
132.51365661621094 1624362370.255604 0.11
131.83059692382812 1624362370.262566 0.11
131.83059692382812 1624362370.269583 0.11
131.83059692382812 1624362370.276552 0.11
131.83059692382812 1624362370.283592 0.11
131.83059692382812 1624362370.290577 0.11
131.83059692382812 1624362370.297542 0.11
131.1475372314453 1624362370.304574 0.11
131.83059692382812 1624362370.311553 0.11
131.0580291748047 1624362370.318497 0.11
130.2864990234375 1624362370.325537 0.11
131.65074157714844 1624362370.332539 0.11
131.74061584472656 1624362370.339526 0.11
131.0580291748047 1624362370.346582 0.11
131.74061584472656 1624362370.353573 0.11
131.0580291748047 1624362370.360536 0.11
131.0580291748047 1624362370.367524 0.11
131.74061584472656 1624362370.374574 0.11
131.0580291748047 1624362370.381581 0.11
131.74061584472656 1624362370.388647 0.11
131.0580291748047 1624362370.395658 0.11
131.0580291748047 1624362370.402638 0.11
131.0580291748047 1624362370.409647 0.11
131.0580291748047 1624362370.416662 0.11
131.0580291748047 1624362370.423635 0.11
131.74061584472656 1624362370.430661 0.11
131.0580291748047 1624362370.437679 0.11
131.0580291748047 1624362370.444503 0.11
131.0580291748047 1624362370.451525 0.11
131.0580291748047 1624362370.458552 0.11
131.0580291748047 1624362370.465529 0.11
131.0580291748047 1624362370.4725 0.11
131.0580291748047 1624362370.479493 0.11
131.0580291748047 1624362370.486508 0.11
131.0580291748047 1624362370.493456 0.11
130.2864990234375 1624362370.500405 0.11
130.96861267089844 1624362370.507531 0.11
130.2864990234375 1624362370.514454 0.11
131.0580291748047 1624362370.521565 0.11
130.96861267089844 1624362370.528525 0.11
130.2864990234375 1624362370.535507 0.11
131.0580291748047 1624362370.542484 0.11
131.0580291748047 1624362370.549497 0.11
130.2864990234375 1624362370.556432 0.11
130.2864990234375 1624362370.563435 0.11
130.2864990234375 1624362370.57057 0.11
130.2864990234375 1624362370.577607 0.11
130.2864990234375 1624362370.584493 0.11
130.2864990234375 1624362370.591571 0.11
130.96861267089844 1624362370.598565 0.11
130.37542724609375 1624362370.605562 0.11
130.2864990234375 1624362370.612519 0.11
130.2864990234375 1624362370.619595 0.11
130.2864990234375 1624362370.62659 0.11
130.2864990234375 1624362370.633559 0.11
130.2864990234375 1624362370.640575 0.11
130.2864990234375 1624362370.647526 0.11
130.2864990234375 1624362370.654315 0.11
130.2864990234375 1624362370.661427 0.11
130.2864990234375 1624362370.668461 0.11
130.2864990234375 1624362370.675506 0.11
130.2864990234375 1624362370.682396 0.11
130.2864990234375 1624362370.689424 0.11
130.2864990234375 1624362370.696366 0.11
130.2864990234375 1624362370.703373 0.11
130.2864990234375 1624362370.710415 0.11
130.2864990234375 1624362370.717431 0.11
130.2864990234375 1624362370.724436 0.11
130.96861267089844 1624362370.731412 0.11
130.2864990234375 1624362370.738398 0.11
130.2864990234375 1624362370.745407 0.11
130.2864990234375 1624362370.752439 0.11
130.2864990234375 1624362370.759436 0.11
130.2864990234375 1624362370.766477 0.11
130.2864990234375 1624362370.773509 0.11
130.2864990234375 1624362370.7805 0.11
130.2864990234375 1624362370.787593 0.11
130.2864990234375 1624362370.79445 0.11
130.2864990234375 1624362370.801479 0.11
130.2864990234375 1624362370.808543 0.11
129.51602172851562 1624362370.815474 0.11
129.51602172851562 1624362370.822576 0.11
130.2864990234375 1624362370.829516 0.11
129.51602172851562 1624362370.836509 0.11
129.51602172851562 1624362370.843588 0.11
129.51602172851562 1624362370.850397 0.11
129.51602172851562 1624362370.857411 0.11
130.19769287109375 1624362370.864404 0.11
129.51602172851562 1624362370.871381 0.11
129.51602172851562 1624362370.87837 0.11
129.51602172851562 1624362370.885347 0.11
129.51602172851562 1624362370.892407 0.11
129.51602172851562 1624362370.899403 0.11
130.19769287109375 1624362370.906401 0.11
129.51602172851562 1624362370.913406 0.11
129.51602172851562 1624362370.920391 0.11
129.51602172851562 1624362370.927394 0.11
129.51602172851562 1624362370.934384 0.11
129.51602172851562 1624362370.941472 0.11
129.51602172851562 1624362370.9484 0.11
129.51602172851562 1624362370.955475 0.11
129.51602172851562 1624362370.962415 0.11
129.51602172851562 1624362370.969482 0.11
129.51602172851562 1624362370.976469 0.11
129.51602172851562 1624362370.983442 0.11
129.51602172851562 1624362370.990441 0.11
129.51602172851562 1624362370.997468 0.11
129.51602172851562 1624362371.004429 0.11
129.51602172851562 1624362371.011421 0.11
129.51602172851562 1624362371.018436 0.11
129.51602172851562 1624362371.025431 0.11
129.51602172851562 1624362371.032423 0.11
130.2864990234375 1624362371.03939 0.11
129.51602172851562 1624362371.04633 0.11
129.51602172851562 1624362371.053364 0.11
129.51602172851562 1624362371.060424 0.11
130.2864990234375 1624362371.067443 0.11
130.19769287109375 1624362371.074466 0.11
129.51602172851562 1624362371.081449 0.11
130.2864990234375 1624362371.088439 0.11
130.2864990234375 1624362371.09543 0.11
129.6043701171875 1624362371.1025 0.11
130.2864990234375 1624362371.109339 0.11
130.2864990234375 1624362371.116332 0.11
130.2864990234375 1624362371.123285 0.11
130.2864990234375 1624362371.130318 0.11
129.6043701171875 1624362371.137239 0.11
130.2864990234375 1624362371.144214 0.11
129.6043701171875 1624362371.151226 0.11
129.6043701171875 1624362371.158279 0.11
130.19769287109375 1624362371.165239 0.11
130.2864990234375 1624362371.172225 0.11
129.6043701171875 1624362371.179264 0.11
130.2864990234375 1624362371.186371 0.11
130.2864990234375 1624362371.193321 0.11
129.51602172851562 1624362371.200351 0.11
130.19769287109375 1624362371.207334 0.11
129.51602172851562 1624362371.214316 0.11
130.2864990234375 1624362371.221339 0.11
129.51602172851562 1624362371.228448 0.11
129.51602172851562 1624362371.235387 0.11
130.19769287109375 1624362371.2424 0.11
129.6043701171875 1624362371.249389 0.11
129.51602172851562 1624362371.256355 0.11
129.51602172851562 1624362371.263342 0.11
129.6043701171875 1624362371.270397 0.11
130.19769287109375 1624362371.27739 0.11
129.51602172851562 1624362371.284424 0.11
129.51602172851562 1624362371.291412 0.11
129.51602172851562 1624362371.298421 0.11
129.51602172851562 1624362371.305497 0.11
129.51602172851562 1624362371.31241 0.11
130.19769287109375 1624362371.31941 0.11
129.51602172851562 1624362371.326402 0.11
130.19769287109375 1624362371.333343 0.11
130.19769287109375 1624362371.340239 0.11
129.51602172851562 1624362371.347242 0.11
130.19769287109375 1624362371.354256 0.11
129.51602172851562 1624362371.36118 0.11
129.51602172851562 1624362371.368192 0.11
129.51602172851562 1624362371.37519 0.11
129.51602172851562 1624362371.382168 0.11
129.51602172851562 1624362371.38918 0.11
130.19769287109375 1624362371.396269 0.11
129.51602172851562 1624362371.403182 0.11
129.51602172851562 1624362371.410279 0.11
129.51602172851562 1624362371.417158 0.11
129.51602172851562 1624362371.424236 0.11
129.51602172851562 1624362371.431186 0.11
129.51602172851562 1624362371.438198 0.11
129.51602172851562 1624362371.445245 0.11
129.51602172851562 1624362371.452301 0.11
128.8343505859375 1624362371.459282 0.11
129.51602172851562 1624362371.466258 0.11
129.51602172851562 1624362371.47326 0.11
129.51602172851562 1624362371.480283 0.11
129.51602172851562 1624362371.487296 0.11
129.51602172851562 1624362371.494262 0.11
129.51602172851562 1624362371.501322 0.11
129.51602172851562 1624362371.508301 0.11
129.51602172851562 1624362371.51521 0.11
129.51602172851562 1624362371.522288 0.11
129.51602172851562 1624362371.529233 0.11
128.8343505859375 1624362371.536313 0.11
129.51602172851562 1624362371.543274 0.11
129.51602172851562 1624362371.550295 0.11
129.51602172851562 1624362371.557268 0.11
129.51602172851562 1624362371.564172 0.11
128.8343505859375 1624362371.571294 0.11
129.51602172851562 1624362371.578228 0.11
129.51602172851562 1624362371.585216 0.11
128.8343505859375 1624362371.592306 0.11
129.51602172851562 1624362371.599322 0.11
129.51602172851562 1624362371.606355 0.11
129.51602172851562 1624362371.613331 0.11
129.51602172851562 1624362371.620317 0.11
129.51602172851562 1624362371.627304 0.11
129.51602172851562 1624362371.634272 0.11
129.51602172851562 1624362371.641305 0.11
128.8343505859375 1624362371.648244 0.11
129.51602172851562 1624362371.655319 0.11
129.51602172851562 1624362371.662276 0.11
129.51602172851562 1624362371.669326 0.11
129.51602172851562 1624362371.67607 0.11
129.51602172851562 1624362371.683242 0.11
129.51602172851562 1624362371.690034 0.11
129.51602172851562 1624362371.69724 0.11
128.8343505859375 1624362371.704039 0.11
129.51602172851562 1624362371.71104 0.11
129.51602172851562 1624362371.718099 0.11
129.51602172851562 1624362371.725086 0.11
129.51602172851562 1624362371.732101 0.11
129.51602172851562 1624362371.73906 0.11
128.8343505859375 1624362371.746121 0.11
129.51602172851562 1624362371.753039 0.11
129.51602172851562 1624362371.760022 0.11
129.51602172851562 1624362371.767017 0.11
129.51602172851562 1624362371.774076 0.11
128.8343505859375 1624362371.781131 0.11
129.51602172851562 1624362371.788148 0.11
129.51602172851562 1624362371.795155 0.11
129.51602172851562 1624362371.802141 0.11
129.51602172851562 1624362371.809111 0.11
129.51602172851562 1624362371.816112 0.11
129.51602172851562 1624362371.823087 0.11
129.51602172851562 1624362371.830141 0.11
128.8343505859375 1624362371.837133 0.11
129.51602172851562 1624362371.844046 0.11
129.51602172851562 1624362371.851085 0.11
128.8343505859375 1624362371.857985 0.11
129.51602172851562 1624362371.86507 0.11
129.51602172851562 1624362371.872072 0.11
129.51602172851562 1624362371.879135 0.11
129.51602172851562 1624362371.886001 0.11
128.8343505859375 1624362371.893068 0.11
129.51602172851562 1624362371.900067 0.11
129.51602172851562 1624362371.907124 0.11
128.8343505859375 1624362371.914107 0.11
129.51602172851562 1624362371.921165 0.11
129.51602172851562 1624362371.928112 0.11
129.51602172851562 1624362371.935158 0.11
129.51602172851562 1624362371.942172 0.11
128.8343505859375 1624362371.949166 0.11
129.51602172851562 1624362371.956156 0.11
129.51602172851562 1624362371.963148 0.11
129.42779541015625 1624362371.970195 0.11
129.42779541015625 1624362371.977161 0.11
128.74659729003906 1624362371.984094 0.11
128.74659729003906 1624362371.991202 0.11
129.42779541015625 1624362371.998128 0.11
128.74659729003906 1624362372.005068 0.11
128.74659729003906 1624362372.012098 0.11
128.74659729003906 1624362372.019075 0.11
128.74659729003906 1624362372.026186 0.11
128.74659729003906 1624362372.033116 0.11
128.74659729003906 1624362372.040117 0.11
128.74659729003906 1624362372.047195 0.11
129.42779541015625 1624362372.054206 0.11
128.74659729003906 1624362372.06114 0.11
129.42779541015625 1624362372.068124 0.11
128.74659729003906 1624362372.074977 0.11
128.74659729003906 1624362372.081998 0.11
129.42779541015625 1624362372.089015 0.11
128.74659729003906 1624362372.09601 0.11
128.74659729003906 1624362372.102997 0.11
128.74659729003906 1624362372.109962 0.11
128.74659729003906 1624362372.11698 0.11
128.74659729003906 1624362372.123992 0.11
128.74659729003906 1624362372.131066 0.11
128.74659729003906 1624362372.138054 0.11
129.42779541015625 1624362372.145045 0.11
128.74659729003906 1624362372.152016 0.11
128.74659729003906 1624362372.159032 0.11
128.74659729003906 1624362372.166038 0.11
129.42779541015625 1624362372.173022 0.11
128.74659729003906 1624362372.179936 0.11
129.42779541015625 1624362372.186938 0.11
128.74659729003906 1624362372.193961 0.11
128.74659729003906 1624362372.200939 0.11
128.74659729003906 1624362372.208008 0.11
128.74659729003906 1624362372.214959 0.11
128.74659729003906 1624362372.222058 0.11
128.74659729003906 1624362372.229027 0.11
128.74659729003906 1624362372.236083 0.11
128.74659729003906 1624362372.24311 0.11
128.74659729003906 1624362372.250099 0.11
128.74659729003906 1624362372.257119 0.11
128.74659729003906 1624362372.264093 0.11
128.74659729003906 1624362372.271071 0.11
128.74659729003906 1624362372.278075 0.11
129.42779541015625 1624362372.285137 0.11
128.74659729003906 1624362372.292056 0.11
128.74659729003906 1624362372.299141 0.11
128.74659729003906 1624362372.306152 0.11
128.74659729003906 1624362372.31316 0.11
128.74659729003906 1624362372.319982 0.11
128.74659729003906 1624362372.32695 0.11
128.74659729003906 1624362372.333948 0.11
128.74659729003906 1624362372.340971 0.11
128.74659729003906 1624362372.347912 0.11
128.74659729003906 1624362372.354851 0.11
128.74659729003906 1624362372.361854 0.11
128.74659729003906 1624362372.368885 0.11
128.74659729003906 1624362372.375911 0.11
128.06539916992188 1624362372.382911 0.11
128.74659729003906 1624362372.38995 0.11
128.74659729003906 1624362372.397028 0.11
128.06539916992188 1624362372.403899 0.11
128.74659729003906 1624362372.410918 0.11
128.74659729003906 1624362372.417984 0.11
128.74659729003906 1624362372.424937 0.11
128.74659729003906 1624362372.431982 0.11
128.06539916992188 1624362372.438978 0.11
128.74659729003906 1624362372.446008 0.11
128.74659729003906 1624362372.452989 0.11
128.06539916992188 1624362372.460091 0.11
128.74659729003906 1624362372.467091 0.11
128.74659729003906 1624362372.474033 0.11
128.06539916992188 1624362372.481064 0.11
128.74659729003906 1624362372.488022 0.11
128.06539916992188 1624362372.495004 0.11
128.74659729003906 1624362372.501966 0.11
128.74659729003906 1624362372.509037 0.11
128.06539916992188 1624362372.515908 0.11
128.74659729003906 1624362372.522813 0.11
128.74659729003906 1624362372.529791 0.11
128.06539916992188 1624362372.536881 0.11
128.74659729003906 1624362372.543839 0.11
128.06539916992188 1624362372.550875 0.11
127.97821807861328 1624362372.557943 0.11
128.74659729003906 1624362372.564884 0.11
128.06539916992188 1624362372.571832 0.11
128.74659729003906 1624362372.578813 0.11
127.97821807861328 1624362372.585842 0.11
128.06539916992188 1624362372.592916 0.11
128.74659729003906 1624362372.599903 0.11
128.74659729003906 1624362372.606953 0.11
128.06539916992188 1624362372.613935 0.11
128.74659729003906 1624362372.620953 0.11
127.97821807861328 1624362372.627931 0.11
128.74659729003906 1624362372.634987 0.11
128.06539916992188 1624362372.642037 0.11
127.97821807861328 1624362372.649008 0.11
128.65895080566406 1624362372.656009 0.11
128.74659729003906 1624362372.662904 0.11
128.74659729003906 1624362372.669901 0.11
128.65895080566406 1624362372.676997 0.11
127.97821807861328 1624362372.683912 0.11
128.74659729003906 1624362372.691015 0.11
128.74659729003906 1624362372.697979 0.11
128.06539916992188 1624362372.704986 0.11
128.74659729003906 1624362372.711988 0.11
128.74659729003906 1624362372.718767 0.11
128.06539916992188 1624362372.725749 0.11
128.74659729003906 1624362372.732777 0.11
128.74659729003906 1624362372.739742 0.11
128.74659729003906 1624362372.746803 0.11
128.74659729003906 1624362372.753934 0.11
128.06539916992188 1624362372.760768 0.11
128.74659729003906 1624362372.767834 0.11
127.97821807861328 1624362372.774905 0.11
127.97821807861328 1624362372.781867 0.11
128.06539916992188 1624362372.78887 0.11
127.97821807861328 1624362372.795887 0.11
128.06539916992188 1624362372.802928 0.11
127.97821807861328 1624362372.809855 0.11
127.97821807861328 1624362372.81689 0.11
128.06539916992188 1624362372.823883 0.11
128.65895080566406 1624362372.830915 0.11
128.06539916992188 1624362372.837914 0.11
127.97821807861328 1624362372.844909 0.11
127.97821807861328 1624362372.851894 0.11
128.06539916992188 1624362372.858903 0.11
128.74659729003906 1624362372.865913 0.11
128.74659729003906 1624362372.872911 0.11
128.06539916992188 1624362372.879836 0.11
127.97821807861328 1624362372.886831 0.11
127.97821807861328 1624362372.893828 0.11
127.97821807861328 1624362372.900851 0.11
127.97821807861328 1624362372.907886 0.11
127.97821807861328 1624362372.914687 0.11
127.97821807861328 1624362372.921755 0.11
127.97821807861328 1624362372.928722 0.11
127.97821807861328 1624362372.935787 0.11
127.97821807861328 1624362372.9427 0.11
127.97821807861328 1624362372.94977 0.11
127.97821807861328 1624362372.956789 0.11
127.97821807861328 1624362372.963799 0.11
127.97821807861328 1624362372.970803 0.11
127.97821807861328 1624362372.977793 0.11
127.97821807861328 1624362372.984778 0.11
127.97821807861328 1624362372.991888 0.11
127.97821807861328 1624362372.998845 0.11
127.97821807861328 1624362373.005828 0.11
127.97821807861328 1624362373.012814 0.11
127.97821807861328 1624362373.019774 0.11
127.97821807861328 1624362373.02677 0.11
127.97821807861328 1624362373.033759 0.11
128.65895080566406 1624362373.040844 0.11
127.97821807861328 1624362373.047793 0.11
127.97821807861328 1624362373.054763 0.11
127.97821807861328 1624362373.061858 0.11
127.97821807861328 1624362373.068873 0.11
127.97821807861328 1624362373.075889 0.11
127.97821807861328 1624362373.082892 0.11
127.97821807861328 1624362373.089896 0.11
127.97821807861328 1624362373.096937 0.11
127.97821807861328 1624362373.103639 0.11
127.97821807861328 1624362373.110667 0.11
127.97821807861328 1624362373.11774 0.11
127.97821807861328 1624362373.12472 0.11
127.97821807861328 1624362373.131664 0.11
127.97821807861328 1624362373.138662 0.11
127.97821807861328 1624362373.14571 0.11
127.97821807861328 1624362373.152668 0.11
127.97821807861328 1624362373.159713 0.11
127.97821807861328 1624362373.166705 0.11
127.97821807861328 1624362373.173753 0.11
127.97821807861328 1624362373.180775 0.11
127.97821807861328 1624362373.18776 0.11
128.65895080566406 1624362373.194788 0.11
127.97821807861328 1624362373.201779 0.11
128.65895080566406 1624362373.208784 0.11
127.97821807861328 1624362373.215805 0.11
127.97821807861328 1624362373.222724 0.11
128.65895080566406 1624362373.229788 0.11
127.97821807861328 1624362373.236833 0.11
127.97821807861328 1624362373.243762 0.11
127.97821807861328 1624362373.250823 0.11
127.97821807861328 1624362373.257847 0.11
127.97821807861328 1624362373.2649 0.11
127.97821807861328 1624362373.271836 0.11
127.97821807861328 1624362373.278848 0.11
127.97821807861328 1624362373.285687 0.11
127.97821807861328 1624362373.292636 0.11
127.97821807861328 1624362373.299666 0.11
127.97821807861328 1624362373.306712 0.11
127.97821807861328 1624362373.313678 0.11
127.97821807861328 1624362373.320624 0.11
128.74659729003906 1624362373.327646 0.11
128.06539916992188 1624362373.334665 0.11
128.74659729003906 1624362373.341641 0.11
127.97821807861328 1624362373.348782 0.11
127.97821807861328 1624362373.355755 0.11
127.97821807861328 1624362373.362703 0.11
127.97821807861328 1624362373.369623 0.11
127.97821807861328 1624362373.376609 0.11
127.97821807861328 1624362373.383608 0.11
127.97821807861328 1624362373.390629 0.11
127.97821807861328 1624362373.39776 0.11
128.65895080566406 1624362373.404787 0.11
127.97821807861328 1624362373.411726 0.11
128.65895080566406 1624362373.418742 0.11
128.65895080566406 1624362373.425753 0.11
127.97821807861328 1624362373.432734 0.11
128.74659729003906 1624362373.439742 0.11
128.74659729003906 1624362373.446714 0.11
127.97821807861328 1624362373.453748 0.11
127.97821807861328 1624362373.460763 0.11
127.97821807861328 1624362373.467777 0.11
127.97821807861328 1624362373.47471 0.11
128.74659729003906 1624362373.481759 0.11
128.06539916992188 1624362373.488729 0.11
128.74659729003906 1624362373.495507 0.11
128.74659729003906 1624362373.502525 0.11
128.06539916992188 1624362373.509529 0.11
128.74659729003906 1624362373.516509 0.11
128.74659729003906 1624362373.523493 0.11
128.74659729003906 1624362373.530536 0.11
128.74659729003906 1624362373.53751 0.11
128.74659729003906 1624362373.544537 0.11
128.74659729003906 1624362373.551559 0.11
128.74659729003906 1624362373.558572 0.11
128.74659729003906 1624362373.565576 0.11
128.06539916992188 1624362373.572595 0.11
128.74659729003906 1624362373.579576 0.11
128.74659729003906 1624362373.586562 0.11
128.74659729003906 1624362373.593566 0.11
128.06539916992188 1624362373.60052 0.11
128.65895080566406 1624362373.607658 0.11
128.74659729003906 1624362373.614577 0.11
128.06539916992188 1624362373.621583 0.11
128.74659729003906 1624362373.628595 0.11
128.74659729003906 1624362373.635638 0.11
128.06539916992188 1624362373.64268 0.11
128.74659729003906 1624362373.649728 0.11
128.06539916992188 1624362373.65673 0.11
127.97821807861328 1624362373.663677 0.11
128.65895080566406 1624362373.670687 0.11
127.97821807861328 1624362373.677641 0.11
128.06539916992188 1624362373.68467 0.11
128.65895080566406 1624362373.691723 0.11
127.97821807861328 1624362373.69877 0.11
127.97821807861328 1624362373.70558 0.11
127.97821807861328 1624362373.712559 0.11
128.74659729003906 1624362373.719572 0.11
127.97821807861328 1624362373.726578 0.11
128.06539916992188 1624362373.733586 0.11
127.97821807861328 1624362373.740524 0.11
128.65895080566406 1624362373.747466 0.11
127.97821807861328 1624362373.75445 0.11
128.06539916992188 1624362373.761512 0.11
127.97821807861328 1624362373.768509 0.11
127.97821807861328 1624362373.775593 0.11
127.97821807861328 1624362373.782655 0.11
127.97821807861328 1624362373.789638 0.11
127.97821807861328 1624362373.796525 0.11
127.97821807861328 1624362373.803504 0.11
127.97821807861328 1624362373.810535 0.11
127.97821807861328 1624362373.817617 0.11
127.97821807861328 1624362373.824585 0.11
127.97821807861328 1624362373.831647 0.11
127.97821807861328 1624362373.838657 0.11
127.97821807861328 1624362373.845707 0.11
127.97821807861328 1624362373.852641 0.11
127.97821807861328 1624362373.859639 0.11
127.97821807861328 1624362373.866693 0.11
127.97821807861328 1624362373.873706 0.11
127.97821807861328 1624362373.880621 0.11
127.97821807861328 1624362373.887714 0.11
128.74659729003906 1624362373.894504 0.11
127.97821807861328 1624362373.901514 0.11
128.65895080566406 1624362373.908506 0.11
127.97821807861328 1624362373.915559 0.11
127.97821807861328 1624362373.922495 0.11
127.97821807861328 1624362373.929471 0.11
127.97821807861328 1624362373.936476 0.11
127.97821807861328 1624362373.943431 0.11
127.97821807861328 1624362373.950536 0.11
127.97821807861328 1624362373.957515 0.11
127.97821807861328 1624362373.964478 0.11
128.65895080566406 1624362373.971501 0.11
127.97821807861328 1624362373.978509 0.11
127.97821807861328 1624362373.985446 0.11
127.97821807861328 1624362373.992458 0.11
127.97821807861328 1624362373.999468 0.11
127.97821807861328 1624362374.006519 0.11
127.97821807861328 1624362374.013498 0.11
127.97821807861328 1624362374.020588 0.11
127.97821807861328 1624362374.027554 0.11
127.97821807861328 1624362374.034551 0.11
127.97821807861328 1624362374.041552 0.11
127.97821807861328 1624362374.04858 0.11
127.97821807861328 1624362374.055538 0.11
127.97821807861328 1624362374.062594 0.11
127.97821807861328 1624362374.06958 0.11
127.97821807861328 1624362374.076561 0.11
127.97821807861328 1624362374.083573 0.11
127.97821807861328 1624362374.090606 0.11
127.97821807861328 1624362374.097537 0.11
127.97821807861328 1624362374.104573 0.11
128.06539916992188 1624362374.111584 0.11
128.74659729003906 1624362374.11857 0.11
128.65895080566406 1624362374.125395 0.11
128.06539916992188 1624362374.132607 0.11
127.97821807861328 1624362374.139475 0.11
127.97821807861328 1624362374.146438 0.11
128.74659729003906 1624362374.153471 0.11
128.74659729003906 1624362374.160431 0.11
128.06539916992188 1624362374.167432 0.11
128.74659729003906 1624362374.174399 0.11
128.65895080566406 1624362374.181446 0.11
128.06539916992188 1624362374.188473 0.11
128.74659729003906 1624362374.195488 0.11
128.74659729003906 1624362374.202481 0.11
128.06539916992188 1624362374.209479 0.11
128.65895080566406 1624362374.216518 0.11
127.97821807861328 1624362374.223398 0.11
127.97821807861328 1624362374.230506 0.11
128.65895080566406 1624362374.237438 0.11
128.06539916992188 1624362374.24446 0.11
128.65895080566406 1624362374.251408 0.11
128.74659729003906 1624362374.258391 0.11
127.97821807861328 1624362374.265454 0.11
128.65895080566406 1624362374.272571 0.11
128.65895080566406 1624362374.27951 0.11
127.97821807861328 1624362374.2865 0.11
127.97821807861328 1624362374.293441 0.11
127.97821807861328 1624362374.300438 0.11
127.97821807861328 1624362374.30749 0.11
128.65895080566406 1624362374.314508 0.11
127.97821807861328 1624362374.321509 0.11
128.74659729003906 1624362374.328513 0.11
127.97821807861328 1624362374.33551 0.11
127.97821807861328 1624362374.342536 0.11
127.97821807861328 1624362374.349553 0.11
127.97821807861328 1624362374.356576 0.11
127.97821807861328 1624362374.363404 0.11
127.97821807861328 1624362374.370349 0.11
127.97821807861328 1624362374.377408 0.11
127.97821807861328 1624362374.384318 0.11
127.97821807861328 1624362374.391322 0.11
127.97821807861328 1624362374.398331 0.11
127.97821807861328 1624362374.405324 0.11
127.97821807861328 1624362374.412352 0.11
127.97821807861328 1624362374.41943 0.11
127.97821807861328 1624362374.426406 0.11
127.97821807861328 1624362374.433446 0.11
127.97821807861328 1624362374.440425 0.11
127.97821807861328 1624362374.447434 0.11
127.97821807861328 1624362374.454367 0.11
127.97821807861328 1624362374.461421 0.11
128.74659729003906 1624362374.468379 0.11
127.97821807861328 1624362374.475357 0.11
127.97821807861328 1624362374.48241 0.11
128.65895080566406 1624362374.489438 0.11
127.97821807861328 1624362374.496352 0.11
128.65895080566406 1624362374.503352 0.11
127.97821807861328 1624362374.510471 0.11
127.97821807861328 1624362374.517344 0.11
127.97821807861328 1624362374.524342 0.11
128.06539916992188 1624362374.531375 0.11
128.65895080566406 1624362374.538353 0.11
127.97821807861328 1624362374.545377 0.11
128.74659729003906 1624362374.552419 0.11
128.74659729003906 1624362374.559441 0.11
128.06539916992188 1624362374.566418 0.11
128.65895080566406 1624362374.573389 0.11
128.65895080566406 1624362374.580256 0.11
127.97821807861328 1624362374.587334 0.11
128.74659729003906 1624362374.594375 0.11
128.06539916992188 1624362374.602464 0.11
128.06539916992188 1624362374.609434 0.11
128.74659729003906 1624362374.616427 0.11
128.06539916992188 1624362374.623422 0.11
128.74659729003906 1624362374.630415 0.11
128.74659729003906 1624362374.637391 0.11
128.06539916992188 1624362374.644392 0.11
128.74659729003906 1624362374.651399 0.11
128.74659729003906 1624362374.658362 0.11
128.06539916992188 1624362374.665359 0.11
128.06539916992188 1624362374.672332 0.11
128.06539916992188 1624362374.679397 0.11
127.97821807861328 1624362374.686362 0.11
127.97821807861328 1624362374.693291 0.11
127.97821807861328 1624362374.700334 0.11
128.74659729003906 1624362374.707289 0.11
128.74659729003906 1624362374.71436 0.11
128.06539916992188 1624362374.721332 0.11
128.74659729003906 1624362374.728408 0.11
128.06539916992188 1624362374.735443 0.11
128.06539916992188 1624362374.742499 0.11
128.74659729003906 1624362374.749356 0.11
128.06539916992188 1624362374.75641 0.11
128.74659729003906 1624362374.763408 0.11
128.74659729003906 1624362374.770272 0.11
128.06539916992188 1624362374.777246 0.11
128.74659729003906 1624362374.784304 0.11
128.74659729003906 1624362374.791242 0.11
128.06539916992188 1624362374.798278 0.11
128.74659729003906 1624362374.805204 0.11
128.74659729003906 1624362374.812192 0.11
128.74659729003906 1624362374.819186 0.11
128.74659729003906 1624362374.826284 0.11
128.74659729003906 1624362374.833192 0.11
128.74659729003906 1624362374.840154 0.11
128.74659729003906 1624362374.847166 0.11
128.74659729003906 1624362374.854189 0.11
128.74659729003906 1624362374.861247 0.11
128.74659729003906 1624362374.868233 0.11
128.74659729003906 1624362374.875151 0.11
128.74659729003906 1624362374.882264 0.11
128.74659729003906 1624362374.889187 0.11
128.74659729003906 1624362374.896249 0.11
128.74659729003906 1624362374.903258 0.11
128.06539916992188 1624362374.910374 0.11
128.74659729003906 1624362374.917344 0.11
128.74659729003906 1624362374.92439 0.11
128.74659729003906 1624362374.931512 0.11
128.74659729003906 1624362374.938427 0.11
128.06539916992188 1624362374.945185 0.11
128.74659729003906 1624362374.952191 0.11
128.74659729003906 1624362374.959223 0.11
128.74659729003906 1624362374.966206 0.11
128.74659729003906 1624362374.973264 0.11
128.74659729003906 1624362374.980243 0.11
128.74659729003906 1624362374.987239 0.11
128.74659729003906 1624362374.994283 0.11
128.74659729003906 1624362375.00124 0.11
128.74659729003906 1624362375.008181 0.11
128.74659729003906 1624362375.01515 0.11
128.74659729003906 1624362375.022196 0.11
128.74659729003906 1624362375.029241 0.11
128.74659729003906 1624362375.036273 0.11
128.74659729003906 1624362375.043278 0.11
128.74659729003906 1624362375.050265 0.11
128.74659729003906 1624362375.057347 0.11
128.74659729003906 1624362375.064299 0.11
128.74659729003906 1624362375.071288 0.11
128.06539916992188 1624362375.078288 0.11
128.74659729003906 1624362375.085298 0.11
128.74659729003906 1624362375.092302 0.11
128.06539916992188 1624362375.099246 0.11
128.74659729003906 1624362375.106187 0.11
128.74659729003906 1624362375.113132 0.11
128.74659729003906 1624362375.120113 0.11
128.74659729003906 1624362375.1271 0.11
128.74659729003906 1624362375.134115 0.11
128.74659729003906 1624362375.141153 0.11
128.74659729003906 1624362375.148198 0.11
128.06539916992188 1624362375.155188 0.11
128.74659729003906 1624362375.162152 0.11
128.74659729003906 1624362375.169179 0.11
128.74659729003906 1624362375.176159 0.11
128.74659729003906 1624362375.183139 0.11
128.06539916992188 1624362375.190204 0.11
128.74659729003906 1624362375.197126 0.11
127.97821807861328 1624362375.204215 0.11
128.06539916992188 1624362375.211254 0.11
128.65895080566406 1624362375.218232 0.11
128.74659729003906 1624362375.225224 0.11
127.97821807861328 1624362375.232226 0.11
128.74659729003906 1624362375.239179 0.11
128.06539916992188 1624362375.246201 0.11
128.74659729003906 1624362375.25323 0.11
128.74659729003906 1624362375.260224 0.11
128.06539916992188 1624362375.267258 0.11
128.74659729003906 1624362375.274307 0.11
128.74659729003906 1624362375.281268 0.11
128.74659729003906 1624362375.288313 0.11
128.74659729003906 1624362375.295297 0.11
128.74659729003906 1624362375.302118 0.11
128.06539916992188 1624362375.309065 0.11
128.74659729003906 1624362375.316121 0.11
128.06539916992188 1624362375.323043 0.11
128.65895080566406 1624362375.330071 0.11
128.06539916992188 1624362375.337153 0.11
128.06539916992188 1624362375.344014 0.11
128.74659729003906 1624362375.351099 0.11
127.97821807861328 1624362375.358135 0.11
127.97821807861328 1624362375.365134 0.11
128.06539916992188 1624362375.372115 0.11
