272.2392578125 1625213818.062785
272.2392578125 1625213818.069846
272.2392578125 1625213818.0769
272.2392578125 1625213818.083635
271.4723815917969 1625213818.090565
271.4723815917969 1625213818.097482
271.4723815917969 1625213818.104408
271.4723815917969 1625213818.111373
271.4723815917969 1625213818.118454
271.4723815917969 1625213818.125497
272.2392578125 1625213818.132406
272.2392578125 1625213818.139433
272.2392578125 1625213818.146379
272.2392578125 1625213818.153424
272.2392578125 1625213818.160502
272.2392578125 1625213818.167726
272.2392578125 1625213818.174855
272.44818115234375 1625213818.181775
272.2392578125 1625213818.188771
272.2392578125 1625213818.195804
272.44818115234375 1625213818.202787
272.2392578125 1625213818.209809
272.44818115234375 1625213818.216784
272.2392578125 1625213818.223763
272.2392578125 1625213818.230749
272.2392578125 1625213818.23779
272.2392578125 1625213818.244588
272.2392578125 1625213818.251569
276.0736083984375 1625213818.258465
312.79620361328125 1625213818.265556
419.3277282714844 1625213818.272498
845.31591796875 1625213818.279527
616.8768310546875 1625213818.286464
1324.971435546875 1625213818.293484
2415.637939453125 1625213818.300573
2190.384521484375 1625213818.307459
2364.37255859375 1625213818.314493
2423.868408203125 1625213818.321511
2483.193115234375 1625213818.328525
2492.600341796875 1625213818.33545
2315.369384765625 1625213818.342587
2445.134521484375 1625213818.349544
2435.6845703125 1625213818.356525
2411.1572265625 1625213818.363572
2317.171875 1625213818.370469
2275.590576171875 1625213818.377406
2347.560791015625 1625213818.384444
2294.234619140625 1625213818.391351
2354.124755859375 1625213818.398327
2367.14013671875 1625213818.405321
2351.51513671875 1625213818.412372
2346.774169921875 1625213818.419409
2376.7822265625 1625213818.426346
2334.00390625 1625213818.433371
2340.725830078125 1625213818.440388
2308.764892578125 1625213818.447363
2327.30908203125 1625213818.454312
2399.59033203125 1625213818.461404
2164.435791015625 1625213818.468435
2093.4580078125 1625213818.475369
2043.9560546875 1625213818.482387
2051.66064453125 1625213818.489421
2160.44775390625 1625213818.496466
2246.06298828125 1625213818.503398
2231.968994140625 1625213818.51053
2244.140625 1625213818.517407
2166.03076171875 1625213818.52447
2218.568603515625 1625213818.531474
2068.14013671875 1625213818.538388
2012.6812744140625 1625213818.545516
2166.03076171875 1625213818.552445
2055.5556640625 1625213818.559447
2258.82373046875 1625213818.566509
2302.788818359375 1625213818.573471
2272.727294921875 1625213818.580427
2089.01513671875 1625213818.58741
1990.990966796875 1625213818.594386
2047.7940673828125 1625213818.601427
2047.7064208984375 1625213818.608412
2116.98095703125 1625213818.615362
2082.242919921875 1625213818.622347
2053.406982421875 1625213818.629391
2010.9288330078125 1625213818.636602
1925.926025390625 1625213818.643306
1912.58740234375 1625213818.65025
1967.7996826171875 1625213818.657214
1962.5 1625213818.664163
2039.426513671875 1625213818.671395
2217.4755859375 1625213818.678295
2178.84619140625 1625213818.685253
2122.41064453125 1625213818.692173
2101.12353515625 1625213818.699216
2093.10986328125 1625213818.706241
2100.9345703125 1625213818.713195
2055.0458984375 1625213818.720264
2003.5970458984375 1625213818.727249
1960.71435546875 1625213818.734329
1981.949462890625 1625213818.741224
1969.5885009765625 1625213818.748227
1989.3048095703125 1625213818.755226
2055.147216796875 1625213818.762184
2055.3505859375 1625213818.769314
2016.3636474609375 1625213818.776265
2023.679443359375 1625213818.783229
2001.821533203125 1625213818.79026
1978.49462890625 1625213818.797259
1947.841796875 1625213818.804279
1865.284912109375 1625213818.811306
1973.1182861328125 1625213818.818306
1955.436767578125 1625213818.825307
1953.7366943359375 1625213818.832267
1960.7843017578125 1625213818.839315
1978.4560546875 1625213818.846301
1983.842041015625 1625213818.853174
1989.189208984375 1625213818.860149
1973.1182861328125 1625213818.867253
1964.2857666015625 1625213818.874127
1958.9285888671875 1625213818.881134
1978.4560546875 1625213818.888206
1969.5885009765625 1625213818.895143
1960.7843017578125 1625213818.902151
1973.1663818359375 1625213818.909142
1958.9285888671875 1625213818.916197
1967.7996826171875 1625213818.923134
1996.389892578125 1625213818.93014
2003.623291015625 1625213818.93714
1996.389892578125 1625213818.944167
2031.07861328125 1625213818.951193
2029.3040771484375 1625213818.958206
2025.5474853515625 1625213818.965183
2009.074462890625 1625213818.972195
2001.808349609375 1625213818.979213
1863.32177734375 1625213818.986223
1843.9107666015625 1625213818.993194
1845.6260986328125 1625213819.000215
1829.3515625 1625213819.007189
1824.531494140625 1625213819.014157
1816.6383056640625 1625213819.021219
1814.9405517578125 1625213819.028197
1873.4835205078125 1625213819.035308
1951.9573974609375 1625213819.042234
1941.5928955078125 1625213819.049248
1964.349365234375 1625213819.056275
1989.189208984375 1625213819.063044
1989.189208984375 1625213819.070287
1957.21923828125 1625213819.077144
1936.5079345703125 1625213819.084153
1985.6373291015625 1625213819.091057
1980.18017578125 1625213819.098065
1914.1856689453125 1625213819.105076
1955.5159912109375 1625213819.112084
1973.1663818359375 1625213819.119181
1998.1949462890625 1625213819.126173
1976.6607666015625 1625213819.133097
1987.387451171875 1625213819.140109
1959.1474609375 1625213819.147088
1890.4346923828125 1625213819.154145
1919.1563720703125 1625213819.161219
1980.2158203125 1625213819.168149
1951.87158203125 1625213819.175221
1951.9573974609375 1625213819.182237
1966.0107421875 1625213819.18922
1951.87158203125 1625213819.196206
1971.428466796875 1625213819.20316
2021.8580322265625 1625213819.210169
2009.074462890625 1625213819.217244
2005.4346923828125 1625213819.224208
2000.0 1625213819.231107
1987.387451171875 1625213819.238378
2000.0 1625213819.245499
1994.5848388671875 1625213819.252371
1982.0467529296875 1625213819.259339
1957.142822265625 1625213819.266299
1930.973388671875 1625213819.273359
1897.033203125 1625213819.280495
1853.951904296875 1625213819.287328
1845.890380859375 1625213819.294258
1898.7783203125 1625213819.30113
1917.2535400390625 1625213819.308123
1902.097900390625 1625213819.315115
1905.5943603515625 1625213819.322353
1938.0531005859375 1625213819.329162
1917.2535400390625 1625213819.336144
1931.2169189453125 1625213819.343144
2045.703857421875 1625213819.350203
2087.360595703125 1625213819.357158
2003.5777587890625 1625213819.36413
2089.385498046875 1625213819.37126
2076.066650390625 1625213819.378293
2036.5631103515625 1625213819.38536
2025.59423828125 1625213819.392106
2016.3636474609375 1625213819.399156
2003.6165771484375 1625213819.406146
2001.808349609375 1625213819.413162
1982.0467529296875 1625213819.420028
1969.4793701171875 1625213819.42699
1932.6241455078125 1625213819.433955
1917.2535400390625 1625213819.441048
1907.180419921875 1625213819.447975
1908.9317626953125 1625213819.455108
1900.349609375 1625213819.462076
1888.501708984375 1625213819.468993
1907.180419921875 1625213819.475979
1927.5618896484375 1625213819.483067
1925.7950439453125 1625213819.490064
1898.9547119140625 1625213819.497378
1932.8621826171875 1625213819.504336
1910.6829833984375 1625213819.511493
1931.0953369140625 1625213819.519489
1929.3287353515625 1625213819.52735
1819.7279052734375 1625213819.534346
1837.0496826171875 1625213819.541315
1857.142822265625 1625213819.548306
1873.4835205078125 1625213819.555341
1866.5511474609375 1625213819.562389
1858.62060546875 1625213819.569496
1898.9547119140625 1625213819.577218
1883.6805419921875 1625213819.58415
1858.62060546875 1625213819.591197
1868.51220703125 1625213819.598168
1860.3448486328125 1625213819.605208
1865.284912109375 1625213819.612339
1857.142822265625 1625213819.619243
1850.5155029296875 1625213819.626246
1851.9793701171875 1625213819.633304
1843.9107666015625 1625213819.640247
1847.0789794921875 1625213819.647236
1834.18798828125 1625213819.654001
1818.0272216796875 1625213819.661074
1796.2962646484375 1625213819.668026
1800.6756591796875 1625213819.67509
1795.9527587890625 1625213819.682067
1789.9158935546875 1625213819.689114
1799.325439453125 1625213819.696286
1787.8787841796875 1625213819.703313
1792.9293212890625 1625213819.710396
1788.2353515625 1625213819.717341
1792.9293212890625 1625213819.724385
1800.6756591796875 1625213819.731403
1788.2353515625 1625213819.739358
1862.0689697265625 1625213819.746264
1837.6068115234375 1625213819.753074
1853.7005615234375 1625213819.76011
1857.3883056640625 1625213819.767106
1883.6805419921875 1625213819.774127
1891.7974853515625 1625213819.780895
1866.781982421875 1625213819.787903
1865.284912109375 1625213819.794964
1858.62060546875 1625213819.80195
1860.3448486328125 1625213819.808988
1907.3426513671875 1625213819.816253
1919.0140380859375 1625213819.823219
1886.56201171875 1625213819.830249
1802.0303955078125 1625213819.837261
1765.0 1625213819.844305
1766.277099609375 1625213819.851377
1765.0 1625213819.858284
1766.277099609375 1625213819.865338
1794.9580078125 1625213819.872309
1780.2012939453125 1625213819.879339
1767.9466552734375 1625213819.886422
1782.2445068359375 1625213819.89418
1779.26416015625 1625213819.900995
1772.5753173828125 1625213819.908028
1770.9029541015625 1625213819.915064
1752.902099609375 1625213819.922026
1746.688720703125 1625213819.929122
1728.17138671875 1625213819.936092
1716.8575439453125 1625213819.94312
1716.8575439453125 1625213819.950168
1722.4959716796875 1625213819.957135
1724.87646484375 1625213819.964297
1715.686279296875 1625213819.971306
1747.107421875 1625213819.978194
1776.4705810546875 1625213819.985104
1773.869384765625 1625213819.992003
1764.607666015625 1625213819.998929
1750.83056640625 1625213820.005972
1767.054931640625 1625213820.013073
1770.9029541015625 1625213820.020016
1759.13623046875 1625213820.027038
1797.2972412109375 1625213820.034069
1810.16943359375 1625213820.041039
1808.4744873046875 1625213820.048042
1898.27587890625 1625213820.054876
1966.0107421875 1625213820.061835
1932.8621826171875 1625213820.068807
1950.2664794921875 1625213820.075884
1967.741943359375 1625213820.082824
1951.9573974609375 1625213820.089957
1943.16162109375 1625213820.097087
1941.3853759765625 1625213820.104129
1930.973388671875 1625213820.111147
1924.1622314453125 1625213820.118179
1930.973388671875 1625213820.125217
1931.0953369140625 1625213820.1322
1944.9378662109375 1625213820.139161
1927.6895751953125 1625213820.146215
1925.926025390625 1625213820.153295
1932.7432861328125 1625213820.160274
1920.774658203125 1625213820.167048
1941.3853759765625 1625213820.174038
1927.5618896484375 1625213820.181
1929.4532470703125 1625213820.188054
1903.677734375 1625213820.195032
1885.2174072265625 1625213820.201946
1883.6805419921875 1625213820.208975
1900.349609375 1625213820.215947
1888.501708984375 1625213820.222755
1888.3072509765625 1625213820.22969
1871.9722900390625 1625213820.236769
1870.2421875 1625213820.243727
1867.0120849609375 1625213820.250817
1871.9722900390625 1625213820.257729
1878.47216796875 1625213820.26476
1863.557861328125 1625213820.271755
1878.682861328125 1625213820.278751
1865.284912109375 1625213820.285814
1876.9498291015625 1625213820.292807
1880.4158935546875 1625213820.29982
1922.3985595703125 1625213820.306806
1913.884033203125 1625213820.313764
1917.39892578125 1625213820.320807
1923.893798828125 1625213820.327825
1900.5235595703125 1625213820.334925
1902.097900390625 1625213820.341866
1891.7974853515625 1625213820.348854
1853.951904296875 1625213820.355848
1876.9498291015625 1625213820.36286
1895.4703369140625 1625213820.369868
1886.95654296875 1625213820.376869
1907.180419921875 1625213820.383807
1915.6414794921875 1625213820.390794
1900.349609375 1625213820.39773
1898.6014404296875 1625213820.404738
1900.175048828125 1625213820.411708
1875.216552734375 1625213820.418776
1863.7930908203125 1625213820.425701
1855.421630859375 1625213820.432795
1837.0496826171875 1625213820.439678
1813.2427978515625 1625213820.446683
1732.67333984375 1625213820.453709
1716.8575439453125 1625213820.460716
1725.3289794921875 1625213820.467847
1718.0328369140625 1625213820.47476
1725.3289794921875 1625213820.481728
1725.780029296875 1625213820.488727
1722.4959716796875 1625213820.495748
1725.780029296875 1625213820.502746
1742.1488037109375 1625213820.509753
1737.190185546875 1625213820.516823
1737.623779296875 1625213820.523797
1744.2244873046875 1625213820.530761
1747.9271240234375 1625213820.537795
1743.8016357421875 1625213820.544611
1737.623779296875 1625213820.551614
1738.843017578125 1625213820.558715
1742.1488037109375 1625213820.565719
1737.623779296875 1625213820.572709
1738.843017578125 1625213820.579667
1728.17138671875 1625213820.586673
1727.4219970703125 1625213820.593681
1731.4661865234375 1625213820.600757
1722.4959716796875 1625213820.607678
1733.1136474609375 1625213820.614692
1722.4959716796875 1625213820.621731
1723.6842041015625 1625213820.628705
1721.3114013671875 1625213820.636006
1725.3289794921875 1625213820.643318
1745.45458984375 1625213820.65109
1754.15283203125 1625213820.658147
1755.81396484375 1625213820.664891
1756.2188720703125 1625213820.671933
1759.13623046875 1625213820.678784
1755.81396484375 1625213820.68581
1746.688720703125 1625213820.692778
1737.623779296875 1625213820.699627
1735.9736328125 1625213820.706654
1737.623779296875 1625213820.71361
1730.2630615234375 1625213820.720781
1737.623779296875 1625213820.727695
1722.4959716796875 1625213820.734758
1742.1488037109375 1625213820.741713
1746.688720703125 1625213820.74872
1751.2437744140625 1625213820.75573
1758.7354736328125 1625213820.762698
1765.0 1625213820.769859
1750.0 1625213820.776871
1767.9466552734375 1625213820.783815
1762.063232421875 1625213820.790732
1765.0 1625213820.797733
1762.063232421875 1625213820.804779
1763.72705078125 1625213820.811788
1763.3333740234375 1625213820.818782
1759.13623046875 1625213820.825793
1757.071533203125 1625213820.832652
1783.5570068359375 1625213820.839611
1786.5545654296875 1625213820.846568
1783.5570068359375 1625213820.853559
1791.245849609375 1625213820.860567
1795.9527587890625 1625213820.86757
1805.41455078125 1625213820.874565
1797.63916015625 1625213820.881611
1789.9158935546875 1625213820.888613
1801.0118408203125 1625213820.895605
1804.0540771484375 1625213820.902619
1808.7987060546875 1625213820.909561
1802.0303955078125 1625213820.916575
1802.3648681640625 1625213820.923566
1802.3648681640625 1625213820.930553
1797.63916015625 1625213820.937702
1798.9864501953125 1625213820.944733
1804.0540771484375 1625213820.9518
1814.9405517578125 1625213820.958743
1798.9864501953125 1625213820.965726
1799.325439453125 1625213820.972729
1815.254150390625 1625213820.979717
1827.64501953125 1625213820.986914
1819.7279052734375 1625213820.993581
1818.336181640625 1625213821.000664
1821.4285888671875 1625213821.007538
1805.41455078125 1625213821.014602
1803.7225341796875 1625213821.021593
1788.2353515625 1625213821.028533
1778.8944091796875 1625213821.035614
1772.9549560546875 1625213821.042532
1768.3333740234375 1625213821.049604
1803.7225341796875 1625213821.056546
1800.6756591796875 1625213821.06355
1795.9527587890625 1625213821.070897
1784.8740234375 1625213821.077885
1787.8787841796875 1625213821.084747
1777.2193603515625 1625213821.091711
1772.5753173828125 1625213821.098582
1783.5570068359375 1625213821.105604
1795.9527587890625 1625213821.112605
1797.63916015625 1625213821.11958
1797.63916015625 1625213821.12661
1792.9293212890625 1625213821.133634
1795.9527587890625 1625213821.140619
1807.1065673828125 1625213821.147597
1815.5667724609375 1625213821.154502
1850.5155029296875 1625213821.161439
1831.0579833984375 1625213821.168499
1830.7691650390625 1625213821.175519
1807.757080078125 1625213821.182424
1873.9205322265625 1625213821.189464
1938.0531005859375 1625213821.196422
1958.9285888671875 1625213821.203579
1957.21923828125 1625213821.210502
1967.741943359375 1625213821.217501
1978.4560546875 1625213821.224454
2032.90673828125 1625213821.231473
2094.97216796875 1625213821.238506
2114.232421875 1625213821.245812
2100.9345703125 1625213821.252843
2120.074951171875 1625213821.259922
2148.007568359375 1625213821.266916
2161.90478515625 1625213821.273943
2188.46142578125 1625213821.280847
2205.029052734375 1625213821.287976
2178.502685546875 1625213821.295663
2202.702880859375 1625213821.302599
2204.63330078125 1625213821.309631
2203.48828125 1625213821.316704
2184.615478515625 1625213821.323685
2188.099853515625 1625213821.330671
2219.41748046875 1625213821.33762
2206.96337890625 1625213821.344709
2176.2451171875 1625213821.351636
2162.2138671875 1625213821.358712
2213.178466796875 1625213821.36578
2188.46142578125 1625213821.372873
2194.605224609375 1625213821.379772
2194.980712890625 1625213821.386647
2180.42236328125 1625213821.393699
2161.596923828125 1625213821.400738
2144.21240234375 1625213821.407685
2128.3017578125 1625213821.414728
2132.075439453125 1625213821.421672
2055.452880859375 1625213821.4288
2000.0 1625213821.435737
1946.7139892578125 1625213821.442724
1950.089111328125 1625213821.449664
1948.490234375 1625213821.456537
1985.5855712890625 1625213821.46354
2003.6165771484375 1625213821.470531
2020.0 1625213821.477585
2025.5474853515625 1625213821.484561
2033.0274658203125 1625213821.491657
2010.8304443359375 1625213821.498611
2025.5474853515625 1625213821.50558
1969.642822265625 1625213821.512678
1931.0953369140625 1625213821.519644
1919.1563720703125 1625213821.526616
1944.9378662109375 1625213821.533691
1938.0531005859375 1625213821.540729
1948.490234375 1625213821.54763
1953.6541748046875 1625213821.554658
1932.7432861328125 1625213821.561704
1939.822998046875 1625213821.568684
1957.142822265625 1625213821.575646
1941.4893798828125 1625213821.582682
1925.6636962890625 1625213821.589706
1910.5262451171875 1625213821.59675
1919.0140380859375 1625213821.603694
1910.5262451171875 1625213821.610672
1913.884033203125 1625213821.617574
1905.4290771484375 1625213821.624559
1922.3985595703125 1625213821.631551
1941.4893798828125 1625213821.638599
1957.29541015625 1625213821.645634
2038.46142578125 1625213821.652541
2064.57568359375 1625213821.659605
2093.10986328125 1625213821.666569
2099.065185546875 1625213821.673644
2083.643310546875 1625213821.680601
2081.632568359375 1625213821.687536
2074.211669921875 1625213821.694626
2042.279541015625 1625213821.70161
2045.8714599609375 1625213821.708593
2057.09033203125 1625213821.715626
2093.28369140625 1625213821.722592
2101.12353515625 1625213821.729676
2085.6611328125 1625213821.736613
2072.088623046875 1625213821.743584
2112.5703125 1625213821.750627
2120.52734375 1625213821.757703
2128.3017578125 1625213821.76464
2135.84912109375 1625213821.771672
2142.04541015625 1625213821.778442
2183.907958984375 1625213821.78561
2186.53857421875 1625213821.792612
2173.076904296875 1625213821.799546
2134.215576171875 1625213821.806497
2133.962158203125 1625213821.813538
2138.257568359375 1625213821.820519
2112.781982421875 1625213821.8276
2102.8037109375 1625213821.834606
2107.142822265625 1625213821.84147
2078.06689453125 1625213821.848531
2066.66650390625 1625213821.855543
2051.470458984375 1625213821.862591
2059.149658203125 1625213821.869522
2051.470458984375 1625213821.876538
2038.46142578125 1625213821.883611
2032.967041015625 1625213821.890518
2001.808349609375 1625213821.897597
2005.44482421875 1625213821.904624
2040.366943359375 1625213821.911582
2016.3934326171875 1625213821.918654
2044.11767578125 1625213821.925461
2032.967041015625 1625213821.9325
2031.07861328125 1625213821.939391
2047.7940673828125 1625213821.946405
2049.541259765625 1625213821.953464
2036.630126953125 1625213821.960487
2020.072998046875 1625213821.967473
2007.2333984375 1625213821.974449
2025.5009765625 1625213821.981473
2040.2193603515625 1625213821.988459
2053.308837890625 1625213821.995504
2055.248779296875 1625213822.002501
2044.03662109375 1625213822.009484
2066.54345703125 1625213822.016549
2040.29296875 1625213822.023479
2062.73046875 1625213822.030487
2079.777587890625 1625213822.037446
2077.922119140625 1625213822.044542
2042.2017822265625 1625213822.051553
2020.0364990234375 1625213822.058578
2049.45068359375 1625213822.065562
2078.06689453125 1625213822.072548
2100.9345703125 1625213822.079299
2122.41064453125 1625213822.086307
2134.4697265625 1625213822.09328
2110.2802734375 1625213822.100408
2118.867919921875 1625213822.107356
2098.880615234375 1625213822.114325
2106.74169921875 1625213822.121362
2093.4580078125 1625213822.128352
2078.06689453125 1625213822.135557
2074.073974609375 1625213822.142659
2097.1962890625 1625213822.149757
2114.446533203125 1625213822.157702
2116.54150390625 1625213822.165488
2106.74169921875 1625213822.172528
2104.868896484375 1625213822.179347
2122.41064453125 1625213822.186434
2128.3017578125 1625213822.19332
2081.4814453125 1625213822.200441
2051.470458984375 1625213822.207438
2074.349365234375 1625213822.214454
2081.784423828125 1625213822.221383
2126.4150390625 1625213822.228376
2110.487060546875 1625213822.235582
2150.190185546875 1625213822.242577
2148.2890625 1625213822.249515
2158.09521484375 1625213822.256603
2142.04541015625 1625213822.263598
2128.3017578125 1625213822.270577
2112.5703125 1625213822.277444
2089.55224609375 1625213822.284345
2023.72265625 1625213822.29145
1983.7838134765625 1625213822.298383
1969.5340576171875 1625213822.305399
1955.5159912109375 1625213822.312453
1951.9573974609375 1625213822.319411
1960.71435546875 1625213822.326401
1948.490234375 1625213822.333436
1943.262451171875 1625213822.34037
1943.16162109375 1625213822.347292
1957.21923828125 1625213822.354255
1946.7139892578125 1625213822.361253
1941.4893798828125 1625213822.368204
1944.9378662109375 1625213822.375254
1939.71630859375 1625213822.38231
1943.16162109375 1625213822.389237
1936.170166015625 1625213822.396194
1927.6895751953125 1625213822.403293
1950.1778564453125 1625213822.410281
1994.642822265625 1625213822.417355
2049.63232421875 1625213822.424268
2060.8857421875 1625213822.431288
2051.470458984375 1625213822.438371
2055.3505859375 1625213822.445392
2032.90673828125 1625213822.452312
2029.2503662109375 1625213822.459373
2025.59423828125 1625213822.466372
1978.4560546875 1625213822.473314
1996.389892578125 1625213822.480341
1996.389892578125 1625213822.487536
1994.5750732421875 1625213822.494569
1996.389892578125 1625213822.501606
1994.5946044921875 1625213822.509548
2009.074462890625 1625213822.51643
2010.8892822265625 1625213822.523411
2009.074462890625 1625213822.530286
1992.77978515625 1625213822.537317
2001.8115234375 1625213822.544316
1985.611572265625 1625213822.551363
1985.611572265625 1625213822.558334
1996.389892578125 1625213822.565334
1998.1883544921875 1625213822.572299
1973.1182861328125 1625213822.579356
1959.0018310546875 1625213822.58635
1974.910400390625 1625213822.594388
1971.2747802734375 1625213822.602277
1950.089111328125 1625213822.609197
1939.71630859375 1625213822.616232
1936.283203125 1625213822.623158
1917.2535400390625 1625213822.630156
1908.9317626953125 1625213822.637408
1917.2535400390625 1625213822.644371
1925.926025390625 1625213822.651451
1946.7139892578125 1625213822.658534
1950.2664794921875 1625213822.665277
1951.87158203125 1625213822.672288
1953.7366943359375 1625213822.679377
1953.7366943359375 1625213822.686296
1939.822998046875 1625213822.693354
1944.83984375 1625213822.700349
1895.2879638671875 1625213822.707295
1878.47216796875 1625213822.71422
1871.75048828125 1625213822.721257
1870.017333984375 1625213822.728329
1871.75048828125 1625213822.735497
1873.702392578125 1625213822.742527
1886.95654296875 1625213822.74947
1891.7974853515625 1625213822.756322
1907.180419921875 1625213822.763385
1912.1265869140625 1625213822.770375
1895.2879638671875 1625213822.777446
1900.349609375 1625213822.784396
1886.95654296875 1625213822.791287
1886.7596435546875 1625213822.798088
1895.2879638671875 1625213822.805125
1897.033203125 1625213822.812063
1893.542724609375 1625213822.819042
1895.2879638671875 1625213822.826468
1900.349609375 1625213822.833414
1912.1265869140625 1625213822.840509
1898.6014404296875 1625213822.847448
1895.2879638671875 1625213822.85445
1902.097900390625 1625213822.861463
1910.5262451171875 1625213822.869446
1910.5262451171875 1625213822.877146
1915.6414794921875 1625213822.884026
1917.2535400390625 1625213822.891127
1913.884033203125 1625213822.897973
1907.180419921875 1625213822.905094
1908.9317626953125 1625213822.912139
1920.774658203125 1625213822.919029
1936.283203125 1625213822.926123
1925.926025390625 1625213822.933079
1945.035400390625 1625213822.940136
1959.1474609375 1625213822.947167
2001.8148193359375 1625213822.954141
2027.372314453125 1625213822.961065
1976.6607666015625 1625213822.96804
1998.1981201171875 1625213822.975131
1992.7928466796875 1625213822.98225
1992.77978515625 1625213822.989185
1964.4759521484375 1625213822.996291
1983.81298828125 1625213823.003222
1992.7928466796875 1625213823.010149
1974.955322265625 1625213823.017147
1989.22802734375 1625213823.024175
1971.37744140625 1625213823.031159
1941.4893798828125 1625213823.03823
1943.262451171875 1625213823.044976
1948.490234375 1625213823.05222
1953.7366943359375 1625213823.059334
1967.7996826171875 1625213823.06625
1989.169677734375 1625213823.073269
1992.77978515625 1625213823.080353
1962.432861328125 1625213823.087305
1939.71630859375 1625213823.094173
1907.017578125 1625213823.101116
1898.6014404296875 1625213823.108019
1891.7974853515625 1625213823.115058
1883.478271484375 1625213823.121989
1880.2083740234375 1625213823.129005
1880.2083740234375 1625213823.136029
1871.75048828125 1625213823.143041
1843.9107666015625 1625213823.150077
1844.1781005859375 1625213823.157035
1861.8306884765625 1625213823.164094
1855.421630859375 1625213823.171064
1855.17236328125 1625213823.17814
1839.0411376953125 1625213823.185092
1837.6068115234375 1625213823.192185
1847.0789794921875 1625213823.19887
1842.4656982421875 1625213823.20592
1839.3162841796875 1625213823.212996
1850.5155029296875 1625213823.219945
1848.7972412109375 1625213823.22701
1855.421630859375 1625213823.233953
1837.6068115234375 1625213823.240944
1850.5155029296875 1625213823.248032
1843.9107666015625 1625213823.25496
1839.0411376953125 1625213823.262089
1833.0494384765625 1625213823.269025
1851.9793701171875 1625213823.2761
1847.34130859375 1625213823.28299
1845.6260986328125 1625213823.289989
1842.4656982421875 1625213823.297002
1850.5155029296875 1625213823.303987
1855.421630859375 1625213823.310989
1853.951904296875 1625213823.317949
1839.0411376953125 1625213823.325262
1848.7972412109375 1625213823.332265
1837.3287353515625 1625213823.339309
1837.6068115234375 1625213823.346365
1842.4656982421875 1625213823.354237
1848.7972412109375 1625213823.360995
1850.5155029296875 1625213823.368016
1858.62060546875 1625213823.375029
1883.478271484375 1625213823.382039
1883.478271484375 1625213823.389009
1983.81298828125 1625213823.396045
1987.387451171875 1625213823.403075
1996.389892578125 1625213823.410031
2005.4346923828125 1625213823.417128
1996.389892578125 1625213823.424073
2010.8892822265625 1625213823.4311
2010.8892822265625 1625213823.438073
2016.3636474609375 1625213823.445146
2009.074462890625 1625213823.452178
2010.8892822265625 1625213823.45914
2010.8892822265625 1625213823.466102
2010.8892822265625 1625213823.473103
2016.3636474609375 1625213823.480126
2023.679443359375 1625213823.487103
2027.372314453125 1625213823.494139
2034.798583984375 1625213823.501036
2009.074462890625 1625213823.50817
1990.990966796875 1625213823.515102
1989.189208984375 1625213823.52202
1983.81298828125 1625213823.528974
1974.910400390625 1625213823.535967
1976.6607666015625 1625213823.54297
1973.1182861328125 1625213823.549995
1962.5 1625213823.556973
1960.71435546875 1625213823.563998
1953.6541748046875 1625213823.570965
1978.417236328125 1625213823.5781
1964.2857666015625 1625213823.585105
1966.071533203125 1625213823.592037
1957.142822265625 1625213823.599091
1941.4893798828125 1625213823.606027
1962.5 1625213823.613061
1951.9573974609375 1625213823.620075
1962.5 1625213823.627075
1951.87158203125 1625213823.634086
1946.7139892578125 1625213823.641059
1931.0953369140625 1625213823.64809
1936.283203125 1625213823.655215
1927.6895751953125 1625213823.662154
1915.6414794921875 1625213823.669079
1910.3690185546875 1625213823.676224
1895.1048583984375 1625213823.682948
1883.478271484375 1625213823.689908
1866.781982421875 1625213823.696914
1858.62060546875 1625213823.70398
1857.142822265625 1625213823.710937
1853.951904296875 1625213823.717835
1858.62060546875 1625213823.724928
1858.62060546875 1625213823.731895
1853.7005615234375 1625213823.738884
1853.7005615234375 1625213823.745952
1853.7005615234375 1625213823.752899
1845.6260986328125 1625213823.75991
1839.0411376953125 1625213823.76697
1827.938720703125 1625213823.773869
1832.4786376953125 1625213823.780974
1835.8974609375 1625213823.787908
1835.8974609375 1625213823.794941
1845.6260986328125 1625213823.801907
1852.233642578125 1625213823.808948
1850.5155029296875 1625213823.815898
1847.0789794921875 1625213823.822925
1843.9107666015625 1625213823.829943
1837.6068115234375 1625213823.836939
1840.75341796875 1625213823.843811
1840.75341796875 1625213823.851043
1840.75341796875 1625213823.858016
1829.3515625 1625213823.865032
1821.4285888671875 1625213823.87201
1813.559326171875 1625213823.879094
1824.531494140625 1625213823.886045
1824.531494140625 1625213823.89309
1810.16943359375 1625213823.899994
1791.245849609375 1625213823.907033
1792.9293212890625 1625213823.913824
1807.1065673828125 1625213823.920844
1814.9405517578125 1625213823.927917
1808.4744873046875 1625213823.934843
1808.4744873046875 1625213823.941851
1813.2427978515625 1625213823.948923
1805.41455078125 1625213823.955855
1798.9864501953125 1625213823.962921
1795.9527587890625 1625213823.969849
1805.7431640625 1625213823.976894
1807.1065673828125 1625213823.983929
1802.3648681640625 1625213823.990896
1794.61279296875 1625213823.997866
1794.61279296875 1625213824.004934
1803.7225341796875 1625213824.011972
1788.2353515625 1625213824.018704
1799.325439453125 1625213824.025765
1805.41455078125 1625213824.032766
1797.2972412109375 1625213824.03983
1800.6756591796875 1625213824.046735
1798.9864501953125 1625213824.053717
1795.9527587890625 1625213824.060804
1795.9527587890625 1625213824.067785
1799.325439453125 1625213824.074877
1803.7225341796875 1625213824.08185
1805.41455078125 1625213824.088802
1807.1065673828125 1625213824.096104
1808.7987060546875 1625213824.103168
1815.254150390625 1625213824.111035
1813.2427978515625 1625213824.118124
1805.41455078125 1625213824.12514
1802.3648681640625 1625213824.133075
1789.9158935546875 1625213824.140071
1804.0540771484375 1625213824.146951
1805.41455078125 1625213824.153977
1808.7987060546875 1625213824.160994
1807.1065673828125 1625213824.167958
1816.3265380859375 1625213824.174766
1799.325439453125 1625213824.181812
1795.9527587890625 1625213824.188828
1797.63916015625 1625213824.19578
1797.63916015625 1625213824.202743
1806.7796630859375 1625213824.209686
1794.2664794921875 1625213824.216787
1808.7987060546875 1625213824.2237
1811.8643798828125 1625213824.230957
1807.1065673828125 1625213824.237887
1810.16943359375 1625213824.244948
1810.16943359375 1625213824.25176
1813.2427978515625 1625213824.258742
1810.16943359375 1625213824.265851
1818.0272216796875 1625213824.272968
1805.41455078125 1625213824.279931
1804.0540771484375 1625213824.2869
1804.0540771484375 1625213824.293823
1803.7225341796875 1625213824.300755
1799.325439453125 1625213824.307766
1804.0540771484375 1625213824.314778
1805.41455078125 1625213824.321742
1808.4744873046875 1625213824.328687
1800.6756591796875 1625213824.335693
1799.325439453125 1625213824.342504
1801.0118408203125 1625213824.349672
1813.559326171875 1625213824.356528
1816.6383056640625 1625213824.363559
1820.033935546875 1625213824.370494
1829.3515625 1625213824.377541
1823.1292724609375 1625213824.384566
1808.7987060546875 1625213824.391581
1807.1065673828125 1625213824.398626
1811.8643798828125 1625213824.405603
1795.9527587890625 1625213824.412581
1801.0118408203125 1625213824.419585
1792.9293212890625 1625213824.426563
1793.2772216796875 1625213824.433507
1797.63916015625 1625213824.440574
1799.325439453125 1625213824.447626
1810.49072265625 1625213824.454635
1819.7279052734375 1625213824.461567
1831.0579833984375 1625213824.468609
1813.2427978515625 1625213824.475576
1810.16943359375 1625213824.482622
1799.325439453125 1625213824.489596
1810.16943359375 1625213824.496654
1792.9293212890625 1625213824.503605
1802.3648681640625 1625213824.510611
1805.7431640625 1625213824.5176
1800.6756591796875 1625213824.524701
1810.49072265625 1625213824.531691
1806.7796630859375 1625213824.538453
1806.7796630859375 1625213824.545448
1816.6383056640625 1625213824.552476
1818.336181640625 1625213824.5595
1811.8643798828125 1625213824.566564
1816.6383056640625 1625213824.573455
1814.9405517578125 1625213824.580435
1818.336181640625 1625213824.587516
1816.6383056640625 1625213824.594475
1813.2427978515625 1625213824.601486
1806.7796630859375 1625213824.608516
1791.5966796875 1625213824.615604
1807.1065673828125 1625213824.622527
1807.1065673828125 1625213824.629536
1803.7225341796875 1625213824.636502
1805.7431640625 1625213824.643496
1793.2772216796875 1625213824.650565
1813.559326171875 1625213824.657542
1816.3265380859375 1625213824.664608
1824.531494140625 1625213824.671576
1818.0272216796875 1625213824.678581
1804.0540771484375 1625213824.685506
1808.7987060546875 1625213824.692501
1813.2427978515625 1625213824.699621
1813.559326171875 1625213824.706571
1821.4285888671875 1625213824.713557
1829.059814453125 1625213824.720553
1842.195556640625 1625213824.727531
1831.0579833984375 1625213824.734612
1842.4656982421875 1625213824.741635
1853.7005615234375 1625213824.748651
1839.3162841796875 1625213824.755655
1843.9107666015625 1625213824.762363
1849.056640625 1625213824.769363
1850.7718505859375 1625213824.776491
1865.0518798828125 1625213824.783524
1865.284912109375 1625213824.790561
1870.017333984375 1625213824.797445
1878.47216796875 1625213824.804594
1875.216552734375 1625213824.811636
1871.75048828125 1625213824.818561
1855.421630859375 1625213824.825553
1868.51220703125 1625213824.832635
1860.1036376953125 1625213824.839525
1835.616455078125 1625213824.846557
1819.4207763671875 1625213824.853592
1800.6756591796875 1625213824.860626
1779.26416015625 1625213824.867553
1784.8740234375 1625213824.874643
1774.24755859375 1625213824.881645
1772.5753173828125 1625213824.888647
1772.5753173828125 1625213824.895823
1777.2193603515625 1625213824.902843
1777.2193603515625 1625213824.909919
1778.8944091796875 1625213824.917831
1773.869384765625 1625213824.924657
1777.2193603515625 1625213824.931673
1778.5234375 1625213824.938648
1781.879150390625 1625213824.945626
1775.54443359375 1625213824.952595
1775.919677734375 1625213824.95966
1772.5753173828125 1625213824.966541
1769.615966796875 1625213824.973572
1772.5753173828125 1625213824.980554
1766.277099609375 1625213824.987604
1767.9466552734375 1625213824.994594
1761.6666259765625 1625213825.001649
1757.47509765625 1625213825.00869
1756.2188720703125 1625213825.015437
1775.919677734375 1625213825.022387
1821.124267578125 1625213825.029443
1807.757080078125 1625213825.036488
1833.0494384765625 1625213825.043547
1850.2581787109375 1625213825.050492
1883.478271484375 1625213825.057489
1922.3985595703125 1625213825.064391
1915.6414794921875 1625213825.071461
1917.39892578125 1625213825.078449
1932.8621826171875 1625213825.085436
1931.0953369140625 1625213825.092499
1912.2806396484375 1625213825.099553
1920.774658203125 1625213825.10634
1924.2957763671875 1625213825.113371
1917.2535400390625 1625213825.120376
1913.884033203125 1625213825.127433
1912.1265869140625 1625213825.134435
1915.6414794921875 1625213825.141479
1908.7718505859375 1625213825.148481
1910.5262451171875 1625213825.155433
1903.677734375 1625213825.162397
1922.53515625 1625213825.16944
1910.3690185546875 1625213825.176476
1917.39892578125 1625213825.183484
1910.3690185546875 1625213825.190485
1907.017578125 1625213825.197521
1905.4290771484375 1625213825.204485
1902.097900390625 1625213825.211549
1878.682861328125 1625213825.218471
1854.9222412109375 1625213825.225531
1851.72412109375 1625213825.232577
1851.72412109375 1625213825.239416
1832.7645263671875 1625213825.246546
1809.5238037109375 1625213825.253526
1824.8299560546875 1625213825.260589
1823.1292724609375 1625213825.267498
1810.16943359375 1625213825.274553
1816.6383056640625 1625213825.28137
1815.254150390625 1625213825.288478
1810.49072265625 1625213825.295418
1795.608154296875 1625213825.302343
1799.663330078125 1625213825.309371
1802.0303955078125 1625213825.316342
1810.16943359375 1625213825.323245
1827.64501953125 1625213825.330345
1821.124267578125 1625213825.337371
1818.64404296875 1625213825.344274
1827.938720703125 1625213825.351293
1814.9405517578125 1625213825.358373
1827.64501953125 1625213825.365307
1842.735107421875 1625213825.372315
1845.6260986328125 1625213825.379326
1845.36083984375 1625213825.386343
1852.233642578125 1625213825.393335
1873.4835205078125 1625213825.400353
1876.9498291015625 1625213825.407358
1858.62060546875 1625213825.414627
1862.0689697265625 1625213825.421649
1840.75341796875 1625213825.428695
1850.5155029296875 1625213825.435674
1867.0120849609375 1625213825.442732
1873.4835205078125 1625213825.449704
1865.284912109375 1625213825.456724
1870.017333984375 1625213825.464577
1858.864013671875 1625213825.471559
1868.7392578125 1625213825.478455
1893.542724609375 1625213825.485545
1829.3515625 1625213825.492406
1836.177490234375 1625213825.499394
1853.7005615234375 1625213825.506351
1840.4803466796875 1625213825.513309
1840.75341796875 1625213825.520401
1839.0411376953125 1625213825.527469
1816.6383056640625 1625213825.534412
1802.3648681640625 1625213825.541454
1847.0789794921875 1625213825.548441
1863.557861328125 1625213825.555369
1844.1781005859375 1625213825.562354
1847.0789794921875 1625213825.569411
1855.421630859375 1625213825.576475
1861.8306884765625 1625213825.583467
1863.557861328125 1625213825.590448
1834.18798828125 1625213825.59737
1840.75341796875 1625213825.604395
1840.75341796875 1625213825.611354
1873.4835205078125 1625213825.618357
1871.9722900390625 1625213825.625426
1863.557861328125 1625213825.63224
1865.284912109375 1625213825.639245
1856.896484375 1625213825.646355
1848.7972412109375 1625213825.653298
1852.233642578125 1625213825.660344
1840.4803466796875 1625213825.667286
1819.7279052734375 1625213825.674322
1824.531494140625 1625213825.681356
1814.9405517578125 1625213825.688254
1807.1065673828125 1625213825.695464
1808.7987060546875 1625213825.702537
1829.642333984375 1625213825.709646
1824.2320556640625 1625213825.716571
1818.336181640625 1625213825.723648
1826.235107421875 1625213825.730535
1829.3515625 1625213825.737571
1821.4285888671875 1625213825.744429
1823.4295654296875 1625213825.751408
1847.34130859375 1625213825.75839
1850.2581787109375 1625213825.765371
1834.18798828125 1625213825.772408
1850.5155029296875 1625213825.77934
1868.51220703125 1625213825.786439
1876.7362060546875 1625213825.793661
1875.216552734375 1625213825.801285
1878.47216796875 1625213825.808328
1883.478271484375 1625213825.815335
1878.47216796875 1625213825.822332
1878.47216796875 1625213825.829322
1871.9722900390625 1625213825.836329
1867.0120849609375 1625213825.843301
1853.7005615234375 1625213825.850396
1850.5155029296875 1625213825.857247
1835.8974609375 1625213825.864339
1829.3515625 1625213825.871314
1824.531494140625 1625213825.878345
1818.0272216796875 1625213825.885386
1818.336181640625 1625213825.892357
1824.531494140625 1625213825.899355
1816.6383056640625 1625213825.906328
1818.0272216796875 1625213825.913368
1823.1292724609375 1625213825.92035
1818.0272216796875 1625213825.927339
1821.4285888671875 1625213825.934428
1826.235107421875 1625213825.941325
1832.7645263671875 1625213825.948285
1834.18798828125 1625213825.955379
1844.1781005859375 1625213825.962401
1847.34130859375 1625213825.969387
1865.5172119140625 1625213825.976422
1870.2421875 1625213825.98321
1868.7392578125 1625213825.99032
1885.2174072265625 1625213825.997217
1881.9444580078125 1625213826.004283
1880.2083740234375 1625213826.011268
1885.017333984375 1625213826.018285
1884.8167724609375 1625213826.025254
1865.0518798828125 1625213826.032324
1842.4656982421875 1625213826.039233
1832.7645263671875 1625213826.046334
1845.6260986328125 1625213826.053286
1831.0579833984375 1625213826.060233
1824.531494140625 1625213826.067242
1810.16943359375 1625213826.07428
1815.254150390625 1625213826.081273
1836.177490234375 1625213826.088262
1829.642333984375 1625213826.095381
1853.951904296875 1625213826.102309
1840.4803466796875 1625213826.109323
1816.6383056640625 1625213826.116365
1804.0540771484375 1625213826.123318
1800.6756591796875 1625213826.130286
1805.41455078125 1625213826.137309
1792.9293212890625 1625213826.144333
1804.0540771484375 1625213826.151318
1810.16943359375 1625213826.15836
1829.642333984375 1625213826.165393
1838.7650146484375 1625213826.172315
1826.235107421875 1625213826.179464
1826.235107421875 1625213826.186292
1842.195556640625 1625213826.193136
1845.6260986328125 1625213826.200136
1845.36083984375 1625213826.207124
1845.6260986328125 1625213826.214211
1850.5155029296875 1625213826.221196
1834.470947265625 1625213826.228182
1839.0411376953125 1625213826.235136
1818.336181640625 1625213826.24219
1850.2581787109375 1625213826.249313
1850.5155029296875 1625213826.256378
1847.0789794921875 1625213826.26336
1850.5155029296875 1625213826.270354
1862.0689697265625 1625213826.277361
1866.781982421875 1625213826.284251
1871.9722900390625 1625213826.291222
1849.056640625 1625213826.298268
1853.7005615234375 1625213826.305254
1855.17236328125 1625213826.312279
1868.51220703125 1625213826.319256
1849.056640625 1625213826.326257
1827.938720703125 1625213826.333288
1845.6260986328125 1625213826.340285
1853.7005615234375 1625213826.347344
1845.6260986328125 1625213826.354242
1851.9793701171875 1625213826.3612
1844.1781005859375 1625213826.368334
1866.781982421875 1625213826.375233
1878.47216796875 1625213826.38228
1885.2174072265625 1625213826.389269
1883.478271484375 1625213826.396225
1871.75048828125 1625213826.403254
1855.6700439453125 1625213826.410361
1863.557861328125 1625213826.4172
1863.557861328125 1625213826.42405
1860.1036376953125 1625213826.431267
1835.8974609375 1625213826.438355
1824.531494140625 1625213826.445258
1822.827880859375 1625213826.452246
1816.6383056640625 1625213826.459117
1813.2427978515625 1625213826.466078
1808.7987060546875 1625213826.473051
1811.8643798828125 1625213826.479998
1822.827880859375 1625213826.486994
1824.531494140625 1625213826.494178
1811.8643798828125 1625213826.501409
1834.18798828125 1625213826.508261
1837.3287353515625 1625213826.515312
1824.531494140625 1625213826.522438
1827.938720703125 1625213826.530374
1824.8299560546875 1625213826.538465
1845.6260986328125 1625213826.54625
1843.9107666015625 1625213826.553277
1842.195556640625 1625213826.560075
1843.9107666015625 1625213826.566991
1845.6260986328125 1625213826.574092
1839.0411376953125 1625213826.581018
1844.1781005859375 1625213826.588072
1845.6260986328125 1625213826.59512
1845.6260986328125 1625213826.602045
1858.62060546875 1625213826.609054
1840.4803466796875 1625213826.616315
1837.6068115234375 1625213826.623365
1850.5155029296875 1625213826.631237
1850.5155029296875 1625213826.638357
1863.7930908203125 1625213826.646378
1881.9444580078125 1625213826.654214
1885.2174072265625 1625213826.661166
1891.7974853515625 1625213826.668183
1897.033203125 1625213826.675336
1895.1048583984375 1625213826.682256
1885.2174072265625 1625213826.689103
1890.243896484375 1625213826.696057
1893.542724609375 1625213826.703023
1900.349609375 1625213826.710084
1910.3690185546875 1625213826.71705
1895.1048583984375 1625213826.724067
1903.677734375 1625213826.731028
1908.7718505859375 1625213826.738005
1910.5262451171875 1625213826.745098
1901.9263916015625 1625213826.752075
1898.6014404296875 1625213826.759057
1907.017578125 1625213826.766105
1917.39892578125 1625213826.772993
1915.6414794921875 1625213826.780051
1919.0140380859375 1625213826.787095
1907.017578125 1625213826.794138
1891.9859619140625 1625213826.801078
1900.349609375 1625213826.80811
1888.501708984375 1625213826.815309
1885.017333984375 1625213826.822229
1888.501708984375 1625213826.829081
1881.9444580078125 1625213826.836178
1883.6805419921875 1625213826.843208
1883.478271484375 1625213826.849994
1881.7391357421875 1625213826.856965
1881.533203125 1625213826.86398
1873.4835205078125 1625213826.870937
1861.8306884765625 1625213826.877989
1861.8306884765625 1625213826.884943
1855.421630859375 1625213826.892026
1850.5155029296875 1625213826.898963
1858.864013671875 1625213826.905952
1855.17236328125 1625213826.91296
1843.9107666015625 1625213826.919881
1845.890380859375 1625213826.927193
1868.51220703125 1625213826.934248
1865.284912109375 1625213826.941285
1863.32177734375 1625213826.949258
1870.2421875 1625213826.956284
1868.51220703125 1625213826.964168
1867.0120849609375 1625213826.9711
1880.2083740234375 1625213826.978029
1878.47216796875 1625213826.98497
1873.4835205078125 1625213826.992021
1873.4835205078125 1625213826.999023
1881.7391357421875 1625213827.005907
1880.2083740234375 1625213827.012953
1873.4835205078125 1625213827.019943
1880.2083740234375 1625213827.02689
1880.2083740234375 1625213827.033909
1881.7391357421875 1625213827.040948
1881.9444580078125 1625213827.04801
1881.9444580078125 1625213827.054973
1888.695556640625 1625213827.061935
1893.542724609375 1625213827.068851
1895.2879638671875 1625213827.075953
1895.2879638671875 1625213827.082818
1895.1048583984375 1625213827.08983
1888.501708984375 1625213827.096894
1881.7391357421875 1625213827.103917
1873.4835205078125 1625213827.110974
1865.0518798828125 1625213827.117836
1868.51220703125 1625213827.124871
1858.62060546875 1625213827.131949
1857.142822265625 1625213827.138936
1860.3448486328125 1625213827.145856
1860.3448486328125 1625213827.152958
1868.51220703125 1625213827.159716
1853.7005615234375 1625213827.166728
1858.62060546875 1625213827.173728
1851.9793701171875 1625213827.180805
1881.7391357421875 1625213827.187814
1873.4835205078125 1625213827.195181
1871.9722900390625 1625213827.202086
1871.75048828125 1625213827.209197
1853.4482421875 1625213827.216033
1850.5155029296875 1625213827.223155
1843.9107666015625 1625213827.23009
1855.421630859375 1625213827.237126
1853.951904296875 1625213827.244074
1860.3448486328125 1625213827.251121
1850.5155029296875 1625213827.257941
1843.9107666015625 1625213827.264861
1845.6260986328125 1625213827.271869
1840.75341796875 1625213827.278857
1853.7005615234375 1625213827.285866
1852.233642578125 1625213827.292832
1839.0411376953125 1625213827.299863
1850.5155029296875 1625213827.3069
1847.0789794921875 1625213827.313878
1853.7005615234375 1625213827.320858
1856.896484375 1625213827.327886
1866.781982421875 1625213827.3348
1849.740966796875 1625213827.341715
1832.7645263671875 1625213827.34878
1829.642333984375 1625213827.355777
1823.1292724609375 1625213827.362692
1824.531494140625 1625213827.369691
1825.9385986328125 1625213827.376773
1806.7796630859375 1625213827.383708
1799.325439453125 1625213827.390813
1778.8944091796875 1625213827.397778
1777.2193603515625 1625213827.404779
1781.879150390625 1625213827.411662
1780.569580078125 1625213827.418674
1781.879150390625 1625213827.425621
1780.2012939453125 1625213827.432728
1785.2349853515625 1625213827.439756
1783.9195556640625 1625213827.446749
1790.893798828125 1625213827.453859
1777.5919189453125 1625213827.460847
1771.2855224609375 1625213827.46781
1767.9466552734375 1625213827.474797
1774.24755859375 1625213827.481787
1765.0 1625213827.488848
1775.54443359375 1625213827.495901
1767.9466552734375 1625213827.502844
1767.9466552734375 1625213827.509912
1766.277099609375 1625213827.516869
1749.58544921875 1625213827.523914
1769.230712890625 1625213827.530899
1770.9029541015625 1625213827.537963
1763.72705078125 1625213827.544964
1772.5753173828125 1625213827.551838
1766.277099609375 1625213827.558863
1765.3909912109375 1625213827.565786
1767.9466552734375 1625213827.572741
1757.071533203125 1625213827.57966
1766.277099609375 1625213827.586659
1757.47509765625 1625213827.593772
1760.3992919921875 1625213827.600746
1763.3333740234375 1625213827.607776
1756.6666259765625 1625213827.614749
1757.47509765625 1625213827.621737
1772.9549560546875 1625213827.628942
1791.245849609375 1625213827.635762
1784.8740234375 1625213827.642882
1783.5570068359375 1625213827.649811
1774.6243896484375 1625213827.656863
1795.608154296875 1625213827.663982
1773.869384765625 1625213827.671087
1791.9462890625 1625213827.678124
1803.7225341796875 1625213827.686152
1786.5545654296875 1625213827.694046
1780.2012939453125 1625213827.701064
1788.2353515625 1625213827.7079
1803.7225341796875 1625213827.714691
1791.245849609375 1625213827.721706
1792.9293212890625 1625213827.728677
1789.20751953125 1625213827.735656
1800.6756591796875 1625213827.742684
1803.7225341796875 1625213827.749569
1795.608154296875 1625213827.756626
1805.7431640625 1625213827.76371
1791.245849609375 1625213827.77062
1824.531494140625 1625213827.777933
1814.9405517578125 1625213827.784859
1808.7987060546875 1625213827.791911
1810.16943359375 1625213827.798972
1802.3648681640625 1625213827.805792
1804.0540771484375 1625213827.8128
1810.16943359375 1625213827.819677
1786.912841796875 1625213827.826749
1791.245849609375 1625213827.833701
1788.2353515625 1625213827.840766
1794.61279296875 1625213827.847752
1788.2353515625 1625213827.854779
1791.245849609375 1625213827.861693
1788.2353515625 1625213827.868708
1800.6756591796875 1625213827.876027
1791.245849609375 1625213827.884073
1789.9158935546875 1625213827.891956
1788.2353515625 1625213827.89875
1788.2353515625 1625213827.905665
1804.0540771484375 1625213827.912623
1808.7987060546875 1625213827.919649
1813.2427978515625 1625213827.926671
1821.4285888671875 1625213827.933653
1823.1292724609375 1625213827.940658
1811.8643798828125 1625213827.947675
1804.0540771484375 1625213827.954653
1810.49072265625 1625213827.961669
1813.559326171875 1625213827.968655
1810.16943359375 1625213827.975694
1792.580078125 1625213827.982669
1775.54443359375 1625213827.989751
1776.845703125 1625213827.996706
1762.541748046875 1625213828.003693
1752.902099609375 1625213828.010701
1760.3992919921875 1625213828.017735
1773.869384765625 1625213828.024683
1760.3992919921875 1625213828.031754
1742.1488037109375 1625213828.038864
1737.190185546875 1625213828.045597
1755.81396484375 1625213828.052503
1756.6666259765625 1625213828.059552
1750.0 1625213828.066579
1786.5545654296875 1625213828.073614
1798.9864501953125 1625213828.080619
1791.245849609375 1625213828.087586
1786.912841796875 1625213828.094634
1791.245849609375 1625213828.101534
1789.5623779296875 1625213828.108605
1781.879150390625 1625213828.115596
1785.2349853515625 1625213828.122706
1774.24755859375 1625213828.129607
1757.071533203125 1625213828.136629
1754.560546875 1625213828.143665
1755.81396484375 1625213828.150596
1738.843017578125 1625213828.157674
1734.7611083984375 1625213828.164695
1732.67333984375 1625213828.171662
1725.780029296875 1625213828.178703
1735.5372314453125 1625213828.185684
1731.0230712890625 1625213828.192731
1730.2630615234375 1625213828.199633
1740.4959716796875 1625213828.206735
1739.27392578125 1625213828.213581
1728.17138671875 1625213828.220601
1728.17138671875 1625213828.227578
1728.618408203125 1625213828.234509
1734.3233642578125 1625213828.241547
1740.4959716796875 1625213828.24874
1737.623779296875 1625213828.255792
1731.0230712890625 1625213828.262788
1720.853759765625 1625213828.269682
1760.3992919921875 1625213828.276813
1769.230712890625 1625213828.283798
1777.2193603515625 1625213828.290715
1765.0 1625213828.297579
1761.6666259765625 1625213828.304416
1770.9029541015625 1625213828.311431
1758.7354736328125 1625213828.318447
1722.9508056640625 1625213828.325416
1727.8687744140625 1625213828.33241
1709.1502685546875 1625213828.339438
1722.4959716796875 1625213828.346431
1710.7843017578125 1625213828.353444
1723.6842041015625 1625213828.360383
1731.4661865234375 1625213828.367506
1687.1961669921875 1625213828.37444
1697.56103515625 1625213828.38144
1727.4219970703125 1625213828.388489
1752.49169921875 1625213828.395477
1769.615966796875 1625213828.402514
1751.2437744140625 1625213828.409514
1743.37744140625 1625213828.416445
1723.22900390625 1625213828.423472
1713.5843505859375 1625213828.430497
1694.3089599609375 1625213828.437339
1679.0924072265625 1625213828.444339
1672.58056640625 1625213828.45134
1686.0841064453125 1625213828.45832
1706.8404541015625 1625213828.465375
1711.9476318359375 1625213828.472338
1707.516357421875 1625213828.479342
1699.18701171875 1625213828.486364
1693.181884765625 1625213828.493346
1699.8367919921875 1625213828.500328
1700.32568359375 1625213828.507395
1698.0518798828125 1625213828.514454
1698.6971435546875 1625213828.521337
1699.18701171875 1625213828.528379
1706.3621826171875 1625213828.5354
1694.3089599609375 1625213828.542326
1700.32568359375 1625213828.549402
1695.93505859375 1625213828.556365
1677.4193115234375 1625213828.563448
1680.1292724609375 1625213828.570439
1672.58056640625 1625213828.577413
1671.49755859375 1625213828.584422
1664.5264892578125 1625213828.591453
1662.9212646484375 1625213828.598424
1669.8873291015625 1625213828.605399
1664.5264892578125 1625213828.612465
1674.7181396484375 1625213828.619422
1668.810302734375 1625213828.626426
1688.3116455078125 1625213828.633452
1673.10791015625 1625213828.64024
1677.9935302734375 1625213828.647358
1670.41796875 1625213828.65435
1674.1934814453125 1625213828.661325
1665.5948486328125 1625213828.668294
1668.2769775390625 1625213828.675226
1667.20263671875 1625213828.682256
1673.10791015625 1625213828.689303
1682.847900390625 1625213828.696273
1678.5137939453125 1625213828.703342
1674.1934814453125 1625213828.710315
1675.806396484375 1625213828.717317
1673.10791015625 1625213828.72434
1665.5948486328125 1625213828.731412
1677.9935302734375 1625213828.73831
1662.9212646484375 1625213828.745312
1665.5948486328125 1625213828.752339
1668.2769775390625 1625213828.75934
1663.9871826171875 1625213828.766298
1661.316162109375 1625213828.773344
1654.4000244140625 1625213828.780347
1656.0 1625213828.787325
1661.316162109375 1625213828.794347
1663.9871826171875 1625213828.801365
1657.05126953125 1625213828.80832
1654.4000244140625 1625213828.815271
1658.65380859375 1625213828.822175
1658.65380859375 1625213828.829206
1659.711181640625 1625213828.836176
1661.316162109375 1625213828.843187
1652.7999267578125 1625213828.850263
1658.65380859375 1625213828.857235
1654.4000244140625 1625213828.864424
1654.4000244140625 1625213828.871363
1658.65380859375 1625213828.878364
1658.65380859375 1625213828.885263
1657.05126953125 1625213828.892262
1654.4000244140625 1625213828.899233
1662.9212646484375 1625213828.906278
1662.9212646484375 1625213828.913298
1663.9871826171875 1625213828.920289
1666.131591796875 1625213828.927281
1665.5948486328125 1625213828.934263
1669.8873291015625 1625213828.941257
1669.8873291015625 1625213828.948387
1675.806396484375 1625213828.955284
1675.806396484375 1625213828.962262
1676.898193359375 1625213828.969347
1669.8873291015625 1625213828.976227
1674.7181396484375 1625213828.983299
1683.3602294921875 1625213828.990314
1700.32568359375 1625213828.997221
1697.56103515625 1625213829.004154
1707.9935302734375 1625213829.011145
1713.5843505859375 1625213829.018189
1722.4959716796875 1625213829.025152
1731.9078369140625 1625213829.032154
1752.079833984375 1625213829.039185
1794.61279296875 1625213829.046218
1743.8016357421875 1625213829.053225
1747.9271240234375 1625213829.060161
1798.9864501953125 1625213829.067202
1829.3515625 1625213829.074155
1824.8299560546875 1625213829.081185
1813.559326171875 1625213829.088188
1823.1292724609375 1625213829.095341
1821.4285888671875 1625213829.102196
1818.336181640625 1625213829.109158
1805.084716796875 1625213829.116189
1791.245849609375 1625213829.12321
1791.245849609375 1625213829.130298
1792.9293212890625 1625213829.137235
1786.5545654296875 1625213829.144251
1782.2445068359375 1625213829.151239
1801.0118408203125 1625213829.158251
1810.16943359375 1625213829.165309
1799.325439453125 1625213829.172238
1797.63916015625 1625213829.179295
1802.3648681640625 1625213829.186255
1813.2427978515625 1625213829.193268
1797.63916015625 1625213829.200136
1792.9293212890625 1625213829.207191
1791.245849609375 1625213829.214182
1788.2353515625 1625213829.221093
1795.9527587890625 1625213829.228127
1797.9798583984375 1625213829.235114
1812.1827392578125 1625213829.242112
1816.3265380859375 1625213829.249047
1814.9405517578125 1625213829.256155
1819.7279052734375 1625213829.263172
1824.531494140625 1625213829.270189
1822.827880859375 1625213829.277129
1820.033935546875 1625213829.284126
1824.8299560546875 1625213829.291146
1829.3515625 1625213829.298109
1822.827880859375 1625213829.305128
1802.3648681640625 1625213829.31212
1805.084716796875 1625213829.319088
1812.1827392578125 1625213829.326094
1780.2012939453125 1625213829.333055
1766.277099609375 1625213829.340151
1743.4210205078125 1625213829.34716
1799.325439453125 1625213829.354159
1773.489990234375 1625213829.361092
1754.15283203125 1625213829.368186
1750.0 1625213829.375301
1789.9158935546875 1625213829.382231
1801.0118408203125 1625213829.389019
1814.9405517578125 1625213829.396039
1803.7225341796875 1625213829.403059
1795.9527587890625 1625213829.410029
1794.61279296875 1625213829.417072
1791.245849609375 1625213829.424032
1802.3648681640625 1625213829.431137
1812.1827392578125 1625213829.43806
1800.6756591796875 1625213829.445047
1766.7784423828125 1625213829.452067
1762.938232421875 1625213829.459067
1758.7354736328125 1625213829.466086
1758.7354736328125 1625213829.473038
1747.9271240234375 1625213829.48005
1738.41064453125 1625213829.487136
1729.06396484375 1625213829.494104
1740.924072265625 1625213829.501128
1740.066162109375 1625213829.508106
1735.9736328125 1625213829.515088
1737.623779296875 1625213829.522105
1740.4959716796875 1625213829.529133
1755.81396484375 1625213829.536109
1755.81396484375 1625213829.54309
1753.7437744140625 1625213829.550116
1734.7611083984375 1625213829.557147
1737.623779296875 1625213829.564238
1746.688720703125 1625213829.571157
1758.7354736328125 1625213829.578197
1755.81396484375 1625213829.585027
1752.902099609375 1625213829.592015
1755.40771484375 1625213829.599021
1768.3333740234375 1625213829.60598
1775.54443359375 1625213829.612955
1765.0 1625213829.620013
1760.3992919921875 1625213829.626994
1759.13623046875 1625213829.633979
1749.58544921875 1625213829.64094
1748.344482421875 1625213829.648054
1751.2437744140625 1625213829.65497
1755.81396484375 1625213829.661997
1752.49169921875 1625213829.669013
1757.47509765625 1625213829.675976
1758.7354736328125 1625213829.68305
1757.071533203125 1625213829.69
1760.0 1625213829.697112
1766.6666259765625 1625213829.704012
1771.2855224609375 1625213829.711068
1772.5753173828125 1625213829.718261
1766.277099609375 1625213829.725131
1766.6666259765625 1625213829.732159
1755.81396484375 1625213829.73917
1751.2437744140625 1625213829.74618
1754.15283203125 1625213829.753147
1755.40771484375 1625213829.759921
1748.344482421875 1625213829.766949
1754.15283203125 1625213829.773881
1751.655517578125 1625213829.781014
1760.3992919921875 1625213829.787907
1766.6666259765625 1625213829.794931
1769.615966796875 1625213829.801942
1752.49169921875 1625213829.808911
1765.0 1625213829.815955
1767.9466552734375 1625213829.822984
1742.1488037109375 1625213829.829931
1772.5753173828125 1625213829.836972
1777.2193603515625 1625213829.843965
1783.5570068359375 1625213829.850956
1785.2349853515625 1625213829.857957
1792.9293212890625 1625213829.865028
1766.6666259765625 1625213829.871958
1786.5545654296875 1625213829.878992
1785.2349853515625 1625213829.885975
1788.2353515625 1625213829.893014
1792.580078125 1625213829.899999
1792.580078125 1625213829.907025
1789.9158935546875 1625213829.914108
1794.61279296875 1625213829.920999
1778.5234375 1625213829.928047
1773.869384765625 1625213829.935006
1765.0 1625213829.94198
1755.81396484375 1625213829.949031
1755.81396484375 1625213829.956019
1748.344482421875 1625213829.963027
1767.9466552734375 1625213829.969885
1757.47509765625 1625213829.976804
1765.0 1625213829.983849
1750.0 1625213829.990847
1755.81396484375 1625213829.997967
1789.9158935546875 1625213830.005109
1807.1065673828125 1625213830.012225
1813.559326171875 1625213830.019231
1816.6383056640625 1625213830.0262
1821.4285888671875 1625213830.033265
1818.0272216796875 1625213830.04021
1823.1292724609375 1625213830.047186
1814.9405517578125 1625213830.054035
1822.827880859375 1625213830.061013
1821.4285888671875 1625213830.067994
1819.7279052734375 1625213830.07506
1813.559326171875 1625213830.082084
1821.4285888671875 1625213830.089253
1816.6383056640625 1625213830.096323
1816.6383056640625 1625213830.103337
1813.559326171875 1625213830.110154
1805.41455078125 1625213830.117083
1816.6383056640625 1625213830.124029
1810.49072265625 1625213830.131174
1802.6981201171875 1625213830.138135
1804.0540771484375 1625213830.145203
1814.9405517578125 1625213830.152196
1823.1292724609375 1625213830.159243
1813.2427978515625 1625213830.16624
1826.235107421875 1625213830.173217
1821.4285888671875 1625213830.180235
1823.1292724609375 1625213830.187177
1816.6383056640625 1625213830.194222
1813.559326171875 1625213830.201305
1794.61279296875 1625213830.20801
1810.16943359375 1625213830.214962
1797.63916015625 1625213830.221887
1797.63916015625 1625213830.228904
1799.325439453125 1625213830.235908
1802.3648681640625 1625213830.242823
1801.0118408203125 1625213830.24987
1805.41455078125 1625213830.256868
1804.0540771484375 1625213830.263996
1807.1065673828125 1625213830.27094
1810.16943359375 1625213830.277938
1805.41455078125 1625213830.284918
1807.1065673828125 1625213830.291871
1804.0540771484375 1625213830.298911
1810.16943359375 1625213830.305962
1802.3648681640625 1625213830.313001
1798.9864501953125 1625213830.319767
1801.0118408203125 1625213830.326738
1805.41455078125 1625213830.33381
1808.7987060546875 1625213830.340769
1807.1065673828125 1625213830.347914
1807.1065673828125 1625213830.354763
1810.16943359375 1625213830.361821
1810.49072265625 1625213830.3688
1810.16943359375 1625213830.375793
1800.6756591796875 1625213830.382838
1799.325439453125 1625213830.389821
1804.0540771484375 1625213830.396924
1805.41455078125 1625213830.403799
1802.3648681640625 1625213830.410824
1802.0303955078125 1625213830.417788
1797.63916015625 1625213830.424795
1792.580078125 1625213830.431825
1792.9293212890625 1625213830.4388
1765.1007080078125 1625213830.445908
1724.137939453125 1625213830.452815
1746.6666259765625 1625213830.459831
1708.67431640625 1625213830.46687
1703.0994873046875 1625213830.473837
1695.93505859375 1625213830.480887
1702.922119140625 1625213830.487857
1739.6351318359375 1625213830.49471
1719.2117919921875 1625213830.501687
1749.58544921875 1625213830.508691
1750.83056640625 1625213830.515731
1749.58544921875 1625213830.522741
1754.15283203125 1625213830.52972
1760.0 1625213830.536693
1749.16943359375 1625213830.543707
1737.623779296875 1625213830.55071
1742.1488037109375 1625213830.557686
1740.4959716796875 1625213830.564772
1735.9736328125 1625213830.571789
1711.256103515625 1625213830.578772
1725.780029296875 1625213830.585776
1725.3289794921875 1625213830.59275
1718.0328369140625 1625213830.599816
1703.5831298828125 1625213830.606756
1713.5843505859375 1625213830.613797
1678.5137939453125 1625213830.620792
1681.7447509765625 1625213830.627789
1667.20263671875 1625213830.634767
1664.5264892578125 1625213830.641785
1667.20263671875 1625213830.648798
1667.20263671875 1625213830.655782
1671.49755859375 1625213830.662828
1661.316162109375 1625213830.669846
1662.37939453125 1625213830.676666
1656.0 1625213830.683642
1662.9212646484375 1625213830.690647
1651.7572021484375 1625213830.697636
1648.562255859375 1625213830.704655
1650.15966796875 1625213830.711674
1657.05126953125 1625213830.71868
1654.4000244140625 1625213830.725668
1664.5264892578125 1625213830.73265
1661.316162109375 1625213830.739641
1659.711181640625 1625213830.746662
1661.316162109375 1625213830.753615
1658.65380859375 1625213830.760632
1657.05126953125 1625213830.767702
1649.5999755859375 1625213830.774679
1652.7999267578125 1625213830.781727
1656.0 1625213830.788724
1655.44873046875 1625213830.79573
1658.65380859375 1625213830.802732
1653.3546142578125 1625213830.809725
1662.9212646484375 1625213830.816756
1661.316162109375 1625213830.823708
1657.05126953125 1625213830.83074
1667.20263671875 1625213830.837726
1667.20263671875 1625213830.844747
1671.49755859375 1625213830.851623
1699.18701171875 1625213830.858617
1681.7447509765625 1625213830.865643
1668.810302734375 1625213830.872608
1668.2769775390625 1625213830.879644
1673.10791015625 1625213830.886642
1662.9212646484375 1625213830.893601
1675.806396484375 1625213830.900645
1675.806396484375 1625213830.907624
1669.8873291015625 1625213830.914643
1673.10791015625 1625213830.921646
1683.3602294921875 1625213830.928648
1684.466064453125 1625213830.935634
1680.1292724609375 1625213830.942642
1680.1292724609375 1625213830.949697
1676.898193359375 1625213830.956705
1671.49755859375 1625213830.963637
1661.316162109375 1625213830.970735
1660.25634765625 1625213830.977714
1661.85888671875 1625213830.984705
1662.9212646484375 1625213830.991655
1663.9871826171875 1625213830.998714
1664.5264892578125 1625213831.005651
1662.37939453125 1625213831.012698
1652.7999267578125 1625213831.019696
1668.810302734375 1625213831.026679
1669.8873291015625 1625213831.033783
1665.5948486328125 1625213831.040497
1661.316162109375 1625213831.047581
1660.7999267578125 1625213831.054506
1665.5948486328125 1625213831.06155
1666.131591796875 1625213831.068515
1678.5137939453125 1625213831.075619
1681.7447509765625 1625213831.082533
1703.0994873046875 1625213831.089546
1700.32568359375 1625213831.096667
1698.6971435546875 1625213831.103633
1709.1502685546875 1625213831.110628
1688.3116455078125 1625213831.117639
1680.1292724609375 1625213831.124669
1678.5137939453125 1625213831.131618
1667.20263671875 1625213831.13861
1667.20263671875 1625213831.145612
1677.9388427734375 1625213831.152634
1669.8873291015625 1625213831.159663
1678.5137939453125 1625213831.166856
1681.7447509765625 1625213831.173942
1686.0841064453125 1625213831.18085
1695.2998046875 1625213831.187842
1694.3089599609375 1625213831.194864
1701.954345703125 1625213831.201875
1712.4183349609375 1625213831.208869
1718.0328369140625 1625213831.215872
1731.4661865234375 1625213831.222672
1734.7611083984375 1625213831.229596
1737.623779296875 1625213831.236588
1740.4959716796875 1625213831.243542
1735.9736328125 1625213831.25056
1718.9542236328125 1625213831.257451
1726.9736328125 1625213831.264479
1724.5902099609375 1625213831.271524
1720.853759765625 1625213831.278574
1710.0494384765625 1625213831.285563
1695.93505859375 1625213831.292533
1751.2437744140625 1625213831.299573
1715.927734375 1625213831.306583
1706.3621826171875 1625213831.313639
1713.5843505859375 1625213831.320572
1688.81689453125 1625213831.327541
1695.93505859375 1625213831.334585
1695.93505859375 1625213831.341581
1694.80517578125 1625213831.348556
1691.5584716796875 1625213831.355568
1697.56103515625 1625213831.362557
1686.0841064453125 1625213831.369672
1693.181884765625 1625213831.376527
1684.466064453125 1625213831.38358
1687.1961669921875 1625213831.390602
1691.5584716796875 1625213831.397642
1697.56103515625 1625213831.404641
1703.0994873046875 1625213831.411622
1691.5584716796875 1625213831.418636
1694.80517578125 1625213831.42536
1720.853759765625 1625213831.43241
1712.4183349609375 1625213831.439411
1694.3089599609375 1625213831.446504
1700.32568359375 1625213831.453461
1701.954345703125 1625213831.460444
1714.518798828125 1625213831.467432
1686.0841064453125 1625213831.474435
1729.06396484375 1625213831.48149
1728.618408203125 1625213831.488442
1733.1136474609375 1625213831.495453
1722.4959716796875 1625213831.502455
1713.5843505859375 1625213831.509448
1720.853759765625 1625213831.516458
1712.4183349609375 1625213831.523399
1699.18701171875 1625213831.53046
1704.7308349609375 1625213831.537462
1701.954345703125 1625213831.544458
1706.3621826171875 1625213831.551472
1706.3621826171875 1625213831.558429
1698.6971435546875 1625213831.56569
1710.3109130859375 1625213831.572604
1704.7308349609375 1625213831.579559
1700.32568359375 1625213831.586493
1695.93505859375 1625213831.593501
1699.18701171875 1625213831.600547
1709.1502685546875 1625213831.607505
1699.18701171875 1625213831.614508
1707.9935302734375 1625213831.621581
1710.7843017578125 1625213831.628439
1716.8575439453125 1625213831.635345
1718.0328369140625 1625213831.642371
1709.1502685546875 1625213831.649402
1707.516357421875 1625213831.656381
1701.954345703125 1625213831.663415
1709.1502685546875 1625213831.670371
1701.46826171875 1625213831.677406
1704.7308349609375 1625213831.684479
1707.516357421875 1625213831.69143
1703.5831298828125 1625213831.698397
1707.516357421875 1625213831.705471
1697.56103515625 1625213831.71244
1701.954345703125 1625213831.719508
1700.32568359375 1625213831.726414
1701.954345703125 1625213831.733501
1695.93505859375 1625213831.740391
1694.80517578125 1625213831.747467
1701.954345703125 1625213831.754461
1697.56103515625 1625213831.761428
1694.80517578125 1625213831.768459
1686.0841064453125 1625213831.775498
1695.93505859375 1625213831.782467
1688.81689453125 1625213831.789835
1684.466064453125 1625213831.796839
1682.847900390625 1625213831.803852
1682.847900390625 1625213831.810806
1679.0322265625 1625213831.817809
1684.466064453125 1625213831.824631
1684.466064453125 1625213831.831685
1684.466064453125 1625213831.838667
1691.5584716796875 1625213831.845507
1687.7022705078125 1625213831.852443
1686.0841064453125 1625213831.859476
1690.4375 1625213831.86648
1693.181884765625 1625213831.873515
1691.5584716796875 1625213831.880475
1693.181884765625 1625213831.887486
1688.81689453125 1625213831.894432
1688.81689453125 1625213831.901442
1691.5584716796875 1625213831.908471
1688.81689453125 1625213831.91547
1694.80517578125 1625213831.92255
1695.93505859375 1625213831.929556
1697.56103515625 1625213831.936523
1693.181884765625 1625213831.943525
1697.56103515625 1625213831.950499
1703.5831298828125 1625213831.957583
1700.8131103515625 1625213831.964471
1709.1502685546875 1625213831.971579
1709.1502685546875 1625213831.978588
1710.7843017578125 1625213831.985535
1709.1502685546875 1625213831.992587
1707.516357421875 1625213831.99956
1709.1502685546875 1625213832.006602
1706.3621826171875 1625213832.013552
1715.220947265625 1625213832.0204
1713.5843505859375 1625213832.027415
1703.0994873046875 1625213832.034398
1707.516357421875 1625213832.041413
1701.954345703125 1625213832.048385
1703.0994873046875 1625213832.055402
1691.5584716796875 1625213832.062408
1693.181884765625 1625213832.069402
1704.7308349609375 1625213832.076473
1700.32568359375 1625213832.083425
1704.7308349609375 1625213832.090437
1701.954345703125 1625213832.097421
1710.7843017578125 1625213832.104426
1713.5843505859375 1625213832.111381
1715.220947265625 1625213832.118377
1721.3114013671875 1625213832.125501
1720.853759765625 1625213832.132442
1724.137939453125 1625213832.139453
1725.780029296875 1625213832.146416
1724.137939453125 1625213832.153441
1724.137939453125 1625213832.160496
1718.0328369140625 1625213832.16751
1718.0328369140625 1625213832.174475
1710.7843017578125 1625213832.181464
1720.853759765625 1625213832.188542
1740.4959716796875 1625213832.19551
1745.033203125 1625213832.202434
1745.033203125 1625213832.209465
1758.7354736328125 1625213832.216504
1735.9736328125 1625213832.2235
1740.4959716796875 1625213832.230339
1734.7611083984375 1625213832.237387
1731.4661865234375 1625213832.24434
1731.4661865234375 1625213832.251296
1742.1488037109375 1625213832.258386
1733.1136474609375 1625213832.265279
1733.1136474609375 1625213832.27234
1737.623779296875 1625213832.279384
1735.9736328125 1625213832.286358
1735.9736328125 1625213832.293375
1737.623779296875 1625213832.30036
1737.623779296875 1625213832.30733
1745.45458984375 1625213832.314362
1743.8016357421875 1625213832.321449
1745.033203125 1625213832.328377
1745.45458984375 1625213832.335381
1756.2188720703125 1625213832.342451
1763.72705078125 1625213832.349335
1746.688720703125 1625213832.356323
1751.2437744140625 1625213832.363383
1747.9271240234375 1625213832.370358
1735.9736328125 1625213832.377528
1745.45458984375 1625213832.384431
1755.40771484375 1625213832.391524
1751.2437744140625 1625213832.398379
1755.81396484375 1625213832.405483
1763.3333740234375 1625213832.412464
1761.6666259765625 1625213832.419482
1760.3992919921875 1625213832.426246
1754.15283203125 1625213832.433262
1751.2437744140625 1625213832.44035
1739.27392578125 1625213832.447316
1749.58544921875 1625213832.45432
1737.623779296875 1625213832.461333
1745.033203125 1625213832.468267
1755.81396484375 1625213832.475261
1745.45458984375 1625213832.482335
1749.58544921875 1625213832.489261
1745.45458984375 1625213832.496336
1754.15283203125 1625213832.503282
1754.560546875 1625213832.510381
1755.81396484375 1625213832.51728
1761.6666259765625 1625213832.524394
1752.902099609375 1625213832.53133
1752.902099609375 1625213832.53831
1760.3992919921875 1625213832.545335
1766.277099609375 1625213832.552311
1760.3992919921875 1625213832.55934
1757.47509765625 1625213832.566355
1765.0 1625213832.573267
1769.615966796875 1625213832.580369
1769.230712890625 1625213832.587362
1760.3992919921875 1625213832.594362
1769.615966796875 1625213832.601384
1767.9466552734375 1625213832.608403
1762.063232421875 1625213832.615199
1763.3333740234375 1625213832.622391
1760.3992919921875 1625213832.629259
1761.6666259765625 1625213832.636164
1755.81396484375 1625213832.643396
1755.81396484375 1625213832.650215
1755.40771484375 1625213832.657165
1752.902099609375 1625213832.664191
1754.15283203125 1625213832.671256
1745.033203125 1625213832.678134
1755.81396484375 1625213832.685233
1748.344482421875 1625213832.692208
1749.58544921875 1625213832.699207
1745.45458984375 1625213832.706496
1751.2437744140625 1625213832.713477
1748.344482421875 1625213832.720497
1755.81396484375 1625213832.727451
1751.2437744140625 1625213832.73451
1757.47509765625 1625213832.741337
1757.071533203125 1625213832.748258
1754.560546875 1625213832.755248
1754.15283203125 1625213832.762274
1766.6666259765625 1625213832.769233
1760.3992919921875 1625213832.776299
1767.9466552734375 1625213832.783222
1766.277099609375 1625213832.790266
1757.47509765625 1625213832.797219
1755.81396484375 1625213832.80421
1758.7354736328125 1625213832.811235
1760.3992919921875 1625213832.818265
1758.7354736328125 1625213832.825465
1763.3333740234375 1625213832.832506
1765.0 1625213832.839546
1755.81396484375 1625213832.846526
1755.81396484375 1625213832.8535
1757.071533203125 1625213832.86046
1754.15283203125 1625213832.867253
1746.688720703125 1625213832.87426
1742.1488037109375 1625213832.881207
1746.688720703125 1625213832.888243
1746.688720703125 1625213832.895238
1746.688720703125 1625213832.90222
1745.033203125 1625213832.909073
1745.033203125 1625213832.916017
1742.1488037109375 1625213832.923032
1743.8016357421875 1625213832.930044
1745.033203125 1625213832.937092
1747.9271240234375 1625213832.94405
1751.2437744140625 1625213832.951059
1748.344482421875 1625213832.958015
1749.58544921875 1625213832.965044
1749.58544921875 1625213832.972094
1742.1488037109375 1625213832.978999
1745.033203125 1625213832.986106
1740.4959716796875 1625213832.993074
1746.688720703125 1625213833.000105
1742.1488037109375 1625213833.007422
1743.37744140625 1625213833.014405
1738.843017578125 1625213833.021336
1742.1488037109375 1625213833.028325
1740.4959716796875 1625213833.035332
1740.4959716796875 1625213833.042394
1731.9078369140625 1625213833.049381
1737.623779296875 1625213833.056245
1740.4959716796875 1625213833.063257
