0.18 1624906320.53876 start_exp
0.23 1624906320.833889 start_0_iteration
0.23 1624906321.428459
0.28 1624906321.431421
0.23 1624906321.434477
0.18 1624906321.437483
0.18 1624906321.440414
0.23 1624906321.443323
0.23 1624906321.446223
0.23 1624906321.449165
0.23 1624906321.452219
0.28 1624906321.455105
0.23 1624906321.457978
0.23 1624906321.46088
0.28 1624906321.463838
0.23 1624906321.466898
0.23 1624906321.469826
0.23 1624906321.472819
0.23 1624906321.475703
0.18 1624906321.478609
0.18 1624906321.481547
0.28 1624906321.484443
0.23 1624906321.487366
0.23 1624906321.490251
0.23 1624906321.493184
0.23 1624906321.496212
0.18 1624906321.499162
0.18 1624906321.502019
0.23 1624906321.504909
0.23 1624906321.507832
0.18 1624906321.510878
0.23 1624906321.513765
0.18 1624906321.516719
0.18 1624906321.519623
0.18 1624906321.522496
0.23 1624906321.525622
0.23 1624906321.528497
0.23 1624906321.531365
0.23 1624906321.534235
0.23 1624906321.537164
0.23 1624906321.540061
0.23 1624906321.542974
0.23 1624906321.546078
0.23 1624906321.549
0.23 1624906321.551849
0.23 1624906321.554939
0.23 1624906321.557822
0.18 1624906321.560706
0.23 1624906321.563632
0.18 1624906321.566564
0.28 1624906321.569456
0.23 1624906321.572518
0.23 1624906321.57539
0.23 1624906321.578301
0.18 1624906321.581203
0.28 1624906321.584102
0.23 1624906321.587077
0.23 1624906321.58989
0.23 1624906321.592974
0.23 1624906321.595923
0.23 1624906321.598814
0.23 1624906321.60171
0.28 1624906321.604599
0.18 1624906321.607495
0.23 1624906321.610419
0.18 1624906321.613457
0.12 1624906321.616236
0.18 1624906321.619261
0.18 1624906321.622149
0.23 1624906321.625084
0.23 1624906321.627956
0.23 1624906321.630945
0.18 1624906321.633825
0.18 1624906321.636832
0.18 1624906321.639769
0.23 1624906321.642648
0.28 1624906321.645551
0.23 1624906321.648611
0.23 1624906321.651516
0.23 1624906321.654393
0.23 1624906321.657263
0.18 1624906321.660259
0.23 1624906321.663124
0.23 1624906321.666107
0.23 1624906321.669157
0.23 1624906321.672157
0.28 1624906321.675136
0.18 1624906321.677968
0.18 1624906321.680904
0.23 1624906321.683952
0.23 1624906321.686809
0.23 1624906321.689715
0.23 1624906321.692661
0.18 1624906321.69558
0.18 1624906321.698695
0.23 1624906321.701725
0.23 1624906321.704864
0.23 1624906321.707912
0.23 1624906321.711039
0.23 1624906321.714227
0.23 1624906321.717394
0.18 1624906321.720641
0.23 1624906321.723835
0.34 1624906321.727254
0.23 1624906321.730418
0.18 1624906321.733555
0.23 1624906321.736658
0.23 1624906321.739796
0.28 1624906321.743103
0.18 1624906321.746391
0.18 1624906321.749484
0.23 1624906321.752671
0.23 1624906321.755705
0.18 1624906321.758852
0.23 1624906321.762139
0.23 1624906321.765261
0.23 1624906321.768358
0.18 1624906321.771376
0.23 1624906321.774563
0.23 1624906321.77771
0.23 1624906321.780862
0.23 1624906321.784097
0.18 1624906321.787138
0.23 1624906321.790202
0.18 1624906321.793276
0.18 1624906321.796425
0.18 1624906321.799666
0.18 1624906321.802831
0.28 1624906321.806031
0.28 1624906321.809305
0.23 1624906321.812391
0.23 1624906321.815689
0.18 1624906321.818703
0.18 1624906321.821743
0.23 1624906321.82489
0.28 1624906321.828079
0.18 1624906321.831252
0.23 1624906321.834416
0.23 1624906321.837456
0.07 1624906321.840315
0.28 1624906321.843509
0.23 1624906321.846857
0.23 1624906321.850169
0.23 1624906321.853401
0.23 1624906321.856599
0.18 1624906321.859676
0.28 1624906321.86274
0.23 1624906321.865972
0.18 1624906321.869034
0.23 1624906321.872099
0.23 1624906321.875204
0.18 1624906321.878346
0.18 1624906321.881605
0.28 1624906321.884786
0.28 1624906321.888024
0.23 1624906321.891283
0.23 1624906321.894497
0.18 1624906321.897679
0.18 1624906321.90072
0.28 1624906321.903845
0.28 1624906321.906996
0.23 1624906321.91003
0.23 1624906321.9131
0.23 1624906321.916309
0.18 1624906321.919437
0.18 1624906321.922493
0.23 1624906321.925779
0.23 1624906321.928988
0.23 1624906321.932236
0.23 1624906321.93543
0.18 1624906321.938546
0.23 1624906321.941778
0.23 1624906321.944966
0.28 1624906321.948328
0.18 1624906321.951511
0.18 1624906321.954562
0.18 1624906321.957657
0.23 1624906321.960663
0.23 1624906321.963742
0.23 1624906321.967063
0.23 1624906321.970244
0.23 1624906321.973383
0.18 1624906321.976566
0.18 1624906321.979688
0.18 1624906321.982892
0.23 1624906321.986157
0.23 1624906321.989368
0.23 1624906321.992486
0.23 1624906321.998542
0.18 1624906322.001702
0.23 1624906322.004996
0.23 1624906322.008253
0.23 1624906322.011415
0.23 1624906322.01464
0.18 1624906322.017881
0.23 1624906322.021426
0.23 1624906322.024508
0.28 1624906322.028106
0.23 1624906322.031294
0.23 1624906322.034495
0.12 1624906322.037579
0.23 1624906322.040982
0.23 1624906322.044251
0.23 1624906322.047349
0.23 1624906322.050418
0.23 1624906322.053406
0.23 1624906322.056321
0.18 1624906322.059254
0.18 1624906322.062328
0.28 1624906322.065366
0.23 1624906322.068295
0.23 1624906322.071206
0.23 1624906322.074099
0.23 1624906322.077119
0.18 1624906322.080096
0.18 1624906322.083063
0.23 1624906322.086036
0.23 1624906322.088894
0.23 1624906322.091972
0.23 1624906322.095112
0.18 1624906322.097935
0.23 1624906322.100843
0.23 1624906322.103731
0.28 1624906322.106663
0.23 1624906322.109534
0.28 1624906322.11244
0.28 1624906322.115392
0.28 1624906322.118409
0.34 1624906322.121297
0.39 1624906322.124238
0.39 1624906322.12718
0.39 1624906322.130379
0.39 1624906322.133275
0.44 1624906322.136314
0.39 1624906322.139272
0.5 1624906322.142164
2.9 1624906322.145143
5.88 1624906322.148147
16.28 1624906322.230929 touch_grd
16.71 1624906322.233984 go_up_point
0.23 1624906322.934114
0.18 1624906322.937123
0.18 1624906322.940054
0.23 1624906322.942824
0.23 1624906322.945739
0.18 1624906322.948658
0.18 1624906322.951517
0.23 1624906322.954421
0.23 1624906322.957286
0.18 1624906322.960049
0.07 1624906322.962846
0.23 1624906322.965841
0.23 1624906322.968782
0.23 1624906322.971656
0.18 1624906322.974561
0.23 1624906322.977544
0.18 1624906322.980433
0.23 1624906322.983301
0.18 1624906322.986174
0.18 1624906322.989059
0.18 1624906322.992008
0.23 1624906322.994871
0.18 1624906322.997777
0.23 1624906323.000696
0.23 1624906323.003568
0.28 1624906323.006504
0.23 1624906323.00938
0.23 1624906323.012299
0.23 1624906323.015232
0.12 1624906323.018087
0.23 1624906323.021073
0.18 1624906323.024091
0.28 1624906323.026993
0.28 1624906323.03008
0.23 1624906323.033113
0.23 1624906323.036069
0.23 1624906323.038903
0.23 1624906323.0418
0.18 1624906323.044714
0.18 1624906323.047628
0.23 1624906323.050568
0.23 1624906323.053586
0.23 1624906323.056497
0.18 1624906323.059385
0.23 1624906323.062276
0.34 1624906323.065213
0.34 1624906323.068094
0.18 1624906323.071082
0.23 1624906323.074076
0.23 1624906323.076963
0.18 1624906323.079852
0.23 1624906323.082837
0.23 1624906323.08588
0.23 1624906323.088673
0.18 1624906323.091451
0.23 1624906323.094344
0.12 1624906323.097182
0.18 1624906323.100125
0.28 1624906323.103091
0.23 1624906323.106027
0.18 1624906323.108905
0.18 1624906323.111822
0.23 1624906323.114934
0.18 1624906323.117949
0.18 1624906323.120897
0.28 1624906323.12396
0.23 1624906323.127086
0.18 1624906323.130187
0.23 1624906323.133358
0.18 1624906323.136493
0.18 1624906323.139599
0.23 1624906323.142865
0.23 1624906323.146098
0.23 1624906323.149266
0.23 1624906323.152378
0.23 1624906323.155628
0.12 1624906323.158668
0.18 1624906323.161867
0.23 1624906323.165018
0.23 1624906323.16817
0.18 1624906323.171295
0.23 1624906323.174434
0.18 1624906323.177627
0.18 1624906323.180719
0.23 1624906323.184026
0.23 1624906323.187232
0.23 1624906323.190467
0.23 1624906323.19372
0.18 1624906323.197153
0.23 1624906323.200356
0.23 1624906323.203332
0.23 1624906323.206533
0.23 1624906323.209715
0.18 1624906323.212866
0.18 1624906323.215987
0.18 1624906323.219346
0.23 1624906323.222507
0.23 1624906323.225588
0.18 1624906323.22869
0.28 1624906323.231876
0.28 1624906323.234968
0.18 1624906323.238196
0.23 1624906323.24131
0.23 1624906323.244344
0.18 1624906323.247373
0.18 1624906323.250713
0.18 1624906323.253699
0.18 1624906323.256984
0.18 1624906323.260016
0.23 1624906323.263154
0.23 1624906323.266385
0.23 1624906323.269464
0.23 1624906323.272677
0.18 1624906323.275923
0.18 1624906323.279013
0.23 1624906323.28223
0.28 1624906323.285461
0.23 1624906323.288571
0.18 1624906323.291749
0.18 1624906323.295095
0.18 1624906323.298374
0.18 1624906323.301519
0.23 1624906323.304604
0.23 1624906323.307834
0.18 1624906323.311082
0.23 1624906323.314387
0.23 1624906323.31796
0.23 1624906323.321061
0.28 1624906323.324153
0.23 1624906323.327302
0.23 1624906323.330516
0.28 1624906323.333615
0.18 1624906323.336858
0.18 1624906323.340154
0.23 1624906323.343301
0.23 1624906323.346343
0.23 1624906323.349471
0.18 1624906323.352542
0.23 1624906323.355562
0.12 1624906323.358411
0.23 1624906323.361391
0.23 1624906323.364458
0.23 1624906323.367606
0.18 1624906323.37083
0.18 1624906323.374047
0.18 1624906323.377142
0.23 1624906323.380256
0.23 1624906323.383464
0.23 1624906323.386618
0.23 1624906323.38967
0.23 1624906323.392861
0.18 1624906323.39609
0.18 1624906323.399275
0.23 1624906323.402468
0.18 1624906323.405603
0.23 1624906323.408652
0.18 1624906323.411759
0.18 1624906323.415016
0.12 1624906323.418023
0.18 1624906323.421218
0.18 1624906323.424362
0.23 1624906323.427491
0.23 1624906323.430794
0.23 1624906323.433915
0.12 1624906323.436717
0.23 1624906323.439656
0.23 1624906323.442717
0.23 1624906323.445654
0.23 1624906323.448691
0.18 1624906323.451617
0.23 1624906323.454685
0.18 1624906323.457722
0.23 1624906323.460834
0.23 1624906323.463972
0.34 1624906323.466985
0.23 1624906323.470016
0.23 1624906323.472904
0.18 1624906323.475847
0.18 1624906323.478942
0.23 1624906323.481963
0.23 1624906323.48487
0.12 1624906323.487758
0.12 1624906323.490486
0.18 1624906323.493405
0.18 1624906323.496467
0.07 1624906323.499338
0.23 1624906323.502275
0.28 1624906323.505341
0.23 1624906323.508266
0.23 1624906323.511389
0.18 1624906323.514479
0.23 1624906323.517501
0.18 1624906323.52058
0.23 1624906323.523622
0.23 1624906323.526686
0.18 1624906323.529812
0.23 1624906323.532786
0.18 1624906323.535965
0.18 1624906323.538974
0.18 1624906323.541903
0.23 1624906323.544931
0.23 1624906323.547867
0.18 1624906323.550951
0.23 1624906323.554068
0.18 1624906323.557153
0.18 1624906323.560145
0.23 1624906323.563195
0.23 1624906323.566258
0.23 1624906323.569309
0.23 1624906323.572233
0.23 1624906323.575097
0.18 1624906323.578114
0.18 1624906323.581136
0.23 1624906323.584017
0.23 1624906323.587143
0.18 1624906323.590153
0.23 1624906323.593232
0.18 1624906323.596149
0.23 1624906323.59922
0.28 1624906323.602187
0.12 1624906323.604987
0.23 1624906323.607929
0.28 1624906323.610835
0.44 1624906323.61394
1.4 1624906323.61713
5.24 1624906323.62021
6.2 1624906323.636733 touch_grd
3.91 1624906323.639647 go_up_point
0.12 1624906324.338592
0.23 1624906324.341479
0.28 1624906324.344404
0.18 1624906324.347294
0.18 1624906324.350204
0.18 1624906324.353077
0.18 1624906324.356083
0.18 1624906324.358909
0.23 1624906324.36186
0.23 1624906324.364745
0.23 1624906324.36777
0.23 1624906324.3707
0.23 1624906324.373545
0.12 1624906324.376306
0.18 1624906324.379219
0.23 1624906324.382141
0.23 1624906324.385121
0.23 1624906324.388083
0.23 1624906324.391093
0.23 1624906324.394094
0.18 1624906324.397008
0.23 1624906324.400137
0.23 1624906324.402951
0.23 1624906324.405859
0.18 1624906324.408757
0.23 1624906324.411641
0.23 1624906324.414533
0.18 1624906324.41746
0.18 1624906324.420507
0.28 1624906324.423403
0.23 1624906324.426303
0.23 1624906324.42922
0.23 1624906324.432134
0.23 1624906324.435049
0.18 1624906324.437893
0.18 1624906324.440788
0.23 1624906324.443677
0.23 1624906324.446606
0.12 1624906324.449324
0.23 1624906324.45225
0.18 1624906324.455117
0.18 1624906324.458073
0.23 1624906324.46092
0.28 1624906324.463863
0.23 1624906324.466746
0.23 1624906324.469654
0.18 1624906324.472577
0.18 1624906324.475475
0.23 1624906324.47842
0.23 1624906324.481262
0.23 1624906324.484164
0.23 1624906324.487049
0.23 1624906324.489937
0.18 1624906324.492838
0.18 1624906324.495905
0.23 1624906324.498826
0.23 1624906324.501696
0.28 1624906324.504582
0.23 1624906324.50737
0.18 1624906324.510256
0.18 1624906324.513157
0.12 1624906324.515878
0.23 1624906324.51883
0.23 1624906324.521705
0.18 1624906324.524573
0.23 1624906324.527291
0.18 1624906324.530221
0.18 1624906324.533111
0.12 1624906324.535892
0.18 1624906324.538916
0.23 1624906324.541852
0.18 1624906324.544893
0.23 1624906324.547839
0.18 1624906324.550721
0.23 1624906324.553584
0.23 1624906324.556504
0.18 1624906324.559403
0.23 1624906324.562331
0.23 1624906324.565198
0.23 1624906324.568142
0.23 1624906324.571089
0.23 1624906324.5739
0.18 1624906324.576815
0.23 1624906324.579698
0.23 1624906324.58258
0.23 1624906324.585334
0.23 1624906324.588265
0.18 1624906324.591183
0.23 1624906324.594025
0.12 1624906324.596786
0.23 1624906324.599698
0.23 1624906324.602614
0.23 1624906324.605503
0.23 1624906324.608388
0.23 1624906324.611307
0.18 1624906324.614157
0.18 1624906324.61713
0.23 1624906324.620035
0.23 1624906324.622936
0.23 1624906324.625768
0.23 1624906324.6287
0.18 1624906324.6316
0.18 1624906324.634474
0.12 1624906324.637178
0.23 1624906324.640087
0.28 1624906324.643046
0.23 1624906324.645981
0.18 1624906324.648822
0.18 1624906324.651707
0.23 1624906324.654651
0.18 1624906324.657541
0.18 1624906324.660434
0.18 1624906324.663338
0.23 1624906324.666218
0.23 1624906324.669086
0.18 1624906324.671874
0.23 1624906324.674788
0.18 1624906324.677619
0.28 1624906324.68054
0.28 1624906324.683442
0.23 1624906324.68635
0.23 1624906324.689243
0.23 1624906324.692092
0.23 1624906324.695094
0.18 1624906324.697969
0.23 1624906324.700896
0.23 1624906324.703802
0.23 1624906324.706871
0.23 1624906324.709922
0.23 1624906324.712843
0.18 1624906324.715753
0.18 1624906324.718639
0.23 1624906324.721519
0.23 1624906324.72439
0.23 1624906324.7273
0.18 1624906324.730228
0.23 1624906324.733115
0.23 1624906324.736053
0.18 1624906324.738941
0.18 1624906324.741846
0.23 1624906324.744758
0.28 1624906324.747767
0.23 1624906324.750568
0.18 1624906324.753482
0.18 1624906324.75636
0.18 1624906324.759296
0.23 1624906324.762145
0.23 1624906324.765076
0.23 1624906324.767957
0.18 1624906324.770848
0.18 1624906324.773751
0.23 1624906324.776646
0.18 1624906324.779558
0.23 1624906324.782525
0.23 1624906324.785509
0.23 1624906324.788404
0.23 1624906324.791313
0.23 1624906324.794207
0.18 1624906324.797095
0.23 1624906324.800108
0.23 1624906324.803134
0.23 1624906324.806055
0.23 1624906324.808891
0.23 1624906324.811816
0.23 1624906324.814708
0.23 1624906324.817597
0.34 1624906324.820523
0.23 1624906324.823404
0.23 1624906324.826322
0.18 1624906324.829278
0.23 1624906324.832294
0.12 1624906324.835094
0.28 1624906324.837965
0.18 1624906324.840843
0.28 1624906324.843858
0.28 1624906324.846785
0.18 1624906324.849871
0.23 1624906324.852755
0.18 1624906324.855659
0.23 1624906324.858547
0.28 1624906324.861491
0.23 1624906324.864357
0.23 1624906324.867278
0.23 1624906324.870164
0.18 1624906324.873071
0.18 1624906324.876084
0.23 1624906324.879071
0.23 1624906324.881941
0.12 1624906324.884643
0.18 1624906324.887538
0.12 1624906324.890304
0.23 1624906324.893204
0.18 1624906324.896151
0.23 1624906324.899083
0.23 1624906324.902108
0.23 1624906324.904957
0.23 1624906324.907916
0.23 1624906324.910793
0.23 1624906324.913673
0.23 1624906324.916588
0.23 1624906324.91948
0.23 1624906324.922399
0.28 1624906324.925299
0.23 1624906324.928181
0.18 1624906324.931095
0.23 1624906324.934065
0.18 1624906324.936885
0.23 1624906324.939807
0.18 1624906324.942897
0.28 1624906324.945768
0.23 1624906324.948707
0.18 1624906324.951531
0.23 1624906324.954457
0.23 1624906324.95733
0.23 1624906324.960292
0.23 1624906324.963148
0.23 1624906324.96607
0.28 1624906324.968967
0.18 1624906324.971894
0.23 1624906324.974755
0.18 1624906324.977641
0.23 1624906324.980397
0.23 1624906324.983324
0.23 1624906324.986394
0.18 1624906324.989257
0.23 1624906324.992183
0.18 1624906324.995135
0.18 1624906324.998088
0.23 1624906325.001069
0.18 1624906325.003973
0.18 1624906325.006843
0.23 1624906325.009738
0.23 1624906325.012709
0.18 1624906325.015759
0.23 1624906325.018774
0.18 1624906325.021866
0.23 1624906325.024765
0.23 1624906325.027635
0.39 1624906325.030595
0.39 1624906325.03349
3.54 1624906325.036339
7.8 1624906325.04064 touch_grd
8.87 1624906325.043738 go_up_point
0.18 1624906325.742662
0.23 1624906325.745588
0.23 1624906325.748511
0.23 1624906325.751409
0.18 1624906325.75428
0.12 1624906325.757078
0.23 1624906325.759933
0.18 1624906325.762888
0.23 1624906325.765765
0.18 1624906325.768806
0.18 1624906325.77189
0.18 1624906325.774787
0.23 1624906325.777931
0.18 1624906325.780948
0.23 1624906325.783861
0.18 1624906325.786721
0.23 1624906325.78964
0.18 1624906325.792529
0.18 1624906325.79542
0.18 1624906325.798376
0.28 1624906325.801241
0.18 1624906325.804158
0.23 1624906325.807077
0.18 1624906325.809977
0.23 1624906325.812838
0.23 1624906325.815782
0.23 1624906325.818835
0.18 1624906325.821721
0.23 1624906325.824633
0.18 1624906325.827455
0.23 1624906325.830305
0.23 1624906325.833182
0.18 1624906325.836044
0.18 1624906325.839142
0.23 1624906325.842114
0.23 1624906325.845105
0.23 1624906325.84808
0.23 1624906325.851096
0.23 1624906325.854033
0.18 1624906325.856906
0.28 1624906325.859823
0.23 1624906325.862898
0.18 1624906325.865713
0.23 1624906325.868655
0.18 1624906325.871586
0.18 1624906325.874477
0.23 1624906325.877396
0.23 1624906325.88045
0.23 1624906325.883545
0.18 1624906325.886481
0.18 1624906325.889523
0.18 1624906325.892433
0.18 1624906325.895594
0.23 1624906325.89865
0.23 1624906325.901789
0.23 1624906325.905002
0.18 1624906325.908004
0.18 1624906325.911271
0.18 1624906325.914404
0.18 1624906325.917425
0.23 1624906325.920451
0.23 1624906325.92356
0.23 1624906325.926756
0.12 1624906325.929861
0.18 1624906325.933243
0.18 1624906325.936303
0.23 1624906325.939354
0.23 1624906325.942548
0.23 1624906325.945625
0.23 1624906325.948885
0.18 1624906325.952063
0.18 1624906325.955295
0.12 1624906325.958136
0.23 1624906325.961291
0.23 1624906325.964588
0.23 1624906325.967735
0.23 1624906325.970801
0.23 1624906325.973906
0.18 1624906325.977169
0.23 1624906325.980225
0.12 1624906325.983278
0.18 1624906325.986412
0.23 1624906325.989408
0.23 1624906325.99253
0.18 1624906325.995636
0.23 1624906325.998842
0.23 1624906326.001876
0.28 1624906326.004914
0.23 1624906326.008071
0.23 1624906326.011407
0.12 1624906326.014402
0.23 1624906326.017583
0.18 1624906326.020651
0.23 1624906326.023696
0.23 1624906326.026968
0.18 1624906326.030129
0.18 1624906326.033266
0.18 1624906326.036374
0.07 1624906326.039241
0.23 1624906326.042401
0.23 1624906326.045679
0.18 1624906326.048876
0.18 1624906326.052086
0.18 1624906326.055339
0.18 1624906326.058403
0.23 1624906326.061487
0.23 1624906326.064713
0.23 1624906326.067941
0.18 1624906326.070927
0.18 1624906326.074085
0.18 1624906326.077132
0.18 1624906326.080312
0.23 1624906326.083484
0.23 1624906326.086561
0.23 1624906326.089745
0.18 1624906326.092884
0.18 1624906326.095981
0.23 1624906326.099176
0.23 1624906326.102319
0.23 1624906326.105517
0.23 1624906326.108703
0.18 1624906326.111992
0.18 1624906326.114994
0.18 1624906326.118157
0.18 1624906326.121362
0.28 1624906326.124398
0.18 1624906326.127534
0.23 1624906326.130736
0.18 1624906326.133961
0.18 1624906326.137003
0.18 1624906326.14018
0.23 1624906326.143221
0.18 1624906326.146452
0.23 1624906326.149422
0.23 1624906326.152573
0.23 1624906326.155652
0.23 1624906326.158946
0.23 1624906326.16218
0.23 1624906326.16557
0.18 1624906326.16858
0.23 1624906326.171694
0.12 1624906326.174723
0.18 1624906326.177865
0.23 1624906326.181098
0.18 1624906326.184144
0.18 1624906326.187242
0.18 1624906326.190325
0.23 1624906326.193585
0.18 1624906326.196668
0.23 1624906326.199856
0.23 1624906326.202955
0.23 1624906326.20624
0.23 1624906326.209416
0.18 1624906326.213317
0.18 1624906326.216601
0.23 1624906326.21984
0.18 1624906326.2231
0.23 1624906326.226364
0.23 1624906326.2296
0.18 1624906326.23286
0.18 1624906326.235957
0.18 1624906326.239108
0.23 1624906326.242278
0.23 1624906326.245295
0.23 1624906326.248199
0.23 1624906326.251155
0.23 1624906326.254181
0.18 1624906326.257049
0.23 1624906326.259959
0.23 1624906326.262867
0.23 1624906326.265756
0.23 1624906326.268841
0.18 1624906326.271935
0.18 1624906326.274784
0.18 1624906326.277689
0.23 1624906326.280604
0.23 1624906326.283494
0.23 1624906326.286402
0.23 1624906326.289296
0.23 1624906326.29222
0.18 1624906326.295144
0.34 1624906326.29808
0.23 1624906326.301128
0.23 1624906326.304162
0.23 1624906326.307101
0.18 1624906326.309958
0.18 1624906326.312888
0.18 1624906326.315782
0.23 1624906326.31883
0.23 1624906326.321913
0.23 1624906326.32477
0.18 1624906326.327746
0.23 1624906326.330799
0.18 1624906326.333828
0.18 1624906326.336742
0.23 1624906326.339635
0.23 1624906326.342557
0.23 1624906326.345463
0.23 1624906326.348353
0.23 1624906326.351273
0.23 1624906326.354137
0.18 1624906326.357047
0.23 1624906326.360066
0.23 1624906326.363057
0.18 1624906326.365961
0.23 1624906326.368837
0.18 1624906326.371734
0.18 1624906326.374635
0.18 1624906326.377664
0.23 1624906326.380635
0.23 1624906326.383699
0.23 1624906326.386574
0.18 1624906326.389461
0.18 1624906326.39241
0.18 1624906326.395493
0.23 1624906326.39836
0.23 1624906326.401261
0.28 1624906326.404175
0.18 1624906326.407197
0.23 1624906326.410091
0.23 1624906326.413093
0.23 1624906326.415949
0.18 1624906326.418847
0.23 1624906326.421937
0.18 1624906326.425065
0.18 1624906326.427878
0.23 1624906326.430765
0.23 1624906326.433664
1.19 1624906326.436604
5.03 1624906326.439661
7.91 1624906326.445452 touch_grd
8.28 1624906326.448545 go_up_point
0.23 1624906327.347854
0.23 1624906327.350792
0.18 1624906327.353809
0.18 1624906327.356699
0.23 1624906327.359604
0.23 1624906327.362527
0.23 1624906327.365452
0.23 1624906327.368326
0.23 1624906327.371257
0.18 1624906327.37414
0.18 1624906327.377024
0.23 1624906327.379937
0.23 1624906327.382868
0.34 1624906327.385702
0.23 1624906327.388646
0.23 1624906327.391538
0.18 1624906327.394462
0.18 1624906327.397346
0.23 1624906327.400278
0.23 1624906327.403127
0.23 1624906327.406024
0.23 1624906327.408973
0.23 1624906327.411924
0.18 1624906327.41494
0.23 1624906327.418059
0.28 1624906327.421131
0.23 1624906327.424147
0.23 1624906327.42711
0.23 1624906327.430096
0.18 1624906327.433075
0.23 1624906327.436105
0.28 1624906327.439037
0.23 1624906327.441869
0.28 1624906327.444786
0.23 1624906327.44787
0.23 1624906327.45075
0.18 1624906327.453641
0.23 1624906327.45658
0.23 1624906327.459476
0.23 1624906327.462367
0.23 1624906327.465264
0.23 1624906327.468138
0.18 1624906327.471169
0.23 1624906327.474152
0.23 1624906327.477057
0.23 1624906327.480115
0.23 1624906327.483165
0.23 1624906327.486117
0.23 1624906327.489067
0.23 1624906327.492125
0.18 1624906327.49503
0.23 1624906327.498005
0.23 1624906327.500956
0.28 1624906327.50383
0.28 1624906327.506725
0.23 1624906327.509756
0.18 1624906327.512514
0.18 1624906327.515437
0.28 1624906327.518335
0.23 1624906327.521203
0.23 1624906327.524124
0.23 1624906327.527057
0.23 1624906327.530094
0.23 1624906327.533004
0.18 1624906327.535913
0.23 1624906327.538834
0.23 1624906327.541669
0.23 1624906327.544635
0.23 1624906327.547546
0.23 1624906327.550423
0.18 1624906327.553381
0.18 1624906327.5563
0.23 1624906327.559163
0.23 1624906327.562118
0.23 1624906327.565096
0.23 1624906327.568064
0.23 1624906327.570931
0.18 1624906327.573838
0.18 1624906327.576715
0.23 1624906327.579691
0.23 1624906327.582677
0.12 1624906327.585378
0.18 1624906327.588281
0.23 1624906327.591167
0.12 1624906327.593896
0.23 1624906327.596693
0.28 1624906327.599794
0.23 1624906327.602828
0.23 1624906327.605683
0.18 1624906327.608656
0.23 1624906327.611552
0.23 1624906327.614464
0.23 1624906327.617329
0.23 1624906327.62022
0.23 1624906327.623153
0.23 1624906327.626093
0.18 1624906327.629093
0.18 1624906327.632038
0.23 1624906327.634946
0.23 1624906327.637798
0.23 1624906327.640718
0.28 1624906327.643601
0.18 1624906327.646501
0.23 1624906327.64939
0.23 1624906327.652291
0.18 1624906327.655205
0.23 1624906327.658101
0.23 1624906327.661051
0.23 1624906327.663925
0.23 1624906327.66683
0.28 1624906327.669884
0.18 1624906327.672779
0.18 1624906327.675658
0.23 1624906327.678613
0.23 1624906327.681497
0.23 1624906327.684382
0.18 1624906327.68727
0.23 1624906327.690212
0.18 1624906327.693125
0.23 1624906327.696028
0.23 1624906327.698935
0.23 1624906327.701758
0.18 1624906327.704714
0.23 1624906327.707591
0.23 1624906327.710485
0.18 1624906327.713381
0.18 1624906327.716272
0.23 1624906327.719184
0.23 1624906327.722078
0.23 1624906327.725031
0.23 1624906327.727946
0.18 1624906327.731057
0.18 1624906327.733859
0.23 1624906327.736738
0.12 1624906327.739501
0.28 1624906327.742384
0.23 1624906327.745283
0.18 1624906327.748192
0.23 1624906327.751135
0.23 1624906327.754146
0.18 1624906327.75708
0.23 1624906327.760022
0.23 1624906327.762877
0.23 1624906327.765762
0.23 1624906327.768707
0.23 1624906327.771618
0.18 1624906327.774455
0.23 1624906327.777396
0.28 1624906327.780428
0.23 1624906327.783374
0.23 1624906327.78624
0.23 1624906327.789119
0.23 1624906327.792027
0.18 1624906327.794789
0.28 1624906327.797747
0.23 1624906327.800747
0.28 1624906327.803657
0.23 1624906327.80656
0.23 1624906327.80949
0.23 1624906327.812373
0.18 1624906327.815337
0.23 1624906327.818345
0.23 1624906327.821224
0.18 1624906327.824112
0.23 1624906327.827048
0.23 1624906327.829934
0.12 1624906327.832666
0.18 1624906327.835624
0.23 1624906327.838471
0.28 1624906327.8414
0.23 1624906327.844447
0.23 1624906327.84733
0.23 1624906327.850226
0.18 1624906327.853137
0.23 1624906327.856054
0.23 1624906327.859039
0.23 1624906327.861863
0.18 1624906327.864889
0.18 1624906327.867816
0.23 1624906327.870691
0.18 1624906327.873626
0.23 1624906327.876545
0.23 1624906327.879426
0.23 1624906327.882368
0.23 1624906327.885231
0.23 1624906327.888147
0.23 1624906327.891041
0.18 1624906327.89405
0.23 1624906327.897066
0.28 1624906327.900119
0.28 1624906327.903054
0.23 1624906327.905896
0.23 1624906327.908753
0.23 1624906327.911707
0.23 1624906327.914589
0.23 1624906327.917525
0.23 1624906327.920397
0.23 1624906327.923294
0.23 1624906327.926158
0.18 1624906327.929114
0.18 1624906327.932051
0.23 1624906327.934892
0.23 1624906327.937782
0.23 1624906327.940662
0.23 1624906327.943472
0.23 1624906327.946367
0.18 1624906327.949268
0.23 1624906327.952235
0.23 1624906327.955241
0.23 1624906327.958156
0.28 1624906327.961059
0.23 1624906327.964149
0.23 1624906327.967121
0.23 1624906327.970038
0.18 1624906327.973033
0.18 1624906327.975939
0.23 1624906327.978792
0.23 1624906327.981909
0.23 1624906327.984755
0.23 1624906327.987859
0.18 1624906327.990947
0.18 1624906327.994052
0.23 1624906327.997054
0.23 1624906327.999938
0.23 1624906328.003039
0.23 1624906328.005911
0.18 1624906328.009064
0.18 1624906328.012064
0.23 1624906328.014927
0.23 1624906328.017855
0.23 1624906328.020713
0.23 1624906328.023611
0.28 1624906328.026576
0.28 1624906328.02945
0.18 1624906328.032405
0.23 1624906328.03548
0.23 1624906328.038487
0.23 1624906328.041401
0.28 1624906328.044364
0.28 1624906328.047342
0.34 1624906328.050318
0.28 1624906328.053328
0.34 1624906328.05624
0.34 1624906328.059139
0.44 1624906328.062053
0.39 1624906328.064956
0.44 1624906328.068058
0.5 1624906328.071124
4.6 1624906328.074135
18.2 1624906328.15104 touch_grd
18.42 1624906328.15413 go_up_point
0.23 1624906328.852874
0.18 1624906328.855942
0.23 1624906328.859011
0.23 1624906328.861916
0.18 1624906328.86481
0.18 1624906328.867673
0.18 1624906328.870552
0.18 1624906328.873445
0.23 1624906328.876371
0.23 1624906328.87929
0.23 1624906328.882176
0.23 1624906328.885086
0.23 1624906328.888
0.23 1624906328.890913
0.18 1624906328.893814
0.23 1624906328.896868
0.23 1624906328.89978
0.23 1624906328.902854
0.23 1624906328.905702
0.23 1624906328.908612
0.23 1624906328.911526
0.18 1624906328.914393
0.23 1624906328.917337
0.23 1624906328.920206
0.23 1624906328.92313
0.18 1624906328.926
0.28 1624906328.929046
0.18 1624906328.931942
0.23 1624906328.934927
0.18 1624906328.937829
0.18 1624906328.940891
0.23 1624906328.943841
0.18 1624906328.946679
0.23 1624906328.949644
0.18 1624906328.952474
0.18 1624906328.95539
0.23 1624906328.958268
0.28 1624906328.961212
0.23 1624906328.964077
0.23 1624906328.967024
0.23 1624906328.969882
0.23 1624906328.972771
0.18 1624906328.975661
0.23 1624906328.978691
0.23 1624906328.981649
0.23 1624906328.984593
0.18 1624906328.987483
0.23 1624906328.99038
0.18 1624906328.993323
0.18 1624906328.99641
0.23 1624906328.999413
0.23 1624906329.002357
0.23 1624906329.005364
0.23 1624906329.008298
0.23 1624906329.011169
0.18 1624906329.014104
0.18 1624906329.017023
0.18 1624906329.019912
0.23 1624906329.022822
0.23 1624906329.025891
0.18 1624906329.02879
0.18 1624906329.031652
0.23 1624906329.034593
0.23 1624906329.037447
0.23 1624906329.040361
0.23 1624906329.043306
0.18 1624906329.046193
0.18 1624906329.049066
0.18 1624906329.052047
0.18 1624906329.054877
0.23 1624906329.057793
0.23 1624906329.060724
0.23 1624906329.063789
0.23 1624906329.066901
0.23 1624906329.069872
0.18 1624906329.072777
0.23 1624906329.075675
0.23 1624906329.078659
0.23 1624906329.081675
0.23 1624906329.084621
0.23 1624906329.087493
0.23 1624906329.090364
0.12 1624906329.093087
0.18 1624906329.096009
0.23 1624906329.098975
0.23 1624906329.102027
0.23 1624906329.105067
0.23 1624906329.108014
0.18 1624906329.11086
0.18 1624906329.113775
0.18 1624906329.116844
0.23 1624906329.119791
0.23 1624906329.12283
0.23 1624906329.125883
0.18 1624906329.128831
0.18 1624906329.131714
0.18 1624906329.134649
0.18 1624906329.137495
0.23 1624906329.14046
0.23 1624906329.143493
0.23 1624906329.146397
0.23 1624906329.149288
0.18 1624906329.152127
0.23 1624906329.155106
0.23 1624906329.158043
0.23 1624906329.161007
0.23 1624906329.164014
0.18 1624906329.166995
0.18 1624906329.169906
0.18 1624906329.172852
0.23 1624906329.175774
0.23 1624906329.17883
0.23 1624906329.181693
0.23 1624906329.184833
0.23 1624906329.187935
0.23 1624906329.191002
0.23 1624906329.194091
0.18 1624906329.197264
0.23 1624906329.200257
0.23 1624906329.203257
0.23 1624906329.206375
0.28 1624906329.209405
0.18 1624906329.212489
0.23 1624906329.21572
0.23 1624906329.218801
0.23 1624906329.221899
0.23 1624906329.225126
0.18 1624906329.228265
0.23 1624906329.231436
0.23 1624906329.23473
0.23 1624906329.237742
0.28 1624906329.240812
0.23 1624906329.243906
0.23 1624906329.246939
0.23 1624906329.250004
0.18 1624906329.253157
0.18 1624906329.256129
0.23 1624906329.25925
0.23 1624906329.262276
0.12 1624906329.265171
0.18 1624906329.26813
0.18 1624906329.271117
0.18 1624906329.274278
0.23 1624906329.277395
0.28 1624906329.280531
0.18 1624906329.283445
0.23 1624906329.286596
0.23 1624906329.289851
0.18 1624906329.292853
0.23 1624906329.295952
0.18 1624906329.298972
0.23 1624906329.30187
0.23 1624906329.304976
0.23 1624906329.308084
0.18 1624906329.311135
0.07 1624906329.314126
0.23 1624906329.317251
0.28 1624906329.320323
0.23 1624906329.323413
0.18 1624906329.326507
0.18 1624906329.329573
0.18 1624906329.33263
0.23 1624906329.335733
0.23 1624906329.33878
0.28 1624906329.341877
0.23 1624906329.344911
0.18 1624906329.347975
0.23 1624906329.351081
0.18 1624906329.35482
0.28 1624906329.357878
0.23 1624906329.360963
0.23 1624906329.36406
0.18 1624906329.367156
0.18 1624906329.370221
0.23 1624906329.373386
0.23 1624906329.376456
0.23 1624906329.379524
0.28 1624906329.382608
0.23 1624906329.385692
0.23 1624906329.388839
0.23 1624906329.391852
0.18 1624906329.394929
0.23 1624906329.397974
0.23 1624906329.40112
0.23 1624906329.404306
0.23 1624906329.407447
0.18 1624906329.410626
0.23 1624906329.413658
0.23 1624906329.416801
0.23 1624906329.419957
0.28 1624906329.423159
0.23 1624906329.42615
0.18 1624906329.429435
0.12 1624906329.432194
0.23 1624906329.435344
0.23 1624906329.438261
0.23 1624906329.441279
0.23 1624906329.444419
0.23 1624906329.447505
0.18 1624906329.450566
0.18 1624906329.453552
0.23 1624906329.456495
0.23 1624906329.459388
0.23 1624906329.462534
0.28 1624906329.465538
0.23 1624906329.468687
0.18 1624906329.471823
0.18 1624906329.474894
0.23 1624906329.478159
0.18 1624906329.48127
0.18 1624906329.484389
0.12 1624906329.487409
0.23 1624906329.490494
0.18 1624906329.493562
0.23 1624906329.496601
0.28 1624906329.499682
0.23 1624906329.502758
0.18 1624906329.505792
0.23 1624906329.508891
0.18 1624906329.511972
0.18 1624906329.515094
0.23 1624906329.518079
0.18 1624906329.520992
0.28 1624906329.523914
0.23 1624906329.527034
0.34 1624906329.530099
0.5 1624906329.533128
3.43 1624906329.536193
5.62 1624906329.555875 touch_grd
3.16 1624906329.558876 go_up_point
0.23 1624906330.257294
0.23 1624906330.260256
0.18 1624906330.26313
0.23 1624906330.266157
0.18 1624906330.269037
0.18 1624906330.271988
0.18 1624906330.274867
0.18 1624906330.277753
0.18 1624906330.280869
0.23 1624906330.283996
0.23 1624906330.28682
0.23 1624906330.289704
0.18 1624906330.292661
0.23 1624906330.295558
0.28 1624906330.298435
0.23 1624906330.301301
0.23 1624906330.304225
0.18 1624906330.307095
0.23 1624906330.310008
0.18 1624906330.313007
0.18 1624906330.315796
0.18 1624906330.318728
0.23 1624906330.321583
0.18 1624906330.324524
0.18 1624906330.327399
0.23 1624906330.330324
0.12 1624906330.333074
0.18 1624906330.335992
0.23 1624906330.338918
0.23 1624906330.342024
0.23 1624906330.345005
0.18 1624906330.348076
0.18 1624906330.350985
0.18 1624906330.353868
0.28 1624906330.356779
0.18 1624906330.35969
0.23 1624906330.362649
0.18 1624906330.365503
0.18 1624906330.368384
0.18 1624906330.371286
0.18 1624906330.374203
0.23 1624906330.377053
0.23 1624906330.379839
0.18 1624906330.382732
0.23 1624906330.385635
0.23 1624906330.388504
0.18 1624906330.391405
0.18 1624906330.394351
0.23 1624906330.39721
0.28 1624906330.400112
0.23 1624906330.403013
0.23 1624906330.406003
0.23 1624906330.408804
0.18 1624906330.411788
0.18 1624906330.414814
0.18 1624906330.41765
0.23 1624906330.420597
0.23 1624906330.423474
0.18 1624906330.426415
0.23 1624906330.429317
0.18 1624906330.432404
0.18 1624906330.435457
0.23 1624906330.438345
0.23 1624906330.4412
0.23 1624906330.444188
0.23 1624906330.447071
0.18 1624906330.45001
0.12 1624906330.452821
0.18 1624906330.455705
0.18 1624906330.458641
0.23 1624906330.461528
0.18 1624906330.464442
0.18 1624906330.467344
0.23 1624906330.470234
0.18 1624906330.473139
0.23 1624906330.476113
0.23 1624906330.478999
0.23 1624906330.481917
0.23 1624906330.48498
0.23 1624906330.487904
0.23 1624906330.490736
0.23 1624906330.49366
0.23 1624906330.496543
0.23 1624906330.499458
0.23 1624906330.502386
0.23 1624906330.505242
0.18 1624906330.508158
0.23 1624906330.511078
0.18 1624906330.514029
0.23 1624906330.516865
0.23 1624906330.519728
0.18 1624906330.522643
0.18 1624906330.525682
0.18 1624906330.528633
0.18 1624906330.531585
0.12 1624906330.534561
0.18 1624906330.537499
0.23 1624906330.540413
0.23 1624906330.543327
0.18 1624906330.546231
0.23 1624906330.549201
0.12 1624906330.551986
0.18 1624906330.55499
0.23 1624906330.558004
0.18 1624906330.561022
0.18 1624906330.564003
0.23 1624906330.566971
0.18 1624906330.569985
0.18 1624906330.572996
0.18 1624906330.5759
0.23 1624906330.578758
0.23 1624906330.581731
0.18 1624906330.584737
0.12 1624906330.587449
0.18 1624906330.590378
0.18 1624906330.593298
0.23 1624906330.596232
0.18 1624906330.599082
0.28 1624906330.601992
0.23 1624906330.605027
0.23 1624906330.608046
0.18 1624906330.610901
0.18 1624906330.61377
0.18 1624906330.616694
0.23 1624906330.619599
0.23 1624906330.622499
0.23 1624906330.62541
0.12 1624906330.628114
0.12 1624906330.630986
0.12 1624906330.633715
0.34 1624906330.636835
0.23 1624906330.639736
0.23 1624906330.642876
0.23 1624906330.64574
0.23 1624906330.648787
0.18 1624906330.651854
0.18 1624906330.654749
0.12 1624906330.65742
0.23 1624906330.660416
0.18 1624906330.663458
0.18 1624906330.666377
0.23 1624906330.669253
0.18 1624906330.672149
0.23 1624906330.675095
0.23 1624906330.678032
0.23 1624906330.680974
0.18 1624906330.684011
0.18 1624906330.686997
0.18 1624906330.68989
0.23 1624906330.692775
0.23 1624906330.695681
0.23 1624906330.698634
0.23 1624906330.701471
0.12 1624906330.704229
0.23 1624906330.707095
0.23 1624906330.710092
0.12 1624906330.713001
0.23 1624906330.715833
0.23 1624906330.718761
0.18 1624906330.721838
0.18 1624906330.724644
0.18 1624906330.727649
0.23 1624906330.730711
0.23 1624906330.733778
0.23 1624906330.73666
0.23 1624906330.739611
0.28 1624906330.742443
0.18 1624906330.745335
0.23 1624906330.748268
0.18 1624906330.751122
0.18 1624906330.754028
0.18 1624906330.756988
0.23 1624906330.759846
0.34 1624906330.762725
0.18 1624906330.765659
0.23 1624906330.768574
0.12 1624906330.771275
0.18 1624906330.774197
0.18 1624906330.777122
0.23 1624906330.780178
0.23 1624906330.783122
0.18 1624906330.786033
0.23 1624906330.78893
0.18 1624906330.791995
0.18 1624906330.794873
0.28 1624906330.797777
0.23 1624906330.800648
0.18 1624906330.803548
0.18 1624906330.806453
0.18 1624906330.80938
0.18 1624906330.81245
0.18 1624906330.815554
0.23 1624906330.818577
0.23 1624906330.821468
0.23 1624906330.824377
0.18 1624906330.827292
0.18 1624906330.830384
0.18 1624906330.83332
0.23 1624906330.836325
0.23 1624906330.839204
0.23 1624906330.842166
0.18 1624906330.845023
0.23 1624906330.848049
0.18 1624906330.851042
0.18 1624906330.854081
0.18 1624906330.857163
0.18 1624906330.860375
0.23 1624906330.863248
0.18 1624906330.866171
0.18 1624906330.869039
0.18 1624906330.872011
0.23 1624906330.874908
0.18 1624906330.87783
0.23 1624906330.880712
0.23 1624906330.883748
0.23 1624906330.886676
0.23 1624906330.889736
0.18 1624906330.892836
0.23 1624906330.895897
0.18 1624906330.898785
0.23 1624906330.901818
0.23 1624906330.904758
0.12 1624906330.907523
0.18 1624906330.910439
0.18 1624906330.913482
0.23 1624906330.916571
0.23 1624906330.919476
0.23 1624906330.92231
0.18 1624906330.925223
0.18 1624906330.928108
0.18 1624906330.931073
0.18 1624906330.934034
0.28 1624906330.937023
0.23 1624906330.940079
0.18 1624906330.943136
0.18 1624906330.946247
0.23 1624906330.949315
1.3 1624906330.952367
5.08 1624906330.955495
7.43 1624906330.959749 touch_grd
7.96 1624906330.963094 go_up_point
0.18 1624906331.661771
0.12 1624906331.664667
0.23 1624906331.66771
0.18 1624906331.670633
0.23 1624906331.673496
0.23 1624906331.676438
0.07 1624906331.679157
0.18 1624906331.682058
0.18 1624906331.684987
0.23 1624906331.687887
0.18 1624906331.690705
0.18 1624906331.693651
0.23 1624906331.696567
0.18 1624906331.699522
0.23 1624906331.702379
0.23 1624906331.705293
0.18 1624906331.708143
0.18 1624906331.711084
0.18 1624906331.713978
0.18 1624906331.716846
0.23 1624906331.719752
0.23 1624906331.722632
0.23 1624906331.725548
0.23 1624906331.728453
0.12 1624906331.731216
0.23 1624906331.734085
0.18 1624906331.737026
0.18 1624906331.740005
0.18 1624906331.743046
0.18 1624906331.745884
0.18 1624906331.748777
0.18 1624906331.751657
0.12 1624906331.75438
0.23 1624906331.757334
0.23 1624906331.760183
0.18 1624906331.76312
0.18 1624906331.766051
0.23 1624906331.76899
0.18 1624906331.771981
0.18 1624906331.774857
0.23 1624906331.777668
0.23 1624906331.780559
0.18 1624906331.78343
0.23 1624906331.78634
0.23 1624906331.78921
0.12 1624906331.792143
0.23 1624906331.795099
0.18 1624906331.79798
0.23 1624906331.801009
0.18 1624906331.803999
0.23 1624906331.807005
0.23 1624906331.809888
0.18 1624906331.812782
0.23 1624906331.815659
0.23 1624906331.818591
0.23 1624906331.821462
0.23 1624906331.824385
0.18 1624906331.827315
0.18 1624906331.830189
0.18 1624906331.833101
0.23 1624906331.836017
0.23 1624906331.838902
0.23 1624906331.841747
0.18 1624906331.844857
0.23 1624906331.847789
0.18 1624906331.850747
0.12 1624906331.853706
0.23 1624906331.856617
0.23 1624906331.859565
0.23 1624906331.862431
0.18 1624906331.865333
0.18 1624906331.868233
0.07 1624906331.870977
0.18 1624906331.873886
0.23 1624906331.876806
0.18 1624906331.879719
0.23 1624906331.882769
0.18 1624906331.885858
0.18 1624906331.888812
0.18 1624906331.891786
0.28 1624906331.89474
0.23 1624906331.897871
0.23 1624906331.900828
0.23 1624906331.90372
0.18 1624906331.906757
0.18 1624906331.909885
0.18 1624906331.913172
0.18 1624906331.91633
0.23 1624906331.919419
0.18 1624906331.922446
0.23 1624906331.925585
0.23 1624906331.929153
0.18 1624906331.932356
0.18 1624906331.935617
0.28 1624906331.93882
0.23 1624906331.94192
0.18 1624906331.944991
0.18 1624906331.948077
0.12 1624906331.951127
0.18 1624906331.954206
0.23 1624906331.957504
0.23 1624906331.961133
0.23 1624906331.964284
0.23 1624906331.967466
0.12 1624906331.970476
0.12 1624906331.973443
0.23 1624906331.976536
0.23 1624906331.97957
0.23 1624906331.982709
0.23 1624906331.985748
0.18 1624906331.988894
0.18 1624906331.992177
0.23 1624906331.995375
0.23 1624906331.99852
0.12 1624906332.001456
0.18 1624906332.004781
0.18 1624906332.007962
0.18 1624906332.011186
0.18 1624906332.014346
0.23 1624906332.017736
0.23 1624906332.020875
0.23 1624906332.024001
0.12 1624906332.027074
0.12 1624906332.030133
0.18 1624906332.033191
0.18 1624906332.036551
0.23 1624906332.039712
0.23 1624906332.042971
0.23 1624906332.046195
0.18 1624906332.049335
0.18 1624906332.052839
0.23 1624906332.05595
0.18 1624906332.059279
0.12 1624906332.062394
0.18 1624906332.065426
0.18 1624906332.068592
0.18 1624906332.071861
0.23 1624906332.075173
0.23 1624906332.078509
0.18 1624906332.081728
0.18 1624906332.084729
0.23 1624906332.087827
0.18 1624906332.090916
0.23 1624906332.094227
0.18 1624906332.097405
0.23 1624906332.100768
0.23 1624906332.103892
0.23 1624906332.10699
0.18 1624906332.110031
0.18 1624906332.11331
0.23 1624906332.11648
0.18 1624906332.119525
0.23 1624906332.122607
0.18 1624906332.125856
0.18 1624906332.129149
0.18 1624906332.132248
0.23 1624906332.135451
0.23 1624906332.138537
0.18 1624906332.141738
0.23 1624906332.144999
0.18 1624906332.148197
0.23 1624906332.151439
0.18 1624906332.154736
0.23 1624906332.157926
0.28 1624906332.161628
0.12 1624906332.164547
0.23 1624906332.167662
0.18 1624906332.170961
0.18 1624906332.174158
0.23 1624906332.177278
0.18 1624906332.180341
0.23 1624906332.183319
0.23 1624906332.186438
0.23 1624906332.18946
0.18 1624906332.192667
0.18 1624906332.195888
0.28 1624906332.199165
0.18 1624906332.202367
0.23 1624906332.205366
0.23 1624906332.208512
0.12 1624906332.21152
0.18 1624906332.214586
0.23 1624906332.21785
0.23 1624906332.22082
0.18 1624906332.223987
0.23 1624906332.227333
0.18 1624906332.230492
0.23 1624906332.233747
0.23 1624906332.236984
0.23 1624906332.240149
0.23 1624906332.243394
0.18 1624906332.246569
0.18 1624906332.249944
0.23 1624906332.253246
0.23 1624906332.256388
0.23 1624906332.259622
0.23 1624906332.262973
0.23 1624906332.266225
0.23 1624906332.269451
0.18 1624906332.272707
0.18 1624906332.275961
0.23 1624906332.27911
0.34 1624906332.282212
0.23 1624906332.285479
0.28 1624906332.288512
0.18 1624906332.291589
0.23 1624906332.294631
0.23 1624906332.297779
0.28 1624906332.300979
0.23 1624906332.304142
0.18 1624906332.307272
0.18 1624906332.310562
0.18 1624906332.313757
0.23 1624906332.316864
0.28 1624906332.320175
0.07 1624906332.323297
0.23 1624906332.326492
0.23 1624906332.329687
0.18 1624906332.332942
0.18 1624906332.33594
0.23 1624906332.339094
0.18 1624906332.342525
0.23 1624906332.345718
0.18 1624906332.348986
0.12 1624906332.351926
0.23 1624906332.354827
0.34 1624906332.357886
0.76 1624906332.360809
3.8 1624906332.36387
19.48 1624906332.464955 touch_grd
20.39 1624906332.468147 go_up_point
0.23 1624906333.367435
0.12 1624906333.370095
0.18 1624906333.373051
0.28 1624906333.375975
0.23 1624906333.378884
0.23 1624906333.381752
0.23 1624906333.384654
0.23 1624906333.387553
0.12 1624906333.39024
0.18 1624906333.39318
0.23 1624906333.39608
0.23 1624906333.398986
0.28 1624906333.401965
0.18 1624906333.404784
0.18 1624906333.407688
0.12 1624906333.410418
0.18 1624906333.413327
0.23 1624906333.416251
0.18 1624906333.419135
0.23 1624906333.422041
0.18 1624906333.424956
0.18 1624906333.42783
0.18 1624906333.43083
0.18 1624906333.433853
0.18 1624906333.436846
0.23 1624906333.440085
0.18 1624906333.44321
0.18 1624906333.446457
0.18 1624906333.449668
0.23 1624906333.452856
0.23 1624906333.455995
0.28 1624906333.45918
0.23 1624906333.462261
0.23 1624906333.465571
0.23 1624906333.46873
0.18 1624906333.471803
0.23 1624906333.474852
0.23 1624906333.478073
0.18 1624906333.481207
0.18 1624906333.484284
0.23 1624906333.487322
0.18 1624906333.490385
0.23 1624906333.493476
0.23 1624906333.496565
0.28 1624906333.499779
0.23 1624906333.502888
0.23 1624906333.506051
0.18 1624906333.509248
0.18 1624906333.512751
0.18 1624906333.515878
0.23 1624906333.518904
0.23 1624906333.522038
0.23 1624906333.525161
0.23 1624906333.528366
0.23 1624906333.531491
0.18 1624906333.534591
0.23 1624906333.537629
0.23 1624906333.540791
0.23 1624906333.544231
0.18 1624906333.547338
0.18 1624906333.550483
0.23 1624906333.55352
0.28 1624906333.556874
0.23 1624906333.560159
0.23 1624906333.56322
0.12 1624906333.566097
0.18 1624906333.569214
0.23 1624906333.572302
0.23 1624906333.57542
0.23 1624906333.578664
0.18 1624906333.581917
0.23 1624906333.585105
0.23 1624906333.588203
0.18 1624906333.591272
0.23 1624906333.59474
0.18 1624906333.5979
0.23 1624906333.601012
0.23 1624906333.604226
0.23 1624906333.607373
0.18 1624906333.610541
0.23 1624906333.613617
0.23 1624906333.616853
0.23 1624906333.619921
0.18 1624906333.623022
0.34 1624906333.62623
0.18 1624906333.629303
0.12 1624906333.632182
0.23 1624906333.63527
0.23 1624906333.638371
0.23 1624906333.641656
0.12 1624906333.644632
0.23 1624906333.647799
0.18 1624906333.650969
0.07 1624906333.65408
0.23 1624906333.657119
0.23 1624906333.660234
0.23 1624906333.663563
0.23 1624906333.666667
0.18 1624906333.669762
0.18 1624906333.672849
0.23 1624906333.676148
0.28 1624906333.679284
0.23 1624906333.682411
0.18 1624906333.685536
0.18 1624906333.688722
0.12 1624906333.691801
0.23 1624906333.695027
0.23 1624906333.698057
0.23 1624906333.701144
0.18 1624906333.704297
0.18 1624906333.707514
0.18 1624906333.710681
0.23 1624906333.713847
0.28 1624906333.717071
0.23 1624906333.720334
0.18 1624906333.723514
0.23 1624906333.72664
0.12 1624906333.72969
0.18 1624906333.73272
0.23 1624906333.735905
0.18 1624906333.739184
0.23 1624906333.742486
0.18 1624906333.745538
0.18 1624906333.748589
0.23 1624906333.751828
0.23 1624906333.755005
0.23 1624906333.758263
0.23 1624906333.761388
0.18 1624906333.764461
0.23 1624906333.76755
0.18 1624906333.770715
0.18 1624906333.773891
0.23 1624906333.776908
0.23 1624906333.780111
0.23 1624906333.78332
0.23 1624906333.786524
0.18 1624906333.789698
0.18 1624906333.792768
0.23 1624906333.795856
0.23 1624906333.79892
0.23 1624906333.802107
0.23 1624906333.805222
0.23 1624906333.808369
0.18 1624906333.811571
0.18 1624906333.814822
0.23 1624906333.818044
0.23 1624906333.821312
0.28 1624906333.824426
0.18 1624906333.827655
0.18 1624906333.830894
0.18 1624906333.83412
0.18 1624906333.837398
0.23 1624906333.840585
0.23 1624906333.843859
0.23 1624906333.84691
0.07 1624906333.849967
0.18 1624906333.853176
0.23 1624906333.856269
0.28 1624906333.859393
0.18 1624906333.862703
0.23 1624906333.866668
0.18 1624906333.86994
0.23 1624906333.873022
0.23 1624906333.876478
0.28 1624906333.879713
0.23 1624906333.882889
0.23 1624906333.885986
0.18 1624906333.889275
0.23 1624906333.892503
0.23 1624906333.895653
0.28 1624906333.898736
0.23 1624906333.901823
0.18 1624906333.905009
0.23 1624906333.908185
0.23 1624906333.911491
0.23 1624906333.914651
0.18 1624906333.917721
0.23 1624906333.920723
0.18 1624906333.923807
0.18 1624906333.926822
0.18 1624906333.930143
0.18 1624906333.933194
0.23 1624906333.936335
0.23 1624906333.939573
0.23 1624906333.942671
0.23 1624906333.94587
0.12 1624906333.94896
0.18 1624906333.952219
0.23 1624906333.95545
0.23 1624906333.958477
0.23 1624906333.961597
0.18 1624906333.964685
0.23 1624906333.96793
0.18 1624906333.971165
0.18 1624906333.974247
0.23 1624906333.977327
0.23 1624906333.980521
0.18 1624906333.983767
0.18 1624906333.98684
0.18 1624906333.990009
0.18 1624906333.993244
0.28 1624906333.996385
0.18 1624906333.999527
0.23 1624906334.002657
0.18 1624906334.005713
0.18 1624906334.008967
0.23 1624906334.012135
0.18 1624906334.01534
0.23 1624906334.018401
0.23 1624906334.021439
0.23 1624906334.024599
0.23 1624906334.027835
0.18 1624906334.031137
0.23 1624906334.034285
0.23 1624906334.037552
0.23 1624906334.040746
0.23 1624906334.043816
0.23 1624906334.047075
0.18 1624906334.050339
0.18 1624906334.053361
0.28 1624906334.056479
0.23 1624906334.059695
0.23 1624906334.062813
0.18 1624906334.06612
0.18 1624906334.069422
0.28 1624906334.072499
0.34 1624906334.075583
0.39 1624906334.078817
0.44 1624906334.081898
0.5 1624906334.084942
0.66 1624906334.088088
0.71 1624906334.091244
0.98 1624906334.094422
4.07 1624906334.097528
13.88 1624906334.170834 touch_grd
14.58 1624906334.174068 go_up_point
0.18 1624906334.872541
0.23 1624906334.875462
0.18 1624906334.878359
0.18 1624906334.881245
0.18 1624906334.884189
0.18 1624906334.887064
0.18 1624906334.889941
0.18 1624906334.892954
0.18 1624906334.895978
0.23 1624906334.89901
0.23 1624906334.901918
0.23 1624906334.904845
0.18 1624906334.907743
0.18 1624906334.910802
0.23 1624906334.913709
0.23 1624906334.91671
0.23 1624906334.919625
0.18 1624906334.922533
0.23 1624906334.925437
0.23 1624906334.928359
0.23 1624906334.931244
0.23 1624906334.934152
0.23 1624906334.937041
0.23 1624906334.940129
0.23 1624906334.943037
0.23 1624906334.945973
0.18 1624906334.948825
0.18 1624906334.951714
0.23 1624906334.954609
0.23 1624906334.957547
0.23 1624906334.960456
0.07 1624906334.963129
0.18 1624906334.966071
0.18 1624906334.968957
0.23 1624906334.971992
0.18 1624906334.974981
0.23 1624906334.977838
0.23 1624906334.980716
0.23 1624906334.983658
0.23 1624906334.986544
0.23 1624906334.989459
0.23 1624906334.992381
0.23 1624906334.995402
0.28 1624906334.998317
0.23 1624906335.001256
0.23 1624906335.004115
0.23 1624906335.007201
0.18 1624906335.010076
0.23 1624906335.013028
0.23 1624906335.015933
0.23 1624906335.018778
0.18 1624906335.021662
0.18 1624906335.024628
0.23 1624906335.027515
0.18 1624906335.030428
0.23 1624906335.0333
0.23 1624906335.036235
0.18 1624906335.039093
0.12 1624906335.041852
0.18 1624906335.044768
0.23 1624906335.047847
0.18 1624906335.050968
0.23 1624906335.053984
0.23 1624906335.056964
0.12 1624906335.059748
0.18 1624906335.062694
0.18 1624906335.065503
0.23 1624906335.068288
0.18 1624906335.071194
0.23 1624906335.074067
0.23 1624906335.077026
0.23 1624906335.080012
0.18 1624906335.082961
0.18 1624906335.08597
0.18 1624906335.088768
0.18 1624906335.09167
0.23 1624906335.09459
0.18 1624906335.097505
0.18 1624906335.100377
0.12 1624906335.103271
0.23 1624906335.106183
0.18 1624906335.109079
0.23 1624906335.111981
0.23 1624906335.114938
0.23 1624906335.117943
0.23 1624906335.120807
0.23 1624906335.123567
0.23 1624906335.126509
0.18 1624906335.12938
0.23 1624906335.132301
0.23 1624906335.135195
0.23 1624906335.13808
0.18 1624906335.141025
0.23 1624906335.14397
0.18 1624906335.146943
0.18 1624906335.149851
0.23 1624906335.152766
0.23 1624906335.155658
0.18 1624906335.158606
0.23 1624906335.161452
0.23 1624906335.164335
0.23 1624906335.167238
0.18 1624906335.170135
0.23 1624906335.173047
0.23 1624906335.175948
0.28 1624906335.178874
0.18 1624906335.181961
0.23 1624906335.185054
0.18 1624906335.187962
0.18 1624906335.19104
0.28 1624906335.194114
0.18 1624906335.196932
0.23 1624906335.200002
0.18 1624906335.202986
0.18 1624906335.205825
0.12 1624906335.208743
0.18 1624906335.21167
0.18 1624906335.214717
0.23 1624906335.217827
0.18 1624906335.220871
0.18 1624906335.223807
0.23 1624906335.226844
0.18 1624906335.229723
0.18 1624906335.232629
0.18 1624906335.235524
0.23 1624906335.238445
0.18 1624906335.241358
0.18 1624906335.244224
0.23 1624906335.247189
0.12 1624906335.249852
0.23 1624906335.252767
0.23 1624906335.255667
0.23 1624906335.258599
0.23 1624906335.261477
0.23 1624906335.264408
0.18 1624906335.267259
0.18 1624906335.27039
0.23 1624906335.273211
0.18 1624906335.276035
0.18 1624906335.279056
0.23 1624906335.281966
0.18 1624906335.284824
0.18 1624906335.287753
0.18 1624906335.290674
0.23 1624906335.293579
0.23 1624906335.296463
0.23 1624906335.299327
0.23 1624906335.302242
0.23 1624906335.305129
0.18 1624906335.307942
0.18 1624906335.310762
0.23 1624906335.313676
0.23 1624906335.316556
0.23 1624906335.319463
0.18 1624906335.322367
0.18 1624906335.325286
0.18 1624906335.328217
0.18 1624906335.331241
0.23 1624906335.33413
0.23 1624906335.337039
0.23 1624906335.339917
0.23 1624906335.342953
0.18 1624906335.345916
0.18 1624906335.348827
0.18 1624906335.351704
0.28 1624906335.354624
0.23 1624906335.357578
0.18 1624906335.360444
0.18 1624906335.363339
0.28 1624906335.366234
0.23 1624906335.36917
0.18 1624906335.372029
0.23 1624906335.37495
0.23 1624906335.377849
0.23 1624906335.38077
0.23 1624906335.383579
0.23 1624906335.386452
0.18 1624906335.389438
0.23 1624906335.392333
0.18 1624906335.395281
0.23 1624906335.398137
0.23 1624906335.401093
0.18 1624906335.40392
0.18 1624906335.406917
0.18 1624906335.409779
0.18 1624906335.412662
0.23 1624906335.415534
0.23 1624906335.418413
0.12 1624906335.421208
0.18 1624906335.424101
0.18 1624906335.427028
0.18 1624906335.430042
0.18 1624906335.432801
0.18 1624906335.435712
0.23 1624906335.43856
0.23 1624906335.441543
0.23 1624906335.444445
0.18 1624906335.447315
0.18 1624906335.450382
0.12 1624906335.453091
0.23 1624906335.455999
0.23 1624906335.458984
0.23 1624906335.461837
0.23 1624906335.464713
0.18 1624906335.467622
0.18 1624906335.470546
0.23 1624906335.47338
0.28 1624906335.47635
0.23 1624906335.47921
0.23 1624906335.482076
0.23 1624906335.485026
0.18 1624906335.488035
0.23 1624906335.490848
0.23 1624906335.493729
0.23 1624906335.496662
0.23 1624906335.499537
0.18 1624906335.502402
0.23 1624906335.505185
0.18 1624906335.508118
0.23 1624906335.511042
0.23 1624906335.51384
0.23 1624906335.516854
0.18 1624906335.519835
0.23 1624906335.522705
0.23 1624906335.525696
0.23 1624906335.528698
0.23 1624906335.531615
0.28 1624906335.534478
0.23 1624906335.53739
0.23 1624906335.540301
0.23 1624906335.543216
0.12 1624906335.545959
0.18 1624906335.548841
0.18 1624906335.551736
0.23 1624906335.554691
0.23 1624906335.557752
0.18 1624906335.560828
0.18 1624906335.563678
0.23 1624906335.566806
0.28 1624906335.569809
0.44 1624906335.572708
2.79 1624906335.575637
5.14 1624906335.578562
18.74 1624906335.675201 touch_grd
19.59 1624906335.6784 go_up_point
0.28 1624906336.377339
0.18 1624906336.380218
0.18 1624906336.383135
0.23 1624906336.386052
0.18 1624906336.38899
0.07 1624906336.391678
0.18 1624906336.394581
0.23 1624906336.397471
0.18 1624906336.400376
0.12 1624906336.403124
0.23 1624906336.406
0.18 1624906336.408772
0.23 1624906336.411667
0.18 1624906336.414612
0.23 1624906336.417612
0.23 1624906336.420518
0.23 1624906336.42328
0.23 1624906336.426173
0.18 1624906336.429043
0.18 1624906336.431917
0.23 1624906336.434901
0.23 1624906336.437734
0.18 1624906336.440653
0.18 1624906336.443591
0.18 1624906336.446445
0.18 1624906336.449382
0.23 1624906336.452352
0.28 1624906336.455213
0.23 1624906336.45821
0.18 1624906336.46113
0.18 1624906336.464029
0.12 1624906336.466777
0.18 1624906336.46966
0.18 1624906336.47257
0.23 1624906336.475495
0.18 1624906336.478598
0.23 1624906336.481638
0.23 1624906336.484552
0.18 1624906336.48744
0.18 1624906336.49037
0.23 1624906336.493451
0.18 1624906336.496468
0.23 1624906336.499388
0.23 1624906336.502227
0.18 1624906336.505004
0.07 1624906336.507768
0.12 1624906336.510624
0.23 1624906336.513559
0.23 1624906336.516516
0.23 1624906336.51961
0.18 1624906336.522608
0.18 1624906336.525502
0.12 1624906336.528259
0.18 1624906336.531093
0.28 1624906336.533991
0.23 1624906336.536921
0.18 1624906336.539774
0.18 1624906336.542544
0.23 1624906336.54542
0.12 1624906336.548155
0.18 1624906336.551082
0.23 1624906336.553974
0.23 1624906336.556963
0.12 1624906336.559782
0.18 1624906336.562672
0.23 1624906336.565624
0.12 1624906336.568455
0.18 1624906336.571384
0.23 1624906336.574283
0.23 1624906336.577202
0.18 1624906336.580259
0.18 1624906336.583141
0.18 1624906336.586031
0.18 1624906336.589
0.23 1624906336.591937
0.18 1624906336.594811
0.23 1624906336.597642
0.18 1624906336.600745
0.23 1624906336.603803
0.18 1624906336.606664
0.18 1624906336.609603
0.23 1624906336.612548
0.23 1624906336.61558
0.18 1624906336.618685
0.23 1624906336.621562
0.23 1624906336.624475
0.18 1624906336.62736
0.23 1624906336.630258
0.28 1624906336.633166
0.23 1624906336.636016
0.23 1624906336.638793
0.18 1624906336.641686
0.18 1624906336.64464
0.18 1624906336.647677
0.18 1624906336.650769
0.23 1624906336.653616
0.23 1624906336.656544
0.23 1624906336.659481
0.18 1624906336.662341
0.18 1624906336.665208
0.18 1624906336.668128
0.18 1624906336.671023
0.23 1624906336.673959
0.23 1624906336.67697
0.23 1624906336.679973
0.23 1624906336.682928
0.23 1624906336.685759
0.18 1624906336.688691
0.18 1624906336.691585
0.23 1624906336.69465
0.23 1624906336.697497
0.18 1624906336.700404
0.23 1624906336.70332
0.23 1624906336.706223
0.18 1624906336.709074
0.23 1624906336.712001
0.23 1624906336.71492
0.18 1624906336.717836
0.23 1624906336.720766
0.18 1624906336.723806
0.18 1624906336.726689
0.23 1624906336.729799
0.18 1624906336.732847
0.23 1624906336.735951
0.18 1624906336.738838
0.18 1624906336.741979
0.23 1624906336.744949
0.18 1624906336.747869
0.18 1624906336.750792
0.23 1624906336.753656
0.23 1624906336.756713
0.23 1624906336.759853
0.23 1624906336.762964
0.18 1624906336.765772
0.18 1624906336.768732
0.18 1624906336.771734
0.23 1624906336.774686
0.18 1624906336.77778
0.23 1624906336.780799
0.18 1624906336.783739
0.12 1624906336.786595
0.18 1624906336.789735
0.23 1624906336.792734
0.23 1624906336.795675
0.18 1624906336.798724
0.28 1624906336.801644
0.18 1624906336.804687
0.18 1624906336.807786
0.23 1624906336.810652
0.23 1624906336.813791
0.28 1624906336.816784
0.23 1624906336.819982
0.18 1624906336.822951
0.07 1624906336.825864
0.18 1624906336.828772
0.18 1624906336.831717
0.23 1624906336.834772
0.23 1624906336.837786
0.18 1624906336.840775
0.23 1624906336.843772
0.23 1624906336.846839
0.18 1624906336.849966
0.23 1624906336.852852
0.28 1624906336.855974
0.23 1624906336.858936
0.23 1624906336.861986
0.18 1624906336.864954
0.07 1624906336.867935
0.18 1624906336.870974
0.23 1624906336.873858
0.18 1624906336.876941
0.18 1624906336.879975
0.23 1624906336.883034
0.18 1624906336.885939
0.12 1624906336.888794
0.18 1624906336.891978
0.23 1624906336.894972
0.23 1624906336.897979
0.18 1624906336.90095
0.23 1624906336.904007
0.18 1624906336.906962
0.34 1624906336.909993
0.23 1624906336.913091
0.18 1624906336.916119
0.23 1624906336.919021
0.12 1624906336.921754
0.18 1624906336.924631
0.12 1624906336.927596
0.18 1624906336.930679
0.23 1624906336.933671
0.23 1624906336.936588
0.18 1624906336.939519
0.23 1624906336.942403
0.18 1624906336.945511
0.18 1624906336.948405
0.23 1624906336.951421
0.23 1624906336.95437
0.23 1624906336.957391
0.18 1624906336.960319
0.23 1624906336.963254
0.23 1624906336.966315
0.12 1624906336.969181
0.18 1624906336.972114
0.23 1624906336.975014
0.23 1624906336.977968
0.18 1624906336.980951
0.23 1624906336.983944
0.23 1624906336.986952
0.18 1624906336.990012
0.23 1624906336.992945
0.23 1624906336.995824
0.18 1624906336.998764
0.18 1624906337.00178
0.23 1624906337.004671
0.18 1624906337.007778
0.18 1624906337.010876
0.23 1624906337.013742
0.23 1624906337.01661
0.18 1624906337.019531
0.23 1624906337.022651
0.23 1624906337.025698
0.07 1624906337.028626
0.18 1624906337.031665
0.23 1624906337.034741
0.18 1624906337.037788
0.18 1624906337.040985
0.23 1624906337.043945
0.18 1624906337.046885
0.07 1624906337.049767
0.23 1624906337.052845
0.23 1624906337.055703
0.23 1624906337.058853
0.18 1624906337.061932
0.23 1624906337.064981
0.18 1624906337.067807
0.18 1624906337.070757
1.72 1624906337.073688
6.63 1624906337.07699
22.05 1624906337.17995 touch_grd
22.63 1624906337.183002 go_up_point
0.23 1624906337.882286
0.18 1624906337.885196
0.18 1624906337.888145
0.18 1624906337.891025
0.18 1624906337.893999
0.23 1624906337.897003
0.18 1624906337.9
0.18 1624906337.902822
0.18 1624906337.905782
0.18 1624906337.908567
0.18 1624906337.911493
0.23 1624906337.914439
0.23 1624906337.9173
0.23 1624906337.920192
0.18 1624906337.923123
0.12 1624906337.926072
0.23 1624906337.92909
0.23 1624906337.931996
0.23 1624906337.934922
0.23 1624906337.93796
0.18 1624906337.940971
0.23 1624906337.943944
0.18 1624906337.947017
0.23 1624906337.949905
0.23 1624906337.952801
0.23 1624906337.955642
0.18 1624906337.958473
0.18 1624906337.961509
0.18 1624906337.964417
0.18 1624906337.967332
0.18 1624906337.970197
0.23 1624906337.973122
0.28 1624906337.976024
0.18 1624906337.978916
0.23 1624906337.981788
0.18 1624906337.984583
0.18 1624906337.987484
0.18 1624906337.990367
0.23 1624906337.993276
0.23 1624906337.996204
0.18 1624906337.999052
0.18 1624906338.001972
0.23 1624906338.004921
0.12 1624906338.007738
0.18 1624906338.010677
0.18 1624906338.013696
0.18 1624906338.016676
0.23 1624906338.019677
0.23 1624906338.02261
0.23 1624906338.025581
0.18 1624906338.028575
0.23 1624906338.031493
0.23 1624906338.034367
0.18 1624906338.037251
0.23 1624906338.040219
0.18 1624906338.043127
0.18 1624906338.045972
0.18 1624906338.048933
0.23 1624906338.05198
0.23 1624906338.054936
0.23 1624906338.057751
0.23 1624906338.060668
0.18 1624906338.063747
0.12 1624906338.066465
0.18 1624906338.069383
0.18 1624906338.072409
0.23 1624906338.075371
0.18 1624906338.078223
0.18 1624906338.081119
0.23 1624906338.084009
0.18 1624906338.087034
0.18 1624906338.089917
0.18 1624906338.092956
0.23 1624906338.09579
0.23 1624906338.098722
0.18 1624906338.101587
0.18 1624906338.104487
0.12 1624906338.107254
0.18 1624906338.110199
0.18 1624906338.113021
0.23 1624906338.115929
0.18 1624906338.118884
0.23 1624906338.121733
0.18 1624906338.124673
0.18 1624906338.127736
0.18 1624906338.130636
0.23 1624906338.133521
0.23 1624906338.136445
0.18 1624906338.139323
0.18 1624906338.142222
0.12 1624906338.144971
0.18 1624906338.147938
0.18 1624906338.150954
0.23 1624906338.154057
0.18 1624906338.157103
0.18 1624906338.160171
0.23 1624906338.163254
0.18 1624906338.166333
0.18 1624906338.169366
0.18 1624906338.172248
0.23 1624906338.175145
0.23 1624906338.178086
0.18 1624906338.181117
0.18 1624906338.184054
0.18 1624906338.186991
0.23 1624906338.189961
0.18 1624906338.193068
0.23 1624906338.195962
0.23 1624906338.198947
0.18 1624906338.201966
0.18 1624906338.204888
0.18 1624906338.207746
0.23 1624906338.210707
0.18 1624906338.21357
0.23 1624906338.216603
0.23 1624906338.219756
0.23 1624906338.222913
0.18 1624906338.226128
0.23 1624906338.229212
0.23 1624906338.232357
0.23 1624906338.235628
0.23 1624906338.238754
0.18 1624906338.241874
0.23 1624906338.24491
0.18 1624906338.248073
0.23 1624906338.251206
0.23 1624906338.254383
0.18 1624906338.257493
0.23 1624906338.260798
0.12 1624906338.263861
0.18 1624906338.267146
0.23 1624906338.270142
0.23 1624906338.273257
0.23 1624906338.276394
0.23 1624906338.279584
0.23 1624906338.282798
0.18 1624906338.285902
0.18 1624906338.289128
0.23 1624906338.292327
0.23 1624906338.295484
0.23 1624906338.29868
0.23 1624906338.301881
0.18 1624906338.305127
0.18 1624906338.308391
0.23 1624906338.311494
0.23 1624906338.31457
0.23 1624906338.318168
0.18 1624906338.321408
0.18 1624906338.324507
0.23 1624906338.327625
0.23 1624906338.330815
0.23 1624906338.334018
0.23 1624906338.337295
0.12 1624906338.340346
0.18 1624906338.343522
0.18 1624906338.346857
0.23 1624906338.349896
0.18 1624906338.352912
0.23 1624906338.356027
0.23 1624906338.359291
0.18 1624906338.362537
0.23 1624906338.365689
0.18 1624906338.368788
0.23 1624906338.371856
0.23 1624906338.375033
0.23 1624906338.378085
0.23 1624906338.381333
0.18 1624906338.384576
0.18 1624906338.387778
0.23 1624906338.390833
0.23 1624906338.393925
0.23 1624906338.397165
0.23 1624906338.400234
0.23 1624906338.403438
0.18 1624906338.406582
0.23 1624906338.409786
0.23 1624906338.412787
0.23 1624906338.415943
0.18 1624906338.419087
0.23 1624906338.422247
0.12 1624906338.425347
0.18 1624906338.428517
0.23 1624906338.431842
0.23 1624906338.435072
0.18 1624906338.438377
0.18 1624906338.441486
0.23 1624906338.444693
0.12 1624906338.447802
0.23 1624906338.450859
0.23 1624906338.453973
0.23 1624906338.457173
0.18 1624906338.460314
0.18 1624906338.46331
0.12 1624906338.466182
0.18 1624906338.469287
0.28 1624906338.472348
0.23 1624906338.47544
0.23 1624906338.478528
0.18 1624906338.481571
0.23 1624906338.484605
0.23 1624906338.487731
0.23 1624906338.490779
0.18 1624906338.493864
0.18 1624906338.497
0.18 1624906338.500149
0.18 1624906338.503085
0.12 1624906338.505992
0.23 1624906338.509076
0.23 1624906338.512124
0.23 1624906338.51523
0.23 1624906338.518272
0.18 1624906338.521356
0.23 1624906338.524412
0.12 1624906338.527254
0.23 1624906338.530437
0.18 1624906338.533426
0.23 1624906338.536329
0.18 1624906338.539455
0.23 1624906338.542504
0.18 1624906338.545557
0.23 1624906338.548841
0.23 1624906338.55191
0.23 1624906338.55499
0.23 1624906338.558066
0.18 1624906338.561128
0.23 1624906338.564134
0.18 1624906338.567203
0.23 1624906338.570349
2.31 1624906338.573443
7.7 1624906338.576683
10.95 1624906338.585173 touch_grd
10.58 1624906338.588395 go_up_point
0.18 1624906339.487284
0.23 1624906339.490233
0.23 1624906339.493315
0.18 1624906339.496228
0.18 1624906339.49903
0.23 1624906339.501941
0.18 1624906339.504912
0.18 1624906339.507818
0.18 1624906339.510708
0.23 1624906339.513556
0.23 1624906339.516477
0.23 1624906339.519374
0.18 1624906339.522465
0.12 1624906339.525353
0.23 1624906339.528233
0.23 1624906339.531018
0.23 1624906339.533892
0.18 1624906339.536758
0.18 1624906339.539704
0.23 1624906339.542596
0.12 1624906339.545313
0.23 1624906339.548232
0.23 1624906339.551143
0.18 1624906339.554004
0.23 1624906339.556965
0.18 1624906339.559886
0.23 1624906339.562733
0.18 1624906339.565669
0.23 1624906339.56871
0.23 1624906339.571776
0.23 1624906339.57468
0.28 1624906339.577591
0.23 1624906339.580473
0.23 1624906339.583373
0.18 1624906339.586269
0.18 1624906339.58923
0.23 1624906339.592266
0.23 1624906339.595144
0.07 1624906339.597867
0.18 1624906339.600778
0.23 1624906339.603669
0.18 1624906339.606606
0.23 1624906339.609473
0.18 1624906339.612409
0.23 1624906339.615287
0.23 1624906339.618198
0.23 1624906339.621074
0.18 1624906339.624027
0.18 1624906339.626936
0.18 1624906339.629802
0.23 1624906339.632669
0.23 1624906339.635551
0.18 1624906339.638484
0.23 1624906339.641421
0.23 1624906339.6443
0.28 1624906339.647213
0.18 1624906339.650056
0.23 1624906339.652892
0.23 1624906339.655717
0.23 1624906339.658667
0.23 1624906339.661532
0.18 1624906339.664448
0.18 1624906339.667339
0.23 1624906339.670413
0.23 1624906339.67333
0.18 1624906339.676246
0.18 1624906339.67913
0.23 1624906339.682233
0.12 1624906339.685097
0.18 1624906339.688018
0.23 1624906339.691074
0.18 1624906339.693955
0.18 1624906339.696908
0.12 1624906339.699754
0.23 1624906339.702683
0.18 1624906339.705595
0.18 1624906339.708615
0.23 1624906339.711741
0.23 1624906339.714607
0.23 1624906339.717571
0.23 1624906339.720593
0.18 1624906339.723674
0.12 1624906339.726602
0.23 1624906339.729622
0.18 1624906339.732524
0.23 1624906339.735464
0.18 1624906339.738348
0.23 1624906339.741241
0.18 1624906339.74419
0.23 1624906339.747063
0.23 1624906339.749938
0.23 1624906339.752881
0.23 1624906339.75572
0.18 1624906339.758706
0.18 1624906339.761754
0.23 1624906339.764773
0.18 1624906339.7677
0.23 1624906339.770603
0.23 1624906339.773513
0.23 1624906339.776602
0.18 1624906339.779626
0.23 1624906339.782498
0.18 1624906339.785241
0.23 1624906339.788239
0.18 1624906339.791111
0.28 1624906339.793963
0.18 1624906339.796888
0.18 1624906339.799774
0.18 1624906339.802687
0.23 1624906339.805737
0.18 1624906339.808643
0.28 1624906339.811554
0.23 1624906339.814389
0.23 1624906339.817242
0.23 1624906339.820195
0.23 1624906339.822983
0.18 1624906339.825885
0.18 1624906339.828768
0.23 1624906339.831657
0.23 1624906339.834556
0.18 1624906339.837499
0.23 1624906339.840377
0.23 1624906339.843393
0.18 1624906339.84637
0.23 1624906339.849262
0.23 1624906339.852145
0.23 1624906339.855053
0.23 1624906339.85798
0.23 1624906339.8609
0.18 1624906339.86376
0.23 1624906339.866714
0.18 1624906339.869722
0.23 1624906339.872655
0.18 1624906339.875716
0.23 1624906339.878652
0.18 1624906339.881658
0.18 1624906339.884581
0.18 1624906339.887479
0.23 1624906339.890432
0.23 1624906339.893335
0.28 1624906339.89619
0.23 1624906339.89909
0.23 1624906339.901987
0.12 1624906339.904705
0.18 1624906339.907629
0.23 1624906339.910505
0.18 1624906339.913416
0.18 1624906339.916333
0.18 1624906339.919259
0.23 1624906339.922177
0.07 1624906339.924871
0.23 1624906339.927765
0.18 1624906339.930679
0.23 1624906339.933559
0.23 1624906339.936443
0.18 1624906339.939381
0.23 1624906339.942279
0.12 1624906339.944979
0.12 1624906339.947865
0.23 1624906339.950862
0.23 1624906339.953687
0.18 1624906339.956568
0.23 1624906339.959465
0.23 1624906339.962386
0.18 1624906339.965288
0.18 1624906339.968219
0.23 1624906339.971107
0.23 1624906339.974004
0.18 1624906339.97689
0.23 1624906339.979778
0.23 1624906339.982771
0.18 1624906339.985862
0.23 1624906339.988687
0.23 1624906339.991787
0.23 1624906339.994746
0.18 1624906339.997837
0.18 1624906340.000987
0.18 1624906340.004042
0.18 1624906340.007166
0.28 1624906340.01041
0.23 1624906340.013542
0.23 1624906340.016697
0.23 1624906340.01978
0.18 1624906340.022782
0.18 1624906340.025846
0.23 1624906340.028867
0.23 1624906340.032085
0.23 1624906340.0353
0.18 1624906340.038541
0.18 1624906340.041679
0.12 1624906340.044593
0.18 1624906340.047856
0.18 1624906340.050976
0.23 1624906340.05411
0.18 1624906340.057217
0.28 1624906340.060273
0.23 1624906340.063398
0.18 1624906340.066697
0.23 1624906340.069926
0.23 1624906340.073195
0.18 1624906340.076355
0.18 1624906340.079384
0.23 1624906340.082476
0.12 1624906340.08555
0.18 1624906340.088796
0.23 1624906340.092079
0.28 1624906340.095498
0.23 1624906340.098745
0.18 1624906340.102029
0.18 1624906340.105202
0.23 1624906340.108446
0.23 1624906340.111533
0.23 1624906340.114511
0.23 1624906340.117828
0.18 1624906340.120925
0.12 1624906340.124018
0.18 1624906340.127274
0.23 1624906340.130413
0.23 1624906340.13354
0.18 1624906340.136734
0.18 1624906340.139904
0.23 1624906340.143097
0.18 1624906340.146165
0.23 1624906340.149367
0.23 1624906340.152415
0.23 1624906340.155589
0.23 1624906340.158792
0.23 1624906340.162028
0.23 1624906340.165311
0.18 1624906340.16849
0.23 1624906340.171547
0.23 1624906340.174747
0.23 1624906340.177916
0.23 1624906340.181108
0.18 1624906340.184165
0.18 1624906340.187254
0.23 1624906340.190686
0.28 1624906340.193769
0.23 1624906340.196814
0.23 1624906340.199854
0.23 1624906340.203106
0.18 1624906340.206214
0.34 1624906340.209523
0.39 1624906340.212918
0.44 1624906340.216146
0.71 1624906340.219384
1.46 1624906340.222645
4.02 1624906340.225956
13.19 1624906340.290761 touch_grd
13.94 1624906340.294193 go_up_point
0.23 1624906340.99227
0.18 1624906340.995261
0.18 1624906340.998236
0.18 1624906341.001117
0.18 1624906341.004023
0.18 1624906341.006945
0.23 1624906341.009891
0.28 1624906341.012735
0.18 1624906341.01564
0.28 1624906341.018557
0.18 1624906341.021462
0.18 1624906341.024329
0.18 1624906341.027268
0.23 1624906341.030109
0.23 1624906341.033039
0.18 1624906341.035958
0.18 1624906341.038925
0.18 1624906341.041949
0.12 1624906341.044864
0.18 1624906341.047753
0.18 1624906341.050654
0.18 1624906341.053703
0.18 1624906341.056626
0.23 1624906341.059661
0.18 1624906341.062584
0.23 1624906341.065492
0.23 1624906341.06836
0.23 1624906341.07127
0.23 1624906341.074188
0.18 1624906341.07709
0.23 1624906341.080008
0.18 1624906341.082853
0.18 1624906341.085866
0.23 1624906341.08892
0.23 1624906341.091749
0.18 1624906341.094673
0.18 1624906341.097566
0.18 1624906341.100475
0.18 1624906341.103363
0.18 1624906341.10631
0.23 1624906341.109177
0.23 1624906341.1121
0.23 1624906341.114984
0.18 1624906341.117863
0.23 1624906341.120761
0.18 1624906341.123654
0.18 1624906341.126775
0.23 1624906341.129892
0.23 1624906341.132876
0.23 1624906341.135773
0.23 1624906341.138739
0.18 1624906341.141675
0.23 1624906341.14466
0.23 1624906341.147563
0.18 1624906341.150445
0.28 1624906341.153336
0.18 1624906341.156243
0.18 1624906341.159189
0.23 1624906341.162231
0.18 1624906341.165137
0.18 1624906341.168014
0.23 1624906341.170956
0.23 1624906341.173917
0.23 1624906341.176964
0.23 1624906341.179977
0.18 1624906341.182895
0.18 1624906341.185861
0.18 1624906341.188758
0.18 1624906341.191782
0.18 1624906341.194682
0.18 1624906341.197755
0.23 1624906341.200667
0.18 1624906341.203707
0.23 1624906341.206632
0.23 1624906341.20954
0.23 1624906341.212555
0.18 1624906341.215654
0.18 1624906341.218563
0.23 1624906341.221421
0.12 1624906341.224231
0.23 1624906341.227158
0.18 1624906341.230265
0.23 1624906341.233442
0.23 1624906341.236577
0.23 1624906341.23988
0.18 1624906341.24315
0.18 1624906341.246397
0.23 1624906341.249382
0.18 1624906341.252515
0.18 1624906341.255777
0.23 1624906341.259001
0.18 1624906341.262236
0.18 1624906341.265404
0.23 1624906341.268548
0.23 1624906341.271771
0.23 1624906341.275127
0.23 1624906341.278238
0.18 1624906341.281324
0.18 1624906341.28467
0.23 1624906341.287793
0.23 1624906341.29092
0.23 1624906341.2941
0.23 1624906341.297191
0.18 1624906341.300411
0.18 1624906341.305539
0.18 1624906341.308784
0.18 1624906341.311857
0.23 1624906341.31507
0.18 1624906341.318122
0.18 1624906341.321251
0.18 1624906341.324343
0.18 1624906341.328426
0.18 1624906341.331698
0.18 1624906341.334699
0.18 1624906341.33835
0.12 1624906341.341334
0.12 1624906341.34429
0.18 1624906341.347351
0.18 1624906341.350525
0.23 1624906341.353728
0.18 1624906341.357088
0.23 1624906341.360359
0.18 1624906341.363416
0.18 1624906341.366472
0.23 1624906341.369781
0.23 1624906341.373037
0.18 1624906341.376145
0.18 1624906341.379234
0.18 1624906341.382377
0.18 1624906341.385416
0.23 1624906341.388602
0.23 1624906341.3918
0.18 1624906341.395023
0.18 1624906341.398202
0.18 1624906341.401257
0.23 1624906341.404415
0.18 1624906341.407654
0.12 1624906341.410686
0.23 1624906341.413773
0.18 1624906341.416859
0.23 1624906341.420096
0.12 1624906341.423109
0.18 1624906341.426369
0.23 1624906341.429466
0.23 1624906341.432689
0.23 1624906341.435794
0.12 1624906341.438842
0.23 1624906341.442024
0.18 1624906341.445185
0.18 1624906341.44864
0.23 1624906341.451937
0.23 1624906341.455062
0.23 1624906341.458119
0.18 1624906341.461077
0.18 1624906341.463992
0.18 1624906341.467136
0.18 1624906341.470131
0.23 1624906341.473062
0.18 1624906341.476174
0.23 1624906341.479258
0.23 1624906341.482273
0.18 1624906341.485148
0.23 1624906341.488213
0.23 1624906341.491166
0.23 1624906341.494269
0.23 1624906341.497284
0.23 1624906341.500367
0.18 1624906341.503299
0.18 1624906341.506392
0.23 1624906341.509459
0.23 1624906341.512513
0.34 1624906341.515576
0.18 1624906341.518611
0.18 1624906341.521922
0.18 1624906341.524942
0.23 1624906341.527847
0.28 1624906341.531001
0.23 1624906341.534009
0.23 1624906341.537051
0.23 1624906341.540177
0.18 1624906341.543212
0.23 1624906341.546376
0.23 1624906341.549423
0.18 1624906341.552456
0.18 1624906341.555512
0.18 1624906341.558659
0.18 1624906341.56163
0.07 1624906341.564521
0.18 1624906341.567662
0.23 1624906341.570677
0.28 1624906341.573796
0.18 1624906341.576856
0.23 1624906341.579975
0.18 1624906341.583007
0.18 1624906341.586036
0.23 1624906341.589137
0.23 1624906341.592455
0.23 1624906341.595499
0.28 1624906341.5985
0.23 1624906341.601379
0.18 1624906341.604482
0.23 1624906341.607457
0.18 1624906341.610496
0.23 1624906341.61359
0.18 1624906341.616809
0.23 1624906341.619839
0.18 1624906341.623009
0.18 1624906341.62612
0.23 1624906341.629194
0.23 1624906341.632269
0.23 1624906341.635374
0.23 1624906341.638482
0.23 1624906341.641675
0.12 1624906341.644547
0.18 1624906341.647644
0.28 1624906341.650728
0.18 1624906341.653811
0.18 1624906341.656935
0.18 1624906341.659984
0.18 1624906341.662991
0.18 1624906341.665946
0.23 1624906341.669005
0.23 1624906341.672462
0.18 1624906341.675529
0.18 1624906341.678762
0.23 1624906341.681822
0.18 1624906341.684947
0.28 1624906341.6881
0.92 1624906341.691855
6.15 1624906341.695136
18.36 1624906341.795087 touch_grd
19.22 1624906341.798363 go_up_point
0.18 1624906342.496594
0.18 1624906342.499463
0.18 1624906342.502373
0.18 1624906342.505288
0.23 1624906342.508198
0.18 1624906342.511091
0.23 1624906342.513965
0.18 1624906342.516854
0.18 1624906342.519878
0.12 1624906342.522685
0.18 1624906342.525619
0.23 1624906342.528654
0.23 1624906342.531545
0.23 1624906342.534465
0.28 1624906342.537319
0.23 1624906342.540239
0.18 1624906342.543193
0.23 1624906342.546069
0.23 1624906342.548982
0.23 1624906342.551928
0.18 1624906342.554962
0.18 1624906342.55804
0.18 1624906342.561053
0.18 1624906342.563963
0.18 1624906342.566859
0.23 1624906342.569786
0.23 1624906342.572669
0.23 1624906342.575605
0.23 1624906342.57862
0.18 1624906342.581624
0.23 1624906342.584634
0.18 1624906342.58755
0.23 1624906342.590456
0.23 1624906342.59335
0.18 1624906342.596267
0.18 1624906342.599131
0.18 1624906342.602023
0.18 1624906342.604947
0.23 1624906342.608061
0.23 1624906342.611111
0.23 1624906342.613961
0.23 1624906342.616852
0.18 1624906342.619885
0.18 1624906342.622718
0.18 1624906342.625612
0.28 1624906342.628619
0.23 1624906342.631562
0.18 1624906342.634444
0.18 1624906342.637382
0.18 1624906342.640278
0.18 1624906342.64319
0.23 1624906342.646063
0.23 1624906342.648982
0.23 1624906342.651904
0.23 1624906342.654785
0.18 1624906342.657664
0.18 1624906342.660715
0.12 1624906342.663456
0.18 1624906342.666358
0.23 1624906342.669248
0.23 1624906342.672172
0.18 1624906342.675217
0.23 1624906342.678165
0.23 1624906342.681049
0.07 1624906342.683843
0.18 1624906342.686684
0.23 1624906342.689606
0.23 1624906342.692647
0.23 1624906342.695548
0.23 1624906342.698466
0.18 1624906342.701367
0.12 1624906342.70425
0.28 1624906342.707161
0.18 1624906342.710068
0.23 1624906342.71297
0.18 1624906342.715835
0.18 1624906342.718742
0.18 1624906342.721695
0.18 1624906342.724568
0.23 1624906342.727433
0.18 1624906342.730377
0.18 1624906342.733265
0.18 1624906342.736137
0.18 1624906342.739058
0.18 1624906342.741965
0.18 1624906342.74487
0.18 1624906342.747753
0.23 1624906342.750663
0.23 1624906342.753565
0.18 1624906342.756454
0.23 1624906342.759417
0.12 1624906342.762081
0.18 1624906342.764982
0.23 1624906342.76792
0.23 1624906342.770833
0.23 1624906342.773679
0.18 1624906342.776619
0.18 1624906342.779545
0.18 1624906342.782372
0.18 1624906342.785128
0.23 1624906342.788034
0.18 1624906342.790917
0.23 1624906342.793828
0.23 1624906342.796749
0.23 1624906342.799629
0.12 1624906342.802536
0.23 1624906342.805442
0.18 1624906342.808381
0.23 1624906342.811238
0.23 1624906342.814105
0.12 1624906342.816823
0.18 1624906342.819881
0.12 1624906342.822666
0.18 1624906342.825632
0.23 1624906342.828677
0.23 1624906342.831539
0.18 1624906342.834439
0.23 1624906342.837377
0.18 1624906342.840271
0.12 1624906342.842971
0.18 1624906342.845954
0.23 1624906342.848985
0.23 1624906342.851847
0.18 1624906342.854786
0.18 1624906342.857888
0.18 1624906342.860734
0.18 1624906342.863619
0.23 1624906342.866525
0.18 1624906342.869466
0.18 1624906342.87241
0.18 1624906342.875529
0.23 1624906342.878485
0.18 1624906342.881394
0.18 1624906342.884347
0.23 1624906342.887371
0.18 1624906342.890321
0.23 1624906342.893265
0.23 1624906342.896228
0.18 1624906342.899112
0.18 1624906342.901992
0.12 1624906342.904906
0.18 1624906342.907894
0.23 1624906342.910915
0.18 1624906342.91386
0.18 1624906342.916744
0.18 1624906342.919666
0.18 1624906342.922554
0.18 1624906342.925643
0.23 1624906342.928677
0.18 1624906342.931568
0.23 1624906342.934493
0.18 1624906342.937356
0.18 1624906342.940269
0.23 1624906342.943205
0.23 1624906342.946059
0.23 1624906342.949017
0.18 1624906342.952034
0.12 1624906342.954788
0.18 1624906342.957734
0.18 1624906342.960613
0.18 1624906342.963647
0.23 1624906342.966743
0.23 1624906342.969923
0.18 1624906342.972885
0.23 1624906342.975764
0.18 1624906342.978685
0.18 1624906342.981545
0.18 1624906342.98448
0.23 1624906342.987413
0.12 1624906342.990242
0.18 1624906342.993229
0.18 1624906342.996079
0.34 1624906342.999134
0.18 1624906343.002059
0.18 1624906343.004989
0.23 1624906343.007909
0.18 1624906343.010951
0.18 1624906343.013859
0.23 1624906343.016937
0.18 1624906343.019983
0.12 1624906343.022946
0.18 1624906343.02594
0.23 1624906343.028852
0.23 1624906343.03175
0.18 1624906343.034697
0.23 1624906343.037717
0.23 1624906343.040644
0.18 1624906343.043715
0.18 1624906343.046746
0.23 1624906343.049649
0.23 1624906343.052698
0.23 1624906343.055677
0.18 1624906343.058759
0.18 1624906343.061852
0.18 1624906343.064919
0.23 1624906343.06781
0.18 1624906343.070894
0.23 1624906343.073929
0.18 1624906343.076984
0.23 1624906343.079863
0.23 1624906343.082802
0.18 1624906343.08571
0.23 1624906343.088582
0.23 1624906343.091696
0.18 1624906343.09479
0.18 1624906343.097823
0.18 1624906343.10088
0.18 1624906343.103959
0.18 1624906343.107036
0.23 1624906343.110128
0.23 1624906343.113154
0.18 1624906343.116273
0.18 1624906343.119273
0.12 1624906343.122167
0.23 1624906343.125104
0.23 1624906343.128213
0.18 1624906343.131281
0.23 1624906343.13438
0.18 1624906343.137396
0.18 1624906343.140306
0.18 1624906343.143383
0.23 1624906343.146431
0.23 1624906343.149375
0.23 1624906343.152445
0.18 1624906343.155555
0.23 1624906343.158627
0.18 1624906343.161658
0.18 1624906343.164742
0.23 1624906343.167763
0.23 1624906343.170935
0.18 1624906343.173913
0.18 1624906343.176912
0.18 1624906343.17993
0.23 1624906343.182927
0.18 1624906343.185879
0.34 1624906343.188997
5.19 1624906343.192314
8.34 1624906343.199409 touch_grd
8.87 1624906343.202617 go_up_point
0.12 1624906343.901166
0.18 1624906343.904155
0.23 1624906343.907173
0.23 1624906343.910066
0.18 1624906343.913036
0.18 1624906343.916041
0.18 1624906343.918976
0.12 1624906343.921876
0.23 1624906343.924738
0.23 1624906343.927645
0.23 1624906343.930519
0.18 1624906343.933411
0.23 1624906343.936337
0.18 1624906343.939273
0.18 1624906343.942134
0.12 1624906343.944888
0.23 1624906343.94782
0.07 1624906343.950517
0.18 1624906343.953414
0.18 1624906343.956342
0.18 1624906343.9592
0.18 1624906343.962096
0.23 1624906343.964993
0.23 1624906343.967936
0.18 1624906343.970909
0.18 1624906343.973915
0.18 1624906343.976836
0.23 1624906343.979713
0.18 1624906343.982609
0.23 1624906343.98549
0.23 1624906343.988388
0.23 1624906343.991446
0.23 1624906343.994379
0.18 1624906343.997273
0.18 1624906344.000195
0.18 1624906344.00318
0.18 1624906344.006173
0.18 1624906344.009128
0.18 1624906344.012061
0.18 1624906344.015078
0.18 1624906344.017974
0.18 1624906344.020853
0.12 1624906344.023597
0.23 1624906344.026477
0.23 1624906344.029449
0.18 1624906344.032284
0.23 1624906344.035155
0.18 1624906344.038057
0.18 1624906344.040997
0.18 1624906344.044102
0.23 1624906344.047142
0.18 1624906344.050024
0.23 1624906344.052951
0.23 1624906344.056063
0.18 1624906344.05913
0.18 1624906344.062212
0.18 1624906344.065201
0.23 1624906344.068176
0.23 1624906344.071213
0.18 1624906344.074059
0.18 1624906344.077025
0.18 1624906344.080122
0.18 1624906344.08319
0.18 1624906344.086235
0.18 1624906344.089321
0.12 1624906344.092186
0.23 1624906344.095081
0.23 1624906344.09818
0.18 1624906344.101074
0.12 1624906344.103923
0.18 1624906344.106912
0.18 1624906344.109983
0.23 1624906344.112986
0.28 1624906344.115937
0.23 1624906344.119023
0.18 1624906344.122072
0.18 1624906344.125156
0.18 1624906344.128088
0.23 1624906344.131088
0.23 1624906344.133972
0.23 1624906344.136901
0.23 1624906344.140036
0.18 1624906344.143086
0.23 1624906344.146119
0.18 1624906344.149032
0.18 1624906344.151923
0.18 1624906344.155047
0.23 1624906344.158032
0.18 1624906344.161134
0.18 1624906344.164038
0.23 1624906344.167097
0.18 1624906344.170216
0.18 1624906344.173253
0.18 1624906344.176174
0.18 1624906344.179406
0.18 1624906344.182451
0.18 1624906344.185536
0.23 1624906344.18848
0.18 1624906344.191586
0.23 1624906344.194656
0.18 1624906344.197654
0.18 1624906344.200579
0.23 1624906344.203653
0.18 1624906344.206785
0.12 1624906344.209646
0.23 1624906344.212905
0.18 1624906344.215955
0.18 1624906344.219048
0.18 1624906344.222063
0.12 1624906344.224925
0.23 1624906344.227948
0.28 1624906344.230966
0.23 1624906344.2339
0.12 1624906344.236742
0.18 1624906344.239898
0.12 1624906344.242914
0.18 1624906344.245994
0.18 1624906344.249027
0.18 1624906344.252137
0.18 1624906344.255218
0.18 1624906344.258093
0.18 1624906344.261177
0.18 1624906344.264242
0.23 1624906344.26732
0.23 1624906344.2702
0.18 1624906344.273261
0.18 1624906344.276189
0.23 1624906344.279232
0.18 1624906344.282354
0.23 1624906344.285348
0.23 1624906344.288328
0.23 1624906344.291383
0.18 1624906344.294477
0.18 1624906344.297464
0.18 1624906344.300384
0.12 1624906344.30313
0.18 1624906344.30606
0.18 1624906344.309097
0.18 1624906344.31199
0.18 1624906344.315109
0.18 1624906344.318151
0.18 1624906344.321116
0.18 1624906344.324163
0.23 1624906344.327212
0.23 1624906344.330099
0.18 1624906344.333161
0.23 1624906344.336291
0.18 1624906344.339299
0.18 1624906344.342232
0.18 1624906344.345293
0.23 1624906344.348368
0.23 1624906344.35126
0.23 1624906344.354448
0.18 1624906344.357388
0.18 1624906344.360342
0.18 1624906344.363463
0.18 1624906344.366488
0.18 1624906344.369517
0.18 1624906344.372624
0.18 1624906344.375697
0.18 1624906344.378912
0.12 1624906344.381877
0.23 1624906344.384941
0.23 1624906344.38798
0.23 1624906344.390982
0.18 1624906344.394117
0.18 1624906344.397146
0.18 1624906344.400108
0.18 1624906344.403224
0.23 1624906344.406157
0.18 1624906344.40911
0.18 1624906344.412184
0.18 1624906344.415149
0.18 1624906344.418102
0.23 1624906344.421279
0.12 1624906344.424193
0.23 1624906344.427193
0.23 1624906344.430225
0.18 1624906344.433356
0.18 1624906344.436394
0.18 1624906344.4395
0.12 1624906344.442402
0.18 1624906344.445314
0.23 1624906344.448356
0.18 1624906344.451368
0.18 1624906344.454464
0.18 1624906344.457372
0.12 1624906344.460301
0.18 1624906344.463409
0.18 1624906344.466471
0.18 1624906344.469366
0.18 1624906344.472517
0.23 1624906344.475727
0.18 1624906344.47874
0.12 1624906344.481608
0.23 1624906344.484745
0.23 1624906344.487805
0.23 1624906344.4907
0.18 1624906344.493761
0.23 1624906344.496691
0.18 1624906344.499749
0.18 1624906344.50276
0.23 1624906344.505905
0.18 1624906344.508979
0.23 1624906344.511991
0.12 1624906344.514924
0.18 1624906344.518034
0.18 1624906344.521381
0.23 1624906344.524451
0.23 1624906344.527403
0.23 1624906344.53045
0.23 1624906344.533544
0.18 1624906344.536612
0.18 1624906344.539709
0.12 1624906344.542522
0.18 1624906344.545667
0.23 1624906344.548681
0.18 1624906344.551596
0.18 1624906344.554686
0.18 1624906344.557803
0.18 1624906344.560906
0.18 1624906344.563918
0.23 1624906344.566735
0.23 1624906344.569665
0.23 1624906344.572759
0.18 1624906344.575694
0.18 1624906344.578743
0.12 1624906344.581581
0.23 1624906344.584559
0.12 1624906344.587646
0.23 1624906344.590684
0.23 1624906344.593769
0.23 1624906344.596947
0.23 1624906344.599924
0.18 1624906344.602949
0.18 1624906344.606052
0.34 1624906344.608941
2.36 1624906344.612002
5.94 1624906344.615068
16.07 1624906344.704256 touch_grd
16.39 1624906344.707396 go_up_point
