-1.94 1624947287.595187 start_exp
-1.94 1624947287.875918 start_0_iteration
-1.94 1624947288.677269
-1.94 1624947288.680875
-1.94 1624947288.684392
-1.94 1624947288.688452
-1.94 1624947288.692065
-1.94 1624947288.695736
-1.94 1624947288.699392
-1.94 1624947288.702972
-1.94 1624947288.706631
-1.94 1624947288.710152
-1.94 1624947288.713706
-1.94 1624947288.717287
-1.94 1624947288.720846
-1.94 1624947288.724449
-1.94 1624947288.727938
-1.94 1624947288.731502
-1.94 1624947288.735103
-1.94 1624947288.738807
-1.94 1624947288.742444
-1.94 1624947288.746043
-1.94 1624947288.749649
-1.94 1624947288.753235
-1.94 1624947288.756789
-1.94 1624947288.7604
-1.94 1624947288.763918
-1.94 1624947288.767497
-1.94 1624947288.771099
-1.94 1624947288.774703
-1.94 1624947288.778182
-1.94 1624947288.781768
-1.94 1624947288.785275
-1.94 1624947288.788852
-1.94 1624947288.792466
-1.94 1624947288.796025
-1.94 1624947288.799556
-1.94 1624947288.803137
-1.94 1624947288.806775
-1.94 1624947288.810378
-1.94 1624947288.813946
-1.94 1624947288.817644
-1.94 1624947288.821266
-1.94 1624947288.824853
-1.94 1624947288.828431
-1.94 1624947288.831949
-1.94 1624947288.835537
-1.94 1624947288.839167
-1.94 1624947288.842719
-1.94 1624947288.846244
-1.94 1624947288.849827
-1.94 1624947288.853402
-1.94 1624947288.857008
-1.94 1624947288.860562
-1.94 1624947288.864128
-1.94 1624947288.867726
-1.94 1624947288.871368
-1.94 1624947288.874984
-1.94 1624947288.878526
-1.94 1624947288.882094
-1.94 1624947288.885836
-1.94 1624947288.889386
-1.94 1624947288.892963
-1.94 1624947288.896524
-1.94 1624947288.900145
-1.94 1624947288.903794
-1.94 1624947288.907392
-1.94 1624947288.910878
-1.94 1624947288.914442
-1.94 1624947288.91804
-1.94 1624947288.921599
-1.94 1624947288.925175
-1.94 1624947288.928851
-1.94 1624947288.932353
-1.94 1624947288.935867
-1.94 1624947288.939439
-1.94 1624947288.943011
-1.94 1624947288.946573
-1.94 1624947288.950151
-1.94 1624947288.953795
-1.94 1624947288.957408
-1.94 1624947288.960867
-1.94 1624947288.964365
-1.94 1624947288.967871
-1.94 1624947288.971515
-1.94 1624947288.975018
-1.94 1624947288.978662
-1.94 1624947288.982415
-1.94 1624947288.986262
-1.94 1624947288.990108
-1.94 1624947288.993944
-1.94 1624947288.99763
-1.94 1624947289.001382
-1.94 1624947289.005411
-1.94 1624947289.00923
-1.94 1624947289.012992
-1.94 1624947289.016768
-1.94 1624947289.020466
-1.94 1624947289.024119
-1.94 1624947289.027829
-1.94 1624947289.031604
-1.94 1624947289.035562
-1.94 1624947289.039562
-1.94 1624947289.043349
-1.94 1624947289.04713
-1.94 1624947289.050975
-1.94 1624947289.054931
-1.94 1624947289.058779
-1.94 1624947289.062705
21.11 1624947289.067075
36.1 1624947289.079423 touch_grd
6.42 1624947290.186079 go_up_roll
-1.94 1624947291.386956 start_1_iteration
-1.94 1624947292.187692
-1.94 1624947292.191456
-1.94 1624947292.19499
-1.94 1624947292.198538
-1.94 1624947292.202075
-1.94 1624947292.205781
-1.94 1624947292.209379
-1.94 1624947292.212849
-1.94 1624947292.216389
-1.94 1624947292.219903
-1.94 1624947292.223431
-1.94 1624947292.227038
-1.94 1624947292.230688
-1.94 1624947292.234376
-1.94 1624947292.237921
-1.94 1624947292.24145
-1.94 1624947292.244946
-1.94 1624947292.248555
-1.94 1624947292.252086
-1.94 1624947292.255756
-1.94 1624947292.259354
-1.94 1624947292.262861
-1.94 1624947292.266497
-1.94 1624947292.270109
-1.94 1624947292.273694
-1.94 1624947292.277256
-1.94 1624947292.280843
-1.94 1624947292.284374
-1.94 1624947292.287915
-1.94 1624947292.291476
-1.94 1624947292.295136
-1.94 1624947292.298774
-1.94 1624947292.302375
-1.94 1624947292.305856
-1.94 1624947292.309446
-1.94 1624947292.313027
-1.94 1624947292.316601
-1.94 1624947292.320248
-1.94 1624947292.323795
-1.94 1624947292.327382
-1.94 1624947292.334499
-1.94 1624947292.338117
-1.94 1624947292.34177
-1.94 1624947292.34536
-1.94 1624947292.348944
-1.94 1624947292.352543
-1.94 1624947292.356112
-1.94 1624947292.359708
-1.94 1624947292.363232
-1.94 1624947292.366792
-1.94 1624947292.370396
-1.94 1624947292.373913
-1.94 1624947292.377531
-1.94 1624947292.38117
-1.94 1624947292.384796
-1.94 1624947292.3884
-1.94 1624947292.391965
-1.94 1624947292.395521
-1.94 1624947292.399143
-1.94 1624947292.402818
-1.94 1624947292.406363
-1.94 1624947292.409859
-1.94 1624947292.413482
-1.94 1624947292.417055
-1.94 1624947292.420626
-1.94 1624947292.424214
-1.94 1624947292.428005
-1.94 1624947292.431636
-1.94 1624947292.435186
-1.94 1624947292.438849
-1.94 1624947292.442468
-1.94 1624947292.445964
-1.94 1624947292.449553
-1.94 1624947292.453117
-1.94 1624947292.456768
-1.94 1624947292.460347
-1.94 1624947292.463892
-1.94 1624947292.467533
-1.94 1624947292.471134
-1.94 1624947292.474721
-1.94 1624947292.47856
-1.94 1624947292.482227
-1.94 1624947292.485927
-1.94 1624947292.489566
-1.94 1624947292.493339
-1.94 1624947292.497023
-1.94 1624947292.50078
-1.94 1624947292.504425
-1.94 1624947292.508073
-1.94 1624947292.511893
-1.94 1624947292.515572
-1.94 1624947292.519237
-1.94 1624947292.52306
-1.94 1624947292.526875
-1.94 1624947292.530595
-1.94 1624947292.534479
-1.94 1624947292.538224
-1.94 1624947292.542036
-1.94 1624947292.545848
-1.94 1624947292.549542
-1.94 1624947292.553203
-1.94 1624947292.556873
-1.94 1624947292.560599
-1.94 1624947292.564327
-1.94 1624947292.568045
-1.94 1624947292.571857
12.49 1624947292.575808
35.29 1624947292.589851 touch_grd
6.05 1624947293.701851 go_up_roll
-1.94 1624947294.900323 start_2_iteration
-1.94 1624947295.69967
-1.94 1624947295.70328
-1.94 1624947295.706909
-1.94 1624947295.71054
-1.94 1624947295.714088
-1.94 1624947295.717746
-1.94 1624947295.721257
-1.94 1624947295.726094
-1.94 1624947295.729711
-1.94 1624947295.733195
-1.94 1624947295.736766
-1.94 1624947295.740358
-1.94 1624947295.743876
-1.94 1624947295.747602
-1.94 1624947295.751135
-1.94 1624947295.754812
-1.94 1624947295.758343
-1.94 1624947295.76193
-1.94 1624947295.765476
-1.94 1624947295.769026
-1.94 1624947295.772624
-1.94 1624947295.776175
-1.94 1624947295.779797
-1.94 1624947295.783414
-1.94 1624947295.787002
-1.94 1624947295.790635
-1.94 1624947295.794214
-1.94 1624947295.797772
-1.94 1624947295.801376
-1.94 1624947295.804892
-1.94 1624947295.80847
-1.94 1624947295.81203
-1.94 1624947295.815619
-1.94 1624947295.819252
-1.94 1624947295.822849
-1.94 1624947295.826467
-1.94 1624947295.830042
-1.94 1624947295.833632
-1.94 1624947295.837205
-1.94 1624947295.840851
-1.94 1624947295.844424
-1.94 1624947295.848021
-1.94 1624947295.851589
-1.94 1624947295.858819
-1.94 1624947295.862357
-1.94 1624947295.865914
-1.94 1624947295.869481
-1.94 1624947295.873015
-1.94 1624947295.876615
-1.94 1624947295.880383
-1.94 1624947295.88402
-1.94 1624947295.887527
-1.94 1624947295.891113
-1.94 1624947295.894793
-1.94 1624947295.898351
-1.94 1624947295.901909
-1.94 1624947295.905436
-1.94 1624947295.909131
-1.94 1624947295.912687
-1.94 1624947295.916254
-1.94 1624947295.91984
-1.94 1624947295.923394
-1.94 1624947295.926952
-1.94 1624947295.930465
-1.94 1624947295.933986
-1.94 1624947295.937773
-1.94 1624947295.941332
-1.94 1624947295.94486
-1.94 1624947295.948385
-1.94 1624947295.952024
-1.94 1624947295.955549
-1.94 1624947295.95909
-1.94 1624947295.962669
-1.94 1624947295.966246
-1.94 1624947295.969789
-1.94 1624947295.973359
-1.94 1624947295.976905
-1.94 1624947295.980497
-1.94 1624947295.984063
-1.94 1624947295.987771
-1.94 1624947295.991417
-1.94 1624947295.994953
-1.94 1624947295.998529
-1.94 1624947296.00214
-1.94 1624947296.005778
-1.94 1624947296.009366
-1.94 1624947296.012877
-1.94 1624947296.016488
-1.94 1624947296.020017
-1.94 1624947296.02358
-1.94 1624947296.027155
-1.94 1624947296.030821
-1.94 1624947296.034349
-1.94 1624947296.037836
-1.94 1624947296.041405
-1.94 1624947296.044945
-1.94 1624947296.048615
-1.94 1624947296.052215
-1.94 1624947296.055804
-1.94 1624947296.059367
-1.94 1624947296.062901
-1.94 1624947296.066449
-1.94 1624947296.070016
-1.94 1624947296.073555
-1.94 1624947296.077105
-1.94 1624947296.080691
-1.94 1624947296.084349
20.11 1624947296.088155
35.11 1624947296.101041 touch_grd
5.19 1624947297.207255 go_up_roll
-1.94 1624947298.41177 start_3_iteration
-1.94 1624947299.211537
-1.94 1624947299.215187
-1.94 1624947299.218735
-1.94 1624947299.222367
-1.94 1624947299.225914
-1.94 1624947299.22948
-1.94 1624947299.233008
-1.94 1624947299.236576
-1.94 1624947299.240156
-1.94 1624947299.243709
-1.94 1624947299.247361
-1.94 1624947299.250971
-1.94 1624947299.254614
-1.94 1624947299.258164
-1.94 1624947299.261766
-1.94 1624947299.265342
-1.94 1624947299.268884
-1.94 1624947299.272432
-1.94 1624947299.276016
-1.94 1624947299.27956
-1.94 1624947299.283183
-1.94 1624947299.28669
-1.94 1624947299.290362
-1.94 1624947299.293959
-1.94 1624947299.29751
-1.94 1624947299.301047
-1.94 1624947299.304822
-1.94 1624947299.308434
-1.94 1624947299.312119
-1.94 1624947299.315761
-1.94 1624947299.319357
-1.94 1624947299.322883
-1.94 1624947299.32646
-1.94 1624947299.330072
-1.94 1624947299.333933
-1.94 1624947299.337475
-1.94 1624947299.341073
-1.94 1624947299.344795
-1.94 1624947299.348432
-1.94 1624947299.351978
-1.94 1624947299.355538
-1.94 1624947299.359132
-1.94 1624947299.362766
-1.94 1624947299.366372
-1.94 1624947299.369998
-1.94 1624947299.373526
-1.94 1624947299.377078
-1.94 1624947299.380695
-1.94 1624947299.384388
-1.94 1624947299.387975
-1.94 1624947299.391459
-1.94 1624947299.395118
-1.94 1624947299.398832
-1.94 1624947299.402476
-1.94 1624947299.405998
-1.94 1624947299.409541
-1.94 1624947299.413088
-1.94 1624947299.416707
-1.94 1624947299.420252
-1.94 1624947299.423931
-1.94 1624947299.427572
-1.94 1624947299.431186
-1.94 1624947299.434842
-1.94 1624947299.438504
-1.94 1624947299.442211
-1.94 1624947299.445883
-1.94 1624947299.449538
-1.94 1624947299.453172
-1.94 1624947299.45689
-1.94 1624947299.460558
-1.94 1624947299.464149
-1.94 1624947299.467784
-1.94 1624947299.471409
-1.94 1624947299.475046
-1.94 1624947299.478701
-1.94 1624947299.482437
-1.94 1624947299.486094
-1.94 1624947299.489826
-1.94 1624947299.493501
-1.94 1624947299.497069
-1.94 1624947299.500789
-1.94 1624947299.504505
-1.94 1624947299.508684
-1.94 1624947299.512439
-1.94 1624947299.515992
-1.94 1624947299.519624
-1.94 1624947299.523297
-1.94 1624947299.526948
-1.94 1624947299.530625
-1.94 1624947299.534301
-1.94 1624947299.537954
-1.94 1624947299.541479
-1.94 1624947299.545074
-1.94 1624947299.548779
-1.94 1624947299.552572
-1.94 1624947299.556228
-1.94 1624947299.559803
-1.94 1624947299.563425
-1.94 1624947299.567028
-1.94 1624947299.57073
-1.94 1624947299.574385
-1.94 1624947299.578031
-1.94 1624947299.581835
-1.94 1624947299.585383
-1.94 1624947299.588964
-1.94 1624947299.592665
-1.94 1624947299.596369
11.75 1624947299.600299
36.03 1624947299.61301 touch_grd
4.57 1624947300.723743 go_up_roll
-1.94 1624947301.921759 start_4_iteration
-1.94 1624947302.722617
-1.94 1624947302.726227
-1.94 1624947302.729799
-1.94 1624947302.733381
-1.94 1624947302.737023
-1.94 1624947302.740698
-1.94 1624947302.746873
-1.94 1624947302.750471
-1.94 1624947302.754061
-1.94 1624947302.757491
-1.94 1624947302.761002
-1.94 1624947302.764615
-1.94 1624947302.76823
-1.94 1624947302.771723
-1.94 1624947302.775348
-1.94 1624947302.778884
-1.94 1624947302.782461
-1.94 1624947302.786025
-1.94 1624947302.789577
-1.94 1624947302.793194
-1.94 1624947302.796731
-1.94 1624947302.800337
-1.94 1624947302.803858
-1.94 1624947302.807434
-1.94 1624947302.810938
-1.94 1624947302.814542
-1.94 1624947302.818082
-1.94 1624947302.821657
-1.94 1624947302.825202
-1.94 1624947302.828712
-1.94 1624947302.83245
-1.94 1624947302.83602
-1.94 1624947302.839573
-1.94 1624947302.843175
-1.94 1624947302.84677
-1.94 1624947302.85044
-1.94 1624947302.853976
-1.94 1624947302.857496
-1.94 1624947302.861097
-1.94 1624947302.86482
-1.94 1624947302.868389
-1.94 1624947302.872184
-1.94 1624947302.875973
-1.94 1624947302.879833
-1.94 1624947302.883607
-1.94 1624947302.887487
-1.94 1624947302.891309
-1.94 1624947302.895181
-1.94 1624947302.898992
-1.94 1624947302.902916
-1.94 1624947302.906753
-1.94 1624947302.910501
-1.94 1624947302.914231
-1.94 1624947302.91803
-1.94 1624947302.921858
-1.94 1624947302.925641
-1.94 1624947302.929464
-1.94 1624947302.933283
-1.94 1624947302.937077
-1.94 1624947302.944564
-1.94 1624947302.948285
-1.94 1624947302.952156
-1.94 1624947302.955925
-1.94 1624947302.959782
-1.94 1624947302.963516
-1.94 1624947302.967233
-1.94 1624947302.971003
-1.94 1624947302.974878
-1.94 1624947302.978663
-1.94 1624947302.982612
-1.94 1624947302.986471
-1.94 1624947302.990151
-1.94 1624947302.993833
-1.94 1624947302.997535
-1.94 1624947303.001319
-1.94 1624947303.005027
-1.94 1624947303.008922
-1.94 1624947303.012691
-1.94 1624947303.016471
-1.94 1624947303.020541
-1.94 1624947303.024314
-1.94 1624947303.028013
-1.94 1624947303.031906
-1.94 1624947303.035726
-1.94 1624947303.039523
-1.94 1624947303.043411
-1.94 1624947303.047283
-1.94 1624947303.051114
-1.94 1624947303.054888
-1.94 1624947303.058571
-1.94 1624947303.062498
-1.94 1624947303.066708
-1.94 1624947303.070527
-1.94 1624947303.074351
-1.94 1624947303.078118
-1.94 1624947303.081828
-1.94 1624947303.085536
-1.94 1624947303.089273
-1.94 1624947303.093138
-1.94 1624947303.096979
-1.94 1624947303.101051
-1.94 1624947303.104785
-1.94 1624947303.108524
20.61 1624947303.11258
36.16 1624947303.125376 touch_grd
5.87 1624947304.232885 go_up_roll
-1.94 1624947305.438796 start_5_iteration
-1.94 1624947306.23352
-1.94 1624947306.23704
-1.94 1624947306.240553
-1.94 1624947306.244116
-1.94 1624947306.247687
-1.94 1624947306.251288
-1.94 1624947306.254788
-1.94 1624947306.258357
-1.94 1624947306.261915
-1.94 1624947306.265496
-1.94 1624947306.26901
-1.94 1624947306.272607
-1.94 1624947306.276153
-1.94 1624947306.279755
-1.94 1624947306.283303
-1.94 1624947306.286872
-1.94 1624947306.29045
-1.94 1624947306.29396
-1.94 1624947306.297569
-1.94 1624947306.301131
-1.94 1624947306.304636
-1.94 1624947306.308133
-1.94 1624947306.311809
-1.94 1624947306.315377
-1.94 1624947306.318931
-1.94 1624947306.322486
-1.94 1624947306.326084
-1.94 1624947306.329748
-1.94 1624947306.333344
-1.94 1624947306.336848
-1.94 1624947306.340466
-1.94 1624947306.344024
-1.94 1624947306.347674
-1.94 1624947306.351201
-1.94 1624947306.354752
-1.94 1624947306.358412
-1.94 1624947306.362012
-1.94 1624947306.365627
-1.94 1624947306.369225
-1.94 1624947306.372875
-1.94 1624947306.376692
-1.94 1624947306.38047
-1.94 1624947306.38429
-1.94 1624947306.388031
-1.94 1624947306.391852
-1.94 1624947306.395703
-1.94 1624947306.399451
-1.94 1624947306.403357
-1.94 1624947306.407116
-1.94 1624947306.410968
-1.94 1624947306.414707
-1.94 1624947306.418461
-1.94 1624947306.422189
-1.94 1624947306.426045
-1.94 1624947306.42992
-1.94 1624947306.433657
-1.94 1624947306.437458
-1.94 1624947306.441121
-1.94 1624947306.44485
-1.94 1624947306.448679
-1.94 1624947306.452528
-1.94 1624947306.456528
-1.94 1624947306.460355
-1.94 1624947306.464146
-1.94 1624947306.467881
-1.94 1624947306.471652
-1.94 1624947306.475473
-1.94 1624947306.479295
-1.94 1624947306.483149
-1.94 1624947306.486961
-1.94 1624947306.490756
-1.94 1624947306.494584
-1.94 1624947306.498903
-1.94 1624947306.502672
-1.94 1624947306.506488
-1.94 1624947306.510306
-1.94 1624947306.514085
-1.94 1624947306.517876
-1.94 1624947306.521668
-1.94 1624947306.525484
-1.94 1624947306.529277
-1.94 1624947306.532994
-1.94 1624947306.53685
-1.94 1624947306.540634
-1.94 1624947306.544442
-1.94 1624947306.548431
-1.94 1624947306.55226
-1.94 1624947306.556032
-1.94 1624947306.560036
-1.94 1624947306.563876
-1.94 1624947306.567736
-1.94 1624947306.571596
-1.94 1624947306.575483
-1.94 1624947306.57935
-1.94 1624947306.58312
-1.94 1624947306.586947
-1.94 1624947306.590779
-1.94 1624947306.594574
-1.94 1624947306.598494
-1.94 1624947306.602218
-1.94 1624947306.60601
-1.94 1624947306.609828
-1.94 1624947306.613732
-1.94 1624947306.617521
9.09 1624947306.621564
35.29 1624947306.635813 touch_grd
6.36 1624947307.740173 go_up_roll
-1.94 1624947308.946112 start_6_iteration
-1.94 1624947309.743799
-1.94 1624947309.747388
-1.94 1624947309.75087
-1.94 1624947309.754322
-1.94 1624947309.757955
-1.94 1624947309.761583
-1.94 1624947309.765152
-1.94 1624947309.768705
-1.94 1624947309.772347
-1.94 1624947309.776005
-1.94 1624947309.779616
-1.94 1624947309.783174
-1.94 1624947309.786715
-1.94 1624947309.790283
-1.94 1624947309.793877
-1.94 1624947309.79755
-1.94 1624947309.801068
-1.94 1624947309.80464
-1.94 1624947309.80816
-1.94 1624947309.811757
-1.94 1624947309.81534
-1.94 1624947309.81889
-1.94 1624947309.822379
-1.94 1624947309.825941
-1.94 1624947309.829476
-1.94 1624947309.832945
-1.94 1624947309.836486
-1.94 1624947309.840473
-1.94 1624947309.843965
-1.94 1624947309.847549
-1.94 1624947309.851108
-1.94 1624947309.854822
-1.94 1624947309.858442
-1.94 1624947309.862024
-1.94 1624947309.865555
-1.94 1624947309.869044
-1.94 1624947309.872749
-1.94 1624947309.876381
-1.94 1624947309.879911
-1.94 1624947309.883489
-1.94 1624947309.887077
-1.94 1624947309.890788
-1.94 1624947309.894434
-1.94 1624947309.897933
-1.94 1624947309.901443
-1.94 1624947309.905003
-1.94 1624947309.908521
-1.94 1624947309.912132
-1.94 1624947309.915697
-1.94 1624947309.91932
-1.94 1624947309.922827
-1.94 1624947309.926381
-1.94 1624947309.929926
-1.94 1624947309.933499
-1.94 1624947309.937031
-1.94 1624947309.940622
-1.94 1624947309.944213
-1.94 1624947309.947696
-1.94 1624947309.951232
-1.94 1624947309.954807
-1.94 1624947309.958323
-1.94 1624947309.961904
-1.94 1624947309.965445
-1.94 1624947309.968999
-1.94 1624947309.972718
-1.94 1624947309.976426
-1.94 1624947309.980056
-1.94 1624947309.983761
-1.94 1624947309.987373
-1.94 1624947309.990944
-1.94 1624947309.994523
-1.94 1624947309.998087
-1.94 1624947310.00177
-1.94 1624947310.005299
-1.94 1624947310.00882
-1.94 1624947310.012357
-1.94 1624947310.015881
-1.94 1624947310.019478
-1.94 1624947310.023044
-1.94 1624947310.026662
-1.94 1624947310.030334
-1.94 1624947310.033817
-1.94 1624947310.037407
-1.94 1624947310.040993
-1.94 1624947310.044626
-1.94 1624947310.048218
-1.94 1624947310.051741
-1.94 1624947310.055287
-1.94 1624947310.05891
-1.94 1624947310.062532
-1.94 1624947310.066122
-1.94 1624947310.069718
-1.94 1624947310.073318
-1.94 1624947310.08036
-1.94 1624947310.083906
-1.94 1624947310.087475
-1.94 1624947310.091097
-1.94 1624947310.094724
-1.94 1624947310.098314
-1.94 1624947310.101838
-1.94 1624947310.105293
-1.94 1624947310.108863
-1.94 1624947310.112446
-1.94 1624947310.115987
-1.94 1624947310.119581
-1.94 1624947310.123146
-1.94 1624947310.126668
11.32 1624947310.130497
35.04 1624947310.145061 touch_grd
-1.38 1624947311.252608 go_up_roll
-1.94 1624947312.455774 start_7_iteration
-1.94 1624947313.25431
-1.94 1624947313.25782
-1.94 1624947313.26134
-1.94 1624947313.264929
-1.94 1624947313.268451
-1.94 1624947313.272043
-1.94 1624947313.275618
-1.94 1624947313.279146
-1.94 1624947313.282705
-1.94 1624947313.286192
-1.94 1624947313.28976
-1.94 1624947313.2933
-1.94 1624947313.296897
-1.94 1624947313.30049
-1.94 1624947313.304031
-1.94 1624947313.3077
-1.94 1624947313.311302
-1.94 1624947313.314986
-1.94 1624947313.318453
-1.94 1624947313.322127
-1.94 1624947313.325718
-1.94 1624947313.329332
-1.94 1624947313.332859
-1.94 1624947313.33642
-1.94 1624947313.340026
-1.94 1624947313.343845
-1.94 1624947313.347434
-1.94 1624947313.351361
-1.94 1624947313.354882
-1.94 1624947313.358497
-1.94 1624947313.362061
-1.94 1624947313.365742
-1.94 1624947313.369275
-1.94 1624947313.372876
-1.94 1624947313.376452
-1.94 1624947313.379965
-1.94 1624947313.383622
-1.94 1624947313.387172
-1.94 1624947313.390832
-1.94 1624947313.394438
-1.94 1624947313.397983
-1.94 1624947313.40144
-1.94 1624947313.404988
-1.94 1624947313.408705
-1.94 1624947313.412427
-1.94 1624947313.416047
-1.94 1624947313.41962
-1.94 1624947313.423148
-1.94 1624947313.426698
-1.94 1624947313.43038
-1.94 1624947313.434002
-1.94 1624947313.437699
-1.94 1624947313.441313
-1.94 1624947313.444914
-1.94 1624947313.448505
-1.94 1624947313.452008
-1.94 1624947313.45556
-1.94 1624947313.459185
-1.94 1624947313.46269
-1.94 1624947313.466269
-1.94 1624947313.469853
-1.94 1624947313.473416
-1.94 1624947313.476958
-1.94 1624947313.480547
-1.94 1624947313.484125
-1.94 1624947313.487762
-1.94 1624947313.491349
-1.94 1624947313.494922
-1.94 1624947313.498471
-1.94 1624947313.501984
-1.94 1624947313.505558
-1.94 1624947313.509172
-1.94 1624947313.512738
-1.94 1624947313.516342
-1.94 1624947313.519848
-1.94 1624947313.52339
-1.94 1624947313.526851
-1.94 1624947313.530443
-1.94 1624947313.534102
-1.94 1624947313.537902
-1.94 1624947313.54172
-1.94 1624947313.545585
-1.94 1624947313.549459
-1.94 1624947313.553254
-1.94 1624947313.557124
-1.94 1624947313.561012
-1.94 1624947313.564828
-1.94 1624947313.568542
-1.94 1624947313.572305
-1.94 1624947313.576097
-1.94 1624947313.579878
-1.94 1624947313.583679
-1.94 1624947313.587456
-1.94 1624947313.591525
-1.94 1624947313.595568
-1.94 1624947313.599423
-1.94 1624947313.603189
-1.94 1624947313.607022
-1.94 1624947313.610908
-1.94 1624947313.614722
-1.94 1624947313.618502
-1.94 1624947313.622207
-1.94 1624947313.626017
-1.94 1624947313.629838
-1.94 1624947313.633571
-1.94 1624947313.637244
8.34 1624947313.641359
31.51 1624947313.657409 touch_grd
6.05 1624947314.77037 go_up_roll
-1.94 1624947315.96639 start_8_iteration
-1.94 1624947316.765494
-1.94 1624947316.768942
-1.94 1624947316.772542
-1.94 1624947316.77609
-1.94 1624947316.779859
-1.94 1624947316.783638
-1.94 1624947316.787478
-1.94 1624947316.791283
-1.94 1624947316.795125
-1.94 1624947316.798853
-1.94 1624947316.80262
-1.94 1624947316.806427
-1.94 1624947316.810343
-1.94 1624947316.81546
-1.94 1624947316.819951
-1.94 1624947316.823985
-1.94 1624947316.827743
-1.94 1624947316.831422
-1.94 1624947316.835182
-1.94 1624947316.838996
-1.94 1624947316.842724
-1.94 1624947316.8465
-1.94 1624947316.850196
-1.94 1624947316.853928
-1.94 1624947316.857854
-1.94 1624947316.861731
-1.94 1624947316.866457
-1.94 1624947316.87041
-1.94 1624947316.874261
-1.94 1624947316.878075
-1.94 1624947316.881765
-1.94 1624947316.885339
-1.94 1624947316.889028
-1.94 1624947316.892749
-1.94 1624947316.896362
-1.94 1624947316.899936
-1.94 1624947316.903621
-1.94 1624947316.90734
-1.94 1624947316.910919
-1.94 1624947316.914515
-1.94 1624947316.918161
-1.94 1624947316.921697
-1.94 1624947316.92527
-1.94 1624947316.92888
-1.94 1624947316.932427
-1.94 1624947316.935961
-1.94 1624947316.939638
-1.94 1624947316.94327
-1.94 1624947316.946922
-1.94 1624947316.950442
-1.94 1624947316.954043
-1.94 1624947316.957712
-1.94 1624947316.962918
-1.94 1624947316.966495
-1.94 1624947316.970106
-1.94 1624947316.973755
-1.94 1624947316.977329
-1.94 1624947316.980897
-1.94 1624947316.984453
-1.94 1624947316.98798
-1.94 1624947316.991707
-1.94 1624947316.995351
-1.94 1624947316.998944
-1.94 1624947317.002472
-1.94 1624947317.006062
-1.94 1624947317.009722
-1.94 1624947317.013363
-1.94 1624947317.017044
-1.94 1624947317.020777
-1.94 1624947317.024405
-1.94 1624947317.027992
-1.94 1624947317.031609
-1.94 1624947317.035093
-1.94 1624947317.038734
-1.94 1624947317.042351
-1.94 1624947317.045877
-1.94 1624947317.049445
-1.94 1624947317.053051
-1.94 1624947317.056689
-1.94 1624947317.060308
-1.94 1624947317.063886
-1.94 1624947317.067498
-1.94 1624947317.071055
-1.94 1624947317.074658
-1.94 1624947317.07833
-1.94 1624947317.08199
-1.94 1624947317.085538
-1.94 1624947317.089088
-1.94 1624947317.092719
-1.94 1624947317.096256
-1.94 1624947317.099784
-1.94 1624947317.103383
-1.94 1624947317.10697
-1.94 1624947317.110501
-1.94 1624947317.114033
-1.94 1624947317.117628
-1.94 1624947317.121213
-1.94 1624947317.124987
-1.94 1624947317.128545
-1.94 1624947317.132167
-1.94 1624947317.13587
-1.94 1624947317.139492
-1.94 1624947317.143115
-1.94 1624947317.14664
-1.94 1624947317.150287
20.42 1624947317.154135
36.1 1624947317.167041 touch_grd
5.62 1624947318.271865 go_up_roll
-1.94 1624947319.480205 start_9_iteration
-1.94 1624947320.276145
-1.94 1624947320.279734
-1.94 1624947320.283288
-1.94 1624947320.286868
-1.94 1624947320.290517
-1.94 1624947320.294057
-1.94 1624947320.297695
-1.94 1624947320.301299
-1.94 1624947320.305081
-1.94 1624947320.308756
-1.94 1624947320.312364
-1.94 1624947320.315884
-1.94 1624947320.319453
-1.94 1624947320.323053
-1.94 1624947320.326696
-1.94 1624947320.330313
-1.94 1624947320.333818
-1.94 1624947320.337376
-1.94 1624947320.340954
-1.94 1624947320.344495
-1.94 1624947320.348105
-1.94 1624947320.351794
-1.94 1624947320.355302
-1.94 1624947320.358838
-1.94 1624947320.362423
-1.94 1624947320.365981
-1.94 1624947320.3697
-1.94 1624947320.373287
-1.94 1624947320.376804
-1.94 1624947320.380375
-1.94 1624947320.38396
-1.94 1624947320.387628
-1.94 1624947320.391309
-1.94 1624947320.394866
-1.94 1624947320.398399
-1.94 1624947320.401964
-1.94 1624947320.405493
-1.94 1624947320.409103
-1.94 1624947320.412733
-1.94 1624947320.416374
-1.94 1624947320.419865
-1.94 1624947320.423445
-1.94 1624947320.427074
-1.94 1624947320.430692
-1.94 1624947320.43425
-1.94 1624947320.43781
-1.94 1624947320.441355
-1.94 1624947320.44493
-1.94 1624947320.448524
-1.94 1624947320.452064
-1.94 1624947320.455707
-1.94 1624947320.459316
-1.94 1624947320.462903
-1.94 1624947320.466523
-1.94 1624947320.470149
-1.94 1624947320.473712
-1.94 1624947320.477364
-1.94 1624947320.480953
-1.94 1624947320.484489
-1.94 1624947320.488066
-1.94 1624947320.4917
-1.94 1624947320.49538
-1.94 1624947320.498958
-1.94 1624947320.502543
-1.94 1624947320.506131
-1.94 1624947320.509676
-1.94 1624947320.513192
-1.94 1624947320.516865
-1.94 1624947320.520644
-1.94 1624947320.524345
-1.94 1624947320.528083
-1.94 1624947320.531798
-1.94 1624947320.535447
-1.94 1624947320.539184
-1.94 1624947320.542976
-1.94 1624947320.546689
-1.94 1624947320.550435
-1.94 1624947320.55417
-1.94 1624947320.557775
-1.94 1624947320.561502
-1.94 1624947320.565139
-1.94 1624947320.568852
-1.94 1624947320.572543
-1.94 1624947320.57624
-1.94 1624947320.580001
-1.94 1624947320.583672
-1.94 1624947320.587471
-1.94 1624947320.591102
-1.94 1624947320.594864
-1.94 1624947320.598609
-1.94 1624947320.602339
-1.94 1624947320.606026
-1.94 1624947320.609688
-1.94 1624947320.613423
-1.94 1624947320.617181
-1.94 1624947320.620848
-1.94 1624947320.624512
-1.94 1624947320.628229
-1.94 1624947320.631894
-1.94 1624947320.63559
-1.94 1624947320.63943
-1.94 1624947320.643152
-1.94 1624947320.647065
-1.94 1624947320.65079
-1.94 1624947320.654501
-1.94 1624947320.65824
-1.44 1624947320.661951
26.43 1624947320.66597
34.24 1624947320.678444 touch_grd
6.11 1624947321.786265 go_up_roll
