1610.68701171875 1637769111.526221
1610.68701171875 1637769111.688072
1610.68701171875 1637769111.849858
1610.68701171875 1637769112.011958
1610.68701171875 1637769112.173953
1610.68701171875 1637769112.335785
1610.68701171875 1637769112.497778
1610.68701171875 1637769112.659726
1610.68701171875 1637769112.821649
1610.68701171875 1637769112.983701
1610.68701171875 1637769113.145635
1610.68701171875 1637769113.307596
1610.68701171875 1637769113.469627
1610.68701171875 1637769113.631489
1610.68701171875 1637769113.793513
1610.68701171875 1637769113.955323
1610.68701171875 1637769114.117356
1610.68701171875 1637769114.279235
1610.68701171875 1637769114.441299
1610.68701171875 1637769114.603133
1610.68701171875 1637769114.765211
1610.68701171875 1637769114.927131
1610.68701171875 1637769115.089017
1610.68701171875 1637769115.251057
1610.68701171875 1637769115.412986
1610.68701171875 1637769115.574879
1610.68701171875 1637769115.736773
1610.68701171875 1637769115.898801
1610.68701171875 1637769116.060687
1610.68701171875 1637769116.22282
1610.68701171875 1637769116.38464
1610.68701171875 1637769116.546574
1610.68701171875 1637769116.708681
1610.68701171875 1637769116.870481
1610.68701171875 1637769117.03265
1610.68701171875 1637769117.194465
1610.68701171875 1637769117.356381
1610.68701171875 1637769117.518263
1610.68701171875 1637769117.680334
1610.68701171875 1637769117.842227
1610.68701171875 1637769118.004279
1610.68701171875 1637769118.166208
1610.68701171875 1637769118.328111
1610.68701171875 1637769118.490073
1610.68701171875 1637769118.651936
1610.68701171875 1637769118.813978
1610.68701171875 1637769118.975859
1610.68701171875 1637769119.137728
1610.68701171875 1637769119.299839
1610.68701171875 1637769119.461725
1610.68701171875 1637769119.623596
1610.68701171875 1637769119.7858
1610.68701171875 1637769119.947589
1610.68701171875 1637769120.109456
1610.68701171875 1637769120.271589
1610.68701171875 1637769120.433485
1610.68701171875 1637769120.595394
1610.68701171875 1637769120.75743
1610.68701171875 1637769120.919347
1610.68701171875 1637769121.081259
1610.68701171875 1637769121.243298
1610.68701171875 1637769121.405102
1610.68701171875 1637769121.567205
1610.68701171875 1637769121.729066
1610.68701171875 1637769121.891118
1610.68701171875 1637769122.052977
1610.68701171875 1637769122.215018
1610.68701171875 1637769122.376912
1610.68701171875 1637769122.538933
1610.68701171875 1637769122.700769
1610.68701171875 1637769122.862821
1610.68701171875 1637769123.02485
1610.68701171875 1637769123.186651
1610.68701171875 1637769123.348627
1610.68701171875 1637769123.510673
1610.68701171875 1637769123.672519
1610.68701171875 1637769123.834607
1610.68701171875 1637769123.996499
1610.68701171875 1637769124.158288
1610.68701171875 1637769124.320337
1610.68701171875 1637769124.482206
1610.68701171875 1637769124.644262
1610.68701171875 1637769124.806158
1610.68701171875 1637769124.968246
1610.68701171875 1637769125.130142
1610.68701171875 1637769125.292028
1610.68701171875 1637769125.454062
1610.68701171875 1637769125.615883
1610.68701171875 1637769125.77799
1610.68701171875 1637769125.939823
1610.68701171875 1637769126.101925
1610.68701171875 1637769126.263813
1610.68701171875 1637769126.425762
1610.68701171875 1637769126.587646
1610.68701171875 1637769126.749723
1610.68701171875 1637769126.911535
1610.68701171875 1637769127.073704
1610.68701171875 1637769127.235447
1610.68701171875 1637769127.397486
1610.68701171875 1637769127.559393
1610.68701171875 1637769127.721299
1610.68701171875 1637769127.883362
1610.68701171875 1637769128.04526
1610.68701171875 1637769128.207128
1610.68701171875 1637769128.369183
1610.68701171875 1637769128.531049
1610.68701171875 1637769128.693102
1610.68701171875 1637769128.854915
1610.68701171875 1637769129.016985
1610.68701171875 1637769129.178889
1610.68701171875 1637769129.340867
1610.68701171875 1637769129.502699
1610.68701171875 1637769129.664783
1610.68701171875 1637769129.826646
1610.68701171875 1637769129.988651
1610.68701171875 1637769130.150542
1610.68701171875 1637769130.312669
1610.68701171875 1637769130.474462
1610.68701171875 1637769130.636537
1610.68701171875 1637769130.798341
1610.68701171875 1637769130.960405
1610.68701171875 1637769131.122307
1610.68701171875 1637769131.284424
1610.68701171875 1637769131.446282
1610.68701171875 1637769131.608306
1610.68701171875 1637769131.770166
1610.68701171875 1637769131.932065
1610.68701171875 1637769132.094107
1610.68701171875 1637769132.256117
1610.68701171875 1637769132.417956
1610.68701171875 1637769132.579862
1610.68701171875 1637769132.741908
1610.68701171875 1637769132.903822
1610.68701171875 1637769133.065844
1610.68701171875 1637769133.227735
1610.68701171875 1637769133.389678
1610.68701171875 1637769133.551672
1610.68701171875 1637769133.713515
1610.68701171875 1637769133.875581
1610.68701171875 1637769134.03752
1610.68701171875 1637769134.199533
1610.68701171875 1637769134.361348
1610.68701171875 1637769134.523441
1610.68701171875 1637769134.685258
1610.68701171875 1637769134.847199
1610.68701171875 1637769135.009261
1610.68701171875 1637769135.17109
1610.68701171875 1637769135.333095
1610.68701171875 1637769135.494992
1610.68701171875 1637769135.657049
1610.68701171875 1637769135.819123
1610.68701171875 1637769135.980925
1610.68701171875 1637769136.142946
1610.68701171875 1637769136.30482
1610.68701171875 1637769136.466869
1610.68701171875 1637769136.628721
1610.68701171875 1637769136.790743
1610.68701171875 1637769136.952568
1610.68701171875 1637769137.114622
1610.68701171875 1637769137.276587
1610.68701171875 1637769137.43847
1610.68701171875 1637769137.600534
1610.68701171875 1637769137.762269
1610.68701171875 1637769137.924357
1610.68701171875 1637769138.086294
1610.68701171875 1637769138.248327
1610.68701171875 1637769138.410266
1610.68701171875 1637769138.572095
1610.68701171875 1637769138.734099
1610.68701171875 1637769138.896568
1610.68701171875 1637769139.059138
1610.68701171875 1637769139.220973
1610.68701171875 1637769139.382986
1610.68701171875 1637769139.544836
1610.68701171875 1637769139.707091
1610.68701171875 1637769139.868818
1610.68701171875 1637769140.030654
1610.68701171875 1637769140.192685
1610.68701171875 1637769140.354685
1610.68701171875 1637769140.516682
1610.68701171875 1637769140.678463
1610.68701171875 1637769140.840481
1610.68701171875 1637769141.002316
1610.68701171875 1637769141.164393
1610.68701171875 1637769141.326462
1610.68701171875 1637769141.488343
1610.68701171875 1637769141.650343
1610.68701171875 1637769141.812139
1610.68701171875 1637769141.974222
1610.68701171875 1637769142.136081
1610.68701171875 1637769142.298165
1610.68701171875 1637769142.460104
1610.68701171875 1637769142.621992
1610.68701171875 1637769142.783957
1610.68701171875 1637769142.945934
1610.68701171875 1637769143.107778
1610.68701171875 1637769143.269818
1610.68701171875 1637769143.431691
1610.68701171875 1637769143.593694
1610.68701171875 1637769143.755723
1610.68701171875 1637769143.917599
1610.68701171875 1637769144.079544
1610.68701171875 1637769144.241593
1610.68701171875 1637769144.403408
1610.68701171875 1637769144.565439
1610.68701171875 1637769144.727241
1610.68701171875 1637769144.889263
1610.68701171875 1637769145.051183
1610.68701171875 1637769145.213175
1610.68701171875 1637769145.375214
1610.68701171875 1637769145.537043
1610.68701171875 1637769145.699109
1610.68701171875 1637769145.861034
1610.68701171875 1637769146.022962
1610.68701171875 1637769146.184851
1610.68701171875 1637769146.347006
1610.68701171875 1637769146.508878
1610.68701171875 1637769146.670699
1610.68701171875 1637769146.832735
1610.68701171875 1637769146.994714
1610.68701171875 1637769147.156682
1610.68701171875 1637769147.318618
1610.68701171875 1637769147.48057
1610.68701171875 1637769147.642665
1610.68701171875 1637769147.804474
1610.68701171875 1637769147.966404
1610.68701171875 1637769148.128445
1610.68701171875 1637769148.290304
1610.68701171875 1637769148.452159
1610.68701171875 1637769148.614287
1610.68701171875 1637769148.776131
1610.68701171875 1637769148.93821
1610.68701171875 1637769149.100055
1610.68701171875 1637769149.261958
