1610.68701171875 1637769043.963097
1610.68701171875 1637769044.124927
1610.68701171875 1637769044.286809
1610.68701171875 1637769044.448843
1610.68701171875 1637769044.610665
1610.68701171875 1637769044.772728
1610.68701171875 1637769044.934641
1610.68701171875 1637769045.096587
1610.68701171875 1637769045.258445
1610.68701171875 1637769045.420521
1610.68701171875 1637769045.582404
1610.68701171875 1637769045.744466
1610.68701171875 1637769045.906431
1610.68701171875 1637769046.068302
1610.68701171875 1637769046.23024
1610.68701171875 1637769046.392266
1610.68701171875 1637769046.554216
1610.68701171875 1637769046.716062
1610.68701171875 1637769046.878099
1610.68701171875 1637769047.040012
1610.68701171875 1637769047.201933
1610.68701171875 1637769047.363946
1610.68701171875 1637769047.525796
1610.68701171875 1637769047.687892
1610.68701171875 1637769047.849838
1610.68701171875 1637769048.011802
1610.68701171875 1637769048.173781
1610.68701171875 1637769048.335737
1610.68701171875 1637769048.497581
1610.68701171875 1637769048.659546
1610.68701171875 1637769048.821595
1610.68701171875 1637769048.983605
1610.68701171875 1637769049.145506
1610.68701171875 1637769049.307466
1610.68701171875 1637769049.469295
1610.68701171875 1637769049.63132
1610.68701171875 1637769049.793156
1610.68701171875 1637769049.95519
1610.68701171875 1637769050.117199
1610.68701171875 1637769050.279108
1610.68701171875 1637769050.441097
1610.68701171875 1637769050.602958
1610.68701171875 1637769050.764856
1610.68701171875 1637769050.926876
1610.68701171875 1637769051.08878
1610.68701171875 1637769051.25087
1610.68701171875 1637769051.412754
1610.68701171875 1637769051.574742
1610.68701171875 1637769051.736625
1610.68701171875 1637769051.898747
1610.68701171875 1637769052.060491
1610.68701171875 1637769052.222523
1610.68701171875 1637769052.38446
1610.68701171875 1637769052.546434
1610.68701171875 1637769052.708342
1610.68701171875 1637769052.870342
1610.68701171875 1637769053.03241
1610.68701171875 1637769053.194202
1610.68701171875 1637769053.356217
1610.68701171875 1637769053.518118
1610.68701171875 1637769053.68005
1610.68701171875 1637769053.8421
1610.68701171875 1637769054.003949
1610.68701171875 1637769054.165971
1610.68701171875 1637769054.327825
1610.68701171875 1637769054.489825
1610.68701171875 1637769054.651654
1610.68701171875 1637769054.8137
1610.68701171875 1637769054.975749
1610.68701171875 1637769055.137667
1610.68701171875 1637769055.299556
1610.68701171875 1637769055.461626
1610.68701171875 1637769055.623607
1610.68701171875 1637769055.785436
1610.68701171875 1637769055.947439
1610.68701171875 1637769056.109273
1610.68701171875 1637769056.271308
1610.68701171875 1637769056.433236
1610.68701171875 1637769056.595328
1610.68701171875 1637769056.757231
1610.68701171875 1637769056.919106
1610.68701171875 1637769057.081023
1610.68701171875 1637769057.243134
1610.68701171875 1637769057.404989
1610.68701171875 1637769057.56695
1610.68701171875 1637769057.728801
1610.68701171875 1637769057.890893
1610.68701171875 1637769058.052715
1610.68701171875 1637769058.214733
1610.68701171875 1637769058.376727
1610.68701171875 1637769058.538726
1610.68701171875 1637769058.700607
1610.68701171875 1637769058.862484
1610.68701171875 1637769059.024511
1610.68701171875 1637769059.18638
1610.68701171875 1637769059.348484
1610.68701171875 1637769059.510453
1610.68701171875 1637769059.67227
1610.68701171875 1637769059.834222
1610.68701171875 1637769059.996093
1610.68701171875 1637769060.158143
1610.68701171875 1637769060.32017
1610.68701171875 1637769060.481986
1610.68701171875 1637769060.644007
1610.68701171875 1637769060.805858
1610.68701171875 1637769060.96794
1610.68701171875 1637769061.129805
1610.68701171875 1637769061.291847
1610.68701171875 1637769061.453659
1610.68701171875 1637769061.615704
1610.68701171875 1637769061.777716
1610.68701171875 1637769061.939712
1610.68701171875 1637769062.101491
1610.68701171875 1637769062.263526
1610.68701171875 1637769062.425564
1610.68701171875 1637769062.587536
1610.68701171875 1637769062.749494
1610.68701171875 1637769062.911488
1610.68701171875 1637769063.073291
1610.68701171875 1637769063.235278
1610.68701171875 1637769063.397289
1610.68701171875 1637769063.559182
1610.68701171875 1637769063.721169
1610.68701171875 1637769063.883063
1610.68701171875 1637769064.04511
1610.68701171875 1637769064.206923
1610.68701171875 1637769064.368902
1610.68701171875 1637769064.530978
1610.68701171875 1637769064.692759
1610.68701171875 1637769064.854768
1610.68701171875 1637769065.01678
1610.68701171875 1637769065.178739
1610.68701171875 1637769065.340732
1610.68701171875 1637769065.502805
1610.68701171875 1637769065.664623
1610.68701171875 1637769065.826482
1610.68701171875 1637769065.988483
1610.68701171875 1637769066.150346
1610.68701171875 1637769066.312348
1610.68701171875 1637769066.474386
1610.68701171875 1637769066.636253
1610.68701171875 1637769066.798254
1610.68701171875 1637769066.960353
1610.68701171875 1637769067.122097
1610.68701171875 1637769067.28409
1610.68701171875 1637769067.446094
1610.68701171875 1637769067.607948
1610.68701171875 1637769067.769961
1610.68701171875 1637769067.931972
1610.68701171875 1637769068.093769
1610.68701171875 1637769068.255872
1610.68701171875 1637769068.417827
1610.68701171875 1637769068.579674
1610.68701171875 1637769068.741658
1610.68701171875 1637769068.903547
1610.68701171875 1637769069.065599
1610.68701171875 1637769069.227509
1610.68701171875 1637769069.389567
1610.68701171875 1637769069.55139
1610.68701171875 1637769069.713414
1610.68701171875 1637769069.875277
1610.68701171875 1637769070.037365
1610.68701171875 1637769070.199277
1610.68701171875 1637769070.361142
1610.68701171875 1637769070.523149
1610.68701171875 1637769070.685128
1610.68701171875 1637769070.847081
1610.68701171875 1637769071.009019
1610.68701171875 1637769071.170968
1610.68701171875 1637769071.33287
1610.68701171875 1637769071.494899
1610.68701171875 1637769071.656739
1610.68701171875 1637769071.818748
1610.68701171875 1637769071.98075
1610.68701171875 1637769072.142708
1610.68701171875 1637769072.304511
1610.68701171875 1637769072.466502
1610.68701171875 1637769072.628524
1610.68701171875 1637769072.790535
1610.68701171875 1637769072.952537
1610.68701171875 1637769073.114301
1610.68701171875 1637769073.276263
1610.68701171875 1637769073.438248
1610.68701171875 1637769073.600239
1610.68701171875 1637769073.762242
1610.68701171875 1637769073.924208
1610.68701171875 1637769074.086162
1610.68701171875 1637769074.248192
1610.68701171875 1637769074.409989
1610.68701171875 1637769074.572029
1610.68701171875 1637769074.733922
1610.68701171875 1637769074.895938
1610.68701171875 1637769075.057736
1610.68701171875 1637769075.21978
1610.68701171875 1637769075.381799
1610.68701171875 1637769075.543671
1610.68701171875 1637769075.705759
1610.68701171875 1637769075.86751
1610.68701171875 1637769076.029544
1610.68701171875 1637769076.191522
1610.68701171875 1637769076.353535
1610.68701171875 1637769076.515394
1610.68701171875 1637769076.677333
1610.68701171875 1637769076.839346
1610.68701171875 1637769077.001177
1610.68701171875 1637769077.163214
1610.68701171875 1637769077.325175
1610.68701171875 1637769077.487154
1610.68701171875 1637769077.64905
1610.68701171875 1637769077.811074
1610.68701171875 1637769077.972947
1610.68701171875 1637769078.135002
1610.68701171875 1637769078.296981
1610.68701171875 1637769078.458887
1610.68701171875 1637769078.62079
1610.68701171875 1637769078.782865
1610.68701171875 1637769078.944649
1610.68701171875 1637769079.106664
1610.68701171875 1637769079.268667
1610.68701171875 1637769079.430581
1610.68701171875 1637769079.592398
1610.68701171875 1637769079.754508
1610.68701171875 1637769079.916322
1610.68701171875 1637769080.07835
1610.68701171875 1637769080.240347
1610.68701171875 1637769080.402184
1610.68701171875 1637769080.56415
1610.68701171875 1637769080.726188
1610.68701171875 1637769080.888173
1610.68701171875 1637769081.050053
1610.68701171875 1637769081.211997
1610.68701171875 1637769081.374
1610.68701171875 1637769081.535814
1610.68701171875 1637769081.697863
