-0.36 1624902657.783019 start_exp
-0.36 1624902658.090452 start_0_iteration
-0.36 1624902658.883643
-0.36 1624902658.886299
-0.36 1624902658.889
-0.36 1624902658.891779
-0.36 1624902658.894689
-0.36 1624902658.897368
-0.36 1624902658.900161
-0.36 1624902658.902858
-0.36 1624902658.905565
-0.36 1624902658.908345
-0.36 1624902658.911054
-0.36 1624902658.913812
-0.36 1624902658.916716
-0.36 1624902658.919429
-0.36 1624902658.922285
-0.36 1624902658.925021
-0.36 1624902658.927799
-0.36 1624902658.930542
-0.36 1624902658.933431
-0.36 1624902658.936318
-0.36 1624902658.938995
-0.36 1624902658.941744
-0.36 1624902658.944527
-0.36 1624902658.947271
-0.36 1624902658.950117
-0.36 1624902658.952878
-0.36 1624902658.955609
-0.36 1624902658.958329
-0.36 1624902658.961019
-0.36 1624902658.963822
-0.36 1624902658.966733
-0.36 1624902658.969566
-0.36 1624902658.972361
-0.36 1624902658.975257
-0.36 1624902658.978156
-0.36 1624902658.981124
-0.36 1624902658.983898
-0.36 1624902658.986853
-0.36 1624902658.989691
-0.36 1624902658.992396
-0.36 1624902658.995223
-0.36 1624902658.998106
-0.36 1624902659.001054
-0.36 1624902659.003718
-0.36 1624902659.006474
-0.36 1624902659.009173
-0.36 1624902659.011921
-0.36 1624902659.01465
-0.36 1624902659.017509
-0.36 1624902659.020412
-0.36 1624902659.02318
-0.36 1624902659.025893
-0.36 1624902659.028606
-0.36 1624902659.03141
-0.36 1624902659.034102
-0.36 1624902659.036828
-0.36 1624902659.039563
-0.36 1624902659.042487
-0.36 1624902659.045365
-0.36 1624902659.048166
-0.36 1624902659.051046
-0.36 1624902659.053936
-0.36 1624902659.056748
-0.36 1624902659.059531
-0.36 1624902659.062278
-0.36 1624902659.065083
-0.36 1624902659.067884
-0.36 1624902659.07062
-0.36 1624902659.073327
-0.36 1624902659.076062
-0.36 1624902659.078909
-0.36 1624902659.081721
-0.36 1624902659.084609
-0.36 1624902659.087341
-0.36 1624902659.090039
-0.36 1624902659.092801
-0.36 1624902659.095728
-0.36 1624902659.09862
-0.36 1624902659.101502
-0.36 1624902659.104204
-0.36 1624902659.107124
-0.36 1624902659.10987
-0.36 1624902659.112766
-0.36 1624902659.115665
-0.36 1624902659.11839
-0.36 1624902659.121081
-0.36 1624902659.12386
-0.36 1624902659.126586
-0.36 1624902659.129503
-0.36 1624902659.132406
-0.36 1624902659.135292
-0.36 1624902659.137987
-0.36 1624902659.140746
-0.36 1624902659.143493
-0.36 1624902659.146195
-0.36 1624902659.148964
-0.36 1624902659.151853
-0.36 1624902659.154778
-0.36 1624902659.15767
-0.36 1624902659.16035
-0.36 1624902659.163103
-0.36 1624902659.165806
-0.36 1624902659.168761
-0.36 1624902659.171608
-0.36 1624902659.174539
-0.36 1624902659.177456
-0.36 1624902659.180185
-0.36 1624902659.183083
-0.36 1624902659.185802
-0.36 1624902659.188493
-0.36 1624902659.191377
-0.36 1624902659.194557
-0.36 1624902659.19758
-0.36 1624902659.200657
-0.36 1624902659.20382
-0.36 1624902659.206796
-0.36 1624902659.209833
-0.36 1624902659.212732
-0.36 1624902659.215803
-0.36 1624902659.218911
-0.36 1624902659.221896
-0.36 1624902659.224862
-0.36 1624902659.227947
-0.36 1624902659.230992
-0.36 1624902659.234082
-0.36 1624902659.237115
-0.36 1624902659.240144
-0.36 1624902659.243076
-0.36 1624902659.24601
-0.36 1624902659.249034
-0.36 1624902659.252148
-0.36 1624902659.255203
17.94 1624902659.258446
15.96 1624902659.287577 touch_grd
12.71 1624902660.398325 go_up_roll
-0.36 1624902661.600026 start_1_iteration
-0.36 1624902662.39616
-0.36 1624902662.399243
-0.36 1624902662.402065
-0.36 1624902662.404876
-0.36 1624902662.407748
-0.36 1624902662.41059
-0.36 1624902662.413511
-0.36 1624902662.41623
-0.36 1624902662.418963
-0.36 1624902662.42167
-0.36 1624902662.424439
-0.36 1624902662.427175
-0.36 1624902662.430065
-0.36 1624902662.433123
-0.36 1624902662.435828
-0.36 1624902662.438585
-0.36 1624902662.441468
-0.36 1624902662.44441
-0.36 1624902662.447284
-0.36 1624902662.450182
-0.36 1624902662.452874
-0.36 1624902662.45559
-0.36 1624902662.458361
-0.36 1624902662.461101
-0.36 1624902662.463801
-0.36 1624902662.466676
-0.36 1624902662.469456
-0.36 1624902662.472268
-0.36 1624902662.475085
-0.36 1624902662.477803
-0.36 1624902662.480773
-0.36 1624902662.483652
-0.36 1624902662.486505
-0.36 1624902662.489404
-0.36 1624902662.492173
-0.36 1624902662.494913
-0.36 1624902662.497634
-0.36 1624902662.500522
-0.36 1624902662.503379
-0.36 1624902662.506151
-0.36 1624902662.508886
-0.36 1624902662.511845
-0.36 1624902662.514688
-0.36 1624902662.517365
-0.36 1624902662.520161
-0.36 1624902662.522938
-0.36 1624902662.525786
-0.36 1624902662.528566
-0.36 1624902662.531398
-0.36 1624902662.534164
-0.36 1624902662.537123
-0.36 1624902662.53998
-0.36 1624902662.542667
-0.36 1624902662.545408
-0.36 1624902662.548321
-0.36 1624902662.551234
-0.36 1624902662.554156
-0.36 1624902662.557046
-0.36 1624902662.559967
-0.36 1624902662.562925
-0.36 1624902662.565958
-0.36 1624902662.568861
-0.36 1624902662.571729
-0.36 1624902662.574658
-0.36 1624902662.577835
-0.36 1624902662.581162
-0.36 1624902662.58426
-0.36 1624902662.587131
-0.36 1624902662.590007
-0.36 1624902662.592927
-0.36 1624902662.596339
-0.36 1624902662.599519
-0.36 1624902662.602522
-0.36 1624902662.605378
-0.36 1624902662.608273
-0.36 1624902662.611199
-0.36 1624902662.614093
-0.36 1624902662.617248
-0.36 1624902662.620321
-0.36 1624902662.623339
-0.36 1624902662.626413
-0.36 1624902662.629499
-0.36 1624902662.63256
-0.36 1624902662.635402
-0.36 1624902662.638323
-0.36 1624902662.641251
-0.36 1624902662.644377
-0.36 1624902662.647592
-0.36 1624902662.650633
-0.36 1624902662.653671
-0.36 1624902662.656657
-0.36 1624902662.65977
-0.36 1624902662.663008
-0.36 1624902662.666234
-0.36 1624902662.66922
-0.36 1624902662.672141
-0.36 1624902662.675256
-0.36 1624902662.67835
-0.36 1624902662.681421
-0.36 1624902662.684583
-0.36 1624902662.687675
-0.36 1624902662.690576
-0.36 1624902662.693493
-0.36 1624902662.697299
-0.36 1624902662.700321
-0.36 1624902662.703415
-0.36 1624902662.706447
-0.36 1624902662.709494
-0.36 1624902662.712889
-0.36 1624902662.715954
-0.36 1624902662.718908
-0.36 1624902662.72196
-0.36 1624902662.724929
-0.36 1624902662.728151
-0.36 1624902662.731239
-0.36 1624902662.734226
-0.36 1624902662.737311
-0.36 1624902662.740176
-0.36 1624902662.743085
-0.36 1624902662.745985
-0.36 1624902662.748818
-0.36 1624902662.751788
-0.36 1624902662.754594
-0.36 1624902662.757445
-0.36 1624902662.760244
-0.36 1624902662.763186
-0.36 1624902662.766041
8.82 1624902662.769111
14.63 1624902662.79867 touch_grd
12.44 1624902663.903888 go_up_roll
-0.36 1624902665.118278 start_2_iteration
-0.36 1624902665.910957
-0.36 1624902665.913869
-0.36 1624902665.916765
-0.36 1624902665.919463
-0.36 1624902665.922187
-0.36 1624902665.924972
-0.36 1624902665.927919
-0.36 1624902665.930781
-0.36 1624902665.933694
-0.36 1624902665.936586
-0.36 1624902665.939318
-0.36 1624902665.942154
-0.36 1624902665.944965
-0.36 1624902665.947675
-0.36 1624902665.950695
-0.36 1624902665.953451
-0.36 1624902665.956209
-0.36 1624902665.959142
-0.36 1624902665.961988
-0.36 1624902665.964736
-0.36 1624902665.967424
-0.36 1624902665.970127
-0.36 1624902665.972945
-0.36 1624902665.975687
-0.36 1624902665.978586
-0.36 1624902665.981441
-0.36 1624902665.984177
-0.36 1624902665.986968
-0.36 1624902665.98964
-0.36 1624902665.992395
-0.36 1624902665.995109
-0.36 1624902665.997839
-0.36 1624902666.000571
-0.36 1624902666.003288
-0.36 1624902666.006412
-0.36 1624902666.009272
-0.36 1624902666.012147
-0.36 1624902666.015101
-0.36 1624902666.017815
-0.36 1624902666.020712
-0.36 1624902666.023395
-0.36 1624902666.02614
-0.36 1624902666.028964
-0.36 1624902666.031784
-0.36 1624902666.034592
-0.36 1624902666.037434
-0.36 1624902666.040322
-0.36 1624902666.043214
-0.36 1624902666.045988
-0.36 1624902666.048851
-0.36 1624902666.051591
-0.36 1624902666.054299
-0.36 1624902666.057068
-0.36 1624902666.059799
-0.36 1624902666.062732
-0.36 1624902666.065556
-0.36 1624902666.06848
-0.36 1624902666.071382
-0.36 1624902666.07428
-0.36 1624902666.077025
-0.36 1624902666.079946
-0.36 1624902666.082822
-0.36 1624902666.085706
-0.36 1624902666.088631
-0.36 1624902666.091578
-0.36 1624902666.094451
-0.36 1624902666.097141
-0.36 1624902666.099834
-0.36 1624902666.102587
-0.36 1624902666.105534
-0.36 1624902666.108368
-0.36 1624902666.111165
-0.36 1624902666.114045
-0.36 1624902666.116739
-0.36 1624902666.119567
-0.36 1624902666.122408
-0.36 1624902666.125313
-0.36 1624902666.128213
-0.36 1624902666.131157
-0.36 1624902666.133998
-0.36 1624902666.136931
-0.36 1624902666.139822
-0.36 1624902666.142586
-0.36 1624902666.145478
-0.36 1624902666.14836
-0.36 1624902666.151273
-0.36 1624902666.154178
-0.36 1624902666.157071
-0.36 1624902666.159866
-0.36 1624902666.162711
-0.36 1624902666.16559
-0.36 1624902666.168585
-0.36 1624902666.171349
-0.36 1624902666.174338
-0.36 1624902666.177159
-0.36 1624902666.180001
-0.36 1624902666.182844
-0.36 1624902666.185682
-0.36 1624902666.188439
-0.36 1624902666.191234
-0.36 1624902666.194138
-0.36 1624902666.197072
-0.36 1624902666.199907
-0.36 1624902666.202788
-0.36 1624902666.205632
-0.36 1624902666.208476
-0.36 1624902666.211321
-0.36 1624902666.214229
-0.36 1624902666.217123
-0.36 1624902666.219994
-0.36 1624902666.222929
-0.36 1624902666.225646
-0.36 1624902666.228606
-0.36 1624902666.231493
-0.36 1624902666.234403
-0.36 1624902666.237281
-0.36 1624902666.240198
-0.36 1624902666.243109
-0.36 1624902666.245983
-0.36 1624902666.248877
-0.36 1624902666.251635
-0.36 1624902666.254496
-0.36 1624902666.257385
-0.36 1624902666.260531
-0.36 1624902666.263413
-0.36 1624902666.266315
-0.36 1624902666.269199
-0.36 1624902666.272133
-0.36 1624902666.274984
-0.36 1624902666.277919
4.98 1624902666.280973
9.94 1624902666.311108 touch_grd
12.39 1624902667.416389 go_up_roll
-0.36 1624902668.626781 start_3_iteration
-0.36 1624902669.422314
-0.36 1624902669.42521
-0.36 1624902669.428124
-0.36 1624902669.430961
-0.36 1624902669.433716
-0.36 1624902669.436612
-0.36 1624902669.43936
-0.36 1624902669.442065
-0.36 1624902669.444944
-0.36 1624902669.447696
-0.36 1624902669.450391
-0.36 1624902669.453126
-0.36 1624902669.455855
-0.36 1624902669.458628
-0.36 1624902669.461408
-0.36 1624902669.464209
-0.36 1624902669.466968
-0.36 1624902669.469703
-0.36 1624902669.472513
-0.36 1624902669.475396
-0.36 1624902669.478256
-0.36 1624902669.48117
-0.36 1624902669.484108
-0.36 1624902669.486939
-0.36 1624902669.489682
-0.36 1624902669.492456
-0.36 1624902669.495141
-0.36 1624902669.498014
-0.36 1624902669.500764
-0.36 1624902669.503518
-0.36 1624902669.506392
-0.36 1624902669.509158
-0.36 1624902669.51206
-0.36 1624902669.514981
-0.36 1624902669.51777
-0.36 1624902669.520666
-0.36 1624902669.523372
-0.36 1624902669.526235
-0.36 1624902669.529129
-0.36 1624902669.531984
-0.36 1624902669.534809
-0.36 1624902669.537724
-0.36 1624902669.540652
-0.36 1624902669.543472
-0.36 1624902669.54646
-0.36 1624902669.549307
-0.36 1624902669.55218
-0.36 1624902669.555027
-0.36 1624902669.558085
-0.36 1624902669.561106
-0.36 1624902669.564124
-0.36 1624902669.567198
-0.36 1624902669.570225
-0.36 1624902669.573318
-0.36 1624902669.576349
-0.36 1624902669.579418
-0.36 1624902669.582468
-0.36 1624902669.58536
-0.36 1624902669.588464
-0.36 1624902669.591367
-0.36 1624902669.594475
-0.36 1624902669.59752
-0.36 1624902669.600524
-0.36 1624902669.603625
-0.36 1624902669.606742
-0.36 1624902669.609833
-0.36 1624902669.612996
-0.36 1624902669.616063
-0.36 1624902669.621204
-0.36 1624902669.624143
-0.36 1624902669.62716
-0.36 1624902669.630334
-0.36 1624902669.633557
-0.36 1624902669.636628
-0.36 1624902669.639598
-0.36 1624902669.642726
-0.36 1624902669.645825
-0.36 1624902669.648837
-0.36 1624902669.65187
-0.36 1624902669.654767
-0.36 1624902669.657759
-0.36 1624902669.660804
-0.36 1624902669.663882
-0.36 1624902669.666981
-0.36 1624902669.669967
-0.36 1624902669.672877
-0.36 1624902669.676
-0.36 1624902669.679056
-0.36 1624902669.682092
-0.36 1624902669.684945
-0.36 1624902669.687888
-0.36 1624902669.691024
-0.36 1624902669.6941
-0.36 1624902669.697107
-0.36 1624902669.700009
-0.36 1624902669.703064
-0.36 1624902669.705924
-0.36 1624902669.709018
-0.36 1624902669.712177
-0.36 1624902669.715175
-0.36 1624902669.718276
-0.36 1624902669.722022
-0.36 1624902669.725224
-0.36 1624902669.728244
-0.36 1624902669.731495
-0.36 1624902669.73449
-0.36 1624902669.737419
-0.36 1624902669.740316
-0.36 1624902669.743432
-0.36 1624902669.746481
-0.36 1624902669.74954
-0.36 1624902669.752662
-0.36 1624902669.755626
-0.36 1624902669.758655
-0.36 1624902669.761739
-0.36 1624902669.764654
-0.36 1624902669.767608
-0.36 1624902669.770733
-0.36 1624902669.773807
-0.36 1624902669.776851
-0.36 1624902669.779933
-0.36 1624902669.782914
-0.36 1624902669.785903
-0.36 1624902669.788681
-0.36 1624902669.791606
9.94 1624902669.794869
10.2 1624902669.822497 touch_grd
10.26 1624902670.934693 go_up_roll
-0.36 1624902672.133117 start_4_iteration
-0.36 1624902672.933926
-0.36 1624902672.936622
-0.36 1624902672.939387
-0.36 1624902672.942132
-0.36 1624902672.944999
-0.36 1624902672.947973
-0.36 1624902672.950833
-0.36 1624902672.953521
-0.36 1624902672.956264
-0.36 1624902672.959172
-0.36 1624902672.961905
-0.36 1624902672.964646
-0.36 1624902672.967521
-0.36 1624902672.970225
-0.36 1624902672.972997
-0.36 1624902672.975779
-0.36 1624902672.97863
-0.36 1624902672.981333
-0.36 1624902672.984137
-0.36 1624902672.987021
-0.36 1624902672.989693
-0.36 1624902672.992461
-0.36 1624902672.995194
-0.36 1624902672.9981
-0.36 1624902673.000784
-0.36 1624902673.003536
-0.36 1624902673.00626
-0.36 1624902673.009039
-0.36 1624902673.011884
-0.36 1624902673.014802
-0.36 1624902673.017543
-0.36 1624902673.020306
-0.36 1624902673.022988
-0.36 1624902673.02578
-0.36 1624902673.028433
-0.36 1624902673.031241
-0.36 1624902673.034112
-0.36 1624902673.036788
-0.36 1624902673.039541
-0.36 1624902673.042267
-0.36 1624902673.045017
-0.36 1624902673.047906
-0.36 1624902673.05063
-0.36 1624902673.053372
-0.36 1624902673.056126
-0.36 1624902673.058846
-0.36 1624902673.061734
-0.36 1624902673.064437
-0.36 1624902673.067172
-0.36 1624902673.069893
-0.36 1624902673.072635
-0.36 1624902673.075476
-0.36 1624902673.078335
-0.36 1624902673.081193
-0.36 1624902673.084131
-0.36 1624902673.086817
-0.36 1624902673.089587
-0.36 1624902673.092478
-0.36 1624902673.095213
-0.36 1624902673.098104
-0.36 1624902673.101049
-0.36 1624902673.103904
-0.36 1624902673.106825
-0.36 1624902673.109724
-0.36 1624902673.112604
-0.36 1624902673.115519
-0.36 1624902673.118269
-0.36 1624902673.121137
-0.36 1624902673.124149
-0.36 1624902673.126943
-0.36 1624902673.129823
-0.36 1624902673.132693
-0.36 1624902673.135497
-0.36 1624902673.138328
-0.36 1624902673.141137
-0.36 1624902673.144008
-0.36 1624902673.14688
-0.36 1624902673.149768
-0.36 1624902673.15257
-0.36 1624902673.155248
-0.36 1624902673.158147
-0.36 1624902673.160863
-0.36 1624902673.163623
-0.36 1624902673.166587
-0.36 1624902673.169438
-0.36 1624902673.172156
-0.36 1624902673.174858
-0.36 1624902673.177576
-0.36 1624902673.180407
-0.36 1624902673.183287
-0.36 1624902673.186189
-0.36 1624902673.189176
-0.36 1624902673.191972
-0.36 1624902673.194857
-0.36 1624902673.19781
-0.36 1624902673.20073
-0.36 1624902673.203599
-0.36 1624902673.206649
-0.36 1624902673.209533
-0.36 1624902673.212418
-0.36 1624902673.21511
-0.36 1624902673.21792
-0.36 1624902673.220758
-0.36 1624902673.223535
-0.36 1624902673.226254
-0.36 1624902673.229156
-0.36 1624902673.232184
-0.36 1624902673.234953
-0.36 1624902673.237876
-0.36 1624902673.240803
-0.36 1624902673.243735
-0.36 1624902673.246526
-0.36 1624902673.249292
-0.36 1624902673.252156
-0.36 1624902673.255173
-0.36 1624902673.258006
-0.36 1624902673.26086
-0.36 1624902673.26363
-0.36 1624902673.266515
-0.36 1624902673.269415
-0.36 1624902673.27233
-0.36 1624902673.275252
-0.36 1624902673.277986
-0.36 1624902673.280856
-0.36 1624902673.283731
-0.36 1624902673.28665
-0.36 1624902673.289584
-0.36 1624902673.292478
-0.36 1624902673.295406
-0.36 1624902673.29825
-0.36 1624902673.301117
-0.36 1624902673.303892
7.8 1624902673.307041
17.19 1624902673.337385 touch_grd
14.58 1624902674.441806 go_up_roll
-0.36 1624902675.645987 start_5_iteration
-0.36 1624902676.447339
-0.36 1624902676.450175
-0.36 1624902676.452895
-0.36 1624902676.455775
-0.36 1624902676.458643
-0.36 1624902676.461441
-0.36 1624902676.464152
-0.36 1624902676.466957
-0.36 1624902676.46978
-0.36 1624902676.472522
-0.36 1624902676.475437
-0.36 1624902676.478146
-0.36 1624902676.48089
-0.36 1624902676.483614
-0.36 1624902676.486341
-0.36 1624902676.489085
-0.36 1624902676.491852
-0.36 1624902676.494748
-0.36 1624902676.497556
-0.36 1624902676.500346
-0.36 1624902676.503154
-0.36 1624902676.50597
-0.36 1624902676.508699
-0.36 1624902676.51169
-0.36 1624902676.514519
-0.36 1624902676.517424
-0.36 1624902676.520154
-0.36 1624902676.523065
-0.36 1624902676.525971
-0.36 1624902676.5289
-0.36 1624902676.531748
-0.36 1624902676.534719
-0.36 1624902676.537626
-0.36 1624902676.540468
-0.36 1624902676.543168
-0.36 1624902676.546064
-0.36 1624902676.548832
-0.36 1624902676.551718
-0.36 1624902676.554639
-0.36 1624902676.557605
-0.36 1624902676.560478
-0.36 1624902676.563512
-0.36 1624902676.566466
-0.36 1624902676.569297
-0.36 1624902676.572233
-0.36 1624902676.575302
-0.36 1624902676.578257
-0.36 1624902676.581114
-0.36 1624902676.583996
-0.36 1624902676.586957
-0.36 1624902676.589825
-0.36 1624902676.592769
-0.36 1624902676.595621
-0.36 1624902676.598661
-0.36 1624902676.601563
-0.36 1624902676.604511
-0.36 1624902676.607416
-0.36 1624902676.610457
-0.36 1624902676.613364
-0.36 1624902676.616285
-0.36 1624902676.619149
-0.36 1624902676.622116
-0.36 1624902676.624959
-0.36 1624902676.627865
-0.36 1624902676.630746
-0.36 1624902676.633649
-0.36 1624902676.636529
-0.36 1624902676.63952
-0.36 1624902676.642388
-0.36 1624902676.645721
-0.36 1624902676.648493
-0.36 1624902676.65127
-0.36 1624902676.654149
-0.36 1624902676.6571
-0.36 1624902676.659983
-0.36 1624902676.662842
-0.36 1624902676.665769
-0.36 1624902676.668608
-0.36 1624902676.671565
-0.36 1624902676.674471
-0.36 1624902676.677358
-0.36 1624902676.680241
-0.36 1624902676.683137
-0.36 1624902676.686033
-0.36 1624902676.688962
-0.36 1624902676.691848
-0.36 1624902676.694801
-0.36 1624902676.697647
-0.36 1624902676.700751
-0.36 1624902676.703587
-0.36 1624902676.706552
-0.36 1624902676.709448
-0.36 1624902676.712358
-0.36 1624902676.715197
-0.36 1624902676.718162
-0.36 1624902676.721103
-0.36 1624902676.723965
-0.36 1624902676.726876
-0.36 1624902676.729737
-0.36 1624902676.732853
-0.36 1624902676.735703
-0.36 1624902676.738633
-0.36 1624902676.74155
-0.36 1624902676.746517
-0.36 1624902676.74948
-0.36 1624902676.752432
-0.36 1624902676.755372
-0.36 1624902676.758187
-0.36 1624902676.761134
-0.36 1624902676.764085
-0.36 1624902676.767138
-0.36 1624902676.76997
-0.36 1624902676.772803
-0.36 1624902676.775752
-0.36 1624902676.778571
-0.36 1624902676.781393
-0.36 1624902676.784365
-0.36 1624902676.787321
-0.36 1624902676.790136
-0.36 1624902676.793041
-0.36 1624902676.796129
-0.36 1624902676.799015
-0.36 1624902676.801953
-0.36 1624902676.804858
-0.36 1624902676.807725
-0.36 1624902676.810671
-0.36 1624902676.813517
-0.36 1624902676.816592
2.1 1624902676.819656
25.25 1624902676.822739
13.78 1624902676.84942 touch_grd
11.38 1624902677.95842 go_up_roll
-0.36 1624902679.165311 start_6_iteration
-0.36 1624902679.959736
-0.36 1624902679.962515
-0.36 1624902679.965443
-0.36 1624902679.968276
-0.36 1624902679.971022
-0.36 1624902679.973804
-0.36 1624902679.976652
-0.36 1624902679.979365
-0.36 1624902679.982141
-0.36 1624902679.98499
-0.36 1624902679.987794
-0.36 1624902679.990721
-0.36 1624902679.993555
-0.36 1624902679.996493
-0.36 1624902679.999377
-0.36 1624902680.002237
-0.36 1624902680.005011
-0.36 1624902680.007733
-0.36 1624902680.010445
-0.36 1624902680.013335
-0.36 1624902680.016046
-0.36 1624902680.018767
-0.36 1624902680.021521
-0.36 1624902680.024265
-0.36 1624902680.027016
-0.36 1624902680.029719
-0.36 1624902680.032682
-0.36 1624902680.035542
-0.36 1624902680.038238
-0.36 1624902680.040977
-0.36 1624902680.043771
-0.36 1624902680.046492
-0.36 1624902680.049179
-0.36 1624902680.05202
-0.36 1624902680.054833
-0.36 1624902680.057533
-0.36 1624902680.060444
-0.36 1624902680.063353
-0.36 1624902680.066073
-0.36 1624902680.068787
-0.36 1624902680.07158
-0.36 1624902680.074409
-0.36 1624902680.077155
-0.36 1624902680.079999
-0.36 1624902680.082785
-0.36 1624902680.085531
-0.36 1624902680.088234
-0.36 1624902680.09101
-0.36 1624902680.093933
-0.36 1624902680.096802
-0.36 1624902680.099557
-0.36 1624902680.102193
-0.36 1624902680.10501
-0.36 1624902680.10773
-0.36 1624902680.110691
-0.36 1624902680.113526
-0.36 1624902680.116418
-0.36 1624902680.119157
-0.36 1624902680.121888
-0.36 1624902680.124673
-0.36 1624902680.127524
-0.36 1624902680.130409
-0.36 1624902680.133279
-0.36 1624902680.13606
-0.36 1624902680.138971
-0.36 1624902680.141856
-0.36 1624902680.144744
-0.36 1624902680.147506
-0.36 1624902680.150236
-0.36 1624902680.152949
-0.36 1624902680.155903
-0.36 1624902680.158739
-0.36 1624902680.161713
-0.36 1624902680.164601
-0.36 1624902680.167447
-0.36 1624902680.170334
-0.36 1624902680.173039
-0.36 1624902680.175801
-0.36 1624902680.17851
-0.36 1624902680.181243
-0.36 1624902680.184013
-0.36 1624902680.186732
-0.36 1624902680.18947
-0.36 1624902680.192341
-0.36 1624902680.195084
-0.36 1624902680.197788
-0.36 1624902680.200512
-0.36 1624902680.203289
-0.36 1624902680.206011
-0.36 1624902680.208789
-0.36 1624902680.211487
-0.36 1624902680.214373
-0.36 1624902680.217257
-0.36 1624902680.220003
-0.36 1624902680.222756
-0.36 1624902680.225682
-0.36 1624902680.228377
-0.36 1624902680.231371
-0.36 1624902680.23414
-0.36 1624902680.237071
-0.36 1624902680.240043
-0.36 1624902680.242879
-0.36 1624902680.245846
-0.36 1624902680.248692
-0.36 1624902680.251531
-0.36 1624902680.254281
-0.36 1624902680.257757
-0.36 1624902680.26066
-0.36 1624902680.263553
-0.36 1624902680.266249
-0.36 1624902680.269189
-0.36 1624902680.272072
-0.36 1624902680.274832
-0.36 1624902680.277683
-0.36 1624902680.280406
-0.36 1624902680.283142
-0.36 1624902680.285892
-0.36 1624902680.288639
-0.36 1624902680.291502
-0.36 1624902680.294465
-0.36 1624902680.297326
-0.36 1624902680.300162
-0.36 1624902680.30291
-0.36 1624902680.305639
-0.36 1624902680.308573
-0.36 1624902680.311326
-0.36 1624902680.314178
-0.36 1624902680.316928
-0.36 1624902680.319647
-0.36 1624902680.322424
-0.36 1624902680.325286
-0.36 1624902680.328353
8.44 1624902680.331432
12.44 1624902680.361318 touch_grd
14.31 1624902681.473688 go_up_roll
-0.36 1624902682.677543 start_7_iteration
-0.36 1624902683.473252
-0.36 1624902683.475996
-0.36 1624902683.478785
-0.36 1624902683.481603
-0.36 1624902683.484491
-0.36 1624902683.487311
-0.36 1624902683.490198
-0.36 1624902683.493072
-0.36 1624902683.495805
-0.36 1624902683.498504
-0.36 1624902683.501263
-0.36 1624902683.504041
-0.36 1624902683.506837
-0.36 1624902683.509716
-0.36 1624902683.512609
-0.36 1624902683.515417
-0.36 1624902683.518272
-0.36 1624902683.521106
-0.36 1624902683.523976
-0.36 1624902683.52686
-0.36 1624902683.529588
-0.36 1624902683.532324
-0.36 1624902683.535045
-0.36 1624902683.537787
-0.36 1624902683.540685
-0.36 1624902683.543573
-0.36 1624902683.546328
-0.36 1624902683.549023
-0.36 1624902683.55178
-0.36 1624902683.554536
-0.36 1624902683.557227
-0.36 1624902683.559925
-0.36 1624902683.562778
-0.36 1624902683.565594
-0.36 1624902683.568346
-0.36 1624902683.571109
-0.36 1624902683.573951
-0.36 1624902683.576727
-0.36 1624902683.57958
-0.36 1624902683.582326
-0.36 1624902683.585091
-0.36 1624902683.587779
-0.36 1624902683.590561
-0.36 1624902683.593419
-0.36 1624902683.596316
-0.36 1624902683.599246
-0.36 1624902683.602146
-0.36 1624902683.605059
-0.36 1624902683.607935
-0.36 1624902683.610823
-0.36 1624902683.613737
-0.36 1624902683.616612
-0.36 1624902683.619621
-0.36 1624902683.622461
-0.36 1624902683.625358
-0.36 1624902683.628245
-0.36 1624902683.630949
-0.36 1624902683.633677
-0.36 1624902683.636445
-0.36 1624902683.639365
-0.36 1624902683.642234
-0.36 1624902683.645128
-0.36 1624902683.64803
-0.36 1624902683.650949
-0.36 1624902683.653871
-0.36 1624902683.656621
-0.36 1624902683.659504
-0.36 1624902683.662499
-0.36 1624902683.665255
-0.36 1624902683.668032
-0.36 1624902683.670691
-0.36 1624902683.673491
-0.36 1624902683.676156
-0.36 1624902683.67907
-0.36 1624902683.681993
-0.36 1624902683.684933
-0.36 1624902683.687831
-0.36 1624902683.690794
-0.36 1624902683.693609
-0.36 1624902683.696357
-0.36 1624902683.699279
-0.36 1624902683.702308
-0.36 1624902683.705043
-0.36 1624902683.707799
-0.36 1624902683.71071
-0.36 1624902683.71356
-0.36 1624902683.716466
-0.36 1624902683.719378
-0.36 1624902683.722347
-0.36 1624902683.725166
-0.36 1624902683.728079
-0.36 1624902683.731073
-0.36 1624902683.733885
-0.36 1624902683.736617
-0.36 1624902683.73954
-0.36 1624902683.74242
-0.36 1624902683.745379
-0.36 1624902683.748193
-0.36 1624902683.751129
-0.36 1624902683.754002
-0.36 1624902683.756766
-0.36 1624902683.759651
-0.36 1624902683.762574
-0.36 1624902683.765444
-0.36 1624902683.768331
-0.36 1624902683.771129
-0.36 1624902683.773998
-0.36 1624902683.776936
-0.36 1624902683.779844
-0.36 1624902683.782674
-0.36 1624902683.785472
-0.36 1624902683.788338
-0.36 1624902683.791223
-0.36 1624902683.794058
-0.36 1624902683.79689
-0.36 1624902683.799786
-0.36 1624902683.802497
-0.36 1624902683.805195
-0.36 1624902683.808202
-0.36 1624902683.811146
-0.36 1624902683.814016
-0.36 1624902683.816934
-0.36 1624902683.819866
-0.36 1624902683.823108
-0.36 1624902683.826147
-0.36 1624902683.829261
-0.36 1624902683.832224
-0.36 1624902683.835135
-0.36 1624902683.838094
-0.36 1624902683.841214
-0.36 1624902683.844224
23.7 1624902683.847456
17.4 1624902683.876386 touch_grd
11.06 1624902684.987486 go_up_roll
-0.36 1624902686.190989 start_8_iteration
-0.36 1624902686.986349
-0.36 1624902686.989238
-0.36 1624902686.992104
-0.36 1624902686.994873
-0.36 1624902686.997596
-0.36 1624902687.000837
-0.36 1624902687.003726
-0.36 1624902687.00662
-0.36 1624902687.009526
-0.36 1624902687.012217
-0.36 1624902687.015017
-0.36 1624902687.018514
-0.36 1624902687.02131
-0.36 1624902687.024265
-0.36 1624902687.027063
-0.36 1624902687.029817
-0.36 1624902687.0326
-0.36 1624902687.035315
-0.36 1624902687.038232
-0.36 1624902687.041103
-0.36 1624902687.043992
-0.36 1624902687.046732
-0.36 1624902687.049641
-0.36 1624902687.052554
-0.36 1624902687.055441
-0.36 1624902687.058337
-0.36 1624902687.061037
-0.36 1624902687.063761
-0.36 1624902687.066522
-0.36 1624902687.069219
-0.36 1624902687.071941
-0.36 1624902687.074818
-0.36 1624902687.077592
-0.36 1624902687.080341
-0.36 1624902687.083725
-0.36 1624902687.086447
-0.36 1624902687.08919
-0.36 1624902687.091935
-0.36 1624902687.094844
-0.36 1624902687.097515
-0.36 1624902687.10037
-0.36 1624902687.103211
-0.36 1624902687.105907
-0.36 1624902687.10865
-0.36 1624902687.111376
-0.36 1624902687.114088
-0.36 1624902687.116817
-0.36 1624902687.119576
-0.36 1624902687.122287
-0.36 1624902687.125018
-0.36 1624902687.12774
-0.36 1624902687.130497
-0.36 1624902687.133196
-0.36 1624902687.135971
-0.36 1624902687.138851
-0.36 1624902687.141573
-0.36 1624902687.144347
-0.36 1624902687.147086
-0.36 1624902687.149756
-0.36 1624902687.152476
-0.36 1624902687.155277
-0.36 1624902687.158222
-0.36 1624902687.16088
-0.36 1624902687.163613
-0.36 1624902687.166339
-0.36 1624902687.169039
-0.36 1624902687.171793
-0.36 1624902687.174561
-0.36 1624902687.177256
-0.36 1624902687.180003
-0.36 1624902687.182696
-0.36 1624902687.185464
-0.36 1624902687.188362
-0.36 1624902687.191274
-0.36 1624902687.194191
-0.36 1624902687.19704
-0.36 1624902687.199752
-0.36 1624902687.202558
-0.36 1624902687.20545
-0.36 1624902687.208317
-0.36 1624902687.21101
-0.36 1624902687.213777
-0.36 1624902687.216499
-0.36 1624902687.219278
-0.36 1624902687.221955
-0.36 1624902687.224925
-0.36 1624902687.227867
-0.36 1624902687.230763
-0.36 1624902687.233415
-0.36 1624902687.236239
-0.36 1624902687.239096
-0.36 1624902687.241921
-0.36 1624902687.244635
-0.36 1624902687.247381
-0.36 1624902687.250212
-0.36 1624902687.25304
-0.36 1624902687.255975
-0.36 1624902687.258848
-0.36 1624902687.261735
-0.36 1624902687.264437
-0.36 1624902687.267433
-0.36 1624902687.270235
-0.36 1624902687.273215
-0.36 1624902687.276026
-0.36 1624902687.278774
-0.36 1624902687.281535
-0.36 1624902687.284831
-0.36 1624902687.287669
-0.36 1624902687.290401
-0.36 1624902687.293319
-0.36 1624902687.296214
-0.36 1624902687.298885
-0.36 1624902687.30168
-0.36 1624902687.304408
-0.36 1624902687.307314
-0.36 1624902687.310218
-0.36 1624902687.313104
-0.36 1624902687.315949
-0.36 1624902687.318755
-0.36 1624902687.321635
-0.36 1624902687.324515
-0.36 1624902687.327236
-0.36 1624902687.329959
-0.36 1624902687.332707
-0.36 1624902687.335456
-0.36 1624902687.338209
-0.36 1624902687.341095
-0.36 1624902687.343939
-0.36 1624902687.346849
-0.36 1624902687.349666
-0.36 1624902687.352497
-0.36 1624902687.355459
-0.36 1624902687.358337
24.39 1624902687.361413
11.16 1624902687.388073 touch_grd
10.95 1624902688.50272 go_up_roll
-0.36 1624902689.70552 start_9_iteration
-0.36 1624902690.499533
-0.36 1624902690.502918
-0.36 1624902690.505674
-0.36 1624902690.508477
-0.36 1624902690.511329
-0.36 1624902690.514162
-0.36 1624902690.516886
-0.36 1624902690.519647
-0.36 1624902690.522539
-0.36 1624902690.525421
-0.36 1624902690.528163
-0.36 1624902690.530917
-0.36 1624902690.533635
-0.36 1624902690.536529
-0.36 1624902690.539228
-0.36 1624902690.542003
-0.36 1624902690.544743
-0.36 1624902690.547582
-0.36 1624902690.550379
-0.36 1624902690.553261
-0.36 1624902690.556063
-0.36 1624902690.558938
-0.36 1624902690.561814
-0.36 1624902690.564688
-0.36 1624902690.567444
-0.36 1624902690.570155
-0.36 1624902690.573082
-0.36 1624902690.576007
-0.36 1624902690.578867
-0.36 1624902690.581574
-0.36 1624902690.584337
-0.36 1624902690.587213
-0.36 1624902690.589935
-0.36 1624902690.592619
-0.36 1624902690.595389
-0.36 1624902690.598273
-0.36 1624902690.601234
-0.36 1624902690.604025
-0.36 1624902690.606865
-0.36 1624902690.609757
-0.36 1624902690.612655
-0.36 1624902690.61551
-0.36 1624902690.618488
-0.36 1624902690.621323
-0.36 1624902690.624229
-0.36 1624902690.627015
-0.36 1624902690.629828
-0.36 1624902690.632601
-0.36 1624902690.635321
-0.36 1624902690.638173
-0.36 1624902690.640982
-0.36 1624902690.643689
-0.36 1624902690.646447
-0.36 1624902690.649136
-0.36 1624902690.65208
-0.36 1624902690.655001
-0.36 1624902690.657845
-0.36 1624902690.660564
-0.36 1624902690.663302
-0.36 1624902690.666057
-0.36 1624902690.668994
-0.36 1624902690.671822
-0.36 1624902690.674546
-0.36 1624902690.677302
-0.36 1624902690.680049
-0.36 1624902690.682884
-0.36 1624902690.685669
-0.36 1624902690.688387
-0.36 1624902690.691152
-0.36 1624902690.69404
-0.36 1624902690.696965
-0.36 1624902690.699962
-0.36 1624902690.702721
-0.36 1624902690.70567
-0.36 1624902690.7085
-0.36 1624902690.711324
-0.36 1624902690.714165
-0.36 1624902690.717046
-0.36 1624902690.719821
-0.36 1624902690.72253
-0.36 1624902690.725277
-0.36 1624902690.727956
-0.36 1624902690.730764
-0.36 1624902690.733655
-0.36 1624902690.736519
-0.36 1624902690.739425
-0.36 1624902690.74215
-0.36 1624902690.744844
-0.36 1624902690.747597
-0.36 1624902690.750354
-0.36 1624902690.753132
-0.36 1624902690.755978
-0.36 1624902690.758849
-0.36 1624902690.761553
-0.36 1624902690.76436
-0.36 1624902690.767047
-0.36 1624902690.769799
-0.36 1624902690.772562
-0.36 1624902690.775445
-0.36 1624902690.778371
-0.36 1624902690.781037
-0.36 1624902690.783737
-0.36 1624902690.786552
-0.36 1624902690.789444
-0.36 1624902690.792449
-0.36 1624902690.79535
-0.36 1624902690.798939
-0.36 1624902690.801975
-0.36 1624902690.804878
-0.36 1624902690.80778
-0.36 1624902690.810845
-0.36 1624902690.813884
-0.36 1624902690.816967
-0.36 1624902690.820112
-0.36 1624902690.823168
-0.36 1624902690.826119
-0.36 1624902690.829139
-0.36 1624902690.83227
-0.36 1624902690.835345
-0.36 1624902690.838469
-0.36 1624902690.841546
-0.36 1624902690.84446
-0.36 1624902690.847459
-0.36 1624902690.850551
-0.36 1624902690.853684
-0.36 1624902690.856584
-0.36 1624902690.859634
-0.36 1624902690.862546
-0.36 1624902690.865465
-0.36 1624902690.868384
-0.36 1624902690.871456
23.91 1624902690.874708
13.72 1624902690.902933 touch_grd
12.12 1624902692.014203 go_up_roll
-0.36 1624902693.211158 start_10_iteration
-0.36 1624902694.011294
-0.36 1624902694.014009
-0.36 1624902694.017187
-0.36 1624902694.020045
-0.36 1624902694.022779
-0.36 1624902694.025646
-0.36 1624902694.028393
-0.36 1624902694.031152
-0.36 1624902694.034026
-0.36 1624902694.03681
-0.36 1624902694.0397
-0.36 1624902694.042559
-0.36 1624902694.045436
-0.36 1624902694.048397
-0.36 1624902694.051101
-0.36 1624902694.053991
-0.36 1624902694.056886
-0.36 1624902694.059759
-0.36 1624902694.062505
-0.36 1624902694.065261
-0.36 1624902694.068184
-0.36 1624902694.071042
-0.36 1624902694.073949
-0.36 1624902694.076707
-0.36 1624902694.079544
-0.36 1624902694.082374
-0.36 1624902694.085237
-0.36 1624902694.087929
-0.36 1624902694.090697
-0.36 1624902694.093392
-0.36 1624902694.096112
-0.36 1624902694.09892
-0.36 1624902694.101787
-0.36 1624902694.104702
-0.36 1624902694.107556
-0.36 1624902694.110459
-0.36 1624902694.113195
-0.36 1624902694.115921
-0.36 1624902694.118783
-0.36 1624902694.121557
-0.36 1624902694.124497
-0.36 1624902694.127208
-0.36 1624902694.129924
-0.36 1624902694.132668
-0.36 1624902694.135466
-0.36 1624902694.138268
-0.36 1624902694.140989
-0.36 1624902694.143809
-0.36 1624902694.146467
-0.36 1624902694.149214
-0.36 1624902694.151914
-0.36 1624902694.154831
-0.36 1624902694.157567
-0.36 1624902694.160315
-0.36 1624902694.163179
-0.36 1624902694.165944
-0.36 1624902694.168801
-0.36 1624902694.171528
-0.36 1624902694.174225
-0.36 1624902694.177055
-0.36 1624902694.179893
-0.36 1624902694.182675
-0.36 1624902694.185364
-0.36 1624902694.188082
-0.36 1624902694.190873
-0.36 1624902694.193773
-0.36 1624902694.196641
-0.36 1624902694.199393
-0.36 1624902694.202132
-0.36 1624902694.204805
-0.36 1624902694.207604
-0.36 1624902694.210273
-0.36 1624902694.213048
-0.36 1624902694.215791
-0.36 1624902694.218642
-0.36 1624902694.221527
-0.36 1624902694.224273
-0.36 1624902694.227069
-0.36 1624902694.229872
-0.36 1624902694.23264
-0.36 1624902694.235371
-0.36 1624902694.238106
-0.36 1624902694.240859
-0.36 1624902694.243576
-0.36 1624902694.246556
-0.36 1624902694.249382
-0.36 1624902694.252122
-0.36 1624902694.255012
-0.36 1624902694.257757
-0.36 1624902694.260461
-0.36 1624902694.26324
-0.36 1624902694.265927
-0.36 1624902694.268655
-0.36 1624902694.271403
-0.36 1624902694.274364
-0.36 1624902694.277169
-0.36 1624902694.279933
-0.36 1624902694.282852
-0.36 1624902694.285766
-0.36 1624902694.288728
-0.36 1624902694.291506
-0.36 1624902694.294406
-0.36 1624902694.29729
-0.36 1624902694.300046
-0.36 1624902694.302994
-0.36 1624902694.305872
-0.36 1624902694.308742
-0.36 1624902694.311623
-0.36 1624902694.314382
-0.36 1624902694.317121
-0.36 1624902694.319872
-0.36 1624902694.32278
-0.36 1624902694.325663
-0.36 1624902694.328528
-0.36 1624902694.331333
-0.36 1624902694.334183
-0.36 1624902694.337061
-0.36 1624902694.339825
-0.36 1624902694.342522
-0.36 1624902694.345289
-0.36 1624902694.347991
-0.36 1624902694.350788
-0.36 1624902694.353595
-0.36 1624902694.356345
-0.36 1624902694.359109
-0.36 1624902694.361976
-0.36 1624902694.364783
-0.36 1624902694.367612
-0.36 1624902694.370355
-0.36 1624902694.373092
-0.36 1624902694.375771
-0.36 1624902694.378524
-0.36 1624902694.381502
8.5 1624902694.384531
9.83 1624902694.413465 touch_grd
12.66 1624902695.520841 go_up_roll
-0.36 1624902696.723658 start_11_iteration
-0.36 1624902697.524358
-0.36 1624902697.527079
-0.36 1624902697.529957
-0.36 1624902697.532888
-0.36 1624902697.535779
-0.36 1624902697.53874
-0.36 1624902697.541558
-0.36 1624902697.544316
-0.36 1624902697.547207
-0.36 1624902697.549943
-0.36 1624902697.552646
-0.36 1624902697.555402
-0.36 1624902697.558092
-0.36 1624902697.56085
-0.36 1624902697.563608
-0.36 1624902697.566461
-0.36 1624902697.569387
-0.36 1624902697.572136
-0.36 1624902697.574877
-0.36 1624902697.577555
-0.36 1624902697.580318
-0.36 1624902697.583044
-0.36 1624902697.58594
-0.36 1624902697.588818
-0.36 1624902697.591597
-0.36 1624902697.594263
-0.36 1624902697.597189
-0.36 1624902697.600092
-0.36 1624902697.602994
-0.36 1624902697.605716
-0.36 1624902697.608475
-0.36 1624902697.61137
-0.36 1624902697.61407
-0.36 1624902697.616827
-0.36 1624902697.619528
-0.36 1624902697.622266
-0.36 1624902697.625008
-0.36 1624902697.627743
-0.36 1624902697.630473
-0.36 1624902697.63342
-0.36 1624902697.636321
-0.36 1624902697.63907
-0.36 1624902697.641916
-0.36 1624902697.644711
-0.36 1624902697.647609
-0.36 1624902697.650258
-0.36 1624902697.653148
-0.36 1624902697.6559
-0.36 1624902697.658833
-0.36 1624902697.661588
-0.36 1624902697.664489
-0.36 1624902697.667347
-0.36 1624902697.67004
-0.36 1624902697.672796
-0.36 1624902697.675575
-0.36 1624902697.678249
-0.36 1624902697.681209
-0.36 1624902697.684071
-0.36 1624902697.687011
-0.36 1624902697.689863
-0.36 1624902697.69274
-0.36 1624902697.695692
-0.36 1624902697.698566
-0.36 1624902697.701514
-0.36 1624902697.70437
-0.36 1624902697.707323
-0.36 1624902697.710219
-0.36 1624902697.713132
-0.36 1624902697.716016
-0.36 1624902697.718977
-0.36 1624902697.721799
-0.36 1624902697.724624
-0.36 1624902697.727404
-0.36 1624902697.730131
-0.36 1624902697.732885
-0.36 1624902697.735641
-0.36 1624902697.738515
-0.36 1624902697.741307
-0.36 1624902697.744311
-0.36 1624902697.747354
-0.36 1624902697.75052
-0.36 1624902697.753694
-0.36 1624902697.756728
-0.36 1624902697.759843
-0.36 1624902697.762831
-0.36 1624902697.765968
-0.36 1624902697.769003
-0.36 1624902697.771889
-0.36 1624902697.774846
-0.36 1624902697.77787
-0.36 1624902697.781007
-0.36 1624902697.784031
-0.36 1624902697.787101
-0.36 1624902697.79016
-0.36 1624902697.793272
-0.36 1624902697.796303
-0.36 1624902697.799389
-0.36 1624902697.802594
-0.36 1624902697.805761
-0.36 1624902697.808812
-0.36 1624902697.811843
-0.36 1624902697.814987
-0.36 1624902697.817937
-0.36 1624902697.821078
-0.36 1624902697.825189
-0.36 1624902697.828181
-0.36 1624902697.831267
-0.36 1624902697.834417
-0.36 1624902697.83769
-0.36 1624902697.840831
-0.36 1624902697.843904
-0.36 1624902697.847081
-0.36 1624902697.850154
-0.36 1624902697.853334
-0.36 1624902697.856405
-0.36 1624902697.859372
-0.36 1624902697.862353
-0.36 1624902697.86543
-0.36 1624902697.868452
-0.36 1624902697.871462
-0.36 1624902697.874364
-0.36 1624902697.877264
-0.36 1624902697.880257
-0.36 1624902697.883116
-0.36 1624902697.886009
-0.36 1624902697.888981
-0.36 1624902697.891772
-0.36 1624902697.894774
-0.36 1624902697.897555
25.3 1624902697.900673
8.66 1624902697.926044 touch_grd
11.43 1624902699.033846 go_up_roll
-0.36 1624902700.235158 start_12_iteration
-0.36 1624902701.03668
-0.36 1624902701.039428
-0.36 1624902701.042121
-0.36 1624902701.04505
-0.36 1624902701.047965
-0.36 1624902701.05068
-0.36 1624902701.053381
-0.36 1624902701.056136
-0.36 1624902701.058992
-0.36 1624902701.061761
-0.36 1624902701.064479
-0.36 1624902701.067407
-0.36 1624902701.070211
-0.36 1624902701.073004
-0.36 1624902701.075765
-0.36 1624902701.078536
-0.36 1624902701.081392
-0.36 1624902701.084073
-0.36 1624902701.086822
-0.36 1624902701.089583
-0.36 1624902701.092379
-0.36 1624902701.095002
-0.36 1624902701.097766
-0.36 1624902701.10048
-0.36 1624902701.103249
-0.36 1624902701.105938
-0.36 1624902701.108708
-0.36 1624902701.111432
-0.36 1624902701.114173
-0.36 1624902701.11687
-0.36 1624902701.119578
-0.36 1624902701.122364
-0.36 1624902701.125036
-0.36 1624902701.12782
-0.36 1624902701.130535
-0.36 1624902701.134247
-0.36 1624902701.137197
-0.36 1624902701.140081
-0.36 1624902701.142948
-0.36 1624902701.145718
-0.36 1624902701.148483
-0.36 1624902701.151325
-0.36 1624902701.154057
-0.36 1624902701.156824
-0.36 1624902701.159712
-0.36 1624902701.162628
-0.36 1624902701.165534
-0.36 1624902701.168228
-0.36 1624902701.170985
-0.36 1624902701.173674
-0.36 1624902701.176426
-0.36 1624902701.179139
-0.36 1624902701.181871
-0.36 1624902701.184618
-0.36 1624902701.18753
-0.36 1624902701.190233
-0.36 1624902701.192969
-0.36 1624902701.195857
-0.36 1624902701.198619
-0.36 1624902701.201511
-0.36 1624902701.204414
-0.36 1624902701.207139
-0.36 1624902701.209833
-0.36 1624902701.212602
-0.36 1624902701.215528
-0.36 1624902701.218241
-0.36 1624902701.22098
-0.36 1624902701.223857
-0.36 1624902701.226635
-0.36 1624902701.229476
-0.36 1624902701.232217
-0.36 1624902701.23511
-0.36 1624902701.237847
-0.36 1624902701.240595
-0.36 1624902701.243386
-0.36 1624902701.246244
-0.36 1624902701.249155
-0.36 1624902701.251998
-0.36 1624902701.254764
-0.36 1624902701.257506
-0.36 1624902701.26019
-0.36 1624902701.262922
-0.36 1624902701.265666
-0.36 1624902701.268588
-0.36 1624902701.271315
-0.36 1624902701.27402
-0.36 1624902701.276926
-0.36 1624902701.279828
-0.36 1624902701.282781
-0.36 1624902701.285472
-0.36 1624902701.288171
-0.36 1624902701.290947
-0.36 1624902701.293681
-0.36 1624902701.296434
-0.36 1624902701.299374
-0.36 1624902701.302194
-0.36 1624902701.305099
-0.36 1624902701.308045
-0.36 1624902701.310745
-0.36 1624902701.313617
-0.36 1624902701.316547
-0.36 1624902701.319452
-0.36 1624902701.322367
-0.36 1624902701.325252
-0.36 1624902701.327946
-0.36 1624902701.330668
-0.36 1624902701.333443
-0.36 1624902701.336345
-0.36 1624902701.33923
-0.36 1624902701.34214
-0.36 1624902701.345065
-0.36 1624902701.347943
-0.36 1624902701.350679
-0.36 1624902701.353597
-0.36 1624902701.356476
-0.36 1624902701.359418
-0.36 1624902701.362272
-0.36 1624902701.365139
-0.36 1624902701.368085
-0.36 1624902701.370798
-0.36 1624902701.373552
-0.36 1624902701.376319
-0.36 1624902701.379183
-0.36 1624902701.382082
-0.36 1624902701.384943
-0.36 1624902701.387699
-0.36 1624902701.390403
-0.36 1624902701.393151
-0.36 1624902701.395873
-0.36 1624902701.398591
-0.36 1624902701.401327
-0.36 1624902701.404089
-0.36 1624902701.406961
16.6 1624902701.410042
13.83 1624902701.438355 touch_grd
12.98 1624902702.544842 go_up_roll
-0.36 1624902703.751142 start_13_iteration
-0.36 1624902704.549755
-0.36 1624902704.552675
-0.36 1624902704.55571
-0.36 1624902704.558402
-0.36 1624902704.561175
-0.36 1624902704.56404
-0.36 1624902704.566789
-0.36 1624902704.569661
-0.36 1624902704.572394
-0.36 1624902704.575141
-0.36 1624902704.57822
-0.36 1624902704.581275
-0.36 1624902704.584208
-0.36 1624902704.587079
-0.36 1624902704.589789
-0.36 1624902704.592567
-0.36 1624902704.595283
-0.36 1624902704.597998
-0.36 1624902704.600719
-0.36 1624902704.603451
-0.36 1624902704.606193
-0.36 1624902704.609124
-0.36 1624902704.612021
-0.36 1624902704.614893
-0.36 1624902704.617746
-0.36 1624902704.620503
-0.36 1624902704.623271
-0.36 1624902704.625975
-0.36 1624902704.628703
-0.36 1624902704.631572
-0.36 1624902704.634384
-0.36 1624902704.637255
-0.36 1624902704.640146
-0.36 1624902704.643024
-0.36 1624902704.645964
-0.36 1624902704.64882
-0.36 1624902704.6516
-0.36 1624902704.654493
-0.36 1624902704.657164
-0.36 1624902704.65992
-0.36 1624902704.662665
-0.36 1624902704.665423
-0.36 1624902704.668318
-0.36 1624902704.671043
-0.36 1624902704.673788
-0.36 1624902704.676619
-0.36 1624902704.679396
-0.36 1624902704.682331
-0.36 1624902704.685206
-0.36 1624902704.688175
-0.36 1624902704.690968
-0.36 1624902704.693934
-0.36 1624902704.696858
-0.36 1624902704.699714
-0.36 1624902704.702391
-0.36 1624902704.705142
-0.36 1624902704.707901
-0.36 1624902704.710853
-0.36 1624902704.713723
-0.36 1624902704.716614
-0.36 1624902704.719498
-0.36 1624902704.722397
-0.36 1624902704.725117
-0.36 1624902704.727952
-0.36 1624902704.730771
-0.36 1624902704.733687
-0.36 1624902704.736372
-0.36 1624902704.739132
-0.36 1624902704.741877
-0.36 1624902704.744757
-0.36 1624902704.748499
-0.36 1624902704.751414
-0.36 1624902704.754333
-0.36 1624902704.757242
-0.36 1624902704.760147
-0.36 1624902704.763044
-0.36 1624902704.765894
-0.36 1624902704.768632
-0.36 1624902704.771385
-0.36 1624902704.774276
-0.36 1624902704.777179
-0.36 1624902704.779881
-0.36 1624902704.782643
-0.36 1624902704.785549
-0.36 1624902704.788441
-0.36 1624902704.791289
-0.36 1624902704.794163
-0.36 1624902704.796953
-0.36 1624902704.799731
-0.36 1624902704.802575
-0.36 1624902704.805312
-0.36 1624902704.80803
-0.36 1624902704.810803
-0.36 1624902704.813725
-0.36 1624902704.816898
-0.36 1624902704.819677
-0.36 1624902704.822557
-0.36 1624902704.825485
-0.36 1624902704.828406
-0.36 1624902704.831274
-0.36 1624902704.834169
-0.36 1624902704.837164
-0.36 1624902704.83999
-0.36 1624902704.842692
-0.36 1624902704.845616
-0.36 1624902704.848721
-0.36 1624902704.851577
-0.36 1624902704.854324
-0.36 1624902704.85726
-0.36 1624902704.860148
-0.36 1624902704.863019
-0.36 1624902704.865875
-0.36 1624902704.868796
-0.36 1624902704.871704
-0.36 1624902704.874564
-0.36 1624902704.877385
-0.36 1624902704.880261
-0.36 1624902704.883147
-0.36 1624902704.886045
-0.36 1624902704.888743
-0.36 1624902704.891483
-0.36 1624902704.894238
-0.36 1624902704.897108
-0.36 1624902704.900126
-0.36 1624902704.902917
-0.36 1624902704.905834
-0.36 1624902704.908542
-0.36 1624902704.911351
-0.36 1624902704.914233
-0.36 1624902704.917109
-0.36 1624902704.919845
14.84 1624902704.922862
13.83 1624902704.951727 touch_grd
11.48 1624902706.057537 go_up_roll
-0.36 1624902707.260707 start_14_iteration
-0.36 1624902708.062709
-0.36 1624902708.06544
-0.36 1624902708.068326
-0.36 1624902708.071086
-0.36 1624902708.07378
-0.36 1624902708.076531
-0.36 1624902708.079297
-0.36 1624902708.082168
-0.36 1624902708.085095
-0.36 1624902708.087989
-0.36 1624902708.090789
-0.36 1624902708.093625
-0.36 1624902708.096532
-0.36 1624902708.099452
-0.36 1624902708.10231
-0.36 1624902708.10503
-0.36 1624902708.107852
-0.36 1624902708.110727
-0.36 1624902708.113451
-0.36 1624902708.116311
-0.36 1624902708.119029
-0.36 1624902708.121743
-0.36 1624902708.124523
-0.36 1624902708.127272
-0.36 1624902708.130094
-0.36 1624902708.132927
-0.36 1624902708.135755
-0.36 1624902708.138488
-0.36 1624902708.141232
-0.36 1624902708.144147
-0.36 1624902708.14707
-0.36 1624902708.149905
-0.36 1624902708.152601
-0.36 1624902708.155414
-0.36 1624902708.158253
-0.36 1624902708.160983
-0.36 1624902708.163786
-0.36 1624902708.166636
-0.36 1624902708.169344
-0.36 1624902708.172086
-0.36 1624902708.174799
-0.36 1624902708.177594
-0.36 1624902708.180308
-0.36 1624902708.183212
-0.36 1624902708.186059
-0.36 1624902708.188801
-0.36 1624902708.191534
-0.36 1624902708.194281
-0.36 1624902708.197182
-0.36 1624902708.200062
-0.36 1624902708.202826
-0.36 1624902708.205568
-0.36 1624902708.208265
-0.36 1624902708.211023
-0.36 1624902708.213731
-0.36 1624902708.216645
-0.36 1624902708.219608
-0.36 1624902708.222242
-0.36 1624902708.224964
-0.36 1624902708.227713
-0.36 1624902708.230639
-0.36 1624902708.23352
-0.36 1624902708.236263
-0.36 1624902708.239018
-0.36 1624902708.241704
-0.36 1624902708.244491
-0.36 1624902708.247201
-0.36 1624902708.250079
-0.36 1624902708.252957
-0.36 1624902708.255712
-0.36 1624902708.258486
-0.36 1624902708.261349
-0.36 1624902708.26406
-0.36 1624902708.266916
-0.36 1624902708.269677
-0.36 1624902708.272454
-0.36 1624902708.275382
-0.36 1624902708.278265
-0.36 1624902708.281132
-0.36 1624902708.283868
-0.36 1624902708.28663
-0.36 1624902708.289327
-0.36 1624902708.29203
-0.36 1624902708.294828
-0.36 1624902708.297724
-0.36 1624902708.300595
-0.36 1624902708.303515
-0.36 1624902708.306396
-0.36 1624902708.309141
-0.36 1624902708.311917
-0.36 1624902708.314734
-0.36 1624902708.317465
-0.36 1624902708.320227
-0.36 1624902708.322961
-0.36 1624902708.325941
-0.36 1624902708.328767
-0.36 1624902708.331456
-0.36 1624902708.334181
-0.36 1624902708.336913
-0.36 1624902708.339682
-0.36 1624902708.342372
-0.36 1624902708.345132
-0.36 1624902708.34792
-0.36 1624902708.350858
-0.36 1624902708.353688
-0.36 1624902708.356561
-0.36 1624902708.359283
-0.36 1624902708.362062
-0.36 1624902708.36479
-0.36 1624902708.367693
-0.36 1624902708.370517
-0.36 1624902708.373429
-0.36 1624902708.376532
-0.36 1624902708.379637
-0.36 1624902708.38265
-0.36 1624902708.38589
-0.36 1624902708.388871
-0.36 1624902708.39187
-0.36 1624902708.395137
-0.36 1624902708.398223
-0.36 1624902708.401364
-0.36 1624902708.404282
-0.36 1624902708.407424
-0.36 1624902708.410505
-0.36 1624902708.41357
-0.36 1624902708.416559
-0.36 1624902708.419615
-0.36 1624902708.42258
-0.36 1624902708.425648
-0.36 1624902708.428527
-0.36 1624902708.431603
6.04 1624902708.43484
12.55 1624902708.465709 touch_grd
12.12 1624902709.574104 go_up_roll
-0.36 1624902710.773227 start_15_iteration
-0.36 1624902711.57401
-0.36 1624902711.576902
-0.36 1624902711.579765
-0.36 1624902711.582551
-0.36 1624902711.585342
-0.36 1624902711.588173
-0.36 1624902711.591118
-0.36 1624902711.593845
-0.36 1624902711.596735
-0.36 1624902711.599466
-0.36 1624902711.602192
-0.36 1624902711.604895
-0.36 1624902711.607875
-0.36 1624902711.61071
-0.36 1624902711.614112
-0.36 1624902711.616895
-0.36 1624902711.619614
-0.36 1624902711.622473
-0.36 1624902711.625219
-0.36 1624902711.628007
-0.36 1624902711.630729
-0.36 1624902711.633586
-0.36 1624902711.636483
-0.36 1624902711.639198
-0.36 1624902711.641969
-0.36 1624902711.644839
-0.36 1624902711.647762
-0.36 1624902711.650711
-0.36 1624902711.653509
-0.36 1624902711.656287
-0.36 1624902711.659011
-0.36 1624902711.661753
-0.36 1624902711.664724
-0.36 1624902711.667541
-0.36 1624902711.670487
-0.36 1624902711.673331
-0.36 1624902711.676272
-0.36 1624902711.679176
-0.36 1624902711.681892
-0.36 1624902711.68458
-0.36 1624902711.687335
-0.36 1624902711.690089
-0.36 1624902711.692837
-0.36 1624902711.695693
-0.36 1624902711.698459
-0.36 1624902711.701334
-0.36 1624902711.704059
-0.36 1624902711.706816
-0.36 1624902711.709547
-0.36 1624902711.712298
-0.36 1624902711.715149
-0.36 1624902711.717847
-0.36 1624902711.720547
-0.36 1624902711.723376
-0.36 1624902711.726093
-0.36 1624902711.728967
-0.36 1624902711.731884
-0.36 1624902711.734794
-0.36 1624902711.737534
-0.36 1624902711.740277
-0.36 1624902711.743128
-0.36 1624902711.746083
-0.36 1624902711.748942
-0.36 1624902711.751819
-0.36 1624902711.754578
-0.36 1624902711.757288
-0.36 1624902711.760091
-0.36 1624902711.762971
-0.36 1624902711.765849
-0.36 1624902711.768758
-0.36 1624902711.771781
-0.36 1624902711.77455
-0.36 1624902711.777464
-0.36 1624902711.780156
-0.36 1624902711.782913
-0.36 1624902711.785646
-0.36 1624902711.78839
-0.36 1624902711.791213
-0.36 1624902711.794028
-0.36 1624902711.796906
-0.36 1624902711.799838
-0.36 1624902711.80268
-0.36 1624902711.805424
-0.36 1624902711.808372
-0.36 1624902711.811572
-0.36 1624902711.814477
-0.36 1624902711.817521
-0.36 1624902711.820434
-0.36 1624902711.823357
-0.36 1624902711.826234
-0.36 1624902711.828992
-0.36 1624902711.831859
-0.36 1624902711.834778
-0.36 1624902711.837677
-0.36 1624902711.840423
-0.36 1624902711.843328
-0.36 1624902711.84604
-0.36 1624902711.848769
-0.36 1624902711.851555
-0.36 1624902711.854405
-0.36 1624902711.857124
-0.36 1624902711.859923
-0.36 1624902711.86278
-0.36 1624902711.865467
-0.36 1624902711.868267
-0.36 1624902711.871104
-0.36 1624902711.873855
-0.36 1624902711.87664
-0.36 1624902711.87951
-0.36 1624902711.882417
-0.36 1624902711.885288
-0.36 1624902711.88817
-0.36 1624902711.890912
-0.36 1624902711.893745
-0.36 1624902711.896554
-0.36 1624902711.899314
-0.36 1624902711.90221
-0.36 1624902711.905052
-0.36 1624902711.907862
-0.36 1624902711.910747
-0.36 1624902711.9137
-0.36 1624902711.916478
-0.36 1624902711.919249
-0.36 1624902711.921961
-0.36 1624902711.924941
-0.36 1624902711.927808
-0.36 1624902711.930673
-0.36 1624902711.933364
-0.36 1624902711.936092
-0.36 1624902711.938828
-0.36 1624902711.941617
-0.36 1624902711.944347
23.91 1624902711.947388
13.67 1624902711.975614 touch_grd
7.0 1624902713.087459 go_up_roll
-0.36 1624902714.287615 start_16_iteration
-0.36 1624902715.087279
-0.36 1624902715.090192
-0.36 1624902715.093046
-0.36 1624902715.095917
-0.36 1624902715.098684
-0.36 1624902715.101575
-0.36 1624902715.104278
-0.36 1624902715.107088
-0.36 1624902715.109924
-0.36 1624902715.11283
-0.36 1624902715.115755
-0.36 1624902715.118638
-0.36 1624902715.121508
-0.36 1624902715.124553
-0.36 1624902715.127344
-0.36 1624902715.130021
-0.36 1624902715.132785
-0.36 1624902715.135558
-0.36 1624902715.138503
-0.36 1624902715.141147
-0.36 1624902715.143919
-0.36 1624902715.146613
-0.36 1624902715.149383
-0.36 1624902715.15212
-0.36 1624902715.155036
-0.36 1624902715.157883
-0.36 1624902715.1608
-0.36 1624902715.163485
-0.36 1624902715.166232
-0.36 1624902715.168958
-0.36 1624902715.17189
-0.36 1624902715.17483
-0.36 1624902715.177715
-0.36 1624902715.180446
-0.36 1624902715.183274
-0.36 1624902715.186053
-0.36 1624902715.188771
-0.36 1624902715.191758
-0.36 1624902715.194578
-0.36 1624902715.197285
-0.36 1624902715.200089
-0.36 1624902715.202965
-0.36 1624902715.20567
-0.36 1624902715.208571
-0.36 1624902715.21151
-0.36 1624902715.214213
-0.36 1624902715.217074
-0.36 1624902715.219803
-0.36 1624902715.222524
-0.36 1624902715.22528
-0.36 1624902715.228016
-0.36 1624902715.230895
-0.36 1624902715.233817
-0.36 1624902715.23651
-0.36 1624902715.239233
-0.36 1624902715.242035
-0.36 1624902715.244906
-0.36 1624902715.247837
-0.36 1624902715.250599
-0.36 1624902715.253508
-0.36 1624902715.256425
-0.36 1624902715.259239
-0.36 1624902715.262141
-0.36 1624902715.265031
-0.36 1624902715.267795
-0.36 1624902715.270643
-0.36 1624902715.273482
-0.36 1624902715.276332
-0.36 1624902715.278975
-0.36 1624902715.281785
-0.36 1624902715.285304
-0.36 1624902715.288064
-0.36 1624902715.290827
-0.36 1624902715.293733
-0.36 1624902715.296614
-0.36 1624902715.299376
-0.36 1624902715.302055
-0.36 1624902715.304812
-0.36 1624902715.307535
-0.36 1624902715.310475
-0.36 1624902715.313312
-0.36 1624902715.316048
-0.36 1624902715.318742
-0.36 1624902715.321512
-0.36 1624902715.324285
-0.36 1624902715.327011
-0.36 1624902715.329856
-0.36 1624902715.332658
-0.36 1624902715.335405
-0.36 1624902715.338283
-0.36 1624902715.341031
-0.36 1624902715.343934
-0.36 1624902715.346849
-0.36 1624902715.349786
-0.36 1624902715.352591
-0.36 1624902715.355365
-0.36 1624902715.358279
-0.36 1624902715.361164
-0.36 1624902715.364065
-0.36 1624902715.367041
-0.36 1624902715.370009
-0.36 1624902715.372943
-0.36 1624902715.375933
-0.36 1624902715.378964
-0.36 1624902715.382109
-0.36 1624902715.386634
-0.36 1624902715.38979
-0.36 1624902715.392803
-0.36 1624902715.395902
-0.36 1624902715.399001
-0.36 1624902715.402078
-0.36 1624902715.405115
-0.36 1624902715.408145
-0.36 1624902715.411208
-0.36 1624902715.414167
-0.36 1624902715.417251
-0.36 1624902715.420264
-0.36 1624902715.423415
-0.36 1624902715.426465
-0.36 1624902715.429477
-0.36 1624902715.432343
-0.36 1624902715.435336
-0.36 1624902715.438412
-0.36 1624902715.441443
-0.36 1624902715.444509
-0.36 1624902715.447412
-0.36 1624902715.450382
-0.36 1624902715.453623
-0.36 1624902715.456686
2.63 1624902715.459989
26.21 1624902715.463327
16.71 1624902715.490736 touch_grd
13.14 1624902716.608164 go_up_roll
-0.36 1624902717.802243 start_17_iteration
-0.36 1624902718.601628
-0.36 1624902718.604375
-0.36 1624902718.607279
-0.36 1624902718.610152
-0.36 1624902718.613067
-0.36 1624902718.61594
-0.36 1624902718.61888
-0.36 1624902718.6216
-0.36 1624902718.624503
-0.36 1624902718.62738
-0.36 1624902718.63009
-0.36 1624902718.632818
-0.36 1624902718.635582
-0.36 1624902718.638389
-0.36 1624902718.641296
-0.36 1624902718.644095
-0.36 1624902718.647052
-0.36 1624902718.649764
-0.36 1624902718.652621
-0.36 1624902718.655358
-0.36 1624902718.658093
-0.36 1624902718.660874
-0.36 1624902718.663604
-0.36 1624902718.666507
-0.36 1624902718.669345
-0.36 1624902718.67222
-0.36 1624902718.675161
-0.36 1624902718.67807
-0.36 1624902718.680822
-0.36 1624902718.683528
-0.36 1624902718.68627
-0.36 1624902718.689107
-0.36 1624902718.691881
-0.36 1624902718.69463
-0.36 1624902718.697516
-0.36 1624902718.700428
-0.36 1624902718.703339
-0.36 1624902718.706106
-0.36 1624902718.708975
-0.36 1624902718.711849
-0.36 1624902718.714589
-0.36 1624902718.717311
-0.36 1624902718.719999
-0.36 1624902718.722782
-0.36 1624902718.725504
-0.36 1624902718.728279
-0.36 1624902718.731209
-0.36 1624902718.73405
-0.36 1624902718.736761
-0.36 1624902718.739473
-0.36 1624902718.742306
-0.36 1624902718.745133
-0.36 1624902718.747844
-0.36 1624902718.750783
-0.36 1624902718.753507
-0.36 1624902718.756309
-0.36 1624902718.759178
-0.36 1624902718.762038
-0.36 1624902718.764759
-0.36 1624902718.767544
-0.36 1624902718.770265
-0.36 1624902718.773175
-0.36 1624902718.776048
-0.36 1624902718.778956
-0.36 1624902718.78186
-0.36 1624902718.784723
-0.36 1624902718.787604
-0.36 1624902718.790389
-0.36 1624902718.793077
-0.36 1624902718.795998
-0.36 1624902718.798891
-0.36 1624902718.801611
-0.36 1624902718.804502
-0.36 1624902718.807303
-0.36 1624902718.810132
-0.36 1624902718.812869
-0.36 1624902718.815608
-0.36 1624902718.818347
-0.36 1624902718.821275
-0.36 1624902718.82414
-0.36 1624902718.827075
-0.36 1624902718.82994
-0.36 1624902718.832896
-0.36 1624902718.835748
-0.36 1624902718.83871
-0.36 1624902718.841564
-0.36 1624902718.844241
-0.36 1624902718.847018
-0.36 1624902718.849687
-0.36 1624902718.852419
-0.36 1624902718.85525
-0.36 1624902718.858095
-0.36 1624902718.860962
-0.36 1624902718.863705
-0.36 1624902718.86645
-0.36 1624902718.869287
-0.36 1624902718.872295
-0.36 1624902718.875069
-0.36 1624902718.877883
-0.36 1624902718.880609
-0.36 1624902718.883362
-0.36 1624902718.886245
-0.36 1624902718.88913
-0.36 1624902718.89191
-0.36 1624902718.894836
-0.36 1624902718.897904
-0.36 1624902718.900557
-0.36 1624902718.903365
-0.36 1624902718.906325
-0.36 1624902718.909117
-0.36 1624902718.91188
-0.36 1624902718.914588
-0.36 1624902718.917265
-0.36 1624902718.920007
-0.36 1624902718.922971
-0.36 1624902718.925853
-0.36 1624902718.928742
-0.36 1624902718.931642
-0.36 1624902718.934382
-0.36 1624902718.937098
-0.36 1624902718.939899
-0.36 1624902718.942736
-0.36 1624902718.945609
-0.36 1624902718.948438
-0.36 1624902718.951254
-0.36 1624902718.953997
-0.36 1624902718.956742
-0.36 1624902718.959662
-0.36 1624902718.962514
-0.36 1624902718.965369
-0.36 1624902718.96824
-0.36 1624902718.971146
17.46 1624902718.974588
14.15 1624902719.003326 touch_grd
11.75 1624902720.110055 go_up_roll
-0.36 1624902721.311775 start_18_iteration
-0.36 1624902722.113309
-0.36 1624902722.116193
-0.36 1624902722.119051
-0.36 1624902722.12188
-0.36 1624902722.12474
-0.36 1624902722.127616
-0.36 1624902722.13052
-0.36 1624902722.133391
-0.36 1624902722.136221
-0.36 1624902722.139124
-0.36 1624902722.141947
-0.36 1624902722.144877
-0.36 1624902722.147561
-0.36 1624902722.150312
-0.36 1624902722.153085
-0.36 1624902722.155933
-0.36 1624902722.158811
-0.36 1624902722.161565
-0.36 1624902722.164313
-0.36 1624902722.167022
-0.36 1624902722.169948
-0.36 1624902722.172835
-0.36 1624902722.175755
-0.36 1624902722.178637
-0.36 1624902722.181372
-0.36 1624902722.18414
-0.36 1624902722.18685
-0.36 1624902722.189751
-0.36 1624902722.192613
-0.36 1624902722.195522
-0.36 1624902722.198239
-0.36 1624902722.201033
-0.36 1624902722.203896
-0.36 1624902722.206631
-0.36 1624902722.209697
-0.36 1624902722.212436
-0.36 1624902722.215338
-0.36 1624902722.218273
-0.36 1624902722.221149
-0.36 1624902722.224112
-0.36 1624902722.226907
-0.36 1624902722.229631
-0.36 1624902722.232385
-0.36 1624902722.23511
-0.36 1624902722.237862
-0.36 1624902722.240579
-0.36 1624902722.243458
-0.36 1624902722.24638
-0.36 1624902722.249074
-0.36 1624902722.251898
-0.36 1624902722.25461
-0.36 1624902722.257509
-0.36 1624902722.260356
-0.36 1624902722.263072
-0.36 1624902722.265805
-0.36 1624902722.268527
-0.36 1624902722.271319
-0.36 1624902722.274036
-0.36 1624902722.276939
-0.36 1624902722.279795
-0.36 1624902722.282726
-0.36 1624902722.285445
-0.36 1624902722.288178
-0.36 1624902722.290901
-0.36 1624902722.293659
-0.36 1624902722.296385
-0.36 1624902722.299249
-0.36 1624902722.302036
-0.36 1624902722.304736
-0.36 1624902722.307631
-0.36 1624902722.310352
-0.36 1624902722.313071
-0.36 1624902722.315816
-0.36 1624902722.318704
-0.36 1624902722.321491
-0.36 1624902722.324375
-0.36 1624902722.327171
-0.36 1624902722.329881
-0.36 1624902722.332719
-0.36 1624902722.335504
-0.36 1624902722.338197
-0.36 1624902722.341057
-0.36 1624902722.34384
-0.36 1624902722.346508
-0.36 1624902722.349268
-0.36 1624902722.352021
-0.36 1624902722.354943
-0.36 1624902722.357666
-0.36 1624902722.36057
-0.36 1624902722.363452
-0.36 1624902722.366329
-0.36 1624902722.369083
-0.36 1624902722.371811
-0.36 1624902722.374736
-0.36 1624902722.377407
-0.36 1624902722.380167
-0.36 1624902722.382853
-0.36 1624902722.385624
-0.36 1624902722.38835
-0.36 1624902722.391137
-0.36 1624902722.393959
-0.36 1624902722.39671
-0.36 1624902722.399486
-0.36 1624902722.40235
-0.36 1624902722.405123
-0.36 1624902722.4078
-0.36 1624902722.410713
-0.36 1624902722.413561
-0.36 1624902722.41636
-0.36 1624902722.419124
-0.36 1624902722.422053
-0.36 1624902722.424866
-0.36 1624902722.427799
-0.36 1624902722.430674
-0.36 1624902722.433425
-0.36 1624902722.436182
-0.36 1624902722.438862
-0.36 1624902722.441568
-0.36 1624902722.444347
-0.36 1624902722.447189
-0.36 1624902722.449939
-0.36 1624902722.452665
-0.36 1624902722.455614
-0.36 1624902722.458305
-0.36 1624902722.461044
-0.36 1624902722.463767
-0.36 1624902722.466555
-0.36 1624902722.469226
-0.36 1624902722.471946
-0.36 1624902722.474726
-0.36 1624902722.477581
-0.36 1624902722.48033
4.82 1624902722.483235
11.11 1624902722.514041 touch_grd
12.71 1624902723.622963 go_up_roll
-0.36 1624902724.830601 start_19_iteration
-0.36 1624902725.625139
-0.36 1624902725.627858
-0.36 1624902725.630565
-0.36 1624902725.633527
-0.36 1624902725.6362
-0.36 1624902725.638974
-0.36 1624902725.64169
-0.36 1624902725.64463
-0.36 1624902725.647487
-0.36 1624902725.650319
-0.36 1624902725.653115
-0.36 1624902725.655886
-0.36 1624902725.658705
-0.36 1624902725.66147
-0.36 1624902725.664208
-0.36 1624902725.666909
-0.36 1624902725.669631
-0.36 1624902725.672423
-0.36 1624902725.675276
-0.36 1624902725.678167
-0.36 1624902725.680875
-0.36 1624902725.68368
-0.36 1624902725.686612
-0.36 1624902725.689422
-0.36 1624902725.692323
-0.36 1624902725.695226
-0.36 1624902725.698025
-0.36 1624902725.700888
-0.36 1624902725.703836
-0.36 1624902725.706699
-0.36 1624902725.709607
-0.36 1624902725.712514
-0.36 1624902725.71533
-0.36 1624902725.718106
-0.36 1624902725.720889
-0.36 1624902725.723743
-0.36 1624902725.726491
-0.36 1624902725.729195
-0.36 1624902725.731938
-0.36 1624902725.734621
-0.36 1624902725.737401
-0.36 1624902725.74035
-0.36 1624902725.743218
-0.36 1624902725.745889
-0.36 1624902725.748617
-0.36 1624902725.751378
-0.36 1624902725.754134
-0.36 1624902725.757037
-0.36 1624902725.759797
-0.36 1624902725.76267
-0.36 1624902725.765376
-0.36 1624902725.768156
-0.36 1624902725.771036
-0.36 1624902725.773899
-0.36 1624902725.776674
-0.36 1624902725.77936
-0.36 1624902725.782118
-0.36 1624902725.784862
-0.36 1624902725.787626
-0.36 1624902725.790454
-0.36 1624902725.793212
-0.36 1624902725.795981
-0.36 1624902725.798838
-0.36 1624902725.801816
-0.36 1624902725.804614
-0.36 1624902725.807346
-0.36 1624902725.810091
-0.36 1624902725.812831
-0.36 1624902725.815516
-0.36 1624902725.818281
-0.36 1624902725.821173
-0.36 1624902725.823914
-0.36 1624902725.826603
-0.36 1624902725.829364
-0.36 1624902725.832135
-0.36 1624902725.834987
-0.36 1624902725.837778
-0.36 1624902725.840634
-0.36 1624902725.843655
-0.36 1624902725.846427
-0.36 1624902725.84916
-0.36 1624902725.852003
-0.36 1624902725.854886
-0.36 1624902725.857695
-0.36 1624902725.860439
-0.36 1624902725.863153
-0.36 1624902725.866041
-0.36 1624902725.868909
-0.36 1624902725.871886
-0.36 1624902725.874598
-0.36 1624902725.877456
-0.36 1624902725.880228
-0.36 1624902725.882971
-0.36 1624902725.885874
-0.36 1624902725.888782
-0.36 1624902725.891686
-0.36 1624902725.894366
-0.36 1624902725.897078
-0.36 1624902725.899829
-0.36 1624902725.90257
-0.36 1624902725.905323
-0.36 1624902725.908207
-0.36 1624902725.911114
-0.36 1624902725.913843
-0.36 1624902725.916574
-0.36 1624902725.919491
-0.36 1624902725.923062
-0.36 1624902725.925812
-0.36 1624902725.928479
-0.36 1624902725.931314
-0.36 1624902725.934233
-0.36 1624902725.937309
-0.36 1624902725.940458
-0.36 1624902725.943711
-0.36 1624902725.946732
-0.36 1624902725.94968
-0.36 1624902725.952741
-0.36 1624902725.955808
-0.36 1624902725.958849
-0.36 1624902725.96175
-0.36 1624902725.964609
-0.36 1624902725.967537
-0.36 1624902725.97056
-0.36 1624902725.973705
-0.36 1624902725.976572
-0.36 1624902725.979661
-0.36 1624902725.982503
-0.36 1624902725.985731
-0.36 1624902725.988702
-0.36 1624902725.991603
-0.36 1624902725.994506
-0.36 1624902725.997585
24.61 1624902726.00088
12.55 1624902726.0281 touch_grd
9.88 1624902727.133698 go_up_roll
